,0
0,19.564979553222656
1,19.534889221191406
2,19.51405906677246
3,19.554384231567383
4,19.581998825073242
5,19.524873733520508
6,19.682817459106445
7,19.685407638549805
8,19.620527267456055
9,19.601240158081055
10,19.64805793762207
11,19.66933250427246
12,19.60492515563965
13,19.671340942382812
14,19.61195182800293
15,19.704490661621094
16,19.798002243041992
17,19.759502410888672
18,19.72464942932129
19,19.728544235229492
20,19.852184295654297
21,19.750431060791016
22,19.615251541137695
23,19.67885971069336
24,19.704118728637695
25,19.720584869384766
26,19.74278450012207
27,19.769195556640625
28,19.762388229370117
29,19.7647647857666
30,19.761869430541992
31,19.735815048217773
32,19.678180694580078
33,19.70401382446289
34,19.71352195739746
35,19.73957633972168
36,19.694622039794922
37,19.783937454223633
38,19.755643844604492
39,19.701210021972656
40,19.70318603515625
41,19.697324752807617
42,19.720415115356445
43,19.70627212524414
44,19.6942081451416
45,19.661720275878906
46,19.6673583984375
47,19.67763328552246
48,19.6904296875
49,19.73211097717285
50,19.746196746826172
51,19.753915786743164
52,19.671154022216797
53,19.70682716369629
54,19.702377319335938
55,19.990066528320312
56,19.993515014648438
57,19.994564056396484
58,19.97821617126465
59,19.973936080932617
60,19.955341339111328
61,19.87601089477539
62,19.834579467773438
63,19.84525489807129
64,19.817251205444336
65,19.792938232421875
66,19.7838134765625
67,19.806468963623047
68,19.854509353637695
69,19.838268280029297
70,19.85157585144043
71,19.774307250976562
72,19.877321243286133
73,19.841135025024414
74,19.79114532470703
75,19.97779655456543
76,19.965503692626953
77,19.890140533447266
78,19.87189483642578
79,19.854108810424805
80,19.925796508789062
81,20.021387100219727
82,19.93682289123535
83,20.09889030456543
84,20.142147064208984
85,20.151084899902344
86,20.125701904296875
87,20.15252113342285
88,20.180910110473633
89,20.18377685546875
90,20.168167114257812
91,20.169178009033203
92,20.161903381347656
93,20.15401840209961
94,20.175382614135742
95,20.126371383666992
96,20.065048217773438
97,20.0810546875
98,20.10627555847168
99,20.080768585205078
100,20.037776947021484
101,20.23879623413086
102,20.16893768310547
103,20.110122680664062
104,20.179269790649414
105,20.200428009033203
106,20.19541358947754
107,20.221147537231445
108,20.183517456054688
109,20.14210319519043
110,20.1021728515625
111,20.082334518432617
112,20.031843185424805
113,20.026206970214844
114,20.054540634155273
115,20.064611434936523
116,20.077909469604492
117,20.095619201660156
118,20.079700469970703
119,20.057764053344727
120,20.099872589111328
121,20.079383850097656
122,20.04883575439453
123,19.96581268310547
124,19.911958694458008
125,19.869564056396484
126,19.893707275390625
127,19.89017105102539
128,19.671728134155273
129,19.674497604370117
130,19.66899871826172
131,19.584197998046875
132,19.439453125
133,19.419782638549805
134,19.416706085205078
135,19.47742462158203
136,19.46272850036621
137,19.436504364013672
138,19.479812622070312
139,19.400903701782227
140,19.311681747436523
141,19.227903366088867
142,19.170318603515625
143,19.06960105895996
144,18.899778366088867
145,18.829681396484375
146,18.904603958129883
147,18.99683952331543
148,19.01176643371582
149,18.949321746826172
150,18.9799861907959
151,19.051822662353516
152,19.108417510986328
153,19.123929977416992
154,19.140422821044922
155,19.369110107421875
156,19.515180587768555
157,19.252187728881836
158,19.188859939575195
159,19.178617477416992
160,19.10494613647461
161,19.027000427246094
162,18.976001739501953
163,18.962493896484375
164,18.906829833984375
165,18.852676391601562
166,18.856626510620117
167,18.869997024536133
168,18.91292953491211
169,19.007644653320312
170,19.014080047607422
171,18.982925415039062
172,19.033992767333984
173,19.015766143798828
174,19.10637855529785
175,19.16439437866211
176,19.155811309814453
177,19.21564292907715
178,19.103717803955078
179,19.185455322265625
180,19.20685577392578
181,19.175390243530273
182,19.17007827758789
183,19.225900650024414
184,19.290203094482422
185,19.272462844848633
186,19.447669982910156
187,19.46786880493164
188,19.492294311523438
189,19.404314041137695
190,19.428922653198242
191,19.473583221435547
192,19.45030975341797
193,19.446866989135742
194,19.36488914489746
195,19.565675735473633
196,19.612890243530273
197,19.784744262695312
198,19.67661476135254
199,19.705904006958008
200,19.7435302734375
201,19.711097717285156
202,19.68545913696289
203,19.746110916137695
204,19.776227951049805
205,19.884748458862305
206,19.914352416992188
207,19.90174102783203
208,19.84105682373047
209,19.877159118652344
210,19.860225677490234
211,19.879608154296875
212,19.851238250732422
213,19.855192184448242
214,19.836694717407227
215,19.786386489868164
216,19.798784255981445
217,19.8076229095459
218,19.819894790649414
219,19.75714683532715
220,19.851221084594727
221,19.783124923706055
222,19.8450927734375
223,19.868745803833008
224,20.062274932861328
225,20.012975692749023
226,20.01186752319336
227,19.9886531829834
228,19.981712341308594
229,19.94817352294922
230,19.947805404663086
231,19.928314208984375
232,19.972888946533203
233,20.0070858001709
234,19.987417221069336
235,19.962379455566406
236,19.947389602661133
237,19.945554733276367
238,19.850191116333008
239,19.879732131958008
240,19.83946418762207
241,19.885351181030273
242,19.855911254882812
243,19.841598510742188
244,19.819904327392578
245,19.838380813598633
246,19.859582901000977
247,19.889236450195312
248,19.86970329284668
249,19.988021850585938
250,19.947240829467773
251,19.93124008178711
252,19.893550872802734
253,20.025964736938477
254,20.000303268432617
255,20.033769607543945
256,20.00836944580078
257,19.953580856323242
258,19.9309024810791
259,19.931312561035156
260,19.92552947998047
261,19.934595108032227
262,19.91933822631836
263,19.903799057006836
264,19.899524688720703
265,19.96082305908203
266,19.91677474975586
267,19.911155700683594
268,19.885038375854492
269,19.88461685180664
270,19.852703094482422
271,19.846221923828125
272,19.91541862487793
273,19.893701553344727
274,19.920204162597656
275,19.910024642944336
276,19.938732147216797
277,19.9516544342041
278,19.978376388549805
279,19.96885108947754
280,20.02552032470703
281,20.06537628173828
282,20.059892654418945
283,20.044456481933594
284,20.044994354248047
285,20.071250915527344
286,20.008556365966797
287,19.99812126159668
288,20.0275936126709
289,20.01848602294922
290,20.0455379486084
291,20.03171157836914
292,19.997222900390625
293,20.027822494506836
294,19.971715927124023
295,19.94512367248535
296,19.955175399780273
297,19.9571475982666
298,19.954845428466797
299,19.972843170166016
300,19.961044311523438
301,19.888980865478516
302,19.908811569213867
303,19.98040771484375
304,19.867446899414062
305,19.97150993347168
306,19.992738723754883
307,20.1397705078125
308,20.140735626220703
309,20.12955093383789
310,20.076736450195312
311,20.07588768005371
312,20.04598617553711
313,19.980152130126953
314,20.081344604492188
315,20.048925399780273
316,20.055801391601562
317,19.038307189941406
318,18.84551429748535
319,18.611085891723633
320,18.247255325317383
321,18.100435256958008
322,18.023189544677734
323,18.0262451171875
324,18.003707885742188
325,18.055110931396484
326,18.043209075927734
327,18.19886589050293
328,18.243499755859375
329,18.21122932434082
330,18.12155532836914
331,18.136341094970703
332,18.04513168334961
333,18.037513732910156
334,18.074195861816406
335,18.107234954833984
336,18.154939651489258
337,18.11090850830078
338,18.056659698486328
339,17.98440170288086
340,17.94393539428711
341,17.991548538208008
342,18.006710052490234
343,17.988557815551758
344,17.942285537719727
345,17.93617820739746
346,17.780906677246094
347,17.740798950195312
348,17.72327423095703
349,17.900426864624023
350,17.961570739746094
351,17.859607696533203
352,17.80514907836914
353,17.800260543823242
354,17.806503295898438
355,17.813488006591797
356,17.854331970214844
357,17.87305450439453
358,17.976154327392578
359,17.976898193359375
360,18.004314422607422
361,18.087881088256836
362,18.109411239624023
363,18.115516662597656
364,18.086828231811523
365,18.120620727539062
366,18.13866424560547
367,18.261741638183594
368,18.315658569335938
369,18.36752700805664
370,18.373868942260742
371,18.403141021728516
372,18.40158462524414
373,18.688282012939453
374,18.850013732910156
375,18.80289649963379
376,18.82223892211914
377,18.842418670654297
378,18.86829948425293
379,18.889345169067383
380,18.928483963012695
381,18.89655113220215
382,18.876157760620117
383,18.866413116455078
384,18.844524383544922
385,18.841747283935547
386,18.757091522216797
387,18.822525024414062
388,18.821334838867188
389,18.81649398803711
390,18.86496353149414
391,18.89197540283203
392,18.96477508544922
393,18.94047737121582
394,18.91618537902832
395,18.85533332824707
396,18.842777252197266
397,18.860122680664062
398,18.918668746948242
399,18.799821853637695
400,18.941179275512695
401,18.67413902282715
402,18.44216537475586
403,18.445924758911133
404,18.411245346069336
405,18.301328659057617
406,18.252330780029297
407,18.262361526489258
408,18.278501510620117
409,18.23871421813965
410,18.311227798461914
411,18.36992645263672
412,18.42461395263672
413,18.46379852294922
414,18.46491050720215
415,18.441328048706055
416,18.454029083251953
417,18.484481811523438
418,18.525482177734375
419,18.505699157714844
420,18.460054397583008
421,18.449874877929688
422,18.47722816467285
423,18.469318389892578
424,18.46185302734375
425,18.437685012817383
426,18.43934440612793
427,18.757699966430664
428,18.88813591003418
429,18.857789993286133
430,18.733623504638672
431,18.6597900390625
432,18.612916946411133
433,18.72493553161621
434,18.766857147216797
435,18.77661895751953
436,18.761295318603516
437,18.726945877075195
438,18.762462615966797
439,18.797861099243164
440,18.797578811645508
441,18.75231170654297
442,18.722217559814453
443,18.720483779907227
444,18.716266632080078
445,18.705059051513672
446,18.683256149291992
447,18.70479965209961
448,18.807754516601562
449,18.752056121826172
450,18.773536682128906
451,18.738611221313477
452,18.752531051635742
453,18.714513778686523
454,18.608488082885742
455,18.783185958862305
456,18.845144271850586
457,18.714860916137695
458,18.716588973999023
459,18.765487670898438
460,18.872343063354492
461,18.87322998046875
462,18.87782859802246
463,18.877538681030273
464,18.879703521728516
465,18.850173950195312
466,18.846832275390625
467,18.871511459350586
468,18.885618209838867
469,18.84691047668457
470,18.818248748779297
471,18.757816314697266
472,18.794240951538086
473,18.784971237182617
474,18.817052841186523
475,18.798381805419922
476,18.8129825592041
477,18.757930755615234
478,18.69964599609375
479,18.691099166870117
480,18.656509399414062
481,19.173686981201172
482,19.258718490600586
483,19.361392974853516
484,19.420881271362305
485,19.45505142211914
486,19.385845184326172
487,19.402854919433594
488,19.409481048583984
489,19.378435134887695
490,19.33131980895996
491,19.256635665893555
492,19.202207565307617
493,19.175077438354492
494,19.125566482543945
495,19.101390838623047
496,19.05568504333496
497,18.986297607421875
498,18.987802505493164
499,19.00046730041504
500,17.753002166748047
501,17.58595848083496
502,17.51666259765625
503,17.44455909729004
504,17.37255859375
505,17.37164306640625
506,17.100982666015625
507,17.076507568359375
508,16.804574966430664
509,17.051435470581055
510,17.03753089904785
511,17.280736923217773
512,17.61526870727539
513,17.602115631103516
514,17.770627975463867
515,17.847583770751953
516,17.830215454101562
517,17.847604751586914
518,17.829378128051758
519,17.722509384155273
520,17.694936752319336
521,17.57908058166504
522,17.485151290893555
523,17.407976150512695
524,17.344860076904297
525,17.665197372436523
526,17.63307762145996
527,17.609251022338867
528,17.618240356445312
529,17.41849136352539
530,17.402320861816406
531,17.399730682373047
532,17.45823097229004
533,17.449472427368164
534,17.373037338256836
535,18.137542724609375
536,17.973106384277344
537,18.03485107421875
538,18.394901275634766
539,18.703834533691406
540,18.640932083129883
541,18.571924209594727
542,18.545989990234375
543,18.56896209716797
544,18.533550262451172
545,18.47370719909668
546,18.457691192626953
547,18.444364547729492
548,18.40630340576172
549,18.304990768432617
550,18.324810028076172
551,18.29341697692871
552,18.686647415161133
553,18.769994735717773
554,18.773067474365234
555,18.745647430419922
556,18.71779441833496
557,18.673480987548828
558,18.8192138671875
559,18.816383361816406
560,18.725324630737305
561,18.72589874267578
562,19.15620994567871
563,19.018205642700195
564,19.026927947998047
565,19.054719924926758
566,19.123981475830078
567,19.135408401489258
568,19.172189712524414
569,19.21338653564453
570,19.168230056762695
571,19.16847801208496
572,19.272111892700195
573,19.32948875427246
574,19.3072566986084
575,19.35466194152832
576,19.348711013793945
577,19.35387420654297
578,19.372211456298828
579,19.33921241760254
580,19.32024383544922
581,19.208341598510742
582,19.274463653564453
583,19.238018035888672
584,19.271738052368164
585,19.04684066772461
586,19.200979232788086
587,19.062578201293945
588,19.049293518066406
589,19.648681640625
590,19.63431739807129
591,19.58112335205078
592,19.582393646240234
593,19.554222106933594
594,19.578086853027344
595,19.548171997070312
596,19.570077896118164
597,19.557010650634766
598,19.55644416809082
599,19.59058380126953
600,19.528520584106445
601,19.522722244262695
602,19.525575637817383
603,19.371841430664062
604,19.341691970825195
605,19.377099990844727
606,19.365184783935547
607,19.413259506225586
608,19.44063949584961
609,19.3416805267334
610,19.377309799194336
611,19.30040168762207
612,19.337385177612305
613,19.397300720214844
614,19.341718673706055
615,19.326065063476562
616,19.28034019470215
617,19.086286544799805
618,19.200836181640625
619,18.989547729492188
620,18.739057540893555
621,18.6955509185791
622,18.576770782470703
623,18.61890983581543
624,18.713796615600586
625,18.664657592773438
626,18.625215530395508
627,18.6182804107666
628,18.537790298461914
629,18.674354553222656
630,18.639394760131836
631,18.490711212158203
632,18.17046356201172
633,17.845273971557617
634,17.527332305908203
635,17.346691131591797
636,17.17495346069336
637,17.101112365722656
638,17.070659637451172
639,17.090585708618164
640,17.049009323120117
641,17.14208984375
642,17.15146255493164
643,17.091861724853516
644,17.320253372192383
645,17.64330291748047
646,17.72088623046875
647,17.635652542114258
648,17.445878982543945
649,17.34160041809082
650,17.32093048095703
651,17.25520896911621
652,17.252599716186523
653,17.309818267822266
654,17.247024536132812
655,17.147994995117188
656,17.28346824645996
657,17.3382625579834
658,17.458351135253906
659,17.480878829956055
660,17.553178787231445
661,17.737533569335938
662,17.68232536315918
663,17.552953720092773
664,17.57352066040039
665,17.629390716552734
666,17.62082862854004
667,17.644058227539062
668,17.585527420043945
669,17.657371520996094
670,17.351417541503906
671,17.30537223815918
672,17.24887466430664
673,17.283302307128906
674,17.491390228271484
675,17.64504623413086
676,17.646034240722656
677,17.527238845825195
678,17.493656158447266
679,17.444053649902344
680,17.521263122558594
681,17.58905029296875
682,17.49151611328125
683,17.352388381958008
684,17.457170486450195
685,17.409887313842773
686,17.363370895385742
687,17.170257568359375
688,17.00592613220215
689,16.92921257019043
690,16.822935104370117
691,16.795724868774414
692,16.76555824279785
693,16.733196258544922
694,16.805479049682617
695,16.835172653198242
696,16.825607299804688
697,17.003143310546875
698,17.113290786743164
699,17.11821174621582
700,17.01482391357422
701,17.05195426940918
702,16.86325454711914
703,16.88629913330078
704,16.891681671142578
705,16.911361694335938
706,16.85843849182129
707,16.828989028930664
708,16.845373153686523
709,16.834918975830078
710,16.83903694152832
711,16.881649017333984
712,16.937644958496094
713,16.946748733520508
714,16.887802124023438
715,16.89491844177246
716,16.869102478027344
717,16.815759658813477
718,16.742603302001953
719,16.7128849029541
720,16.709407806396484
721,16.715713500976562
722,16.73359489440918
723,16.73694610595703
724,16.84975814819336
725,16.895280838012695
726,17.006837844848633
727,16.984745025634766
728,16.930131912231445
729,16.89536476135254
730,16.969606399536133
731,17.03550148010254
732,16.995555877685547
733,17.026716232299805
734,17.033689498901367
735,17.004533767700195
736,16.923978805541992
737,16.916217803955078
738,16.945194244384766
739,16.975940704345703
740,17.026569366455078
741,17.036396026611328
742,17.258495330810547
743,17.56352424621582
744,17.476566314697266
745,17.341691970825195
746,17.285564422607422
747,17.2179012298584
748,17.134767532348633
749,17.082786560058594
750,17.03147315979004
751,16.869915008544922
752,16.692514419555664
753,16.668777465820312
754,16.671205520629883
755,16.688766479492188
756,16.707597732543945
757,16.707351684570312
758,16.686134338378906
759,16.670814514160156
760,16.66795539855957
761,16.68049430847168
762,16.68905258178711
763,16.672739028930664
764,16.69407844543457
765,16.645109176635742
766,16.672727584838867
767,16.716434478759766
768,16.681032180786133
769,16.66226577758789
770,16.661033630371094
771,16.60597801208496
772,16.662961959838867
773,16.627981185913086
774,16.599185943603516
775,16.512256622314453
776,16.531078338623047
777,16.545337677001953
778,16.60636329650879
779,16.45368003845215
780,16.4257755279541
781,16.493465423583984
782,16.446029663085938
783,16.50788116455078
784,16.503087997436523
785,16.503124237060547
786,16.49909210205078
787,16.48541831970215
788,16.563613891601562
789,16.508249282836914
790,16.495027542114258
791,16.538721084594727
792,16.500267028808594
793,16.626686096191406
794,16.613229751586914
795,16.647689819335938
796,16.69513511657715
797,16.641450881958008
798,16.645267486572266
799,16.713111877441406
800,16.71382713317871
801,16.71759796142578
802,16.66327667236328
803,16.692914962768555
804,16.709915161132812
805,16.854507446289062
806,16.671777725219727
807,16.587688446044922
808,16.576793670654297
809,16.58639144897461
810,16.592702865600586
811,16.581993103027344
812,16.56905746459961
813,16.577722549438477
814,16.575721740722656
815,16.596454620361328
816,16.609573364257812
817,16.639049530029297
818,16.65472984313965
819,16.451704025268555
820,16.392009735107422
821,16.525753021240234
822,16.489133834838867
823,16.47964859008789
824,16.53414535522461
825,16.5462589263916
826,16.47748374938965
827,16.610857009887695
828,16.617435455322266
829,16.630189895629883
830,16.691646575927734
831,16.658754348754883
832,16.723852157592773
833,16.799034118652344
834,16.944427490234375
835,16.646150588989258
836,16.700380325317383
837,16.630817413330078
838,16.633716583251953
839,16.639720916748047
840,16.632511138916016
841,16.609228134155273
842,16.605403900146484
843,16.60883331298828
844,16.60565185546875
845,16.63759422302246
846,16.640506744384766
847,16.617908477783203
848,16.491313934326172
849,16.420442581176758
850,16.39710235595703
851,16.382843017578125
852,16.3427677154541
853,16.4300479888916
854,16.42635726928711
855,16.38861656188965
856,16.433916091918945
857,16.46317481994629
858,16.458499908447266
859,17.110027313232422
860,17.291954040527344
861,17.40113067626953
862,17.785037994384766
863,18.001359939575195
864,18.05904197692871
865,18.0623836517334
866,17.739919662475586
867,17.650253295898438
868,17.647708892822266
869,17.455623626708984
870,17.46555519104004
871,17.297565460205078
872,17.20541000366211
873,17.14521598815918
874,17.136625289916992
875,17.262475967407227
876,17.184791564941406
877,17.048030853271484
878,17.004791259765625
879,16.946334838867188
880,16.879384994506836
881,16.733251571655273
882,16.689462661743164
883,16.592859268188477
884,16.590686798095703
885,16.57229995727539
886,16.571712493896484
887,16.446483612060547
888,16.38109588623047
889,16.373197555541992
890,16.437192916870117
891,16.476964950561523
892,16.488149642944336
893,16.43623924255371
894,16.459806442260742
895,16.43659210205078
896,16.346158981323242
897,16.38043975830078
898,16.38858413696289
899,16.391809463500977
900,16.389429092407227
901,16.35110855102539
902,16.412906646728516
903,16.442684173583984
904,16.325136184692383
905,16.4097957611084
906,16.222576141357422
907,16.21816062927246
908,16.243261337280273
909,16.309040069580078
910,16.27972412109375
911,16.334800720214844
912,16.346010208129883
913,16.820390701293945
914,16.776126861572266
915,16.82337760925293
916,16.737064361572266
917,16.765348434448242
918,16.740144729614258
919,16.683406829833984
920,16.734840393066406
921,16.74776268005371
922,16.717851638793945
923,16.694067001342773
924,16.625757217407227
925,16.59632682800293
926,16.58635711669922
927,16.527345657348633
928,16.519243240356445
929,16.500429153442383
930,16.509071350097656
931,16.479440689086914
932,16.488176345825195
933,16.50140953063965
934,16.45474624633789
935,16.383346557617188
936,16.427459716796875
937,16.34795379638672
938,16.325668334960938
939,16.316852569580078
940,16.442485809326172
941,16.464330673217773
942,16.462297439575195
943,16.481008529663086
944,16.359691619873047
945,16.37941551208496
946,16.273296356201172
947,16.220970153808594
948,16.240428924560547
949,16.204181671142578
950,16.15167236328125
951,16.1841983795166
952,16.25115966796875
953,16.319412231445312
954,16.210044860839844
955,16.2415771484375
956,16.202119827270508
957,16.16079330444336
958,16.173484802246094
959,16.150720596313477
960,16.245019912719727
961,16.22346305847168
962,16.256914138793945
963,16.392885208129883
964,16.405872344970703
965,16.404253005981445
966,16.40778160095215
967,16.2005672454834
968,16.175487518310547
969,16.26988410949707
970,16.19658851623535
971,16.19220733642578
972,16.363739013671875
973,16.412105560302734
974,16.39429473876953
975,16.3210391998291
976,16.297033309936523
977,16.21146583557129
978,16.24492835998535
979,16.19767189025879
980,16.234882354736328
981,16.277523040771484
982,16.21927833557129
983,16.204015731811523
984,16.171035766601562
985,16.197479248046875
986,16.124887466430664
987,16.140974044799805
988,16.12623405456543
989,16.250871658325195
990,16.29824447631836
991,16.32785987854004
992,16.307390213012695
993,16.302906036376953
994,16.096200942993164
995,16.23506736755371
996,16.24250602722168
997,16.2643985748291
998,16.311458587646484
999,16.316553115844727
1000,15.745028495788574
1001,15.727825164794922
1002,15.77906322479248
1003,15.77112102508545
1004,15.793843269348145
1005,15.804471015930176
1006,15.787209510803223
1007,15.784476280212402
1008,15.80968952178955
1009,15.823375701904297
1010,15.843707084655762
1011,15.836395263671875
1012,15.800175666809082
1013,15.780489921569824
1014,15.793996810913086
1015,15.835237503051758
1016,15.780169486999512
1017,15.737753868103027
1018,15.775222778320312
1019,15.775655746459961
1020,15.756664276123047
1021,15.879361152648926
1022,15.806403160095215
1023,15.843792915344238
1024,15.782726287841797
1025,15.774975776672363
1026,15.75325870513916
1027,15.75852108001709
1028,15.761007308959961
1029,15.76156234741211
1030,15.756759643554688
1031,15.727150917053223
1032,15.74330997467041
1033,15.755874633789062
1034,15.755072593688965
1035,15.749650001525879
1036,15.750439643859863
1037,15.759207725524902
1038,15.774189949035645
1039,15.84542179107666
1040,15.874103546142578
1041,15.874794006347656
1042,15.882043838500977
1043,15.84606647491455
1044,15.78667163848877
1045,15.705975532531738
1046,15.610791206359863
1047,15.588356971740723
1048,15.48852252960205
1049,15.33794116973877
1050,15.405635833740234
1051,15.493639945983887
1052,15.539305686950684
1053,15.53186321258545
1054,15.589019775390625
1055,15.594435691833496
1056,15.6259765625
1057,15.635584831237793
1058,15.64755630493164
1059,15.689017295837402
1060,15.680215835571289
1061,15.693924903869629
1062,15.719557762145996
1063,15.727799415588379
1064,15.74527645111084
1065,15.744488716125488
1066,15.773483276367188
1067,15.769735336303711
1068,15.772136688232422
1069,15.740947723388672
1070,15.77035903930664
1071,15.82561206817627
1072,15.822857856750488
1073,15.809523582458496
1074,15.813661575317383
1075,15.893983840942383
1076,15.84971809387207
1077,15.935468673706055
1078,15.88338565826416
1079,15.880139350891113
1080,15.90006160736084
1081,15.827069282531738
1082,15.814223289489746
1083,15.814532279968262
1084,15.805214881896973
1085,15.793362617492676
1086,15.784333229064941
1087,15.76974105834961
1088,15.76497745513916
1089,15.739627838134766
1090,15.741483688354492
1091,15.67129898071289
1092,15.661818504333496
1093,15.693804740905762
1094,15.569367408752441
1095,15.66004467010498
1096,15.698251724243164
1097,15.769800186157227
1098,15.706872940063477
1099,15.592771530151367
1100,15.604475975036621
1101,15.560920715332031
1102,15.499373435974121
1103,15.393799781799316
1104,15.41835880279541
1105,15.430014610290527
1106,15.46816635131836
1107,15.461013793945312
1108,15.424469947814941
1109,15.419548988342285
1110,15.413347244262695
1111,15.323890686035156
1112,15.399409294128418
1113,15.44533634185791
1114,15.397558212280273
1115,15.038195610046387
1116,14.734884262084961
1117,14.409358978271484
1118,14.51609992980957
1119,14.811556816101074
1120,15.169466972351074
1121,15.291175842285156
1122,15.258326530456543
1123,15.226824760437012
1124,15.281000137329102
1125,15.328570365905762
1126,15.344927787780762
1127,15.35886287689209
1128,15.350435256958008
1129,15.531323432922363
1130,15.553180694580078
1131,15.577296257019043
1132,15.633892059326172
1133,15.690818786621094
1134,15.740825653076172
1135,15.760076522827148
1136,15.739275932312012
1137,15.746686935424805
1138,15.734450340270996
1139,15.705804824829102
1140,15.733047485351562
1141,15.733202934265137
1142,15.737927436828613
1143,15.746794700622559
1144,15.721956253051758
1145,15.669013023376465
1146,15.648706436157227
1147,15.62596321105957
1148,15.551543235778809
1149,15.53399658203125
1150,15.509861946105957
1151,15.499449729919434
1152,15.472553253173828
1153,15.478287696838379
1154,15.500707626342773
1155,15.513875007629395
1156,15.733092308044434
1157,15.619651794433594
1158,15.32036304473877
1159,15.304306983947754
1160,15.404218673706055
1161,15.50429916381836
1162,15.561481475830078
1163,15.622248649597168
1164,15.658685684204102
1165,15.700875282287598
1166,15.705583572387695
1167,15.709514617919922
1168,15.709335327148438
1169,15.702875137329102
1170,15.72256851196289
1171,15.735250473022461
1172,15.742084503173828
1173,15.75122356414795
1174,15.757851600646973
1175,15.784772872924805
1176,15.792572021484375
1177,15.782955169677734
1178,15.805213928222656
1179,15.838800430297852
1180,15.863199234008789
1181,15.869917869567871
1182,15.856739044189453
1183,15.748497009277344
1184,15.797394752502441
1185,15.848523139953613
1186,15.799243927001953
1187,15.830465316772461
1188,15.821263313293457
1189,15.811553001403809
1190,15.780418395996094
1191,15.774675369262695
1192,15.792716979980469
1193,15.805802345275879
1194,15.806994438171387
1195,15.80321216583252
1196,15.796374320983887
1197,15.830992698669434
1198,15.818739891052246
1199,15.890924453735352
1200,15.835277557373047
1201,15.839251518249512
1202,15.824631690979004
1203,15.823932647705078
1204,15.812901496887207
1205,15.88494873046875
1206,15.8563871383667
1207,15.755512237548828
1208,15.784350395202637
1209,15.769548416137695
1210,15.857372283935547
1211,15.724390029907227
1212,15.739786148071289
1213,15.752277374267578
1214,15.789824485778809
1215,15.798587799072266
1216,15.799473762512207
1217,15.792815208435059
1218,15.800686836242676
1219,15.782062530517578
1220,15.767483711242676
1221,15.769060134887695
1222,15.781811714172363
1223,15.781685829162598
1224,15.778874397277832
1225,15.788249015808105
1226,15.841787338256836
1227,15.830594062805176
1228,15.747238159179688
1229,15.76456356048584
1230,15.755502700805664
1231,15.758005142211914
1232,15.787553787231445
1233,15.817469596862793
1234,15.783990859985352
1235,15.815069198608398
1236,15.81534481048584
1237,15.92884349822998
1238,15.92958927154541
1239,15.873241424560547
1240,15.878219604492188
1241,15.874176025390625
1242,15.877394676208496
1243,15.848122596740723
1244,15.862499237060547
1245,15.85921859741211
1246,15.821976661682129
1247,15.792577743530273
1248,15.789608001708984
1249,15.802602767944336
1250,15.786158561706543
1251,15.749728202819824
1252,15.74458122253418
1253,15.708250999450684
1254,15.747735023498535
1255,15.698753356933594
1256,15.716561317443848
1257,15.59432315826416
1258,15.622010231018066
1259,15.583806991577148
1260,15.548133850097656
1261,15.586738586425781
1262,15.53792953491211
1263,15.544476509094238
1264,15.70748233795166
1265,15.591689109802246
1266,15.639178276062012
1267,15.47041130065918
1268,15.452836990356445
1269,15.447486877441406
1270,15.454435348510742
1271,15.468836784362793
1272,15.52524185180664
1273,15.554571151733398
1274,15.561808586120605
1275,15.579843521118164
1276,15.628182411193848
1277,15.644630432128906
1278,15.560295104980469
1279,15.548600196838379
1280,15.539597511291504
1281,15.546849250793457
1282,15.61783504486084
1283,15.582693099975586
1284,15.623302459716797
1285,15.714898109436035
1286,15.6986722946167
1287,15.672745704650879
1288,15.666725158691406
1289,15.646860122680664
1290,15.65403938293457
1291,15.725051879882812
1292,15.605291366577148
1293,15.59512996673584
1294,15.635053634643555
1295,15.657322883605957
1296,15.654743194580078
1297,15.667884826660156
1298,15.644797325134277
1299,15.652785301208496
1300,15.645257949829102
1301,15.642156600952148
1302,15.656774520874023
1303,15.670008659362793
1304,15.675349235534668
1305,15.535703659057617
1306,15.56570053100586
1307,15.55200481414795
1308,15.640552520751953
1309,15.66596508026123
1310,15.700777053833008
1311,15.681808471679688
1312,15.683774948120117
1313,15.700898170471191
1314,15.71419620513916
1315,15.716950416564941
1316,15.728925704956055
1317,15.717035293579102
1318,15.704549789428711
1319,15.70173454284668
1320,15.541170120239258
1321,15.508891105651855
1322,15.517969131469727
1323,15.511229515075684
1324,15.495182037353516
1325,15.467811584472656
1326,15.472228050231934
1327,15.487824440002441
1328,15.468589782714844
1329,15.38669490814209
1330,15.382155418395996
1331,15.343953132629395
1332,15.3441801071167
1333,15.26217269897461
1334,15.273543357849121
1335,15.345009803771973
1336,15.330665588378906
1337,15.457595825195312
1338,15.27098560333252
1339,15.182756423950195
1340,15.18901252746582
1341,15.000550270080566
1342,15.28488826751709
1343,15.316978454589844
1344,15.324871063232422
1345,15.17361831665039
1346,15.03804874420166
1347,14.909133911132812
1348,14.823402404785156
1349,14.921764373779297
1350,14.838013648986816
1351,14.63127613067627
1352,14.618541717529297
1353,14.676025390625
1354,14.642948150634766
1355,14.673147201538086
1356,14.726171493530273
1357,14.721399307250977
1358,14.597577095031738
1359,14.579917907714844
1360,14.51216983795166
1361,14.575960159301758
1362,14.567819595336914
1363,14.529187202453613
1364,14.428544998168945
1365,14.473124504089355
1366,14.675621032714844
1367,14.65629768371582
1368,14.539804458618164
1369,14.71939468383789
1370,14.433854103088379
1371,14.477272033691406
1372,14.155129432678223
1373,14.097774505615234
1374,14.163899421691895
1375,14.349360466003418
1376,14.58341121673584
1377,14.47577953338623
1378,14.38249397277832
1379,14.47084903717041
1380,14.462326049804688
1381,14.412525177001953
1382,14.532050132751465
1383,14.532487869262695
1384,14.453914642333984
1385,14.397659301757812
1386,14.478973388671875
1387,14.585620880126953
1388,14.864335060119629
1389,14.866825103759766
1390,14.790837287902832
1391,14.750056266784668
1392,14.820889472961426
1393,14.853443145751953
1394,14.824971199035645
1395,14.91965103149414
1396,14.875833511352539
1397,14.848217964172363
1398,14.820019721984863
1399,15.102667808532715
1400,14.717556953430176
1401,14.738839149475098
1402,14.890877723693848
1403,15.121893882751465
1404,15.240546226501465
1405,15.284749984741211
1406,15.367508888244629
1407,15.364530563354492
1408,15.351704597473145
1409,15.36587905883789
1410,15.391265869140625
1411,15.416247367858887
1412,15.433338165283203
1413,15.333468437194824
1414,15.255354881286621
1415,15.282438278198242
1416,15.295456886291504
1417,15.484308242797852
1418,15.372939109802246
1419,15.285847663879395
1420,15.258245468139648
1421,15.06114673614502
1422,14.84706974029541
1423,14.65799331665039
1424,14.601946830749512
1425,14.584864616394043
1426,14.87338638305664
1427,14.932034492492676
1428,14.91477108001709
1429,14.835774421691895
1430,14.839838027954102
1431,14.714950561523438
1432,14.511507987976074
1433,14.365398406982422
1434,14.160087585449219
1435,14.12751293182373
1436,14.101030349731445
1437,14.112855911254883
1438,14.002944946289062
1439,14.00562572479248
1440,13.9595947265625
1441,13.940954208374023
1442,13.918395042419434
1443,13.9082670211792
1444,13.946907043457031
1445,13.953900337219238
1446,13.941520690917969
1447,13.938587188720703
1448,13.941390991210938
1449,13.935532569885254
1450,13.97582721710205
1451,13.986664772033691
1452,13.95984172821045
1453,13.987442970275879
1454,13.943889617919922
1455,14.0569486618042
1456,14.02763843536377
1457,14.302192687988281
1458,14.243021965026855
1459,14.266430854797363
1460,14.306803703308105
1461,14.354374885559082
1462,14.315254211425781
1463,14.436060905456543
1464,14.381268501281738
1465,14.368864059448242
1466,14.408008575439453
1467,14.346071243286133
1468,14.36757755279541
1469,14.568238258361816
1470,14.453076362609863
1471,14.396942138671875
1472,14.415352821350098
1473,14.388976097106934
1474,14.340290069580078
1475,14.323158264160156
1476,14.32699966430664
1477,14.35367488861084
1478,14.345534324645996
1479,14.312264442443848
1480,14.1593656539917
1481,14.070235252380371
1482,13.958104133605957
1483,13.928040504455566
1484,13.958512306213379
1485,13.942197799682617
1486,13.940889358520508
1487,13.951099395751953
1488,13.952937126159668
1489,13.95003604888916
1490,13.99255657196045
1491,14.066095352172852
1492,14.097214698791504
1493,14.049972534179688
1494,14.013279914855957
1495,14.025628089904785
1496,14.182937622070312
1497,14.20505428314209
1498,14.11812973022461
1499,14.103691101074219
1500,14.144930839538574
1501,13.99404239654541
1502,14.329777717590332
1503,14.260453224182129
1504,14.249217987060547
1505,14.216341018676758
1506,14.182233810424805
1507,14.400839805603027
1508,14.50339126586914
1509,14.534067153930664
1510,14.51757526397705
1511,14.5706787109375
1512,14.558276176452637
1513,14.584285736083984
1514,14.559770584106445
1515,14.577520370483398
1516,14.542434692382812
1517,14.539153099060059
1518,14.564558982849121
1519,14.540149688720703
1520,14.535161018371582
1521,14.562884330749512
1522,14.572319030761719
1523,14.549205780029297
1524,14.596407890319824
1525,14.563751220703125
1526,14.514871597290039
1527,14.463823318481445
1528,14.51448917388916
1529,14.475072860717773
1530,14.589522361755371
1531,14.528377532958984
1532,14.487849235534668
1533,14.500004768371582
1534,14.727561950683594
1535,14.645418167114258
1536,14.607831001281738
1537,14.618563652038574
1538,14.63883113861084
1539,14.652717590332031
1540,14.681375503540039
1541,14.656550407409668
1542,14.62486743927002
1543,14.59205436706543
1544,14.565661430358887
1545,14.546468734741211
1546,14.543987274169922
1547,14.547713279724121
1548,14.53855037689209
1549,14.530527114868164
1550,14.528254508972168
1551,14.532693862915039
1552,14.523178100585938
1553,14.50333023071289
1554,14.471970558166504
1555,14.473503112792969
1556,14.408599853515625
1557,14.447393417358398
1558,14.393519401550293
1559,14.418643951416016
1560,14.376367568969727
1561,14.4273042678833
1562,14.434988021850586
1563,14.472412109375
1564,14.438556671142578
1565,14.633309364318848
1566,14.610119819641113
1567,14.564078330993652
1568,14.582647323608398
1569,14.589055061340332
1570,14.545069694519043
1571,14.586775779724121
1572,14.590367317199707
1573,14.627842903137207
1574,14.67186164855957
1575,14.647249221801758
1576,14.717985153198242
1577,14.809957504272461
1578,14.77393913269043
1579,14.77400016784668
1580,14.783583641052246
1581,14.813688278198242
1582,14.807206153869629
1583,14.811275482177734
1584,14.79800796508789
1585,14.794499397277832
1586,14.794760704040527
1587,14.782234191894531
1588,14.928065299987793
1589,14.937929153442383
1590,14.933862686157227
1591,14.928790092468262
1592,14.92977523803711
1593,14.92499828338623
1594,14.92086410522461
1595,14.891778945922852
1596,14.893614768981934
1597,14.891545295715332
1598,14.903081893920898
1599,14.90877628326416
1600,14.908987045288086
1601,14.899280548095703
1602,14.85328483581543
1603,14.869576454162598
1604,14.86012077331543
1605,14.840088844299316
1606,14.86346435546875
1607,14.857916831970215
1608,14.83719539642334
1609,14.832290649414062
1610,14.850179672241211
1611,14.847029685974121
1612,14.846410751342773
1613,14.830484390258789
1614,14.83210563659668
1615,14.800002098083496
1616,14.82141399383545
1617,14.827305793762207
1618,14.824663162231445
1619,14.816217422485352
1620,14.800254821777344
1621,14.775546073913574
1622,14.790786743164062
1623,14.804750442504883
1624,14.812049865722656
1625,14.81348705291748
1626,14.813411712646484
1627,14.817761421203613
1628,14.782280921936035
1629,14.721280097961426
1630,14.745787620544434
1631,14.724970817565918
1632,14.744909286499023
1633,14.70450496673584
1634,14.720301628112793
1635,14.756890296936035
1636,14.747228622436523
1637,14.753393173217773
1638,14.746227264404297
1639,14.734173774719238
1640,14.71423053741455
1641,14.716522216796875
1642,14.614968299865723
1643,14.673665046691895
1644,14.659297943115234
1645,14.616955757141113
1646,14.638137817382812
1647,14.680606842041016
1648,14.704553604125977
1649,14.71971321105957
1650,14.713712692260742
1651,14.709115982055664
1652,14.709688186645508
1653,14.715936660766602
1654,14.728031158447266
1655,14.697834014892578
1656,14.667503356933594
1657,14.64010238647461
1658,14.60846996307373
1659,14.575748443603516
1660,14.64215087890625
1661,14.709260940551758
1662,14.696170806884766
1663,14.67834186553955
1664,14.676472663879395
1665,14.613978385925293
1666,14.640681266784668
1667,14.591968536376953
1668,14.596396446228027
1669,14.519085884094238
1670,14.4393949508667
1671,14.356169700622559
1672,14.306830406188965
1673,14.346404075622559
1674,14.41477108001709
1675,14.438103675842285
1676,14.457438468933105
1677,14.462841987609863
1678,14.431196212768555
1679,14.4511137008667
1680,14.461498260498047
1681,14.451148986816406
1682,14.413619995117188
1683,14.321805953979492
1684,14.268777847290039
1685,14.21317195892334
1686,14.282339096069336
1687,14.295936584472656
1688,14.24085521697998
1689,14.185041427612305
1690,14.186722755432129
1691,14.227331161499023
1692,14.21049976348877
1693,14.214828491210938
1694,14.175135612487793
1695,14.171167373657227
1696,14.157563209533691
1697,14.134440422058105
1698,14.27942180633545
1699,14.29578685760498
1700,14.243583679199219
1701,14.187582969665527
1702,14.136384010314941
1703,14.225645065307617
1704,14.289260864257812
1705,14.279186248779297
1706,14.274368286132812
1707,14.246723175048828
1708,14.207060813903809
1709,14.27291488647461
1710,14.361143112182617
1711,14.485225677490234
1712,14.358116149902344
1713,14.415179252624512
1714,14.483131408691406
1715,14.426164627075195
1716,14.427031517028809
1717,14.417830467224121
1718,14.361647605895996
1719,14.286429405212402
1720,14.25639820098877
1721,14.223381996154785
1722,14.229230880737305
1723,14.28525447845459
1724,14.300003051757812
1725,14.388532638549805
1726,14.325433731079102
1727,14.303374290466309
1728,14.254249572753906
1729,14.35818862915039
1730,14.327021598815918
1731,14.30276870727539
1732,14.298739433288574
1733,14.309378623962402
1734,14.295039176940918
1735,14.245917320251465
1736,14.285932540893555
1737,14.217595100402832
1738,14.274410247802734
1739,14.073786735534668
1740,14.153082847595215
1741,14.301311492919922
1742,14.317670822143555
1743,14.25039291381836
1744,14.315032005310059
1745,14.283581733703613
1746,14.318976402282715
1747,14.237339973449707
1748,14.256686210632324
1749,14.218307495117188
1750,14.698559761047363
1751,14.700732231140137
1752,14.726122856140137
1753,14.75342845916748
1754,14.718575477600098
1755,14.720458030700684
1756,14.734576225280762
1757,14.73254108428955
1758,14.733380317687988
1759,14.703600883483887
1760,14.71168041229248
1761,14.684907913208008
1762,14.698966979980469
1763,14.700566291809082
1764,14.690987586975098
1765,14.693538665771484
1766,14.695734024047852
1767,14.659204483032227
1768,14.644997596740723
1769,14.620375633239746
1770,14.590484619140625
1771,14.562361717224121
1772,14.643163681030273
1773,14.68110179901123
1774,14.717655181884766
1775,14.70723819732666
1776,14.691667556762695
1777,14.815142631530762
1778,14.87985897064209
1779,14.911948204040527
1780,14.955781936645508
1781,14.96214771270752
1782,14.970911026000977
1783,14.977484703063965
1784,14.96667194366455
1785,14.970266342163086
1786,14.955268859863281
1787,14.958333015441895
1788,14.953137397766113
1789,14.955901145935059
1790,14.916979789733887
1791,14.890122413635254
1792,14.872817039489746
1793,14.838659286499023
1794,14.812131881713867
1795,14.812638282775879
1796,14.830323219299316
1797,14.807465553283691
1798,14.813043594360352
1799,14.82004165649414
1800,14.796427726745605
1801,14.755220413208008
1802,14.709811210632324
1803,14.679229736328125
1804,14.795559883117676
1805,14.753795623779297
1806,14.858988761901855
1807,14.862106323242188
1808,14.802013397216797
1809,14.77610969543457
1810,14.792531967163086
1811,14.823953628540039
1812,14.83582592010498
1813,14.83198356628418
1814,14.823166847229004
1815,14.817416191101074
1816,14.800633430480957
1817,14.8098783493042
1818,14.7916259765625
1819,14.787192344665527
1820,14.785760879516602
1821,14.82470989227295
1822,14.80215835571289
1823,14.832379341125488
1824,14.829019546508789
1825,14.794639587402344
1826,14.82435131072998
1827,14.792434692382812
1828,14.804949760437012
1829,14.79413890838623
1830,14.789689064025879
1831,14.768799781799316
1832,14.68970012664795
1833,14.62721061706543
1834,14.627037048339844
1835,14.630704879760742
1836,14.566157341003418
1837,14.53095817565918
1838,12.837457656860352
1839,12.673588752746582
1840,12.553925514221191
1841,12.429173469543457
1842,12.344481468200684
1843,12.33453369140625
1844,12.348567962646484
1845,12.376690864562988
1846,12.387201309204102
1847,12.396434783935547
1848,12.516325950622559
1849,12.481678009033203
1850,12.44955825805664
1851,12.43090534210205
1852,12.379642486572266
1853,12.361586570739746
1854,12.331594467163086
1855,12.282570838928223
1856,12.278128623962402
1857,12.216703414916992
1858,12.229059219360352
1859,12.231253623962402
1860,12.293561935424805
1861,12.35881519317627
1862,12.323747634887695
1863,12.258874893188477
1864,12.246581077575684
1865,12.446669578552246
1866,12.512514114379883
1867,12.767862319946289
1868,12.873298645019531
1869,12.939947128295898
1870,12.895550727844238
1871,12.889249801635742
1872,12.904234886169434
1873,12.953043937683105
1874,12.963445663452148
1875,13.013274192810059
1876,13.045351028442383
1877,12.95238208770752
1878,12.940335273742676
1879,13.001115798950195
1880,12.916297912597656
1881,12.924090385437012
1882,12.888638496398926
1883,12.901473045349121
1884,12.973525047302246
1885,13.026646614074707
1886,13.075623512268066
1887,12.994519233703613
1888,12.980132102966309
1889,13.048855781555176
1890,12.984297752380371
1891,13.002310752868652
1892,13.124456405639648
1893,13.214444160461426
1894,13.282684326171875
1895,13.232083320617676
1896,13.214696884155273
1897,13.166646003723145
1898,13.116790771484375
1899,13.004631996154785
1900,12.863828659057617
1901,12.725439071655273
1902,13.061492919921875
1903,13.0730619430542
1904,13.171324729919434
1905,13.225995063781738
1906,13.285696983337402
1907,13.500860214233398
1908,13.483877182006836
1909,13.449949264526367
1910,13.451284408569336
1911,13.442964553833008
1912,13.448115348815918
1913,13.402261734008789
1914,13.418550491333008
1915,13.560212135314941
1916,13.604116439819336
1917,13.598150253295898
1918,13.631643295288086
1919,13.559798240661621
1920,13.6211576461792
1921,13.8546781539917
1922,13.757637023925781
1923,13.746583938598633
1924,13.757959365844727
1925,13.816441535949707
1926,14.032008171081543
1927,14.067438125610352
1928,13.99453067779541
1929,14.841180801391602
1930,14.755609512329102
1931,14.693862915039062
1932,14.689691543579102
1933,14.626764297485352
1934,14.482836723327637
1935,14.448612213134766
1936,14.433107376098633
1937,14.321492195129395
1938,14.31773853302002
1939,14.239851951599121
1940,14.076582908630371
1941,13.943609237670898
1942,13.560548782348633
1943,13.523175239562988
1944,13.543010711669922
1945,13.582745552062988
1946,13.569682121276855
1947,13.475641250610352
1948,13.39852523803711
1949,13.322722434997559
1950,13.260265350341797
1951,13.339646339416504
1952,13.293632507324219
1953,13.178433418273926
1954,13.112702369689941
1955,13.018269538879395
1956,13.42430305480957
1957,13.698637008666992
1958,13.74567985534668
1959,13.691374778747559
1960,13.710370063781738
1961,13.682648658752441
1962,13.66938591003418
1963,13.620448112487793
1964,13.586214065551758
1965,13.604639053344727
1966,13.55612850189209
1967,13.591729164123535
1968,13.570898056030273
1969,13.637639045715332
1970,13.704207420349121
1971,13.610063552856445
1972,13.42477798461914
1973,13.370964050292969
1974,13.384812355041504
1975,13.368975639343262
1976,13.457460403442383
1977,13.342744827270508
1978,13.457716941833496
1979,13.51522445678711
1980,13.537914276123047
1981,13.621811866760254
1982,13.87858772277832
1983,13.957977294921875
1984,13.871944427490234
1985,13.694079399108887
1986,13.911499977111816
1987,13.80648422241211
1988,13.932077407836914
1989,13.819099426269531
1990,13.781097412109375
1991,13.82812213897705
1992,13.816798210144043
1993,13.703137397766113
1994,13.474035263061523
1995,13.370291709899902
1996,13.128706932067871
1997,13.118367195129395
1998,13.125496864318848
1999,13.113295555114746
2000,12.331413269042969
2001,12.282402992248535
2002,12.259324073791504
2003,12.244680404663086
2004,12.374401092529297
2005,12.589348793029785
2006,12.630115509033203
2007,12.456130981445312
2008,12.523971557617188
2009,12.752120971679688
2010,12.741189956665039
2011,12.879685401916504
2012,12.835428237915039
2013,12.646893501281738
2014,12.60495376586914
2015,12.47523021697998
2016,12.387747764587402
2017,12.441473007202148
2018,12.377057075500488
2019,12.331764221191406
2020,12.36415958404541
2021,12.31915283203125
2022,12.255810737609863
2023,12.188443183898926
2024,12.147499084472656
2025,12.236320495605469
2026,12.343716621398926
2027,12.304882049560547
2028,12.315098762512207
2029,12.317532539367676
2030,12.341147422790527
2031,12.33975601196289
2032,12.31826400756836
2033,12.362332344055176
2034,12.370428085327148
2035,11.999856948852539
2036,12.05577278137207
2037,12.015369415283203
2038,12.008204460144043
2039,12.035140991210938
2040,12.086929321289062
2041,12.05998420715332
2042,12.04763126373291
2043,12.087613105773926
2044,12.084908485412598
2045,12.121789932250977
2046,12.102834701538086
2047,12.1035737991333
2048,12.097063064575195
2049,12.058685302734375
2050,12.11712646484375
2051,12.089335441589355
2052,12.088382720947266
2053,12.123224258422852
2054,12.124180793762207
2055,12.115240097045898
2056,12.068029403686523
2057,12.077598571777344
2058,12.071743965148926
2059,12.023859977722168
2060,12.148748397827148
2061,12.340229034423828
2062,12.384886741638184
2063,12.417043685913086
2064,12.733129501342773
2065,12.429296493530273
2066,12.379656791687012
2067,12.265746116638184
2068,12.27724838256836
2069,12.333803176879883
2070,12.378401756286621
2071,12.355765342712402
2072,12.326915740966797
2073,12.285207748413086
2074,12.24558162689209
2075,12.297052383422852
2076,12.292510032653809
2077,12.24062442779541
2078,12.248734474182129
2079,12.205577850341797
2080,12.141122817993164
2081,12.223697662353516
2082,12.157719612121582
2083,12.129752159118652
2084,12.192047119140625
2085,12.159262657165527
2086,12.142306327819824
2087,12.5011568069458
2088,12.5568208694458
2089,12.54554557800293
2090,12.637755393981934
2091,12.622858047485352
2092,12.512598991394043
2093,12.439516067504883
2094,12.383838653564453
2095,12.272228240966797
2096,12.3328218460083
2097,12.377657890319824
2098,12.404583930969238
2099,12.38794231414795
2100,12.44769287109375
2101,12.44813060760498
2102,12.517160415649414
2103,12.446635246276855
2104,12.42803955078125
2105,12.472123146057129
2106,12.418367385864258
2107,12.377121925354004
2108,12.291223526000977
2109,12.353254318237305
2110,12.33355712890625
2111,12.331558227539062
2112,12.262588500976562
2113,12.276187896728516
2114,13.271825790405273
2115,13.874489784240723
2116,14.315353393554688
2117,14.400310516357422
2118,14.547532081604004
2119,14.14876651763916
2120,14.141173362731934
2121,14.202333450317383
2122,14.304591178894043
2123,14.34577751159668
2124,14.125045776367188
2125,14.032066345214844
2126,14.010978698730469
2127,13.939711570739746
2128,13.679183959960938
2129,13.81314468383789
2130,13.637856483459473
2131,13.511398315429688
2132,13.375080108642578
2133,13.269715309143066
2134,13.337888717651367
2135,13.27333927154541
2136,13.521105766296387
2137,13.340983390808105
2138,13.329105377197266
2139,13.399879455566406
2140,13.221484184265137
2141,13.248523712158203
2142,13.158934593200684
2143,12.9617338180542
2144,12.858769416809082
2145,12.745906829833984
2146,12.641180038452148
2147,12.618327140808105
2148,12.61474323272705
2149,12.532448768615723
2150,12.424277305603027
2151,12.352725982666016
2152,12.387495040893555
2153,12.505271911621094
2154,12.539388656616211
2155,12.637256622314453
2156,12.501058578491211
2157,12.483261108398438
2158,12.450837135314941
2159,12.397024154663086
2160,12.476280212402344
2161,12.53675651550293
2162,12.577899932861328
2163,12.609628677368164
2164,12.758687973022461
2165,12.753137588500977
2166,12.549829483032227
2167,12.472884178161621
2168,12.530004501342773
2169,12.411171913146973
2170,12.305912971496582
2171,12.25949478149414
2172,12.286823272705078
2173,12.431503295898438
2174,12.363738059997559
2175,12.430815696716309
2176,12.410670280456543
2177,12.396220207214355
2178,12.341388702392578
2179,12.342167854309082
2180,12.36072063446045
2181,12.390703201293945
2182,12.414210319519043
2183,12.370600700378418
2184,12.31692123413086
2185,12.28305435180664
2186,12.27649974822998
2187,12.163732528686523
2188,12.171194076538086
2189,12.222877502441406
2190,12.169736862182617
2191,12.18045711517334
2192,12.065176963806152
2193,12.208076477050781
2194,12.183277130126953
2195,12.618656158447266
2196,12.665120124816895
2197,12.751131057739258
2198,12.973742485046387
2199,12.96728515625
2200,12.885889053344727
2201,12.887115478515625
2202,13.189507484436035
2203,13.209624290466309
2204,13.266131401062012
2205,13.071813583374023
2206,13.130173683166504
2207,13.240608215332031
2208,13.163528442382812
2209,13.136940002441406
2210,13.029020309448242
2211,12.782177925109863
2212,12.820777893066406
2213,12.830032348632812
2214,12.731822967529297
2215,12.821664810180664
2216,12.76768970489502
2217,12.74751091003418
2218,12.747920036315918
2219,13.366421699523926
2220,13.24483585357666
2221,13.247001647949219
2222,13.274484634399414
2223,13.365812301635742
2224,13.385196685791016
2225,13.378812789916992
2226,13.40937614440918
2227,13.606234550476074
2228,13.635124206542969
2229,13.611071586608887
2230,13.652647018432617
2231,13.666352272033691
2232,13.640527725219727
2233,13.741678237915039
2234,13.656129837036133
2235,13.452189445495605
2236,13.182511329650879
2237,13.246015548706055
2238,13.227232933044434
2239,13.218997955322266
2240,13.309357643127441
2241,13.60814094543457
2242,13.61482048034668
2243,13.34170913696289
2244,13.0412015914917
2245,13.058625221252441
2246,13.718607902526855
2247,14.240411758422852
2248,14.31347370147705
2249,13.958108901977539
2250,13.948440551757812
2251,13.951374053955078
2252,13.865619659423828
2253,13.923259735107422
2254,13.99215316772461
2255,14.14340591430664
2256,13.866268157958984
2257,13.99721622467041
2258,13.524433135986328
2259,13.31469440460205
2260,13.792795181274414
2261,13.811864852905273
2262,13.7170991897583
2263,13.674243927001953
2264,13.577054977416992
2265,13.563858985900879
2266,13.57131290435791
2267,13.596304893493652
2268,13.608126640319824
2269,13.5508451461792
2270,13.788564682006836
2271,13.449021339416504
2272,13.399555206298828
2273,14.14984130859375
2274,13.989941596984863
2275,14.0924711227417
2276,14.155757904052734
2277,13.639288902282715
2278,12.993990898132324
2279,12.962574005126953
2280,12.567246437072754
2281,12.499109268188477
2282,12.368340492248535
2283,12.431384086608887
2284,12.45225715637207
2285,12.484099388122559
2286,12.574193954467773
2287,12.583553314208984
2288,12.522587776184082
2289,12.498539924621582
2290,12.437667846679688
2291,12.352513313293457
2292,12.440275192260742
2293,12.333465576171875
2294,12.264362335205078
2295,12.256231307983398
2296,12.24718952178955
2297,12.321972846984863
2298,12.31966495513916
2299,12.365659713745117
2300,11.995614051818848
2301,12.113409042358398
2302,12.081707954406738
2303,12.074471473693848
2304,12.090410232543945
2305,12.088764190673828
2306,12.076409339904785
2307,12.087540626525879
2308,12.08592700958252
2309,12.098042488098145
2310,12.165762901306152
2311,12.13921070098877
2312,12.134676933288574
2313,12.145123481750488
2314,12.215120315551758
2315,12.219864845275879
2316,12.332157135009766
2317,12.460098266601562
2318,12.543851852416992
2319,12.749917030334473
2320,12.663434982299805
2321,12.694905281066895
2322,12.648984909057617
2323,12.66240119934082
2324,12.813594818115234
2325,13.056081771850586
2326,14.819255828857422
2327,14.783040046691895
2328,14.740015029907227
2329,14.715118408203125
2330,14.74604320526123
2331,14.690536499023438
2332,14.721091270446777
2333,14.753860473632812
2334,14.759364128112793
2335,14.761690139770508
2336,14.602862358093262
2337,14.618552207946777
2338,14.654156684875488
2339,14.718944549560547
2340,14.690362930297852
2341,14.651982307434082
2342,14.650344848632812
2343,14.625837326049805
2344,14.63396167755127
2345,14.609147071838379
2346,14.603951454162598
2347,14.619821548461914
2348,14.594157218933105
2349,14.566529273986816
2350,14.349702835083008
2351,14.310770034790039
2352,14.292182922363281
2353,14.170942306518555
2354,14.205394744873047
2355,14.223893165588379
2356,14.248531341552734
2357,14.326043128967285
2358,14.3278226852417
2359,14.302430152893066
2360,14.074060440063477
2361,13.935495376586914
2362,13.800938606262207
2363,13.851371765136719
2364,13.659489631652832
2365,13.53426456451416
2366,13.40860652923584
2367,13.60548210144043
2368,13.692343711853027
2369,13.029300689697266
2370,13.061003684997559
2371,13.208699226379395
2372,13.202898025512695
2373,13.18234920501709
2374,13.066337585449219
2375,13.019627571105957
2376,13.070353507995605
2377,13.194061279296875
2378,13.097285270690918
2379,13.148452758789062
2380,13.272128105163574
2381,13.245044708251953
2382,14.032991409301758
2383,13.980026245117188
2384,13.872567176818848
2385,13.950031280517578
2386,13.95350170135498
2387,13.584493637084961
2388,13.595032691955566
2389,13.459858894348145
2390,13.459392547607422
2391,13.401342391967773
2392,13.282644271850586
2393,13.428533554077148
2394,13.58096694946289
2395,13.564864158630371
2396,13.413822174072266
2397,13.471339225769043
2398,13.368959426879883
2399,13.123475074768066
2400,12.844746589660645
2401,12.497721672058105
2402,12.46705150604248
2403,12.424159049987793
2404,12.58216667175293
2405,12.597227096557617
2406,12.57710075378418
2407,13.189826965332031
2408,13.681748390197754
2409,13.87462329864502
2410,13.852232933044434
2411,13.420218467712402
2412,13.259292602539062
2413,13.377498626708984
2414,13.669901847839355
2415,13.850120544433594
2416,13.668560981750488
2417,13.3346529006958
2418,13.298068046569824
2419,13.052915573120117
2420,13.054615020751953
2421,13.653231620788574
2422,13.598403930664062
2423,13.235637664794922
2424,12.923575401306152
2425,12.827287673950195
2426,12.834537506103516
2427,13.17624282836914
2428,13.144429206848145
2429,13.120678901672363
2430,13.048391342163086
2431,13.0858793258667
2432,13.425414085388184
2433,14.413480758666992
2434,14.503377914428711
2435,14.585640907287598
2436,14.617137908935547
2437,14.575016021728516
2438,14.591368675231934
2439,14.590662956237793
2440,14.416397094726562
2441,14.454296112060547
2442,14.437920570373535
2443,14.486602783203125
2444,14.387182235717773
2445,14.361806869506836
2446,14.212457656860352
2447,14.161142349243164
2448,14.371284484863281
2449,14.353020668029785
2450,14.353429794311523
2451,14.298492431640625
2452,14.258986473083496
2453,14.225436210632324
2454,14.306166648864746
2455,14.343571662902832
2456,14.312356948852539
2457,14.233597755432129
2458,14.114225387573242
2459,14.76699447631836
2460,14.797500610351562
2461,14.792325973510742
2462,14.780035972595215
2463,14.786773681640625
2464,14.794225692749023
2465,14.812399864196777
2466,14.817925453186035
2467,14.790153503417969
2468,14.78905963897705
2469,14.732734680175781
2470,14.725796699523926
2471,14.742655754089355
2472,14.752165794372559
2473,14.75617790222168
2474,14.737038612365723
2475,14.70855712890625
2476,14.706167221069336
2477,14.725601196289062
2478,14.698158264160156
2479,14.713343620300293
2480,14.69821548461914
2481,14.669174194335938
2482,14.696492195129395
2483,14.687705993652344
2484,14.725049018859863
2485,14.73447322845459
2486,14.781638145446777
2487,14.781275749206543
2488,14.777342796325684
2489,14.7803373336792
2490,14.77260971069336
2491,14.759317398071289
2492,14.749089241027832
2493,14.754366874694824
2494,14.74024486541748
2495,14.7327880859375
2496,14.710600852966309
2497,14.7193021774292
2498,14.70383358001709
2499,14.735628128051758
2500,15.509364128112793
2501,15.453393936157227
2502,15.424574851989746
2503,15.368849754333496
2504,15.329915046691895
2505,15.282835960388184
2506,15.270081520080566
2507,15.302370071411133
2508,15.452041625976562
2509,15.329693794250488
2510,15.345462799072266
2511,15.310094833374023
2512,15.53067684173584
2513,15.283696174621582
2514,15.21257209777832
2515,15.482932090759277
2516,15.554725646972656
2517,15.574187278747559
2518,15.585740089416504
2519,15.606435775756836
2520,15.515380859375
2521,15.5510835647583
2522,15.561702728271484
2523,15.572559356689453
2524,15.559944152832031
2525,15.54846477508545
2526,15.548456192016602
2527,15.534732818603516
2528,15.545330047607422
2529,15.487627029418945
2530,15.443903923034668
2531,15.413914680480957
2532,15.408970832824707
2533,15.39363956451416
2534,15.437164306640625
2535,15.407692909240723
2536,15.35354232788086
2537,15.347776412963867
2538,15.175460815429688
2539,15.080572128295898
2540,15.05026912689209
2541,14.87589168548584
2542,14.846381187438965
2543,14.877671241760254
2544,14.992446899414062
2545,15.095829010009766
2546,15.132768630981445
2547,15.167083740234375
2548,15.141002655029297
2549,15.1097412109375
2550,15.107505798339844
2551,15.006754875183105
2552,14.983409881591797
2553,14.976137161254883
2554,14.976919174194336
2555,14.99714183807373
2556,14.988214492797852
2557,15.125679016113281
2558,15.086919784545898
2559,15.13448715209961
2560,15.116497993469238
2561,15.00420093536377
2562,15.113947868347168
2563,15.208561897277832
2564,15.160537719726562
2565,15.339704513549805
2566,15.29084300994873
2567,15.304903984069824
2568,15.30963134765625
2569,15.247746467590332
2570,15.248617172241211
2571,15.193441390991211
2572,15.31009292602539
2573,15.287543296813965
2574,15.270012855529785
2575,15.317084312438965
2576,15.306599617004395
2577,15.281111717224121
2578,15.249597549438477
2579,15.330094337463379
2580,15.327795028686523
2581,15.297033309936523
2582,15.258769035339355
2583,15.259791374206543
2584,15.253657341003418
2585,15.199871063232422
2586,15.084996223449707
2587,14.955556869506836
2588,14.789657592773438
2589,14.792997360229492
2590,14.69718074798584
2591,15.02314567565918
2592,15.059638023376465
2593,15.093092918395996
2594,15.071500778198242
2595,15.068378448486328
2596,15.067827224731445
2597,15.080077171325684
2598,15.110021591186523
2599,14.999847412109375
2600,14.905134201049805
2601,14.869959831237793
2602,15.054834365844727
2603,14.976439476013184
2604,15.160167694091797
2605,15.118583679199219
2606,15.077584266662598
2607,15.122809410095215
2608,15.090604782104492
2609,15.066126823425293
2610,15.11826229095459
2611,15.172985076904297
2612,15.109395027160645
2613,15.073137283325195
2614,15.159782409667969
2615,14.976889610290527
2616,14.732792854309082
2617,13.907449722290039
2618,13.52634334564209
2619,13.397664070129395
2620,13.367804527282715
2621,13.273319244384766
2622,13.236055374145508
2623,13.24550724029541
2624,13.184911727905273
2625,13.18319320678711
2626,13.242094039916992
2627,13.194794654846191
2628,13.200248718261719
2629,13.268291473388672
2630,13.268120765686035
2631,13.255657196044922
2632,13.230474472045898
2633,13.259349822998047
2634,13.241429328918457
2635,13.106770515441895
2636,13.212367057800293
2637,13.247982025146484
2638,13.271322250366211
2639,13.194580078125
2640,13.206267356872559
2641,13.250945091247559
2642,13.398285865783691
2643,13.376500129699707
2644,13.727254867553711
2645,14.036846160888672
2646,14.092434883117676
2647,14.05264663696289
2648,14.240843772888184
2649,14.438687324523926
2650,14.646143913269043
2651,14.696213722229004
2652,14.700655937194824
2653,14.619604110717773
2654,14.635217666625977
2655,14.611968040466309
2656,14.546248435974121
2657,14.462713241577148
2658,14.535331726074219
2659,14.47446060180664
2660,14.467073440551758
2661,14.594273567199707
2662,14.653462409973145
2663,14.497638702392578
2664,14.432636260986328
2665,14.348949432373047
2666,14.212106704711914
2667,14.070967674255371
2668,14.204239845275879
2669,14.13935661315918
2670,14.785030364990234
2671,14.63058853149414
2672,14.37751579284668
2673,14.412687301635742
2674,14.31194019317627
2675,14.04175090789795
2676,14.020511627197266
2677,13.993325233459473
2678,13.986401557922363
2679,13.945594787597656
2680,13.925159454345703
2681,13.934118270874023
2682,13.927702903747559
2683,13.769519805908203
2684,13.511635780334473
2685,13.462493896484375
2686,13.587591171264648
2687,13.494528770446777
2688,13.359569549560547
2689,13.3999605178833
2690,13.625276565551758
2691,13.604737281799316
2692,13.787676811218262
2693,13.895635604858398
2694,14.092951774597168
2695,14.155789375305176
2696,14.16418170928955
2697,14.896109580993652
2698,14.794461250305176
2699,14.895665168762207
2700,14.92691707611084
2701,14.928079605102539
2702,14.846824645996094
2703,14.951440811157227
2704,14.939589500427246
2705,14.951624870300293
2706,14.91102409362793
2707,14.885762214660645
2708,14.9353666305542
2709,14.975987434387207
2710,15.038442611694336
2711,14.99400806427002
2712,14.979137420654297
2713,14.786069869995117
2714,14.743937492370605
2715,14.757022857666016
2716,14.889599800109863
2717,14.9197998046875
2718,14.884346008300781
2719,14.78316879272461
2720,14.523181915283203
2721,14.413111686706543
2722,14.209949493408203
2723,14.187479972839355
2724,14.587587356567383
2725,14.750739097595215
2726,14.706725120544434
2727,14.696887016296387
2728,14.647439002990723
2729,14.597954750061035
2730,14.439534187316895
2731,14.201229095458984
2732,14.088051795959473
2733,14.116069793701172
2734,14.032197952270508
2735,13.98906135559082
2736,14.00243091583252
2737,13.899910926818848
2738,13.817299842834473
2739,13.74531078338623
2740,13.528888702392578
2741,13.299964904785156
2742,13.206602096557617
2743,13.218043327331543
2744,13.21391773223877
2745,13.241129875183105
2746,13.351337432861328
2747,13.457887649536133
2748,13.4363431930542
2749,13.37444019317627
2750,13.330945014953613
2751,14.218313217163086
2752,14.383658409118652
2753,14.256021499633789
2754,14.29354476928711
2755,14.183093070983887
2756,14.15798282623291
2757,14.101269721984863
2758,13.926015853881836
2759,13.930817604064941
2760,13.864617347717285
2761,13.785237312316895
2762,13.686068534851074
2763,13.479878425598145
2764,13.407085418701172
2765,13.395190238952637
2766,13.380196571350098
2767,13.14560317993164
2768,13.029292106628418
2769,12.978108406066895
2770,12.946319580078125
2771,12.978724479675293
2772,12.923604011535645
2773,12.956557273864746
2774,12.947938919067383
2775,12.982135772705078
2776,13.062553405761719
2777,13.148959159851074
2778,13.229330062866211
2779,12.985258102416992
2780,12.955519676208496
2781,13.018205642700195
2782,13.016535758972168
2783,13.007352828979492
2784,12.997767448425293
2785,13.081009864807129
2786,13.121932983398438
2787,13.065911293029785
2788,13.105403900146484
2789,13.063084602355957
2790,12.991011619567871
2791,12.93449878692627
2792,12.884978294372559
2793,12.97992992401123
2794,12.95490550994873
2795,12.91816234588623
2796,12.896071434020996
2797,12.840100288391113
2798,12.843966484069824
2799,12.804912567138672
2800,12.80820083618164
2801,12.852867126464844
2802,12.76530647277832
2803,12.8526029586792
2804,12.770912170410156
2805,12.799126625061035
2806,12.900714874267578
2807,13.00793170928955
2808,13.236540794372559
2809,13.15134048461914
2810,12.940629005432129
2811,12.91506576538086
2812,12.992149353027344
2813,12.994528770446777
2814,12.916678428649902
2815,12.888846397399902
2816,12.873456001281738
2817,12.85571575164795
2818,12.744132995605469
2819,12.678985595703125
2820,12.627140998840332
2821,12.561609268188477
2822,12.517531394958496
2823,12.505122184753418
2824,12.543721199035645
2825,12.507441520690918
2826,12.434429168701172
2827,12.42745590209961
2828,12.447604179382324
2829,12.429096221923828
2830,12.458513259887695
2831,12.41420841217041
2832,12.380009651184082
2833,12.447314262390137
2834,12.704413414001465
2835,12.862224578857422
2836,13.317014694213867
2837,13.59085750579834
2838,13.744362831115723
2839,13.701262474060059
2840,13.623541831970215
2841,13.612237930297852
2842,13.710719108581543
2843,13.709837913513184
2844,13.710906028747559
2845,13.681647300720215
2846,13.4996976852417
2847,13.282443046569824
2848,13.101301193237305
2849,13.073616027832031
2850,13.015443801879883
2851,12.899125099182129
2852,12.892021179199219
2853,12.831827163696289
2854,12.786924362182617
2855,12.89851188659668
2856,13.214305877685547
2857,13.55758285522461
2858,13.695633888244629
2859,13.921598434448242
2860,13.905434608459473
2861,13.982636451721191
2862,14.228562355041504
2863,14.264982223510742
2864,14.344173431396484
2865,14.485716819763184
2866,14.460785865783691
2867,14.447169303894043
2868,14.40551471710205
2869,14.422033309936523
2870,14.385138511657715
2871,14.205326080322266
2872,14.131169319152832
2873,14.117326736450195
2874,14.138032913208008
2875,14.321491241455078
2876,14.30848503112793
2877,14.296573638916016
2878,14.300451278686523
2879,14.069156646728516
2880,13.983638763427734
2881,13.958410263061523
2882,13.950060844421387
2883,14.044641494750977
2884,14.022643089294434
2885,13.998311996459961
2886,14.811203956604004
2887,14.697049140930176
2888,14.659241676330566
2889,14.685103416442871
2890,14.830392837524414
2891,14.791451454162598
2892,14.668363571166992
2893,14.684469223022461
2894,14.689905166625977
2895,14.695338249206543
2896,14.730339050292969
2897,14.661969184875488
2898,14.811569213867188
2899,14.729921340942383
2900,14.651820182800293
2901,14.74853229522705
2902,14.819363594055176
2903,14.686156272888184
2904,14.598753929138184
2905,14.60689926147461
2906,14.634747505187988
2907,14.502708435058594
2908,14.622386932373047
2909,14.531228065490723
2910,14.417418479919434
2911,14.350303649902344
2912,14.296371459960938
2913,14.812474250793457
2914,14.677961349487305
2915,14.586612701416016
2916,14.75133991241455
2917,14.833409309387207
2918,15.008626937866211
2919,14.942765235900879
2920,14.830093383789062
2921,14.834464073181152
2922,14.771900177001953
2923,14.817191123962402
2924,14.779109001159668
2925,14.811089515686035
2926,14.757668495178223
2927,14.745561599731445
2928,14.779792785644531
2929,14.715751647949219
2930,14.589606285095215
2931,14.764318466186523
2932,14.802597999572754
2933,14.800277709960938
2934,14.704174995422363
2935,14.730548858642578
2936,14.686720848083496
2937,14.833970069885254
2938,14.907615661621094
2939,14.809672355651855
2940,15.03429126739502
2941,14.951749801635742
2942,15.005995750427246
2943,15.006366729736328
2944,15.087895393371582
2945,15.123494148254395
2946,15.194912910461426
2947,15.12482738494873
2948,15.054953575134277
2949,15.076717376708984
2950,15.130410194396973
2951,15.118901252746582
2952,15.108181953430176
2953,15.204695701599121
2954,15.120192527770996
2955,15.253790855407715
2956,15.265487670898438
2957,15.11557674407959
2958,15.118943214416504
2959,15.161803245544434
2960,15.111404418945312
2961,15.141627311706543
2962,15.143089294433594
2963,15.075761795043945
2964,15.003005027770996
2965,14.905574798583984
2966,14.895390510559082
2967,15.259565353393555
2968,15.206316947937012
2969,15.137886047363281
2970,15.0789794921875
2971,15.156425476074219
2972,15.152755737304688
2973,15.130889892578125
2974,15.232234954833984
2975,15.204628944396973
2976,15.187005996704102
2977,15.190022468566895
2978,15.18897819519043
2979,15.176100730895996
2980,15.116728782653809
2981,15.138799667358398
2982,15.102890014648438
2983,15.121448516845703
2984,15.068674087524414
2985,15.130754470825195
2986,15.10791015625
2987,15.091069221496582
2988,14.977048873901367
2989,14.969670295715332
2990,15.01052188873291
2991,14.949149131774902
2992,14.862394332885742
2993,14.86042594909668
2994,15.126907348632812
2995,15.16230297088623
2996,15.063454627990723
2997,15.21786117553711
2998,15.2492036819458
2999,15.241933822631836
3000,14.789985656738281
3001,14.760701179504395
3002,14.776532173156738
3003,14.7981595993042
3004,14.736449241638184
3005,14.703657150268555
3006,14.75846004486084
3007,14.776346206665039
3008,14.754035949707031
3009,14.736678123474121
3010,14.738102912902832
3011,14.683289527893066
3012,14.646405220031738
3013,14.685670852661133
3014,14.741090774536133
3015,14.712729454040527
3016,14.607641220092773
3017,14.653241157531738
3018,14.703276634216309
3019,14.619731903076172
3020,14.497346878051758
3021,14.54530143737793
3022,14.837950706481934
3023,14.975823402404785
3024,15.006381034851074
3025,15.219110488891602
3026,15.213201522827148
3027,15.21093463897705
3028,15.229557991027832
3029,15.113500595092773
3030,15.130447387695312
3031,15.264594078063965
3032,15.26914119720459
3033,15.280037879943848
3034,15.29045295715332
3035,15.20328140258789
3036,15.296588897705078
3037,15.317005157470703
3038,15.44131851196289
3039,15.341504096984863
3040,15.282361030578613
3041,15.180024147033691
3042,15.194449424743652
3043,15.121369361877441
3044,15.20855712890625
3045,15.200666427612305
3046,15.393427848815918
3047,15.395246505737305
3048,15.432241439819336
3049,15.673539161682129
3050,15.735579490661621
3051,15.793359756469727
3052,15.69750690460205
3053,15.800565719604492
3054,15.73728084564209
3055,15.723831176757812
3056,15.689476013183594
3057,15.66334342956543
3058,15.646142959594727
3059,15.610602378845215
3060,15.518899917602539
3061,15.555086135864258
3062,15.430933952331543
3063,15.469054222106934
3064,15.357931137084961
3065,15.497125625610352
3066,15.374300003051758
3067,15.39108943939209
3068,15.348706245422363
3069,15.366095542907715
3070,15.797124862670898
3071,15.736688613891602
3072,15.669022560119629
3073,15.681960105895996
3074,15.56981372833252
3075,15.537873268127441
3076,15.432840347290039
3077,15.394537925720215
3078,15.395206451416016
3079,15.411834716796875
3080,15.241113662719727
3081,15.146350860595703
3082,15.133105278015137
3083,14.994404792785645
3084,14.957834243774414
3085,14.944209098815918
3086,14.96960163116455
3087,14.948153495788574
3088,14.949017524719238
3089,14.914456367492676
3090,14.78165340423584
3091,14.72080135345459
3092,14.784588813781738
3093,14.735876083374023
3094,14.692492485046387
3095,14.761028289794922
3096,14.69970417022705
3097,14.749229431152344
3098,14.97762393951416
3099,14.957991600036621
3100,15.069745063781738
3101,15.102367401123047
3102,15.270273208618164
3103,15.280540466308594
3104,15.282353401184082
3105,15.128028869628906
3106,15.196955680847168
3107,15.282248497009277
3108,15.2679443359375
3109,15.266222953796387
3110,15.355003356933594
3111,15.327131271362305
3112,15.283879280090332
3113,15.473057746887207
3114,15.365734100341797
3115,15.381340980529785
3116,15.3335599899292
3117,15.444376945495605
3118,15.32111644744873
3119,15.311624526977539
3120,15.39194107055664
3121,15.308571815490723
3122,15.248165130615234
3123,15.259480476379395
3124,15.337111473083496
3125,15.494878768920898
3126,15.524292945861816
3127,15.39174747467041
3128,15.393818855285645
3129,15.308658599853516
3130,15.468499183654785
3131,15.520092010498047
3132,15.528549194335938
3133,15.772798538208008
3134,15.680846214294434
3135,15.552310943603516
3136,15.614813804626465
3137,15.61244010925293
3138,15.59970760345459
3139,15.716073989868164
3140,15.716980934143066
3141,15.579082489013672
3142,15.774229049682617
3143,15.634631156921387
3144,15.539386749267578
3145,15.557143211364746
3146,15.42733383178711
3147,15.389213562011719
3148,15.309721946716309
3149,15.282798767089844
3150,15.24167537689209
3151,14.803032875061035
3152,14.441527366638184
3153,14.26701831817627
3154,14.16147518157959
3155,14.139616012573242
3156,14.138405799865723
3157,14.146907806396484
3158,14.118219375610352
3159,14.101276397705078
3160,14.103109359741211
3161,14.100805282592773
3162,14.123172760009766
3163,14.194071769714355
3164,14.22426986694336
3165,14.211442947387695
3166,14.20312786102295
3167,14.205480575561523
3168,14.272933006286621
3169,14.329704284667969
3170,14.31749153137207
3171,14.300888061523438
3172,14.296452522277832
3173,14.32883071899414
3174,14.531880378723145
3175,14.488215446472168
3176,14.496753692626953
3177,14.653597831726074
3178,14.771306991577148
3179,14.721616744995117
3180,14.73643684387207
3181,14.61658000946045
3182,14.642650604248047
3183,14.646210670471191
3184,14.602259635925293
3185,14.561782836914062
3186,14.520415306091309
3187,14.440629959106445
3188,14.34837818145752
3189,14.338168144226074
3190,14.34579849243164
3191,14.342365264892578
3192,14.353836059570312
3193,14.392062187194824
3194,14.34468936920166
3195,14.352933883666992
3196,14.38573932647705
3197,14.372210502624512
3198,14.342103958129883
3199,14.298259735107422
3200,14.347875595092773
3201,14.667644500732422
3202,14.799059867858887
3203,14.829631805419922
3204,14.964069366455078
3205,14.96379280090332
3206,14.994598388671875
3207,14.898487091064453
3208,14.929747581481934
3209,14.967114448547363
3210,14.987293243408203
3211,15.106810569763184
3212,15.12202262878418
3213,15.221147537231445
3214,15.155393600463867
3215,15.21178150177002
3216,15.295191764831543
3217,15.417401313781738
3218,15.342244148254395
3219,15.351168632507324
3220,15.154964447021484
3221,15.118910789489746
3222,15.131362915039062
3223,15.205745697021484
3224,15.144524574279785
3225,15.016685485839844
3226,15.036314964294434
3227,15.034576416015625
3228,14.879274368286133
3229,14.778651237487793
3230,14.801016807556152
3231,14.816915512084961
3232,14.856797218322754
3233,14.921890258789062
3234,14.85334300994873
3235,14.822872161865234
3236,14.725521087646484
3237,14.639591217041016
3238,14.665321350097656
3239,14.725696563720703
3240,14.709465026855469
3241,14.597188949584961
3242,14.651415824890137
3243,14.671426773071289
3244,14.666071891784668
3245,14.61528205871582
3246,14.57356071472168
3247,14.492722511291504
3248,14.413203239440918
3249,14.404035568237305
3250,14.472845077514648
3251,14.400052070617676
3252,14.322001457214355
3253,14.322237968444824
3254,14.305614471435547
3255,14.575861930847168
3256,14.666064262390137
3257,14.644331932067871
3258,14.544181823730469
3259,14.5382080078125
3260,14.345848083496094
3261,14.31153392791748
3262,14.343090057373047
3263,14.434809684753418
3264,14.515335083007812
3265,14.534912109375
3266,14.53232192993164
3267,14.533602714538574
3268,14.541657447814941
3269,14.464282989501953
3270,14.363909721374512
3271,14.396388053894043
3272,14.445368766784668
3273,14.488343238830566
3274,14.502503395080566
3275,14.55266284942627
3276,14.587533950805664
3277,14.52879810333252
3278,14.540570259094238
3279,14.567095756530762
3280,14.612862586975098
3281,14.566217422485352
3282,15.086254119873047
3283,15.033357620239258
3284,15.02532958984375
3285,15.103353500366211
3286,15.015352249145508
3287,15.002782821655273
3288,15.134024620056152
3289,15.13002872467041
3290,15.164509773254395
3291,15.040821075439453
3292,15.103145599365234
3293,15.125203132629395
3294,15.107972145080566
3295,15.227083206176758
3296,15.049561500549316
3297,15.09101676940918
3298,15.063100814819336
3299,15.075565338134766
3300,15.194012641906738
3301,15.171245574951172
3302,15.172062873840332
3303,15.225859642028809
3304,15.160319328308105
3305,15.180551528930664
3306,15.2745943069458
3307,15.36096477508545
3308,15.33244800567627
3309,15.22083854675293
3310,15.397565841674805
3311,15.548821449279785
3312,15.414417266845703
3313,15.38895034790039
3314,15.31827449798584
3315,15.372733116149902
3316,15.284476280212402
3317,15.428573608398438
3318,15.576842308044434
3319,15.548462867736816
3320,15.601295471191406
3321,15.5292387008667
3322,15.437254905700684
3323,15.655865669250488
3324,15.566466331481934
3325,15.559502601623535
3326,15.660379409790039
3327,15.634079933166504
3328,15.671232223510742
3329,15.617610931396484
3330,15.605975151062012
3331,15.488520622253418
3332,15.44592571258545
3333,15.328207969665527
3334,15.421143531799316
3335,15.4401216506958
3336,15.391989707946777
3337,15.283038139343262
3338,15.19625473022461
3339,15.211540222167969
3340,15.186959266662598
3341,15.12486457824707
3342,15.045292854309082
3343,15.10263729095459
3344,15.14846134185791
3345,15.076325416564941
3346,15.00079345703125
3347,14.945676803588867
3348,14.849921226501465
3349,14.883408546447754
3350,14.925537109375
3351,14.81181526184082
3352,14.854126930236816
3353,14.94139575958252
3354,14.920002937316895
3355,14.920984268188477
3356,14.822189331054688
3357,14.934861183166504
3358,14.783818244934082
3359,14.743760108947754
3360,14.765156745910645
3361,14.689549446105957
3362,14.243943214416504
3363,14.208761215209961
3364,14.18704891204834
3365,14.164209365844727
3366,14.174210548400879
3367,14.153717994689941
3368,14.144195556640625
3369,14.135237693786621
3370,14.134312629699707
3371,14.090826988220215
3372,14.05998706817627
3373,14.071639060974121
3374,14.07899284362793
3375,14.031627655029297
3376,14.012497901916504
3377,14.025593757629395
3378,14.054560661315918
3379,14.095438003540039
3380,14.093253135681152
3381,14.151412010192871
3382,14.167434692382812
3383,14.164253234863281
3384,14.126716613769531
3385,14.132756233215332
3386,14.168397903442383
3387,14.1204252243042
3388,14.089674949645996
3389,14.220866203308105
3390,14.131111145019531
3391,14.09073257446289
3392,14.099599838256836
3393,14.103879928588867
3394,14.105067253112793
3395,14.125033378601074
3396,14.109108924865723
3397,14.132308959960938
3398,14.104743003845215
3399,14.097872734069824
3400,14.0635404586792
3401,14.038972854614258
3402,14.032074928283691
3403,13.973129272460938
3404,13.989921569824219
3405,13.969141006469727
3406,13.955124855041504
3407,13.958205223083496
3408,13.918079376220703
3409,13.92815113067627
3410,13.961520195007324
3411,13.974434852600098
3412,14.00252914428711
3413,14.005075454711914
3414,13.991752624511719
3415,14.160722732543945
3416,14.110107421875
3417,14.112380027770996
3418,14.140719413757324
3419,14.215615272521973
3420,14.298039436340332
3421,14.285765647888184
3422,14.349451065063477
3423,14.371237754821777
3424,14.3534574508667
3425,14.337174415588379
3426,14.379620552062988
3427,14.42301082611084
3428,14.425745010375977
3429,14.459318161010742
3430,14.522364616394043
3431,14.522845268249512
3432,14.560860633850098
3433,14.533599853515625
3434,14.53127670288086
3435,14.517923355102539
3436,14.502541542053223
3437,14.56421947479248
3438,14.623065948486328
3439,14.668855667114258
3440,14.654875755310059
3441,14.64511775970459
3442,14.781893730163574
3443,14.856738090515137
3444,14.781899452209473
3445,14.842610359191895
3446,14.668476104736328
3447,14.693862915039062
3448,14.692214012145996
3449,14.66529655456543
3450,14.656405448913574
3451,14.6515474319458
3452,14.629570960998535
3453,14.631237030029297
3454,14.695728302001953
3455,14.619909286499023
3456,14.689330101013184
3457,14.753561019897461
3458,14.727739334106445
3459,14.75289249420166
3460,14.810988426208496
3461,14.776905059814453
3462,14.80118179321289
3463,14.750029563903809
3464,14.771871566772461
3465,14.721170425415039
3466,14.747364044189453
3467,14.727561950683594
3468,14.726545333862305
3469,14.92898941040039
3470,15.12547779083252
3471,14.92872428894043
3472,14.835217475891113
3473,14.738020896911621
3474,14.77405834197998
3475,14.748652458190918
3476,14.84715747833252
3477,14.761938095092773
3478,14.78337574005127
3479,14.752728462219238
3480,14.625017166137695
3481,14.551356315612793
3482,14.610129356384277
3483,14.616835594177246
3484,14.568790435791016
3485,14.509847640991211
3486,14.456403732299805
3487,14.541644096374512
3488,14.504549980163574
3489,14.551031112670898
3490,14.4989595413208
3491,14.536128997802734
3492,14.602208137512207
3493,14.566617965698242
3494,14.573193550109863
3495,14.899839401245117
3496,14.962364196777344
3497,15.061749458312988
3498,15.128876686096191
3499,15.081177711486816
3500,14.91521167755127
3501,14.789630889892578
3502,14.711413383483887
3503,14.69838809967041
3504,14.675362586975098
3505,14.67056655883789
3506,14.68539810180664
3507,14.690260887145996
3508,14.67702579498291
3509,14.656469345092773
3510,14.645915031433105
3511,14.644247055053711
3512,14.621918678283691
3513,14.681558609008789
3514,14.653202056884766
3515,14.706449508666992
3516,14.669774055480957
3517,14.665340423583984
3518,14.72760009765625
3519,14.790919303894043
3520,14.720576286315918
3521,14.617542266845703
3522,14.656279563903809
3523,14.523998260498047
3524,14.480311393737793
3525,14.428960800170898
3526,14.404150009155273
3527,14.367323875427246
3528,14.384035110473633
3529,14.374561309814453
3530,14.369173049926758
3531,14.363367080688477
3532,14.367585182189941
3533,14.321412086486816
3534,14.270586013793945
3535,14.290559768676758
3536,14.224270820617676
3537,14.207633972167969
3538,14.099202156066895
3539,14.016794204711914
3540,14.028316497802734
3541,14.001045227050781
3542,13.992460250854492
3543,13.994388580322266
3544,14.000946044921875
3545,14.02216911315918
3546,13.990309715270996
3547,14.236154556274414
3548,14.261591911315918
3549,14.227460861206055
3550,14.182249069213867
3551,14.078096389770508
3552,14.071521759033203
3553,14.094545364379883
3554,14.081358909606934
3555,14.09641170501709
3556,14.10541820526123
3557,14.114907264709473
3558,14.099867820739746
3559,14.11226749420166
3560,14.098447799682617
3561,14.143771171569824
3562,14.196517944335938
3563,14.199991226196289
3564,14.147916793823242
3565,14.152002334594727
3566,14.147875785827637
3567,14.166500091552734
3568,14.17900276184082
3569,14.131017684936523
3570,14.200130462646484
3571,14.230454444885254
3572,14.18532657623291
3573,14.529657363891602
3574,14.200319290161133
3575,14.188239097595215
3576,14.169443130493164
3577,14.255494117736816
3578,14.366713523864746
3579,14.580120086669922
3580,14.7008056640625
3581,14.685834884643555
3582,14.74474811553955
3583,14.80453109741211
3584,14.83265495300293
3585,14.889657974243164
3586,14.986202239990234
3587,14.983887672424316
3588,14.98816967010498
3589,14.953883171081543
3590,14.96618938446045
3591,14.887378692626953
3592,14.836565017700195
3593,14.838838577270508
3594,14.791160583496094
3595,14.739567756652832
3596,14.736458778381348
3597,14.763579368591309
3598,14.770325660705566
3599,14.755945205688477
3600,14.89140796661377
3601,14.948283195495605
3602,14.955416679382324
3603,14.997783660888672
3604,14.888999938964844
3605,14.839738845825195
3606,14.835628509521484
3607,14.777520179748535
3608,14.786505699157715
3609,14.68624496459961
3610,14.664024353027344
3611,14.576173782348633
3612,14.516255378723145
3613,14.509506225585938
3614,14.504755020141602
3615,14.483905792236328
3616,14.466265678405762
3617,14.429675102233887
3618,14.383435249328613
3619,14.429125785827637
3620,14.437201499938965
3621,14.357653617858887
3622,14.306757926940918
3623,14.256375312805176
3624,14.245099067687988
3625,14.264628410339355
3626,14.255456924438477
3627,14.216140747070312
3628,14.268999099731445
3629,14.390440940856934
3630,14.195443153381348
3631,14.26999568939209
3632,14.3555269241333
3633,14.25755500793457
3634,14.326888084411621
3635,14.290504455566406
3636,14.298535346984863
3637,14.342076301574707
3638,14.4225492477417
3639,14.4710693359375
3640,14.427194595336914
3641,14.473650932312012
3642,14.436232566833496
3643,14.4075288772583
3644,14.441143989562988
3645,14.416482925415039
3646,14.40827465057373
3647,14.402334213256836
3648,14.423908233642578
3649,14.476893424987793
3650,14.450993537902832
3651,14.516199111938477
3652,14.51515007019043
3653,14.455047607421875
3654,14.344731330871582
3655,14.454944610595703
3656,14.527810096740723
3657,14.500617980957031
3658,14.435830116271973
3659,14.468622207641602
3660,14.48979663848877
3661,14.472223281860352
3662,14.473599433898926
3663,14.41546630859375
3664,14.348015785217285
3665,14.388864517211914
3666,14.427928924560547
3667,14.42646312713623
3668,14.471637725830078
3669,14.470978736877441
3670,14.456554412841797
3671,14.48396110534668
3672,14.463078498840332
3673,14.397546768188477
3674,14.370676040649414
3675,14.432251930236816
3676,14.466387748718262
3677,14.400371551513672
3678,14.15836238861084
3679,14.17188835144043
3680,14.13792610168457
3681,14.172759056091309
3682,14.048521995544434
3683,14.088016510009766
3684,14.057119369506836
3685,14.068005561828613
3686,14.076144218444824
3687,14.036274909973145
3688,13.993829727172852
3689,13.993818283081055
3690,14.003923416137695
3691,13.990015983581543
3692,13.97219181060791
3693,13.905050277709961
3694,13.886177062988281
3695,13.876914978027344
3696,13.871655464172363
3697,13.880636215209961
3698,13.876128196716309
3699,13.887001037597656
3700,13.874483108520508
3701,13.872591018676758
3702,13.885637283325195
3703,13.888748168945312
3704,13.873184204101562
3705,13.863626480102539
3706,13.863166809082031
3707,13.878106117248535
3708,13.948430061340332
3709,13.893020629882812
3710,13.889884948730469
3711,13.94072151184082
3712,13.937032699584961
3713,13.90042495727539
3714,13.904891014099121
3715,13.902329444885254
3716,13.908516883850098
3717,13.911173820495605
3718,13.906770706176758
3719,13.902298927307129
3720,13.907401084899902
3721,13.91343879699707
3722,13.87077522277832
3723,13.870163917541504
3724,13.877121925354004
3725,13.899025917053223
3726,13.890013694763184
3727,13.904415130615234
3728,13.892529487609863
3729,13.897344589233398
3730,13.884140014648438
3731,13.881585121154785
3732,13.90786075592041
3733,13.977984428405762
3734,13.974710464477539
3735,13.926461219787598
3736,13.907299041748047
3737,13.873559951782227
3738,13.913837432861328
3739,13.906061172485352
3740,13.909407615661621
3741,13.859463691711426
3742,13.858999252319336
3743,13.884413719177246
3744,13.943174362182617
3745,14.062813758850098
3746,14.126218795776367
3747,14.158843994140625
3748,14.224842071533203
3749,14.22550106048584
3750,14.257333755493164
3751,14.258339881896973
3752,14.187501907348633
3753,14.279948234558105
3754,14.34931755065918
3755,14.415860176086426
3756,14.452670097351074
3757,14.41008472442627
3758,14.54602336883545
3759,14.672471046447754
3760,14.644413948059082
3761,14.62128734588623
3762,14.982872009277344
3763,15.163469314575195
3764,15.248085975646973
3765,15.207056999206543
3766,15.268620491027832
3767,15.225606918334961
3768,15.140911102294922
3769,15.121652603149414
3770,15.050409317016602
3771,15.02879524230957
3772,15.029937744140625
3773,14.973247528076172
3774,14.943133354187012
3775,14.898049354553223
3776,14.954357147216797
3777,14.997567176818848
3778,14.931846618652344
3779,14.846564292907715
3780,14.754338264465332
3781,14.7648286819458
3782,14.754700660705566
3783,14.731396675109863
3784,14.711615562438965
3785,14.725234031677246
3786,14.8085298538208
3787,14.769280433654785
3788,14.735745429992676
3789,14.868873596191406
3790,14.855891227722168
3791,14.718340873718262
3792,14.566823959350586
3793,14.5349702835083
3794,14.585379600524902
3795,14.621390342712402
3796,14.571402549743652
3797,14.564557075500488
3798,14.546935081481934
3799,14.54183292388916
3800,14.503595352172852
3801,14.468365669250488
3802,14.389041900634766
3803,14.385183334350586
3804,14.361065864562988
3805,14.386223793029785
3806,14.234976768493652
3807,14.197463989257812
3808,14.126291275024414
3809,14.12724781036377
3810,14.103348731994629
3811,14.063132286071777
3812,14.095758438110352
3813,14.054519653320312
3814,14.159127235412598
3815,14.11564826965332
3816,14.01378345489502
3817,14.044952392578125
3818,14.033571243286133
3819,14.05338191986084
3820,14.01486873626709
3821,14.045594215393066
3822,14.02165412902832
3823,14.056952476501465
3824,14.033266067504883
3825,13.984911918640137
3826,13.97628116607666
3827,13.93400764465332
3828,13.943907737731934
3829,13.958313941955566
3830,14.271735191345215
3831,14.448246955871582
3832,14.56793212890625
3833,14.708357810974121
3834,14.762004852294922
3835,14.798548698425293
3836,14.799275398254395
3837,14.793256759643555
3838,14.873785972595215
3839,14.883387565612793
3840,14.885436058044434
3841,14.83393383026123
3842,14.689339637756348
3843,14.641207695007324
3844,14.674705505371094
3845,14.585808753967285
3846,14.637328147888184
3847,14.632412910461426
3848,14.532477378845215
3849,14.570242881774902
3850,14.568861961364746
3851,14.566962242126465
3852,14.549015045166016
3853,14.512643814086914
3854,14.464118957519531
3855,14.340367317199707
3856,14.367687225341797
3857,14.491572380065918
3858,14.636910438537598
3859,14.702052116394043
3860,14.733532905578613
3861,14.670334815979004
3862,14.697369575500488
3863,14.65719223022461
3864,14.58863353729248
3865,14.605908393859863
3866,14.627861976623535
3867,14.690242767333984
3868,14.722135543823242
3869,14.736858367919922
3870,14.645336151123047
3871,14.725652694702148
3872,14.642900466918945
3873,14.630005836486816
3874,14.643930435180664
3875,14.601881980895996
3876,14.530608177185059
3877,14.536282539367676
3878,14.629804611206055
3879,14.571791648864746
3880,14.709151268005371
3881,14.722990036010742
3882,14.666912078857422
3883,14.629183769226074
3884,15.119218826293945
3885,15.169488906860352
3886,15.28563117980957
3887,15.259751319885254
3888,15.300801277160645
3889,15.319077491760254
3890,15.322676658630371
3891,15.293999671936035
3892,15.275928497314453
3893,15.24722957611084
3894,15.26164722442627
3895,15.252695083618164
3896,15.280896186828613
3897,15.26656723022461
3898,15.28846263885498
3899,15.292884826660156
3900,15.259602546691895
3901,15.234593391418457
3902,15.223015785217285
3903,15.193380355834961
3904,15.205041885375977
3905,15.147250175476074
3906,15.118365287780762
3907,15.113114356994629
3908,15.09599494934082
3909,15.051508903503418
3910,15.122013092041016
3911,15.222855567932129
3912,15.349260330200195
3913,15.409806251525879
3914,15.356106758117676
3915,15.360807418823242
3916,15.289026260375977
3917,15.299124717712402
3918,15.258874893188477
3919,15.238262176513672
3920,15.258101463317871
3921,15.242806434631348
3922,15.220170021057129
3923,15.21872615814209
3924,15.148630142211914
3925,15.18811321258545
3926,15.243430137634277
3927,15.186747550964355
3928,15.211950302124023
3929,15.26175308227539
3930,15.227371215820312
3931,15.211556434631348
3932,15.235612869262695
3933,15.213825225830078
3934,15.209303855895996
3935,15.273197174072266
3936,15.234227180480957
3937,15.225056648254395
3938,15.437996864318848
3939,15.420873641967773
3940,15.450660705566406
3941,15.445789337158203
3942,15.533955574035645
3943,15.468045234680176
3944,15.360897064208984
3945,15.311059951782227
3946,15.288954734802246
3947,15.213842391967773
3948,15.242575645446777
3949,15.240382194519043
3950,15.24642276763916
3951,15.240320205688477
3952,15.249907493591309
3953,15.2630033493042
3954,15.279911041259766
3955,15.27449893951416
3956,15.231327056884766
3957,15.179231643676758
3958,15.152705192565918
3959,15.164579391479492
3960,15.149214744567871
3961,15.181933403015137
3962,15.184449195861816
3963,15.114862442016602
3964,15.1040620803833
3965,15.342954635620117
3966,15.318009376525879
3967,15.390287399291992
3968,15.39942455291748
3969,15.40958309173584
3970,15.392695426940918
3971,15.366047859191895
3972,15.377486228942871
3973,15.34617805480957
3974,15.318073272705078
3975,15.30800724029541
3976,15.276100158691406
3977,15.2613525390625
3978,15.22402286529541
3979,15.190128326416016
3980,15.233023643493652
3981,15.164453506469727
3982,15.055739402770996
3983,14.99718189239502
3984,14.966132164001465
3985,14.972782135009766
3986,14.94194221496582
3987,14.885209083557129
3988,14.75540828704834
3989,14.698484420776367
3990,14.698944091796875
3991,14.720245361328125
3992,14.906938552856445
3993,14.905343055725098
3994,14.953568458557129
3995,14.907312393188477
3996,14.912897109985352
3997,14.840314865112305
3998,14.767497062683105
3999,14.762219429016113
