,0
0,12.639985084533691
1,12.479351997375488
2,12.755970001220703
3,12.786145210266113
4,12.958841323852539
5,12.57248592376709
6,12.332530975341797
7,12.469099044799805
8,12.4660062789917
9,12.749030113220215
10,12.764920234680176
11,12.830160140991211
12,12.759749412536621
13,12.780194282531738
14,12.891453742980957
15,12.807918548583984
16,12.920372009277344
17,12.924960136413574
18,12.832594871520996
19,12.859306335449219
20,12.887465476989746
21,12.825995445251465
22,12.736376762390137
23,12.709856986999512
24,12.631342887878418
25,12.530436515808105
26,12.52696418762207
27,12.567118644714355
28,12.887368202209473
29,12.888627052307129
30,12.984187126159668
31,13.0730562210083
32,13.051737785339355
33,13.06330394744873
34,12.776555061340332
35,12.68666934967041
36,12.65380573272705
37,12.65074348449707
38,12.607231140136719
39,12.741537094116211
40,12.543341636657715
41,12.57118034362793
42,12.485251426696777
43,12.462116241455078
44,12.474806785583496
45,12.389100074768066
46,12.433976173400879
47,12.342645645141602
48,12.332170486450195
49,12.233383178710938
50,12.364533424377441
51,12.434710502624512
52,12.570292472839355
53,12.528655052185059
54,12.476217269897461
55,12.283541679382324
56,12.476611137390137
57,12.544710159301758
58,12.714034080505371
59,12.779244422912598
60,12.712652206420898
61,12.623359680175781
62,12.788103103637695
63,12.972286224365234
64,13.005794525146484
65,12.995488166809082
66,12.939205169677734
67,12.905951499938965
68,12.893492698669434
69,12.829639434814453
70,12.853473663330078
71,12.942460060119629
72,12.68289852142334
73,12.872282028198242
74,12.744818687438965
75,12.647031784057617
76,12.403996467590332
77,12.498223304748535
78,12.251846313476562
79,12.235271453857422
80,12.334362030029297
81,12.136259078979492
82,12.132771492004395
83,12.116857528686523
84,12.11436939239502
85,12.112462997436523
86,12.112863540649414
87,12.122091293334961
88,12.105449676513672
89,12.1071138381958
90,12.100784301757812
91,12.10201644897461
92,12.099662780761719
93,12.108260154724121
94,12.10875129699707
95,12.10828971862793
96,12.180062294006348
97,12.149218559265137
98,12.131202697753906
99,12.13492202758789
100,12.094022750854492
101,12.103086471557617
102,12.099922180175781
103,12.101325988769531
104,12.109487533569336
105,12.145783424377441
106,12.119879722595215
107,12.146149635314941
108,12.172977447509766
109,12.09927749633789
110,12.115219116210938
111,12.117633819580078
112,12.099518775939941
113,12.106350898742676
114,12.099339485168457
115,12.089298248291016
116,12.090920448303223
117,12.100831031799316
118,12.102563858032227
119,12.102117538452148
120,12.092415809631348
121,12.088105201721191
122,12.092464447021484
123,12.082273483276367
124,12.09001636505127
125,12.089984893798828
126,12.085921287536621
127,12.08669662475586
128,12.112388610839844
129,12.111100196838379
130,12.088934898376465
131,12.099355697631836
132,12.107617378234863
133,12.08315372467041
134,12.079195976257324
135,12.094412803649902
136,12.076653480529785
137,12.072545051574707
138,12.105175971984863
139,12.129836082458496
140,12.11072826385498
141,12.124069213867188
142,12.084954261779785
143,12.0853910446167
144,12.091154098510742
145,12.05709171295166
146,12.14670467376709
147,12.139031410217285
148,12.073555946350098
149,12.118080139160156
150,12.123726844787598
151,12.092872619628906
152,12.081775665283203
153,12.19444751739502
154,12.364972114562988
155,12.410819053649902
156,12.430314064025879
157,12.39974594116211
158,12.326774597167969
159,12.251714706420898
160,12.345093727111816
161,12.160088539123535
162,12.135064125061035
163,12.138541221618652
164,12.133360862731934
165,12.12075138092041
166,12.120237350463867
167,12.080345153808594
168,12.061725616455078
169,12.063117027282715
170,12.063727378845215
171,12.075729370117188
172,12.071601867675781
173,12.06632137298584
174,12.078150749206543
175,12.064366340637207
176,12.08184814453125
177,12.0809326171875
178,12.08757209777832
179,12.080159187316895
180,12.07657241821289
181,12.067160606384277
182,12.056207656860352
183,12.053743362426758
184,12.066349983215332
185,12.065239906311035
186,12.065749168395996
187,12.060456275939941
188,12.068981170654297
189,12.086748123168945
190,12.082656860351562
191,12.096475601196289
192,12.147318840026855
193,12.282673835754395
194,12.111860275268555
195,12.100340843200684
196,12.186214447021484
197,12.194695472717285
198,12.316579818725586
199,12.364514350891113
200,12.39124870300293
201,12.358475685119629
202,12.343754768371582
203,12.39087200164795
204,12.391867637634277
205,12.5117826461792
206,12.50250244140625
207,12.404749870300293
208,12.42379093170166
209,12.380121231079102
210,12.353540420532227
211,12.28069019317627
212,12.1557035446167
213,12.101646423339844
214,12.096918106079102
215,12.082162857055664
216,12.057868957519531
217,12.081544876098633
218,12.066444396972656
219,12.101122856140137
220,12.098712921142578
221,12.062694549560547
222,12.070504188537598
223,12.066723823547363
224,12.066727638244629
225,12.059121131896973
226,12.063370704650879
227,12.06278133392334
228,12.050679206848145
229,12.051990509033203
230,12.057079315185547
231,12.067124366760254
232,12.143707275390625
233,12.15213394165039
234,12.153867721557617
235,12.183451652526855
236,12.17269515991211
237,12.175378799438477
238,12.18628978729248
239,12.185386657714844
240,12.133455276489258
241,12.127128601074219
242,12.093297004699707
243,12.087750434875488
244,12.073141098022461
245,12.085285186767578
246,12.092702865600586
247,12.093667030334473
248,12.666155815124512
249,12.379063606262207
250,12.377850532531738
251,12.379018783569336
252,12.67907428741455
253,12.768084526062012
254,12.8236722946167
255,12.895637512207031
256,12.97037124633789
257,12.999847412109375
258,12.923624038696289
259,12.888346672058105
260,12.87500286102295
261,12.817388534545898
262,12.828228950500488
263,12.767205238342285
264,12.650991439819336
265,12.643136024475098
266,12.55555248260498
267,12.630537033081055
268,12.614529609680176
269,12.50146198272705
270,12.72085952758789
271,12.709551811218262
272,12.923930168151855
273,13.010336875915527
274,13.051997184753418
275,13.072319030761719
276,12.92161750793457
277,12.530841827392578
278,12.493452072143555
279,12.432401657104492
280,12.639323234558105
281,12.59799575805664
282,12.617424011230469
283,12.54422378540039
284,12.531524658203125
285,12.463275909423828
286,12.452731132507324
287,12.594494819641113
288,12.281981468200684
289,12.530715942382812
290,12.584517478942871
291,12.320520401000977
292,12.288422584533691
293,12.251272201538086
294,12.101469039916992
295,12.13519287109375
296,12.291219711303711
297,12.356160163879395
298,12.369412422180176
299,12.411840438842773
300,12.526954650878906
301,12.355188369750977
302,12.32253646850586
303,13.022028923034668
304,12.72556209564209
305,12.705000877380371
306,12.772771835327148
307,12.988029479980469
308,12.924738883972168
309,13.002856254577637
310,13.049195289611816
311,13.0778226852417
312,13.079766273498535
313,13.000176429748535
314,13.041345596313477
315,13.058270454406738
316,13.009634971618652
317,13.0222749710083
318,13.053913116455078
319,13.081629753112793
320,12.985450744628906
321,13.009560585021973
322,13.029523849487305
323,13.047564506530762
324,13.092203140258789
325,13.004171371459961
326,12.965909957885742
327,12.9276123046875
328,12.437100410461426
329,12.378312110900879
330,12.139930725097656
331,12.137495040893555
332,12.119648933410645
333,12.189995765686035
334,12.15027904510498
335,12.180489540100098
336,12.123147964477539
337,12.144744873046875
338,12.145808219909668
339,12.126097679138184
340,12.160040855407715
341,12.212132453918457
342,12.206131935119629
343,12.239099502563477
344,12.230005264282227
345,12.375774383544922
346,12.700617790222168
347,12.740427017211914
348,12.890057563781738
349,12.984661102294922
350,12.997405052185059
351,12.95970344543457
352,12.717060089111328
353,12.621615409851074
354,12.577635765075684
355,12.405162811279297
356,12.374344825744629
357,12.61329460144043
358,12.888489723205566
359,12.41726303100586
360,12.459833145141602
361,12.403759002685547
362,12.170907974243164
363,12.111688613891602
364,12.106562614440918
365,12.104281425476074
366,12.116412162780762
367,12.119718551635742
368,12.141260147094727
369,12.11775016784668
370,12.136746406555176
371,12.116223335266113
372,12.166584968566895
373,12.298446655273438
374,12.301361083984375
375,12.368477821350098
376,12.37839126586914
377,12.377700805664062
378,12.276657104492188
379,12.192649841308594
380,12.184196472167969
381,12.19776725769043
382,12.184349060058594
383,12.218624114990234
384,12.095315933227539
385,12.091008186340332
386,12.092394828796387
387,12.09196949005127
388,12.095720291137695
389,12.088117599487305
390,12.08972454071045
391,12.097776412963867
392,12.091031074523926
393,12.097782135009766
394,12.092843055725098
395,12.092004776000977
396,12.095726013183594
397,12.095147132873535
398,12.09321117401123
399,12.088003158569336
400,12.092522621154785
401,12.09007740020752
402,12.103822708129883
403,12.112253189086914
404,12.116732597351074
405,12.112685203552246
406,12.136611938476562
407,12.145548820495605
408,12.120583534240723
409,12.130931854248047
410,12.141180992126465
411,12.081916809082031
412,12.063891410827637
413,12.064909934997559
414,12.125141143798828
415,12.298370361328125
416,12.189536094665527
417,12.109756469726562
418,12.129883766174316
419,12.097162246704102
420,12.069339752197266
421,12.103815078735352
422,12.097171783447266
423,12.074177742004395
424,12.071245193481445
425,12.06110954284668
426,12.060892105102539
427,12.075997352600098
428,12.07186222076416
429,12.082639694213867
430,12.0808744430542
431,12.074407577514648
432,12.060842514038086
433,12.089168548583984
434,12.069777488708496
435,12.099397659301758
436,12.214730262756348
437,12.231400489807129
438,12.05286979675293
439,12.08195972442627
440,12.14571762084961
441,12.064478874206543
442,12.066327095031738
443,12.18170166015625
444,12.253288269042969
445,12.160041809082031
446,12.13446044921875
447,12.13473892211914
448,12.282297134399414
449,12.469392776489258
450,12.483567237854004
451,12.584807395935059
452,12.607895851135254
453,12.509389877319336
454,12.446191787719727
455,12.442238807678223
456,12.415175437927246
457,12.232125282287598
458,12.345000267028809
459,12.255783081054688
460,12.19678783416748
461,12.109248161315918
462,12.148407936096191
463,12.077621459960938
464,12.066047668457031
465,12.095362663269043
466,12.09007453918457
467,12.187291145324707
468,12.205550193786621
469,12.409428596496582
470,12.517078399658203
471,12.62846565246582
472,12.585192680358887
473,12.592803955078125
474,12.599601745605469
475,12.658653259277344
476,12.625689506530762
477,12.602334976196289
478,12.61559772491455
479,12.463032722473145
480,12.440762519836426
481,12.516693115234375
482,12.63846492767334
483,12.715408325195312
484,12.774312019348145
485,12.826189994812012
486,12.784280776977539
487,12.775697708129883
488,12.72390365600586
489,12.680521965026855
490,12.38505744934082
491,12.343472480773926
492,12.307987213134766
493,12.113718032836914
494,12.083620071411133
495,12.075705528259277
496,12.092290878295898
497,12.082436561584473
498,12.08287525177002
499,12.081841468811035
500,13.390585899353027
501,13.354144096374512
502,13.410567283630371
503,13.413841247558594
504,13.420175552368164
505,13.404112815856934
506,13.406655311584473
507,13.464303016662598
508,13.457855224609375
509,13.455856323242188
510,13.512453079223633
511,13.459073066711426
512,13.428498268127441
513,13.420364379882812
514,13.431009292602539
515,13.406600952148438
516,13.355457305908203
517,13.359780311584473
518,13.35440444946289
519,13.340906143188477
520,13.353157997131348
521,13.388205528259277
522,13.381672859191895
523,13.533626556396484
524,13.554174423217773
525,13.642653465270996
526,13.742244720458984
527,13.747844696044922
528,13.74849796295166
529,13.69383716583252
530,13.652399063110352
531,13.668349266052246
532,13.663272857666016
533,13.71804141998291
534,13.698687553405762
535,13.615574836730957
536,13.646957397460938
537,13.701847076416016
538,13.649419784545898
539,13.635844230651855
540,13.526754379272461
541,13.49598217010498
542,13.6107759475708
543,13.634377479553223
544,13.64438533782959
545,13.637001991271973
546,13.465197563171387
547,13.54863452911377
548,13.551996231079102
549,13.441808700561523
550,13.563987731933594
551,13.681954383850098
552,13.705673217773438
553,13.747730255126953
554,13.702293395996094
555,13.782899856567383
556,13.803186416625977
557,13.754003524780273
558,13.763888359069824
559,13.739989280700684
560,13.734102249145508
561,13.752192497253418
562,13.723673820495605
563,13.677077293395996
564,13.68739128112793
565,13.738709449768066
566,13.795906066894531
567,13.806710243225098
568,13.772804260253906
569,13.719491004943848
570,13.774141311645508
571,13.757580757141113
572,13.73819351196289
573,13.559600830078125
574,13.85408878326416
575,13.736270904541016
576,13.75133228302002
577,13.952452659606934
578,13.948366165161133
579,14.034428596496582
580,14.000053405761719
581,13.992511749267578
582,13.96377182006836
583,13.95801067352295
584,13.920357704162598
585,13.929966926574707
586,13.936348915100098
587,13.903722763061523
588,14.123875617980957
589,14.086179733276367
590,13.8167724609375
591,13.739097595214844
592,13.702589988708496
593,13.723176956176758
594,13.93460464477539
595,13.726297378540039
596,13.711658477783203
597,13.707862854003906
598,13.699172973632812
599,13.740920066833496
600,14.002522468566895
601,14.028443336486816
602,14.098976135253906
603,14.078397750854492
604,14.43167495727539
605,14.442152976989746
606,14.4327974319458
607,14.39205265045166
608,14.167515754699707
609,14.248918533325195
610,14.267805099487305
611,14.395162582397461
612,14.20703411102295
613,14.49390697479248
614,14.458484649658203
615,14.35080623626709
616,14.424694061279297
617,14.217287063598633
618,14.25837230682373
619,14.27059555053711
620,14.63228988647461
621,14.542987823486328
622,14.378419876098633
623,14.417908668518066
624,14.185378074645996
625,14.139404296875
626,14.14987564086914
627,14.28112506866455
628,14.30322551727295
629,14.262683868408203
630,14.261492729187012
631,14.771339416503906
632,14.76994800567627
633,14.813270568847656
634,14.775351524353027
635,14.718196868896484
636,14.770590782165527
637,14.8013334274292
638,14.638822555541992
639,14.64450740814209
640,14.738524436950684
641,14.738195419311523
642,14.70608901977539
643,14.72842025756836
644,14.869552612304688
645,14.756075859069824
646,14.799371719360352
647,14.877342224121094
648,14.818251609802246
649,14.923364639282227
650,14.995916366577148
651,15.041959762573242
652,15.132651329040527
653,16.099708557128906
654,15.176440238952637
655,15.1370210647583
656,15.23925495147705
657,15.342430114746094
658,15.836010932922363
659,15.95098876953125
660,15.958678245544434
661,16.13873291015625
662,16.0706787109375
663,16.16050910949707
664,16.15554428100586
665,16.346620559692383
666,16.807723999023438
667,16.570476531982422
668,16.368228912353516
669,16.29051399230957
670,16.223472595214844
671,15.993215560913086
672,16.006519317626953
673,15.885011672973633
674,15.970439910888672
675,15.739245414733887
676,15.603403091430664
677,15.732976913452148
678,15.812332153320312
679,15.610808372497559
680,15.717476844787598
681,15.209083557128906
682,15.424580574035645
683,15.49476432800293
684,15.174308776855469
685,15.745901107788086
686,15.867664337158203
687,15.92628288269043
688,15.991660118103027
689,16.09166145324707
690,16.05548095703125
691,15.928120613098145
692,16.17474365234375
693,16.184608459472656
694,16.19437599182129
695,16.269807815551758
696,16.34855079650879
697,16.30332374572754
698,16.31768226623535
699,16.3126163482666
700,16.27143096923828
701,16.36355972290039
702,16.25737762451172
703,16.184656143188477
704,15.644357681274414
705,15.50225830078125
706,15.934725761413574
707,15.97642993927002
708,15.977193832397461
709,16.24798583984375
710,16.160186767578125
711,16.150588989257812
712,16.4456844329834
713,16.423871994018555
714,16.413318634033203
715,16.41031265258789
716,16.516464233398438
717,16.503297805786133
718,16.725372314453125
719,16.71175765991211
720,16.86781883239746
721,16.88381576538086
722,16.81402587890625
723,16.7900447845459
724,16.7790470123291
725,16.7713565826416
726,16.7771053314209
727,16.775110244750977
728,16.792152404785156
729,16.85787582397461
730,16.868976593017578
731,16.8972225189209
732,16.930049896240234
733,16.92711639404297
734,16.899187088012695
735,16.79096031188965
736,16.89284896850586
737,16.85845947265625
738,16.840190887451172
739,16.976144790649414
740,16.996192932128906
741,17.00899314880371
742,16.99239730834961
743,16.86583137512207
744,16.910383224487305
745,16.818212509155273
746,16.831830978393555
747,16.83298110961914
748,16.802051544189453
749,16.783592224121094
750,16.779497146606445
751,16.664960861206055
752,16.6225528717041
753,16.146791458129883
754,16.11696434020996
755,16.02827262878418
756,16.3067569732666
757,16.32024383544922
758,16.48871612548828
759,16.526378631591797
760,16.5242862701416
761,16.475425720214844
762,16.42650032043457
763,16.407697677612305
764,16.39598846435547
765,16.341753005981445
766,16.66674041748047
767,16.668712615966797
768,16.756723403930664
769,16.77842903137207
770,16.81712532043457
771,16.782381057739258
772,16.856578826904297
773,16.829191207885742
774,16.72332000732422
775,16.762664794921875
776,16.77619743347168
777,16.76736831665039
778,16.787744522094727
779,16.787137985229492
780,16.704179763793945
781,16.691417694091797
782,16.747554779052734
783,16.642019271850586
784,16.095447540283203
785,16.272977828979492
786,16.205764770507812
787,16.144662857055664
788,16.04145050048828
789,16.140159606933594
790,16.341718673706055
791,16.389904022216797
792,16.345781326293945
793,16.43647003173828
794,16.44658851623535
795,16.48989486694336
796,16.46632957458496
797,16.471391677856445
798,16.494287490844727
799,16.513591766357422
800,16.481801986694336
801,16.383224487304688
802,16.464014053344727
803,16.51861000061035
804,16.216724395751953
805,16.469409942626953
806,16.38686180114746
807,16.385026931762695
808,16.465038299560547
809,16.54439353942871
810,16.498531341552734
811,16.49704933166504
812,16.47750473022461
813,16.49494743347168
814,16.461210250854492
815,16.473663330078125
816,16.306232452392578
817,16.352855682373047
818,16.370073318481445
819,16.578964233398438
820,16.521650314331055
821,16.436073303222656
822,15.8417329788208
823,15.75892162322998
824,15.599788665771484
825,15.664978981018066
826,15.663100242614746
827,15.677022933959961
828,15.690118789672852
829,15.61599349975586
830,15.693264961242676
831,15.653613090515137
832,15.443663597106934
833,15.800094604492188
834,15.780450820922852
835,15.89259147644043
836,15.796248435974121
837,15.805429458618164
838,15.893290519714355
839,15.891217231750488
840,15.738462448120117
841,15.98380184173584
842,15.891613960266113
843,15.632218360900879
844,15.697440147399902
845,15.677057266235352
846,15.63072681427002
847,15.732669830322266
848,15.918681144714355
849,15.893866539001465
850,15.932791709899902
851,15.902853012084961
852,16.120704650878906
853,16.063657760620117
854,16.097055435180664
855,16.016355514526367
856,15.99556827545166
857,16.03415870666504
858,15.956718444824219
859,16.074932098388672
860,16.0467586517334
861,16.101043701171875
862,16.197057723999023
863,16.26190185546875
864,15.980463981628418
865,15.98917007446289
866,16.013750076293945
867,16.02349853515625
868,15.965954780578613
869,16.103036880493164
870,16.238704681396484
871,16.177635192871094
872,16.172466278076172
873,16.144641876220703
874,16.457651138305664
875,16.549591064453125
876,16.56831932067871
877,16.550334930419922
878,16.566207885742188
879,16.623592376708984
880,16.911102294921875
881,16.818286895751953
882,16.845754623413086
883,16.922780990600586
884,16.955638885498047
885,16.802104949951172
886,16.792673110961914
887,16.81830406188965
888,16.87679100036621
889,16.859844207763672
890,16.84884262084961
891,16.871028900146484
892,16.8436279296875
893,16.923851013183594
894,16.933521270751953
895,16.90743064880371
896,16.93034553527832
897,16.770069122314453
898,16.717079162597656
899,16.746126174926758
900,16.625146865844727
901,16.644325256347656
902,16.664674758911133
903,16.723220825195312
904,16.719783782958984
905,16.679927825927734
906,16.7003116607666
907,16.689294815063477
908,16.69627571105957
909,16.628677368164062
910,16.639345169067383
911,16.627826690673828
912,16.615602493286133
913,16.600692749023438
914,16.700653076171875
915,16.950057983398438
916,16.977758407592773
917,17.04587173461914
918,17.080759048461914
919,17.082365036010742
920,17.104093551635742
921,17.038728713989258
922,17.006349563598633
923,16.97525405883789
924,16.4160099029541
925,16.441211700439453
926,16.397296905517578
927,16.33732032775879
928,16.337318420410156
929,16.272268295288086
930,16.158353805541992
931,16.258007049560547
932,16.29703140258789
933,16.519752502441406
934,16.514535903930664
935,16.511011123657227
936,16.527204513549805
937,16.41427993774414
938,16.399879455566406
939,16.49685287475586
940,16.462230682373047
941,16.494007110595703
942,16.50568199157715
943,16.44257164001465
944,16.490015029907227
945,16.421924591064453
946,16.469680786132812
947,16.4732608795166
948,16.3239803314209
949,16.41741180419922
950,16.415645599365234
951,16.258310317993164
952,16.28327751159668
953,16.332748413085938
954,16.407182693481445
955,16.636266708374023
956,16.604576110839844
957,16.702146530151367
958,16.696746826171875
959,16.695613861083984
960,16.695110321044922
961,16.746232986450195
962,16.764610290527344
963,16.76445960998535
964,16.783096313476562
965,16.808208465576172
966,16.68939208984375
967,16.754091262817383
968,16.704593658447266
969,16.69192886352539
970,16.695255279541016
971,16.697368621826172
972,16.710142135620117
973,16.666431427001953
974,16.64306640625
975,16.704282760620117
976,16.627700805664062
977,16.5550594329834
978,16.450592041015625
979,16.45912742614746
980,16.48922348022461
981,16.499889373779297
982,16.568721771240234
983,16.576974868774414
984,16.568273544311523
985,16.500755310058594
986,16.495527267456055
987,16.528942108154297
988,16.573827743530273
989,16.5716609954834
990,16.517349243164062
991,16.49512481689453
992,16.51441192626953
993,16.524751663208008
994,16.537784576416016
995,16.544048309326172
996,16.49666404724121
997,16.49068260192871
998,16.490121841430664
999,16.470138549804688
1000,16.80010414123535
1001,16.825408935546875
1002,16.87419319152832
1003,16.71072006225586
1004,16.66325569152832
1005,16.9869384765625
1006,17.029983520507812
1007,17.017732620239258
1008,17.007661819458008
1009,17.513172149658203
1010,17.51969337463379
1011,17.494064331054688
1012,17.521942138671875
1013,17.470003128051758
1014,17.489397048950195
1015,17.415142059326172
1016,17.37908172607422
1017,17.26298713684082
1018,17.359024047851562
1019,17.10531234741211
1020,17.18759536743164
1021,17.093660354614258
1022,17.003665924072266
1023,16.998048782348633
1024,17.224164962768555
1025,17.275135040283203
1026,17.0497989654541
1027,16.964784622192383
1028,17.0250244140625
1029,17.217836380004883
1030,17.120861053466797
1031,17.33841323852539
1032,17.603160858154297
1033,17.509033203125
1034,17.56099510192871
1035,17.629051208496094
1036,17.68669891357422
1037,17.710063934326172
1038,17.69260597229004
1039,17.69291877746582
1040,17.701190948486328
1041,17.72313117980957
1042,17.750200271606445
1043,17.70484161376953
1044,17.7044734954834
1045,17.698551177978516
1046,17.606260299682617
1047,17.68559455871582
1048,17.65888214111328
1049,17.604703903198242
1050,17.62363052368164
1051,17.71563148498535
1052,17.648080825805664
1053,17.638717651367188
1054,17.75216293334961
1055,17.79582405090332
1056,17.76909828186035
1057,17.735031127929688
1058,17.733613967895508
1059,17.69822120666504
1060,17.671045303344727
1061,17.6627197265625
1062,17.61199188232422
1063,17.602527618408203
1064,17.661937713623047
1065,17.677093505859375
1066,17.802570343017578
1067,17.822092056274414
1068,17.861698150634766
1069,17.880781173706055
1070,17.986434936523438
1071,17.9443359375
1072,17.87159538269043
1073,17.863466262817383
1074,17.859237670898438
1075,17.84417724609375
1076,17.833660125732422
1077,17.887001037597656
1078,17.817276000976562
1079,17.820528030395508
1080,17.849899291992188
1081,17.681324005126953
1082,17.66131591796875
1083,17.436386108398438
1084,17.716096878051758
1085,17.73505973815918
1086,17.818368911743164
1087,17.78792953491211
1088,17.83502197265625
1089,17.867374420166016
1090,17.812095642089844
1091,17.780641555786133
1092,17.809471130371094
1093,17.82235336303711
1094,17.81692123413086
1095,17.85422134399414
1096,17.844482421875
1097,17.862194061279297
1098,17.84896469116211
1099,17.849855422973633
1100,17.809602737426758
1101,17.872005462646484
1102,17.795007705688477
1103,17.85061264038086
1104,17.841833114624023
1105,17.846525192260742
1106,17.834638595581055
1107,17.89930534362793
1108,17.86428451538086
1109,17.853349685668945
1110,17.84967041015625
1111,17.79278564453125
1112,17.76888656616211
1113,17.776121139526367
1114,17.787206649780273
1115,17.84911346435547
1116,17.837650299072266
1117,17.85964012145996
1118,17.866392135620117
1119,17.87626838684082
1120,17.85193634033203
1121,17.817941665649414
1122,17.810436248779297
1123,17.85234832763672
1124,17.841678619384766
1125,17.87676239013672
1126,17.856796264648438
1127,17.83094596862793
1128,17.82958984375
1129,17.85237693786621
1130,17.86347007751465
1131,17.857627868652344
1132,17.88608741760254
1133,17.88014793395996
1134,17.859617233276367
1135,17.967361450195312
1136,17.847457885742188
1137,17.79048728942871
1138,17.8084659576416
1139,17.7601318359375
1140,17.851160049438477
1141,17.75275230407715
1142,17.749540328979492
1143,17.786836624145508
1144,17.788450241088867
1145,17.776601791381836
1146,17.781108856201172
1147,17.807964324951172
1148,17.814231872558594
1149,17.793004989624023
1150,17.793773651123047
1151,17.814455032348633
1152,17.877159118652344
1153,17.846210479736328
1154,17.82126235961914
1155,17.845840454101562
1156,17.873172760009766
1157,17.84880828857422
1158,17.813505172729492
1159,17.878568649291992
1160,17.85366439819336
1161,17.87704086303711
1162,17.860010147094727
1163,17.866987228393555
1164,17.880203247070312
1165,17.82323455810547
1166,17.822233200073242
1167,17.791275024414062
1168,17.826616287231445
1169,17.799583435058594
1170,17.864809036254883
1171,17.877771377563477
1172,17.872406005859375
1173,17.955007553100586
1174,17.958345413208008
1175,17.996889114379883
1176,17.97903823852539
1177,17.89225196838379
1178,17.88916015625
1179,17.890819549560547
1180,17.885955810546875
1181,17.878318786621094
1182,17.905426025390625
1183,17.873231887817383
1184,17.853681564331055
1185,17.906234741210938
1186,17.826934814453125
1187,17.845722198486328
1188,17.855106353759766
1189,17.935667037963867
1190,17.904857635498047
1191,17.904020309448242
1192,17.8725528717041
1193,17.80950355529785
1194,17.832839965820312
1195,17.79647445678711
1196,17.839771270751953
1197,17.8757381439209
1198,17.88475227355957
1199,17.88300323486328
1200,17.846601486206055
1201,17.868133544921875
1202,17.76178550720215
1203,17.721731185913086
1204,17.81879997253418
1205,17.733732223510742
1206,17.75801658630371
1207,17.745830535888672
1208,17.773418426513672
1209,17.81119155883789
1210,17.781166076660156
1211,17.75288200378418
1212,17.78688621520996
1213,17.82234001159668
1214,17.805871963500977
1215,17.742237091064453
1216,17.777544021606445
1217,17.726524353027344
1218,17.858314514160156
1219,17.706254959106445
1220,17.781076431274414
1221,17.743364334106445
1222,17.74398422241211
1223,17.80278968811035
1224,17.84554100036621
1225,17.76333999633789
1226,17.563962936401367
1227,17.186595916748047
1228,16.994487762451172
1229,17.065752029418945
1230,17.03548812866211
1231,16.809036254882812
1232,16.867050170898438
1233,16.869077682495117
1234,16.734569549560547
1235,16.719419479370117
1236,16.770984649658203
1237,16.75386619567871
1238,16.695850372314453
1239,16.75153923034668
1240,16.742599487304688
1241,16.655527114868164
1242,16.739748001098633
1243,16.725950241088867
1244,16.70319938659668
1245,16.74628448486328
1246,16.65486717224121
1247,16.60205841064453
1248,16.573667526245117
1249,16.57181167602539
1250,16.553905487060547
1251,16.494749069213867
1252,16.530126571655273
1253,16.50681495666504
1254,16.545930862426758
1255,16.53925895690918
1256,16.54397201538086
1257,16.545406341552734
1258,16.607439041137695
1259,16.800243377685547
1260,16.722450256347656
1261,16.63627815246582
1262,16.63918685913086
1263,16.61540985107422
1264,16.619741439819336
1265,16.59285545349121
1266,16.58936882019043
1267,16.608970642089844
1268,16.624004364013672
1269,16.61712074279785
1270,16.603958129882812
1271,16.579235076904297
1272,16.51970100402832
1273,16.61724853515625
1274,16.662973403930664
1275,16.615022659301758
1276,16.58686065673828
1277,16.82123565673828
1278,16.81162452697754
1279,17.070798873901367
1280,17.00019645690918
1281,17.055389404296875
1282,17.07794952392578
1283,17.013349533081055
1284,17.08296775817871
1285,17.168607711791992
1286,16.981464385986328
1287,17.02959632873535
1288,17.02733039855957
1289,16.82303237915039
1290,16.788681030273438
1291,16.820497512817383
1292,16.700214385986328
1293,16.917219161987305
1294,16.907442092895508
1295,16.704757690429688
1296,16.743864059448242
1297,16.765819549560547
1298,16.856782913208008
1299,16.940616607666016
1300,17.436796188354492
1301,17.300045013427734
1302,17.33441925048828
1303,17.286466598510742
1304,17.496753692626953
1305,17.518569946289062
1306,17.560604095458984
1307,17.51137924194336
1308,17.491039276123047
1309,17.4897518157959
1310,17.308765411376953
1311,17.304607391357422
1312,17.301843643188477
1313,17.19170570373535
1314,17.046184539794922
1315,17.421945571899414
1316,17.231672286987305
1317,17.15929412841797
1318,17.092288970947266
1319,17.023435592651367
1320,17.1502742767334
1321,17.16214370727539
1322,17.078941345214844
1323,17.057268142700195
1324,17.066558837890625
1325,17.053003311157227
1326,17.102516174316406
1327,17.62476348876953
1328,17.259008407592773
1329,17.24651527404785
1330,17.203014373779297
1331,17.494686126708984
1332,17.477184295654297
1333,17.511491775512695
1334,17.424867630004883
1335,17.251733779907227
1336,17.365419387817383
1337,17.208372116088867
1338,17.44244956970215
1339,17.03119659423828
1340,16.968326568603516
1341,17.105560302734375
1342,17.14678382873535
1343,17.109058380126953
1344,17.09609603881836
1345,17.222936630249023
1346,17.32436180114746
1347,17.42854118347168
1348,17.423646926879883
1349,17.237356185913086
1350,17.238449096679688
1351,17.144285202026367
1352,17.089271545410156
1353,16.932960510253906
1354,16.910663604736328
1355,17.140995025634766
1356,16.820737838745117
1357,16.832683563232422
1358,16.964384078979492
1359,16.842559814453125
1360,16.814220428466797
1361,16.82613182067871
1362,17.02492904663086
1363,17.01485824584961
1364,16.90877914428711
1365,16.874740600585938
1366,16.84885597229004
1367,16.95518684387207
1368,17.003293991088867
1369,17.06108856201172
1370,17.034950256347656
1371,16.915998458862305
1372,16.828298568725586
1373,16.78557014465332
1374,16.800518035888672
1375,16.81751823425293
1376,16.759052276611328
1377,16.820375442504883
1378,16.87020492553711
1379,16.796192169189453
1380,16.7954158782959
1381,17.004045486450195
1382,16.794288635253906
1383,16.703157424926758
1384,16.685752868652344
1385,16.658720016479492
1386,16.69344139099121
1387,16.68097686767578
1388,16.720521926879883
1389,16.675376892089844
1390,16.745141983032227
1391,16.672910690307617
1392,16.69817543029785
1393,16.65703582763672
1394,16.636192321777344
1395,16.65627670288086
1396,16.6679630279541
1397,16.63507843017578
1398,16.746261596679688
1399,16.742996215820312
1400,16.750244140625
1401,16.865047454833984
1402,16.82296371459961
1403,16.72100067138672
1404,16.707517623901367
1405,17.048473358154297
1406,17.322853088378906
1407,17.325868606567383
1408,17.148942947387695
1409,17.007783889770508
1410,16.967031478881836
1411,17.108882904052734
1412,17.210384368896484
1413,17.1780948638916
1414,17.462499618530273
1415,17.223501205444336
1416,17.209718704223633
1417,17.171613693237305
1418,17.17303466796875
1419,16.942405700683594
1420,17.087528228759766
1421,16.89088249206543
1422,16.91004753112793
1423,16.87112808227539
1424,16.868789672851562
1425,16.933988571166992
1426,16.9189453125
1427,16.906152725219727
1428,16.945688247680664
1429,16.907608032226562
1430,17.10587501525879
1431,17.004953384399414
1432,17.142730712890625
1433,16.934982299804688
1434,17.0346622467041
1435,16.684064865112305
1436,16.736534118652344
1437,16.67578125
1438,16.59905242919922
1439,16.622800827026367
1440,16.63472557067871
1441,16.651615142822266
1442,16.623594284057617
1443,16.623533248901367
1444,16.60723304748535
1445,16.599027633666992
1446,16.583555221557617
1447,16.614425659179688
1448,16.619674682617188
1449,16.604167938232422
1450,16.599130630493164
1451,16.71106719970703
1452,16.786239624023438
1453,16.87582015991211
1454,16.882328033447266
1455,16.935375213623047
1456,17.10226058959961
1457,17.10525894165039
1458,17.197065353393555
1459,17.249996185302734
1460,17.407533645629883
1461,17.18675422668457
1462,17.025381088256836
1463,17.0892276763916
1464,16.836008071899414
1465,16.829309463500977
1466,17.126245498657227
1467,17.17221450805664
1468,16.89155387878418
1469,16.85300064086914
1470,16.767669677734375
1471,16.76578140258789
1472,16.73638153076172
1473,16.78044319152832
1474,16.754871368408203
1475,16.76152801513672
1476,16.78115463256836
1477,17.019075393676758
1478,17.13394546508789
1479,17.170352935791016
1480,17.0242919921875
1481,17.00977897644043
1482,16.811386108398438
1483,16.815637588500977
1484,16.855655670166016
1485,17.02248191833496
1486,16.83852767944336
1487,16.94087791442871
1488,16.9733943939209
1489,16.69982147216797
1490,16.639022827148438
1491,16.756845474243164
1492,16.9250545501709
1493,16.927480697631836
1494,17.007125854492188
1495,17.07732582092285
1496,17.263832092285156
1497,17.27923011779785
1498,17.23986053466797
1499,17.30401039123535
1500,17.169666290283203
1501,17.15872573852539
1502,17.20174789428711
1503,17.210128784179688
1504,17.180368423461914
1505,17.180849075317383
1506,17.288387298583984
1507,17.099401473999023
1508,17.019166946411133
1509,17.006519317626953
1510,17.01345443725586
1511,16.997934341430664
1512,17.081443786621094
1513,17.091556549072266
1514,17.13637924194336
1515,17.170385360717773
1516,17.276796340942383
1517,17.207462310791016
1518,17.274213790893555
1519,17.396350860595703
1520,17.384531021118164
1521,17.425559997558594
1522,17.50089454650879
1523,17.453163146972656
1524,17.57623291015625
1525,17.598905563354492
1526,17.716819763183594
1527,17.682409286499023
1528,17.637130737304688
1529,17.601882934570312
1530,17.56557273864746
1531,17.488943099975586
1532,17.54787254333496
1533,17.588754653930664
1534,17.569345474243164
1535,17.542022705078125
1536,17.609817504882812
1537,17.757190704345703
1538,17.717697143554688
1539,17.6578369140625
1540,17.73552703857422
1541,17.68638801574707
1542,17.749385833740234
1543,17.894472122192383
1544,17.640966415405273
1545,17.59781837463379
1546,17.59222984313965
1547,17.629980087280273
1548,17.642078399658203
1549,17.676700592041016
1550,17.65073585510254
1551,17.60816192626953
1552,17.508670806884766
1553,17.44117546081543
1554,17.46615982055664
1555,17.507291793823242
1556,17.50923728942871
1557,17.521377563476562
1558,17.501272201538086
1559,17.4434757232666
1560,17.39761734008789
1561,17.3277530670166
1562,17.292552947998047
1563,17.255563735961914
1564,17.34075164794922
1565,17.43668556213379
1566,17.519498825073242
1567,17.531789779663086
1568,17.470928192138672
1569,17.661928176879883
1570,17.13178062438965
1571,16.965456008911133
1572,16.88182258605957
1573,17.031763076782227
1574,16.979862213134766
1575,16.874107360839844
1576,16.860431671142578
1577,16.85672378540039
1578,16.920591354370117
1579,16.888233184814453
1580,17.111223220825195
1581,17.110877990722656
1582,17.12326431274414
1583,17.153514862060547
1584,17.0855770111084
1585,17.080873489379883
1586,17.107521057128906
1587,17.12350845336914
1588,16.990737915039062
1589,16.997100830078125
1590,17.009592056274414
1591,16.944377899169922
1592,17.01534080505371
1593,17.46621322631836
1594,17.30675506591797
1595,17.192737579345703
1596,17.12064552307129
1597,17.438426971435547
1598,17.440876007080078
1599,17.43059730529785
1600,17.47189712524414
1601,17.52113151550293
1602,17.51319122314453
1603,17.556472778320312
1604,17.624975204467773
1605,17.57346534729004
1606,17.59192657470703
1607,17.61716651916504
1608,17.657245635986328
1609,17.625900268554688
1610,17.64154815673828
1611,17.717241287231445
1612,17.615886688232422
1613,17.607486724853516
1614,17.596824645996094
1615,17.509662628173828
1616,17.48980712890625
1617,17.573022842407227
1618,17.551780700683594
1619,17.38351058959961
1620,17.537425994873047
1621,17.537479400634766
1622,17.51836585998535
1623,17.491174697875977
1624,17.615814208984375
1625,17.629907608032227
1626,17.59380340576172
1627,17.596017837524414
1628,17.6468505859375
1629,17.630395889282227
1630,17.66263198852539
1631,17.626300811767578
1632,17.615461349487305
1633,17.61957359313965
1634,17.619115829467773
1635,17.604101181030273
1636,17.5833797454834
1637,17.631589889526367
1638,17.607955932617188
1639,17.627418518066406
1640,17.63350486755371
1641,17.59340476989746
1642,17.629009246826172
1643,17.57562255859375
1644,17.81361198425293
1645,17.736482620239258
1646,17.77487564086914
1647,17.834461212158203
1648,17.75413703918457
1649,17.467933654785156
1650,17.1090087890625
1651,17.416854858398438
1652,17.415855407714844
1653,17.054771423339844
1654,16.893722534179688
1655,16.800487518310547
1656,16.775548934936523
1657,16.94576072692871
1658,16.797727584838867
1659,16.718982696533203
1660,16.657670974731445
1661,16.658700942993164
1662,16.72220230102539
1663,16.757081985473633
1664,16.746057510375977
1665,16.68655776977539
1666,16.77206039428711
1667,16.613656997680664
1668,16.552043914794922
1669,16.549877166748047
1670,16.53812026977539
1671,16.533641815185547
1672,16.564525604248047
1673,16.74009895324707
1674,16.830739974975586
1675,16.795761108398438
1676,16.794897079467773
1677,16.792707443237305
1678,16.69562530517578
1679,16.609149932861328
1680,16.546998977661133
1681,16.65056800842285
1682,16.685874938964844
1683,16.628665924072266
1684,16.59539222717285
1685,16.562089920043945
1686,16.54169273376465
1687,16.587810516357422
1688,16.518085479736328
1689,16.470510482788086
1690,16.494354248046875
1691,16.433956146240234
1692,16.417842864990234
1693,16.423728942871094
1694,16.40496826171875
1695,16.513572692871094
1696,16.490503311157227
1697,16.507848739624023
1698,16.514854431152344
1699,16.541702270507812
1700,16.54380226135254
1701,16.59040641784668
1702,16.561174392700195
1703,16.494558334350586
1704,16.504173278808594
1705,16.494638442993164
1706,16.572904586791992
1707,16.52265167236328
1708,16.618896484375
1709,16.622966766357422
1710,16.569110870361328
1711,16.62032127380371
1712,16.561382293701172
1713,16.58357810974121
1714,16.643003463745117
1715,16.588605880737305
1716,16.58409309387207
1717,16.5988712310791
1718,16.6664981842041
1719,16.628971099853516
1720,16.831806182861328
1721,16.90238380432129
1722,17.023853302001953
1723,16.96930694580078
1724,17.000354766845703
1725,17.031841278076172
1726,16.971250534057617
1727,17.016403198242188
1728,17.092998504638672
1729,17.20823097229004
1730,17.169147491455078
1731,17.251649856567383
1732,17.20220184326172
1733,17.271286010742188
1734,17.28909683227539
1735,17.36018943786621
1736,17.431949615478516
1737,17.456134796142578
1738,17.362226486206055
1739,17.357524871826172
1740,17.314014434814453
1741,17.20194435119629
1742,17.199153900146484
1743,17.19194221496582
1744,17.19752311706543
1745,17.2925968170166
1746,17.363107681274414
1747,17.363126754760742
1748,17.372577667236328
1749,17.32228660583496
1750,17.313236236572266
1751,17.328773498535156
1752,17.336156845092773
1753,17.29913330078125
1754,17.273860931396484
1755,17.273324966430664
1756,17.16087532043457
1757,17.131254196166992
1758,17.023473739624023
1759,17.09218978881836
1760,16.65612030029297
1761,16.58544158935547
1762,16.591848373413086
1763,16.665447235107422
1764,16.542570114135742
1765,16.508525848388672
1766,16.653711318969727
1767,16.656187057495117
1768,16.727474212646484
1769,16.708459854125977
1770,16.606470108032227
1771,16.72018814086914
1772,16.770540237426758
1773,17.15336036682129
1774,16.99829864501953
1775,16.905832290649414
1776,16.894588470458984
1777,16.85746955871582
1778,16.919292449951172
1779,16.800737380981445
1780,16.889799118041992
1781,16.751605987548828
1782,16.690258026123047
1783,16.66486167907715
1784,16.676923751831055
1785,16.9129581451416
1786,16.868608474731445
1787,16.922672271728516
1788,16.74213981628418
1789,16.634380340576172
1790,16.67422866821289
1791,16.642351150512695
1792,16.671268463134766
1793,16.86985969543457
1794,16.73856544494629
1795,16.924901962280273
1796,16.827438354492188
1797,16.74860954284668
1798,16.651020050048828
1799,16.640037536621094
1800,16.697298049926758
1801,16.573596954345703
1802,16.539791107177734
1803,16.542587280273438
1804,16.458703994750977
1805,16.473617553710938
1806,16.4807186126709
1807,16.40831184387207
1808,16.435070037841797
1809,16.331125259399414
1810,16.29071617126465
1811,16.27997589111328
1812,16.266834259033203
1813,16.215017318725586
1814,16.216144561767578
1815,16.175962448120117
1816,16.197500228881836
1817,16.292814254760742
1818,16.28323745727539
1819,16.275127410888672
1820,16.286643981933594
1821,16.28537940979004
1822,16.28836441040039
1823,16.279888153076172
1824,16.32708740234375
1825,16.351551055908203
1826,16.3630428314209
1827,16.448627471923828
1828,16.51348114013672
1829,16.51060676574707
1830,16.519466400146484
1831,16.488073348999023
1832,16.50412940979004
1833,16.524295806884766
1834,16.419626235961914
1835,16.354948043823242
1836,16.290761947631836
1837,16.301599502563477
1838,16.346731185913086
1839,16.572336196899414
1840,16.68157386779785
1841,16.734102249145508
1842,16.711606979370117
1843,16.897144317626953
1844,16.86475944519043
1845,16.875200271606445
1846,16.845481872558594
1847,16.84200096130371
1848,16.83639144897461
1849,16.768333435058594
1850,16.818010330200195
1851,16.879680633544922
1852,16.955463409423828
1853,16.988916397094727
1854,16.988182067871094
1855,16.847448348999023
1856,16.922216415405273
1857,16.97884750366211
1858,16.92605209350586
1859,16.940658569335938
1860,17.04408836364746
1861,17.022735595703125
1862,17.019914627075195
1863,17.085573196411133
1864,17.1107177734375
1865,17.10250473022461
1866,17.15869903564453
1867,17.21207046508789
1868,17.226299285888672
1869,17.230907440185547
1870,17.376564025878906
1871,17.316598892211914
1872,17.325624465942383
1873,17.340131759643555
1874,17.335371017456055
1875,17.33208656311035
1876,17.425905227661133
1877,17.332487106323242
1878,17.29237937927246
1879,17.251012802124023
1880,17.229665756225586
1881,17.155778884887695
1882,17.030183792114258
1883,16.80115509033203
1884,16.710731506347656
1885,16.66611671447754
1886,16.601713180541992
1887,16.61134910583496
1888,16.844280242919922
1889,16.909961700439453
1890,16.940210342407227
1891,16.888315200805664
1892,16.868146896362305
1893,17.016542434692383
1894,17.02674674987793
1895,17.140254974365234
1896,17.143747329711914
1897,17.216018676757812
1898,17.37563133239746
1899,17.36050033569336
1900,17.376554489135742
1901,17.40691566467285
1902,17.348352432250977
1903,17.384239196777344
1904,17.38788604736328
1905,17.38681411743164
1906,17.369340896606445
1907,17.37691879272461
1908,17.305301666259766
1909,17.310129165649414
1910,17.27681541442871
1911,17.1832218170166
1912,17.20685577392578
1913,17.159635543823242
1914,17.297191619873047
1915,17.333940505981445
1916,17.329627990722656
1917,17.392045974731445
1918,17.375595092773438
1919,17.362903594970703
1920,17.395111083984375
1921,17.33841896057129
1922,17.337421417236328
1923,17.36151123046875
1924,17.515531539916992
1925,17.500703811645508
1926,17.471633911132812
1927,17.452075958251953
1928,17.459299087524414
1929,17.500118255615234
1930,17.47015380859375
1931,17.460975646972656
1932,17.474082946777344
1933,17.53433609008789
1934,17.44986915588379
1935,17.378009796142578
1936,17.37533187866211
1937,17.398460388183594
1938,17.394845962524414
1939,17.348466873168945
1940,17.37015151977539
1941,17.337879180908203
1942,17.306419372558594
1943,17.278099060058594
1944,17.274444580078125
1945,17.283946990966797
1946,17.24592399597168
1947,17.137516021728516
1948,17.22698211669922
1949,17.246505737304688
1950,17.241479873657227
1951,17.304168701171875
1952,17.3297176361084
1953,17.33342933654785
1954,17.369129180908203
1955,17.35820198059082
1956,17.349777221679688
1957,17.287853240966797
1958,17.19173812866211
1959,17.171466827392578
1960,17.209035873413086
1961,17.281814575195312
1962,17.272598266601562
1963,17.277141571044922
1964,17.382200241088867
1965,17.386472702026367
1966,17.28943634033203
1967,17.313180923461914
1968,17.376049041748047
1969,17.422550201416016
1970,17.447538375854492
1971,17.4273681640625
1972,17.44867515563965
1973,17.475418090820312
1974,17.443979263305664
1975,17.498483657836914
1976,17.574989318847656
1977,17.52206039428711
1978,17.632225036621094
1979,17.59048843383789
1980,17.641965866088867
1981,17.60465431213379
1982,17.596384048461914
1983,17.616716384887695
1984,17.619434356689453
1985,17.65810775756836
1986,17.574705123901367
1987,17.627792358398438
1988,17.662511825561523
1989,17.689105987548828
1990,17.66763687133789
1991,17.623395919799805
1992,17.645570755004883
1993,17.75372886657715
1994,17.75846290588379
1995,17.742807388305664
1996,17.75650405883789
1997,17.747928619384766
1998,17.758264541625977
1999,17.676342010498047
2000,17.528949737548828
2001,17.221776962280273
2002,16.792049407958984
2003,16.460561752319336
2004,16.482555389404297
2005,16.76205825805664
2006,17.08792495727539
2007,16.88279914855957
2008,16.93026351928711
2009,17.065906524658203
2010,17.2144775390625
2011,17.193614959716797
2012,17.232826232910156
2013,17.35943031311035
2014,17.360143661499023
2015,17.356321334838867
2016,17.362417221069336
2017,17.37702178955078
2018,17.384733200073242
2019,17.152671813964844
2020,17.26517105102539
2021,17.336450576782227
2022,17.37906837463379
2023,17.31951141357422
2024,17.506290435791016
2025,17.484037399291992
2026,17.257078170776367
2027,17.347339630126953
2028,17.518625259399414
2029,17.520721435546875
2030,17.52130699157715
2031,17.526294708251953
2032,17.54630470275879
2033,17.55864143371582
2034,17.554412841796875
2035,17.55878257751465
2036,17.550596237182617
2037,17.5438175201416
2038,17.541223526000977
2039,17.569177627563477
2040,17.564146041870117
2041,17.56470489501953
2042,17.57176399230957
2043,17.580196380615234
2044,17.56682586669922
2045,17.568832397460938
2046,17.56896209716797
2047,17.564237594604492
2048,17.57505226135254
2049,17.55925178527832
2050,17.58255386352539
2051,17.580507278442383
2052,17.56685447692871
2053,17.5822696685791
2054,17.582164764404297
2055,16.535234451293945
2056,16.693086624145508
2057,16.85496711730957
2058,16.805030822753906
2059,16.56246566772461
2060,16.791912078857422
2061,16.43695831298828
2062,16.466615676879883
2063,16.378366470336914
2064,16.376148223876953
2065,16.479005813598633
2066,16.67070198059082
2067,16.529037475585938
2068,16.686567306518555
2069,16.853099822998047
2070,16.92786979675293
2071,16.93888282775879
2072,16.931013107299805
2073,16.653955459594727
2074,16.71822166442871
2075,17.312524795532227
2076,17.172040939331055
2077,17.449806213378906
2078,16.740507125854492
2079,16.936540603637695
2080,17.167606353759766
2081,17.40193748474121
2082,16.34770965576172
2083,16.272653579711914
2084,16.206995010375977
2085,16.225704193115234
2086,16.208782196044922
2087,16.20965003967285
2088,16.18299102783203
2089,16.28227424621582
2090,16.2978458404541
2091,16.250335693359375
2092,16.452808380126953
2093,16.540773391723633
2094,16.4190731048584
2095,16.68573570251465
2096,16.925535202026367
2097,17.004234313964844
2098,17.340639114379883
2099,17.01667022705078
2100,16.99575424194336
2101,16.817047119140625
2102,16.6911678314209
2103,16.691532135009766
2104,17.100826263427734
2105,16.751237869262695
2106,16.87466049194336
2107,16.523231506347656
2108,16.308246612548828
2109,16.2556209564209
2110,16.237384796142578
2111,16.420654296875
2112,16.459623336791992
2113,17.14410400390625
2114,17.013019561767578
2115,17.2337646484375
2116,17.19977569580078
2117,17.181495666503906
2118,16.929401397705078
2119,17.079483032226562
2120,17.11334228515625
2121,16.770488739013672
2122,16.799421310424805
2123,16.702896118164062
2124,16.567455291748047
2125,16.729217529296875
2126,16.833757400512695
2127,17.376930236816406
2128,16.998302459716797
2129,16.77804183959961
2130,16.571571350097656
2131,16.32792091369629
2132,16.297372817993164
2133,16.494768142700195
2134,16.271860122680664
2135,16.311798095703125
2136,16.43891143798828
2137,16.473133087158203
2138,16.38442039489746
2139,16.430641174316406
2140,16.60702896118164
2141,17.430570602416992
2142,17.440338134765625
2143,17.443246841430664
2144,17.379243850708008
2145,17.387407302856445
2146,17.174352645874023
2147,16.980327606201172
2148,17.019742965698242
2149,16.67094612121582
2150,16.76972007751465
2151,16.58953285217285
2152,16.43325424194336
2153,16.292972564697266
2154,16.460168838500977
2155,16.480257034301758
2156,16.388383865356445
2157,16.28990936279297
2158,16.275436401367188
2159,16.226137161254883
2160,16.21858024597168
2161,16.22021484375
2162,16.19940185546875
2163,16.322540283203125
2164,16.33006477355957
2165,16.291318893432617
2166,16.290241241455078
2167,16.460296630859375
2168,16.274751663208008
2169,16.271310806274414
2170,16.817481994628906
2171,16.476789474487305
2172,16.252559661865234
2173,16.2375431060791
2174,16.24190330505371
2175,16.227630615234375
2176,16.380191802978516
2177,16.335357666015625
2178,16.21549415588379
2179,16.22797966003418
2180,16.40070915222168
2181,16.32049560546875
2182,16.252124786376953
2183,16.267004013061523
2184,16.258134841918945
2185,16.739585876464844
2186,16.1795597076416
2187,16.151460647583008
2188,16.150379180908203
2189,16.111032485961914
2190,16.137676239013672
2191,16.11227798461914
2192,16.10805320739746
2193,16.103893280029297
2194,16.102209091186523
2195,16.107145309448242
2196,16.137601852416992
2197,16.15795135498047
2198,16.13492202758789
2199,16.125526428222656
2200,16.130847930908203
2201,16.112438201904297
2202,16.1656436920166
2203,16.2121524810791
2204,16.18433380126953
2205,16.22699546813965
2206,16.21178436279297
2207,16.24810791015625
2208,16.775869369506836
2209,17.017595291137695
2210,17.04452896118164
2211,16.994707107543945
2212,16.94808578491211
2213,17.1149959564209
2214,17.184995651245117
2215,17.235353469848633
2216,17.24728775024414
2217,17.137527465820312
2218,17.063873291015625
2219,17.067190170288086
2220,17.047279357910156
2221,16.597383499145508
2222,16.36074447631836
2223,16.317665100097656
2224,16.17799949645996
2225,16.252492904663086
2226,16.201507568359375
2227,16.166091918945312
2228,16.145519256591797
2229,16.152935028076172
2230,16.140586853027344
2231,16.15690803527832
2232,16.144968032836914
2233,16.1416015625
2234,16.159564971923828
2235,16.140823364257812
2236,16.140548706054688
2237,16.196264266967773
2238,16.170846939086914
2239,16.2464542388916
2240,16.146282196044922
2241,16.15616798400879
2242,16.370878219604492
2243,16.68175506591797
2244,16.107593536376953
2245,16.105588912963867
2246,16.097789764404297
2247,16.10525131225586
2248,16.08609390258789
2249,16.09566879272461
2250,16.09832191467285
2251,16.08707618713379
2252,16.0759334564209
2253,16.069561004638672
2254,16.068008422851562
2255,16.072250366210938
2256,16.073488235473633
2257,16.072845458984375
2258,16.139066696166992
2259,16.19146156311035
2260,16.26793670654297
2261,16.271425247192383
2262,16.368539810180664
2263,16.380126953125
2264,16.327899932861328
2265,16.340620040893555
2266,16.163591384887695
2267,16.22407341003418
2268,16.165130615234375
2269,16.184377670288086
2270,16.162784576416016
2271,16.104951858520508
2272,16.113718032836914
2273,16.091861724853516
2274,16.12158966064453
2275,16.150325775146484
2276,16.279958724975586
2277,16.19093894958496
2278,16.20506477355957
2279,16.164138793945312
2280,16.132139205932617
2281,16.224924087524414
2282,16.14598846435547
2283,16.147907257080078
2284,16.105838775634766
2285,16.117191314697266
2286,16.096527099609375
2287,16.08051109313965
2288,16.08383560180664
2289,16.100065231323242
2290,16.108308792114258
2291,16.12837791442871
2292,16.253623962402344
2293,16.735958099365234
2294,16.864173889160156
2295,16.85298728942871
2296,16.948659896850586
2297,16.965641021728516
2298,16.381961822509766
2299,16.251693725585938
2300,16.23014259338379
2301,16.124048233032227
2302,16.14435386657715
2303,16.102676391601562
2304,16.089868545532227
2305,16.10243797302246
2306,16.100486755371094
2307,16.08857536315918
2308,16.096105575561523
2309,16.09122657775879
2310,16.09391212463379
2311,16.094127655029297
2312,16.09061622619629
2313,16.104703903198242
2314,16.155658721923828
2315,16.207916259765625
2316,16.36050033569336
2317,16.157562255859375
2318,16.136991500854492
2319,16.167604446411133
2320,16.101228713989258
2321,16.088207244873047
2322,16.091764450073242
2323,16.096511840820312
2324,16.089984893798828
2325,16.10525894165039
2326,16.19923210144043
2327,16.330219268798828
2328,16.545635223388672
2329,16.634082794189453
2330,16.704084396362305
2331,16.7405948638916
2332,16.786602020263672
2333,16.826236724853516
2334,16.778945922851562
2335,16.790735244750977
2336,16.829505920410156
2337,16.918373107910156
2338,16.671268463134766
2339,16.873455047607422
2340,16.90732192993164
2341,17.132722854614258
2342,17.22633171081543
2343,17.172719955444336
2344,17.066072463989258
2345,17.105119705200195
2346,17.068845748901367
2347,17.133100509643555
2348,17.13401985168457
2349,17.05421257019043
2350,17.108610153198242
2351,17.057743072509766
2352,16.211280822753906
2353,16.12100601196289
2354,16.101261138916016
2355,16.091115951538086
2356,16.086395263671875
2357,16.094486236572266
2358,16.09060287475586
2359,16.083663940429688
2360,16.0797119140625
2361,16.076282501220703
2362,16.072473526000977
2363,16.06990623474121
2364,16.08009910583496
2365,16.072084426879883
2366,16.07534408569336
2367,16.071077346801758
2368,16.066373825073242
2369,16.070505142211914
2370,16.092700958251953
2371,16.08698844909668
2372,16.068819046020508
2373,16.065149307250977
2374,16.06635093688965
2375,16.0665225982666
2376,16.061660766601562
2377,16.069381713867188
2378,16.0933837890625
2379,16.06683349609375
2380,16.12943458557129
2381,16.246984481811523
2382,16.366193771362305
2383,16.46547508239746
2384,16.41499900817871
2385,16.435070037841797
2386,16.58563232421875
2387,16.634292602539062
2388,16.578950881958008
2389,16.214336395263672
2390,16.12491798400879
2391,16.085636138916016
2392,16.068641662597656
2393,16.069082260131836
2394,16.072040557861328
2395,16.072647094726562
2396,16.068132400512695
2397,16.07206916809082
2398,16.092227935791016
2399,16.144371032714844
2400,16.157224655151367
2401,16.186460494995117
2402,16.219724655151367
2403,16.307024002075195
2404,16.28373146057129
2405,16.26479148864746
2406,16.13383674621582
2407,16.117734909057617
2408,16.092681884765625
2409,16.086362838745117
2410,16.09452247619629
2411,16.082847595214844
2412,16.081722259521484
2413,16.066999435424805
2414,16.066713333129883
2415,16.071775436401367
2416,16.070268630981445
2417,16.0743408203125
2418,16.121231079101562
2419,16.120590209960938
2420,16.092323303222656
2421,16.0976505279541
2422,16.18487548828125
2423,16.372543334960938
2424,16.53952980041504
2425,16.33567237854004
2426,16.2882137298584
2427,16.362695693969727
2428,16.51751136779785
2429,16.552257537841797
2430,16.740703582763672
2431,16.658863067626953
2432,16.592533111572266
2433,16.752187728881836
2434,16.860849380493164
2435,16.868301391601562
2436,16.88751220703125
2437,17.020511627197266
2438,17.018251419067383
2439,16.954120635986328
2440,16.838823318481445
2441,16.683809280395508
2442,16.680265426635742
2443,16.2669734954834
2444,16.26641273498535
2445,16.1844539642334
2446,16.132862091064453
2447,16.124433517456055
2448,16.143566131591797
2449,16.117389678955078
2450,16.143735885620117
2451,16.228893280029297
2452,16.142972946166992
2453,16.389385223388672
2454,16.267807006835938
2455,16.187578201293945
2456,16.197803497314453
2457,16.09906578063965
2458,16.0865535736084
2459,16.07217025756836
2460,16.10256576538086
2461,16.10960578918457
2462,16.117687225341797
2463,16.1014347076416
2464,16.145784378051758
2465,16.157146453857422
2466,16.112735748291016
2467,16.168792724609375
2468,16.166810989379883
2469,16.124004364013672
2470,16.091018676757812
2471,16.086244583129883
2472,16.084571838378906
2473,16.10099983215332
2474,16.203834533691406
2475,16.186195373535156
2476,16.41263198852539
2477,16.475168228149414
2478,16.502878189086914
2479,16.45874786376953
2480,16.41361427307129
2481,16.450777053833008
2482,16.532758712768555
2483,16.57709503173828
2484,16.477447509765625
2485,16.817180633544922
2486,16.719980239868164
2487,16.548114776611328
2488,16.29758071899414
2489,16.21807098388672
2490,16.142263412475586
2491,16.123737335205078
2492,16.124343872070312
2493,16.120180130004883
2494,16.11700439453125
2495,16.157047271728516
2496,16.145469665527344
2497,16.16802978515625
2498,16.202194213867188
2499,16.319942474365234
2500,15.20088005065918
2501,15.131697654724121
2502,15.206796646118164
2503,15.219627380371094
2504,15.128643035888672
2505,15.109842300415039
2506,15.080906867980957
2507,15.102630615234375
2508,15.16816234588623
2509,15.122366905212402
2510,15.104877471923828
2511,15.074854850769043
2512,15.079076766967773
2513,15.133052825927734
2514,15.168972969055176
2515,15.132734298706055
2516,15.164273262023926
2517,15.193455696105957
2518,15.287999153137207
2519,15.313576698303223
2520,15.320514678955078
2521,15.360567092895508
2522,15.392497062683105
2523,15.434088706970215
2524,15.565481185913086
2525,15.606124877929688
2526,15.618694305419922
2527,15.566277503967285
2528,15.696788787841797
2529,15.671472549438477
2530,15.692062377929688
2531,15.771119117736816
2532,15.908202171325684
2533,15.882344245910645
2534,15.9219970703125
2535,15.896403312683105
2536,15.923325538635254
2537,15.935700416564941
2538,15.946211814880371
2539,15.967617988586426
2540,15.983201026916504
2541,15.818190574645996
2542,15.994683265686035
2543,15.966081619262695
2544,16.05722999572754
2545,16.33756446838379
2546,16.24237823486328
2547,16.195714950561523
2548,16.139408111572266
2549,16.12864112854004
2550,16.06190299987793
2551,16.050060272216797
2552,16.02886390686035
2553,15.964582443237305
2554,15.960060119628906
2555,16.02425193786621
2556,15.997777938842773
2557,16.0111026763916
2558,16.019351959228516
2559,15.997038841247559
2560,16.05941390991211
2561,16.167577743530273
2562,16.155118942260742
2563,16.185029983520508
2564,16.216663360595703
2565,16.16305160522461
2566,16.143268585205078
2567,16.09218978881836
2568,16.167802810668945
2569,16.24563217163086
2570,16.320972442626953
2571,16.43480682373047
2572,16.567855834960938
2573,16.497577667236328
2574,16.459705352783203
2575,16.426551818847656
2576,16.493654251098633
2577,16.459909439086914
2578,16.41465187072754
2579,16.455602645874023
2580,16.44734001159668
2581,16.412282943725586
2582,16.42131996154785
2583,16.385906219482422
2584,16.370695114135742
2585,16.38210105895996
2586,16.377267837524414
2587,16.310897827148438
2588,16.301259994506836
2589,16.387399673461914
2590,16.428831100463867
2591,16.480045318603516
2592,16.519372940063477
2593,16.43309211730957
2594,16.328123092651367
2595,16.292510986328125
2596,16.325037002563477
2597,16.298885345458984
2598,16.286117553710938
2599,16.320688247680664
2600,16.319326400756836
2601,16.320390701293945
2602,16.23741340637207
2603,16.185144424438477
2604,16.159719467163086
2605,16.096538543701172
2606,16.087215423583984
2607,16.083284378051758
2608,16.114269256591797
2609,16.11020278930664
2610,16.082456588745117
2611,16.099519729614258
2612,16.089122772216797
2613,16.06365203857422
2614,16.087238311767578
2615,16.053573608398438
2616,16.010000228881836
2617,15.996674537658691
2618,15.952706336975098
2619,15.903892517089844
2620,15.860960960388184
2621,15.871969223022461
2622,15.871187210083008
2623,15.882824897766113
2624,15.900137901306152
2625,15.871500015258789
2626,15.912728309631348
2627,15.894186973571777
2628,15.901278495788574
2629,15.823640823364258
2630,15.803008079528809
2631,15.808878898620605
2632,15.763205528259277
2633,15.86331844329834
2634,15.9088134765625
2635,15.904413223266602
2636,15.895325660705566
2637,15.896134376525879
2638,15.981682777404785
2639,15.921395301818848
2640,15.871122360229492
2641,15.834280967712402
2642,15.881260871887207
2643,15.81662654876709
2644,15.786346435546875
2645,15.740652084350586
2646,15.723644256591797
2647,15.802522659301758
2648,15.790762901306152
2649,15.93770694732666
2650,15.972311973571777
2651,15.971451759338379
2652,16.006141662597656
2653,16.133169174194336
2654,16.175207138061523
2655,16.148330688476562
2656,16.12693977355957
2657,16.122621536254883
2658,15.95448112487793
2659,15.991868019104004
2660,15.922065734863281
2661,15.974379539489746
2662,15.997655868530273
2663,16.01172637939453
2664,15.941309928894043
2665,15.961840629577637
2666,16.008512496948242
2667,16.042692184448242
2668,16.080900192260742
2669,16.152217864990234
2670,16.08083152770996
2671,15.993375778198242
2672,15.955769538879395
2673,15.881552696228027
2674,15.854178428649902
2675,15.730918884277344
2676,15.624123573303223
2677,15.587817192077637
2678,15.603367805480957
2679,15.621014595031738
2680,15.591160774230957
2681,15.50377082824707
2682,15.48546028137207
2683,15.4877347946167
2684,15.459513664245605
2685,15.475906372070312
2686,15.399117469787598
2687,15.443438529968262
2688,15.44748592376709
2689,15.451955795288086
2690,15.436182975769043
2691,15.443336486816406
2692,15.511115074157715
2693,15.511110305786133
2694,15.458337783813477
2695,15.404045104980469
2696,15.391858100891113
2697,15.469317436218262
2698,15.470760345458984
2699,15.523547172546387
2700,15.622027397155762
2701,15.715764045715332
2702,15.674508094787598
2703,15.882314682006836
2704,16.013240814208984
2705,16.000202178955078
2706,16.074230194091797
2707,16.24728775024414
2708,16.334476470947266
2709,16.290443420410156
2710,16.292522430419922
2711,16.308134078979492
2712,16.299406051635742
2713,16.316402435302734
2714,16.301254272460938
2715,16.338064193725586
2716,16.282493591308594
2717,16.226762771606445
2718,16.302064895629883
2719,16.186494827270508
2720,16.155635833740234
2721,16.19736099243164
2722,16.264558792114258
2723,16.286808013916016
2724,16.404312133789062
2725,16.431135177612305
2726,16.40691566467285
2727,16.40099334716797
2728,16.410917282104492
2729,16.390426635742188
2730,16.292470932006836
2731,16.3646240234375
2732,16.265945434570312
2733,16.229328155517578
2734,16.203781127929688
2735,16.200937271118164
2736,16.083377838134766
2737,16.104150772094727
2738,16.06616973876953
2739,16.06150245666504
2740,16.078105926513672
2741,16.06276512145996
2742,16.05130386352539
2743,16.01224136352539
2744,15.997129440307617
2745,15.94960880279541
2746,15.959402084350586
2747,15.963759422302246
2748,15.920950889587402
2749,15.929936408996582
2750,15.948156356811523
2751,15.962574005126953
2752,15.932132720947266
2753,15.93871021270752
2754,15.978996276855469
2755,15.993672370910645
2756,16.021663665771484
2757,15.846734046936035
2758,15.873307228088379
2759,15.946033477783203
2760,15.907453536987305
2761,15.925048828125
2762,15.932733535766602
2763,15.948140144348145
2764,15.90420913696289
2765,15.971131324768066
2766,15.990921974182129
2767,15.928999900817871
2768,15.928894996643066
2769,16.0181827545166
2770,15.929966926574707
2771,16.028701782226562
2772,16.029159545898438
2773,16.0328311920166
2774,16.14476776123047
2775,16.04534149169922
2776,16.04555320739746
2777,16.020387649536133
2778,15.957745552062988
2779,15.946033477783203
2780,15.934704780578613
2781,16.025936126708984
2782,15.968656539916992
2783,15.976035118103027
2784,16.174972534179688
2785,16.163843154907227
2786,16.21311378479004
2787,16.276487350463867
2788,16.42278289794922
2789,16.423171997070312
2790,16.40205955505371
2791,16.372400283813477
2792,16.377050399780273
2793,16.336326599121094
2794,16.252151489257812
2795,16.234033584594727
2796,16.193344116210938
2797,16.18987464904785
2798,16.178871154785156
2799,16.18067741394043
2800,16.165618896484375
2801,16.150222778320312
2802,16.108057022094727
2803,16.17110252380371
2804,16.036827087402344
2805,16.077146530151367
2806,16.073272705078125
2807,16.10804557800293
2808,16.047054290771484
2809,16.076929092407227
2810,16.13661003112793
2811,16.09048843383789
2812,15.99679183959961
2813,15.954070091247559
2814,15.971155166625977
2815,15.913294792175293
2816,15.950671195983887
2817,15.998647689819336
2818,15.990107536315918
2819,15.987016677856445
2820,15.98908519744873
2821,16.065959930419922
2822,16.19460678100586
2823,16.104734420776367
2824,16.097272872924805
2825,16.184165954589844
2826,16.058382034301758
2827,16.08924102783203
2828,16.005666732788086
2829,15.97571086883545
2830,15.980161666870117
2831,15.98082160949707
2832,16.007272720336914
2833,16.00290298461914
2834,15.994465827941895
2835,15.981630325317383
2836,16.035444259643555
2837,15.930283546447754
2838,15.930245399475098
2839,15.901291847229004
2840,15.890198707580566
2841,15.942839622497559
2842,15.956951141357422
2843,16.009654998779297
2844,15.964591026306152
2845,15.948110580444336
2846,15.930763244628906
2847,15.928802490234375
2848,15.944756507873535
2849,15.834202766418457
2850,15.842812538146973
2851,15.828509330749512
2852,15.812382698059082
2853,15.803070068359375
2854,15.801462173461914
2855,15.802912712097168
2856,15.811334609985352
2857,15.78551959991455
2858,15.80784797668457
2859,15.772636413574219
2860,15.748568534851074
2861,15.756830215454102
2862,15.756790161132812
2863,15.789237022399902
2864,15.727477073669434
2865,15.482659339904785
2866,15.434576988220215
2867,15.366168975830078
2868,15.39399528503418
2869,15.431628227233887
2870,15.395710945129395
2871,15.458210945129395
2872,15.440345764160156
2873,15.469202995300293
2874,15.46532917022705
2875,15.348505020141602
2876,15.319550514221191
2877,15.344738006591797
2878,15.326641082763672
2879,15.286466598510742
2880,15.272997856140137
2881,15.265067100524902
2882,15.295313835144043
2883,15.282142639160156
2884,15.276986122131348
2885,15.263648986816406
2886,15.290910720825195
2887,15.309993743896484
2888,15.32754898071289
2889,15.308016777038574
2890,15.253814697265625
2891,15.376209259033203
2892,15.496782302856445
2893,15.490848541259766
2894,15.533638000488281
2895,15.69050121307373
2896,15.551545143127441
2897,15.523600578308105
2898,15.517728805541992
2899,15.41781997680664
2900,15.377546310424805
2901,15.455552101135254
2902,15.41472339630127
2903,15.488200187683105
2904,15.457669258117676
2905,15.4203519821167
2906,15.36852741241455
2907,15.416313171386719
2908,15.432760238647461
2909,15.448708534240723
2910,15.438904762268066
2911,15.483667373657227
2912,15.588232040405273
2913,15.678521156311035
2914,15.764629364013672
2915,15.821149826049805
2916,15.87503719329834
2917,15.972609519958496
2918,15.83238410949707
2919,15.790987014770508
2920,15.807559967041016
2921,15.757346153259277
2922,15.853915214538574
2923,15.877776145935059
2924,15.842605590820312
2925,15.813079833984375
2926,15.78342342376709
2927,15.754953384399414
2928,15.7632417678833
2929,15.791915893554688
2930,15.765796661376953
2931,15.657410621643066
2932,15.620341300964355
2933,15.656373977661133
2934,15.702536582946777
2935,15.694143295288086
2936,15.744491577148438
2937,15.915284156799316
2938,15.969797134399414
2939,15.973393440246582
2940,15.996706008911133
2941,15.994378089904785
2942,15.879026412963867
2943,15.87958812713623
2944,15.879343032836914
2945,15.731849670410156
2946,15.630971908569336
2947,15.559089660644531
2948,15.587602615356445
2949,15.618128776550293
2950,15.597061157226562
2951,15.520476341247559
2952,15.46863079071045
2953,15.509251594543457
2954,15.46011734008789
2955,15.3948392868042
2956,15.425357818603516
2957,15.447012901306152
2958,15.411521911621094
2959,15.426671981811523
2960,15.413240432739258
2961,15.394147872924805
2962,15.442728042602539
2963,15.477758407592773
2964,15.371438980102539
2965,15.470230102539062
2966,15.414637565612793
2967,15.397653579711914
2968,15.552911758422852
2969,15.495148658752441
2970,15.588584899902344
2971,15.553658485412598
2972,16.142635345458984
2973,16.3400936126709
2974,16.195514678955078
2975,16.194091796875
2976,16.32318687438965
2977,16.201759338378906
2978,16.206296920776367
2979,16.26997947692871
2980,16.320571899414062
2981,16.2390193939209
2982,16.25637435913086
2983,16.211692810058594
2984,16.229570388793945
2985,16.312955856323242
2986,16.279104232788086
2987,16.239965438842773
2988,16.38779640197754
2989,16.37730598449707
2990,16.31482696533203
2991,16.32725715637207
2992,16.330402374267578
2993,16.221364974975586
2994,16.025793075561523
2995,16.012805938720703
2996,15.841760635375977
2997,15.751852989196777
2998,15.612666130065918
2999,15.744375228881836
3000,15.793123245239258
3001,15.71126651763916
3002,15.953595161437988
3003,15.9454984664917
3004,15.997458457946777
3005,15.962831497192383
3006,15.993191719055176
3007,16.045679092407227
3008,15.975004196166992
3009,16.0488338470459
3010,16.0533390045166
3011,15.977293968200684
3012,16.007457733154297
3013,16.029170989990234
3014,16.047332763671875
3015,16.026567459106445
3016,16.02039909362793
3017,15.903023719787598
3018,15.974922180175781
3019,15.946242332458496
3020,15.941089630126953
3021,15.994559288024902
3022,16.09646987915039
3023,16.135520935058594
3024,16.147661209106445
3025,16.128921508789062
3026,16.09682846069336
3027,16.035470962524414
3028,16.085586547851562
3029,16.12604331970215
3030,16.143306732177734
3031,16.17970848083496
3032,16.075956344604492
3033,16.06610679626465
3034,16.081296920776367
3035,16.124404907226562
3036,16.10279083251953
3037,16.098785400390625
3038,16.093435287475586
3039,16.103775024414062
3040,16.106653213500977
3041,16.078306198120117
3042,16.106109619140625
3043,16.186418533325195
3044,16.171918869018555
3045,16.181507110595703
3046,15.983674049377441
3047,16.05141830444336
3048,16.085716247558594
3049,15.966907501220703
3050,16.0302791595459
3051,15.97818374633789
3052,15.91677474975586
3053,15.8680419921875
3054,15.805326461791992
3055,15.782209396362305
3056,15.680992126464844
3057,15.701925277709961
3058,15.749907493591309
3059,15.558308601379395
3060,15.5609712600708
3061,15.598339080810547
3062,15.63204288482666
3063,15.576839447021484
3064,15.553756713867188
3065,15.556983947753906
3066,15.4679594039917
3067,15.500381469726562
3068,15.470209121704102
3069,15.395081520080566
3070,15.421282768249512
3071,15.387173652648926
3072,15.405468940734863
3073,15.387773513793945
3074,15.373895645141602
3075,15.388020515441895
3076,15.381491661071777
3077,15.346149444580078
3078,15.364262580871582
3079,15.363566398620605
3080,15.36651611328125
3081,15.282234191894531
3082,15.281987190246582
3083,15.285524368286133
3084,15.379347801208496
3085,15.472535133361816
3086,15.4905366897583
3087,15.502620697021484
3088,15.445205688476562
3089,15.394732475280762
3090,15.357453346252441
3091,15.341500282287598
3092,15.356307983398438
3093,15.358963012695312
3094,15.373368263244629
3095,15.40713119506836
3096,15.452670097351074
3097,15.41685676574707
3098,15.378724098205566
3099,15.402674674987793
3100,15.438268661499023
3101,15.610479354858398
3102,15.600719451904297
3103,15.630250930786133
3104,15.53420352935791
3105,15.464681625366211
3106,15.363676071166992
3107,15.414759635925293
3108,15.382414817810059
3109,15.420441627502441
3110,15.417101860046387
3111,15.448147773742676
3112,15.406147003173828
3113,15.346031188964844
3114,15.384218215942383
3115,15.36880874633789
3116,15.454727172851562
3117,15.403120040893555
3118,15.395292282104492
3119,15.335297584533691
3120,15.271879196166992
3121,15.270359992980957
3122,15.285240173339844
3123,15.244290351867676
3124,15.283985137939453
3125,15.235078811645508
3126,15.24936580657959
3127,15.294289588928223
3128,15.27397632598877
3129,15.287242889404297
3130,15.280450820922852
3131,15.258110046386719
3132,15.277490615844727
3133,15.251482963562012
3134,15.370285034179688
3135,15.301336288452148
3136,15.354966163635254
3137,15.3521089553833
3138,15.357773780822754
3139,15.29355239868164
3140,15.39173412322998
3141,15.305218696594238
3142,15.322108268737793
3143,15.422297477722168
3144,15.367683410644531
3145,15.34721851348877
3146,15.393132209777832
3147,15.467265129089355
3148,15.53052806854248
3149,15.700963973999023
3150,15.69843578338623
3151,15.771699905395508
3152,15.765681266784668
3153,15.799592018127441
3154,15.773460388183594
3155,15.798002243041992
3156,15.821284294128418
3157,15.845346450805664
3158,15.864635467529297
3159,15.890115737915039
3160,15.877197265625
3161,15.540735244750977
3162,15.476190567016602
3163,15.491935729980469
3164,15.447608947753906
3165,15.506884574890137
3166,15.523550033569336
3167,15.53605842590332
3168,15.54671859741211
3169,15.534549713134766
3170,15.530973434448242
3171,15.75030517578125
3172,15.731171607971191
3173,15.842610359191895
3174,15.918903350830078
3175,15.85565185546875
3176,15.84986686706543
3177,15.719780921936035
3178,15.744977951049805
3179,15.727680206298828
3180,15.737966537475586
3181,15.667725563049316
3182,15.59257698059082
3183,15.635610580444336
3184,15.621345520019531
3185,15.606096267700195
3186,15.735482215881348
3187,15.729820251464844
3188,15.506114959716797
3189,15.511762619018555
3190,15.465570449829102
3191,15.509799003601074
3192,15.482379913330078
3193,15.443324089050293
3194,15.453268051147461
3195,15.42927360534668
3196,15.439898490905762
3197,15.4727201461792
3198,15.41272258758545
3199,15.423491477966309
3200,15.431020736694336
3201,15.347478866577148
3202,15.322213172912598
3203,15.330842018127441
3204,15.334830284118652
3205,15.294684410095215
3206,15.33330249786377
3207,15.334602355957031
3208,15.291202545166016
3209,15.28787899017334
3210,15.253257751464844
3211,15.30946159362793
3212,15.292009353637695
3213,15.273515701293945
3214,15.270814895629883
3215,15.29410457611084
3216,15.277813911437988
3217,15.308302879333496
3218,15.311718940734863
3219,15.442760467529297
3220,15.481401443481445
3221,15.49142837524414
3222,15.517290115356445
3223,15.468277931213379
3224,15.483993530273438
3225,15.398205757141113
3226,15.382759094238281
3227,15.365188598632812
3228,15.402557373046875
3229,15.390698432922363
3230,15.375391960144043
3231,15.346111297607422
3232,15.386225700378418
3233,15.36862850189209
3234,15.337715148925781
3235,15.366010665893555
3236,15.43448257446289
3237,15.534770965576172
3238,15.476340293884277
3239,15.40002727508545
3240,15.369025230407715
3241,15.399124145507812
3242,15.364298820495605
3243,15.397143363952637
3244,15.344220161437988
3245,15.331698417663574
3246,15.265228271484375
3247,15.247832298278809
3248,15.305803298950195
3249,15.277984619140625
3250,15.269061088562012
3251,15.313401222229004
3252,15.295729637145996
3253,15.25115966796875
3254,15.253500938415527
3255,15.248312950134277
3256,15.26253890991211
3257,15.28580379486084
3258,15.272305488586426
3259,15.354125022888184
3260,15.316620826721191
3261,15.333414077758789
3262,15.371603965759277
3263,15.428458213806152
3264,15.383171081542969
3265,15.362421989440918
3266,15.306846618652344
3267,15.348600387573242
3268,15.346793174743652
3269,15.180710792541504
3270,15.172313690185547
3271,15.1737642288208
3272,15.1591215133667
3273,15.185829162597656
3274,15.1834077835083
3275,15.191762924194336
3276,15.177800178527832
3277,15.205514907836914
3278,15.19105339050293
3279,15.170999526977539
3280,15.173405647277832
3281,15.19636058807373
3282,15.232328414916992
3283,15.23006820678711
3284,15.201287269592285
3285,15.208331108093262
3286,15.245258331298828
3287,15.23302173614502
3288,15.209065437316895
3289,15.217549324035645
3290,15.22851276397705
3291,15.315608024597168
3292,15.300349235534668
3293,15.246699333190918
3294,15.24845027923584
3295,15.407326698303223
3296,15.466137886047363
3297,15.457282066345215
3298,15.443740844726562
3299,15.432483673095703
3300,15.583980560302734
3301,15.568994522094727
3302,15.592334747314453
3303,15.636107444763184
3304,15.568009376525879
3305,15.565614700317383
3306,15.454692840576172
3307,15.470386505126953
3308,15.41085433959961
3309,15.331807136535645
3310,15.326814651489258
3311,15.310249328613281
3312,15.331060409545898
3313,15.34412670135498
3314,15.333788871765137
3315,15.332024574279785
3316,15.358170509338379
3317,15.34355640411377
3318,15.33739185333252
3319,15.372756958007812
3320,15.325963973999023
3321,15.307622909545898
3322,15.321481704711914
3323,15.487709999084473
3324,15.408622741699219
3325,15.303474426269531
3326,15.348981857299805
3327,15.391868591308594
3328,15.434489250183105
3329,15.463859558105469
3330,15.389019012451172
3331,15.377791404724121
3332,15.418389320373535
3333,15.411056518554688
3334,15.383088111877441
3335,15.402928352355957
3336,15.371339797973633
3337,15.347565650939941
3338,15.342430114746094
3339,15.347402572631836
3340,15.398852348327637
3341,15.418819427490234
3342,15.375722885131836
3343,15.352059364318848
3344,15.4319429397583
3345,15.447434425354004
3346,15.407864570617676
3347,15.416864395141602
3348,15.429155349731445
3349,15.501642227172852
3350,15.374558448791504
3351,15.301600456237793
3352,15.323006629943848
3353,15.404065132141113
3354,15.411703109741211
3355,15.444221496582031
3356,15.371334075927734
3357,15.407861709594727
3358,15.341550827026367
3359,15.35232925415039
3360,15.385868072509766
3361,15.416378021240234
3362,15.387764930725098
3363,15.307950973510742
3364,15.316526412963867
3365,15.292917251586914
3366,15.303238868713379
3367,15.274595260620117
3368,15.272314071655273
3369,15.299210548400879
3370,15.311016082763672
3371,15.274626731872559
3372,15.280674934387207
3373,15.29311466217041
3374,15.314435005187988
3375,15.29763126373291
3376,15.277077674865723
3377,15.207704544067383
3378,15.24760913848877
3379,15.223769187927246
3380,15.207878112792969
3381,15.275343894958496
3382,15.244976997375488
3383,15.261672019958496
3384,15.243721008300781
3385,15.253100395202637
3386,15.251206398010254
3387,15.254318237304688
3388,15.25804615020752
3389,15.265820503234863
3390,15.30574893951416
3391,15.302481651306152
3392,15.36829662322998
3393,15.332152366638184
3394,15.257246017456055
3395,15.288833618164062
3396,15.335379600524902
3397,15.304793357849121
3398,15.346755027770996
3399,15.339849472045898
3400,15.34855842590332
3401,15.327935218811035
3402,15.354631423950195
3403,15.344806671142578
3404,15.307897567749023
3405,15.325469970703125
3406,15.318397521972656
3407,15.364251136779785
3408,15.329331398010254
3409,15.33816146850586
3410,15.554153442382812
3411,15.388691902160645
3412,15.310136795043945
3413,15.32601261138916
3414,15.264389991760254
3415,15.282570838928223
3416,15.256441116333008
3417,15.298048973083496
3418,15.291291236877441
3419,15.342220306396484
3420,15.239768028259277
3421,15.212392807006836
3422,15.22170639038086
3423,15.280470848083496
3424,15.292232513427734
3425,15.315705299377441
3426,15.299577713012695
3427,15.292962074279785
3428,15.268282890319824
3429,15.241318702697754
3430,15.277555465698242
3431,15.268664360046387
3432,15.264145851135254
3433,15.270480155944824
3434,15.265570640563965
3435,15.263646125793457
3436,15.302106857299805
3437,15.342535972595215
3438,15.306029319763184
3439,15.269925117492676
3440,15.298930168151855
3441,15.28480339050293
3442,15.278523445129395
3443,15.312637329101562
3444,15.332221984863281
3445,15.297100067138672
3446,15.303433418273926
3447,15.260666847229004
3448,15.296927452087402
3449,15.256041526794434
3450,15.291375160217285
3451,15.281972885131836
3452,15.314886093139648
3453,15.296990394592285
3454,15.321852684020996
3455,15.264338493347168
3456,15.24027156829834
3457,15.224527359008789
3458,15.239174842834473
3459,15.227916717529297
3460,15.225510597229004
3461,15.257542610168457
3462,15.22060489654541
3463,15.218340873718262
3464,15.221806526184082
3465,15.227985382080078
3466,15.223616600036621
3467,15.22419548034668
3468,15.226040840148926
3469,15.224570274353027
3470,15.245218276977539
3471,15.235250473022461
3472,15.226031303405762
3473,15.184112548828125
3474,15.171581268310547
3475,15.18410587310791
3476,15.20164966583252
3477,15.25368881225586
3478,15.256418228149414
3479,15.213432312011719
3480,15.249448776245117
3481,15.289302825927734
3482,15.31389045715332
3483,15.331952095031738
3484,15.299291610717773
3485,15.35566520690918
3486,15.278855323791504
3487,15.337308883666992
3488,15.367349624633789
3489,15.324999809265137
3490,15.316917419433594
3491,15.308492660522461
3492,15.274532318115234
3493,15.282191276550293
3494,15.271510124206543
3495,15.254993438720703
3496,15.241458892822266
3497,15.31882381439209
3498,15.340603828430176
3499,15.388279914855957
