,0
0,12.721771240234375
1,12.672208786010742
2,12.827495574951172
3,12.88525104522705
4,12.99160099029541
5,12.871787071228027
6,12.882438659667969
7,12.827590942382812
8,12.855913162231445
9,12.902626991271973
10,12.911574363708496
11,12.8759126663208
12,12.915809631347656
13,12.935725212097168
14,12.93880844116211
15,12.921867370605469
16,12.88618278503418
17,12.899853706359863
18,12.944795608520508
19,12.908964157104492
20,12.944402694702148
21,12.93488883972168
22,12.895156860351562
23,12.876686096191406
24,12.858091354370117
25,12.824722290039062
26,12.802363395690918
27,12.794683456420898
28,12.898364067077637
29,12.93364143371582
30,12.94649600982666
31,12.973116874694824
32,12.942728042602539
33,12.965535163879395
34,13.075785636901855
35,13.052515983581543
36,13.051522254943848
37,13.02586841583252
38,13.008537292480469
39,13.013467788696289
40,12.981846809387207
41,12.972526550292969
42,13.046882629394531
43,13.059852600097656
44,12.963838577270508
45,12.944759368896484
46,12.92091178894043
47,12.902924537658691
48,12.886347770690918
49,12.990548133850098
50,12.963704109191895
51,12.838347434997559
52,12.877470016479492
53,12.900694847106934
54,12.875272750854492
55,12.87552547454834
56,12.87033462524414
57,12.894164085388184
58,12.901484489440918
59,12.976881980895996
60,12.982024192810059
61,12.986133575439453
62,12.975481033325195
63,12.977001190185547
64,12.95934009552002
65,12.961702346801758
66,12.987085342407227
67,12.964509963989258
68,12.95492172241211
69,12.950470924377441
70,12.923737525939941
71,12.929067611694336
72,12.952925682067871
73,12.9452486038208
74,12.930095672607422
75,12.935464859008789
76,12.894564628601074
77,12.876480102539062
78,12.855531692504883
79,12.882014274597168
80,12.861230850219727
81,13.004168510437012
82,13.004417419433594
83,13.023056983947754
84,13.024874687194824
85,12.976280212402344
86,12.766013145446777
87,12.725621223449707
88,12.69910717010498
89,12.704127311706543
90,12.652156829833984
91,12.661130905151367
92,12.70033073425293
93,12.713822364807129
94,12.680524826049805
95,12.644280433654785
96,12.488971710205078
97,12.521699905395508
98,12.523881912231445
99,12.487215995788574
100,12.533785820007324
101,12.561866760253906
102,12.48647689819336
103,12.491785049438477
104,12.535032272338867
105,12.461156845092773
106,12.4541654586792
107,12.492034912109375
108,12.556378364562988
109,12.504833221435547
110,12.506876945495605
111,12.427932739257812
112,12.324686050415039
113,12.361292839050293
114,12.202652931213379
115,12.246821403503418
116,12.249948501586914
117,12.207613945007324
118,12.214603424072266
119,12.171618461608887
120,12.030481338500977
121,11.977941513061523
122,11.972088813781738
123,11.923039436340332
124,11.956009864807129
125,11.9376802444458
126,11.9214448928833
127,11.827569007873535
128,11.824925422668457
129,11.835712432861328
130,11.868783950805664
131,11.864836692810059
132,11.845417022705078
133,11.89306640625
134,11.882698059082031
135,11.835793495178223
136,11.859600067138672
137,11.758954048156738
138,11.815231323242188
139,11.88100814819336
140,11.92676830291748
141,11.991501808166504
142,12.027751922607422
143,11.958578109741211
144,11.889884948730469
145,11.854387283325195
146,11.808148384094238
147,11.966667175292969
148,11.942081451416016
149,11.989709854125977
150,12.031830787658691
151,12.294890403747559
152,11.95753002166748
153,12.02266788482666
154,12.112650871276855
155,12.213808059692383
156,12.3101806640625
157,12.231411933898926
158,12.243650436401367
159,12.224867820739746
160,12.290313720703125
161,12.172662734985352
162,12.059469223022461
163,12.064753532409668
164,12.20628833770752
165,12.165366172790527
166,12.1884126663208
167,12.057968139648438
168,12.011791229248047
169,12.068059921264648
170,12.086953163146973
171,11.929337501525879
172,12.01770305633545
173,11.905606269836426
174,11.944703102111816
175,11.82064437866211
176,12.00979232788086
177,11.983512878417969
178,12.126256942749023
179,12.030317306518555
180,11.963322639465332
181,11.784185409545898
182,11.64767837524414
183,11.62398624420166
184,11.623640060424805
185,11.751471519470215
186,11.705503463745117
187,11.595381736755371
188,11.575154304504395
189,11.588325500488281
190,11.64964485168457
191,11.694405555725098
192,11.77670955657959
193,12.153448104858398
194,11.916446685791016
195,11.87877368927002
196,11.995850563049316
197,11.959861755371094
198,11.95878791809082
199,12.05541706085205
200,12.089547157287598
201,12.10023307800293
202,12.131253242492676
203,12.222983360290527
204,12.281447410583496
205,12.457809448242188
206,12.566665649414062
207,12.432827949523926
208,12.397199630737305
209,12.426522254943848
210,12.376541137695312
211,12.295629501342773
212,12.23176383972168
213,12.11855411529541
214,12.073848724365234
215,12.082303047180176
216,12.023148536682129
217,11.990453720092773
218,11.958520889282227
219,11.950189590454102
220,11.951336860656738
221,11.882367134094238
222,11.885278701782227
223,11.7993745803833
224,11.730766296386719
225,11.769536972045898
226,11.727745056152344
227,11.695241928100586
228,11.678556442260742
229,11.68256950378418
230,11.669424057006836
231,11.776711463928223
232,11.709806442260742
233,11.830230712890625
234,11.875282287597656
235,11.785882949829102
236,11.870434761047363
237,11.788310050964355
238,11.811189651489258
239,11.805285453796387
240,11.91854476928711
241,11.869413375854492
242,11.85506820678711
243,11.769248962402344
244,11.793245315551758
245,11.745410919189453
246,11.796037673950195
247,11.843464851379395
248,12.530076026916504
249,12.539078712463379
250,12.56166934967041
251,12.540822982788086
252,12.600629806518555
253,12.691624641418457
254,12.705191612243652
255,12.76616096496582
256,12.77370548248291
257,12.801985740661621
258,12.906509399414062
259,12.917137145996094
260,12.886655807495117
261,12.882696151733398
262,12.879046440124512
263,12.880901336669922
264,12.860296249389648
265,12.82859992980957
266,12.777978897094727
267,12.848672866821289
268,12.841761589050293
269,12.825971603393555
270,12.904928207397461
271,12.874239921569824
272,12.931760787963867
273,12.940122604370117
274,12.937851905822754
275,12.951828002929688
276,12.955931663513184
277,13.030674934387207
278,12.985828399658203
279,12.932047843933105
280,12.932852745056152
281,12.921226501464844
282,12.90768814086914
283,12.98505973815918
284,12.9708251953125
285,12.952733039855957
286,13.009407997131348
287,12.858156204223633
288,12.826069831848145
289,12.824275970458984
290,12.887526512145996
291,12.846063613891602
292,12.804586410522461
293,12.939732551574707
294,12.878225326538086
295,12.84945297241211
296,12.698060989379883
297,12.726117134094238
298,12.762499809265137
299,12.72705078125
300,12.760247230529785
301,12.775901794433594
302,12.700806617736816
303,12.920330047607422
304,12.946133613586426
305,12.929628372192383
306,12.937080383300781
307,12.944644927978516
308,12.964272499084473
309,12.949865341186523
310,12.964034080505371
311,12.99150276184082
312,12.974801063537598
313,13.023476600646973
314,13.001593589782715
315,12.994982719421387
316,13.024983406066895
317,13.016067504882812
318,12.974662780761719
319,12.994919776916504
320,13.035670280456543
321,13.017266273498535
322,13.004932403564453
323,13.009062767028809
324,12.995200157165527
325,13.046229362487793
326,13.03756332397461
327,13.020583152770996
328,13.031524658203125
329,13.047833442687988
330,13.066527366638184
331,13.072884559631348
332,13.053803443908691
333,13.025467872619629
334,13.046533584594727
335,13.046683311462402
336,13.015328407287598
337,13.005768775939941
338,12.994037628173828
339,12.986701011657715
340,12.872883796691895
341,12.855265617370605
342,12.889228820800781
343,12.909180641174316
344,12.926337242126465
345,12.90949535369873
346,12.906092643737793
347,12.921841621398926
348,12.926769256591797
349,12.949430465698242
350,12.963353157043457
351,12.972541809082031
352,13.051389694213867
353,12.99637222290039
354,12.974884986877441
355,12.981171607971191
356,12.94983959197998
357,12.96174430847168
358,13.032615661621094
359,13.188708305358887
360,13.143941879272461
361,13.161113739013672
362,13.152406692504883
363,13.08573055267334
364,12.967935562133789
365,12.927674293518066
366,12.858928680419922
367,12.779082298278809
368,12.809773445129395
369,12.783946990966797
370,12.774944305419922
371,12.835253715515137
372,12.793588638305664
373,12.71450424194336
374,12.720612525939941
375,12.7181978225708
376,12.720002174377441
377,12.712442398071289
378,12.682787895202637
379,12.669912338256836
380,12.71323013305664
381,12.630504608154297
382,12.72098445892334
383,12.815982818603516
384,12.623491287231445
385,12.434486389160156
386,12.354229927062988
387,12.274630546569824
388,12.213460922241211
389,12.164920806884766
390,12.249677658081055
391,12.279287338256836
392,12.226073265075684
393,12.254673957824707
394,12.093188285827637
395,12.071772575378418
396,12.041953086853027
397,12.007636070251465
398,12.02156925201416
399,12.004682540893555
400,12.009024620056152
401,11.975914001464844
402,11.944095611572266
403,11.921608924865723
404,11.946752548217773
405,11.936326026916504
406,12.027029991149902
407,12.0597562789917
408,11.968976020812988
409,12.00163745880127
410,12.006196022033691
411,11.904869079589844
412,11.825592994689941
413,11.891350746154785
414,11.971212387084961
415,12.184086799621582
416,12.225149154663086
417,12.137593269348145
418,12.089373588562012
419,12.07407283782959
420,11.944557189941406
421,11.95710563659668
422,11.943255424499512
423,11.940855026245117
424,11.956294059753418
425,11.91499137878418
426,11.909180641174316
427,11.917596817016602
428,11.918819427490234
429,11.923250198364258
430,11.900514602661133
431,11.890932083129883
432,11.86998462677002
433,11.876380920410156
434,11.877392768859863
435,11.94956111907959
436,11.980351448059082
437,12.04157543182373
438,11.907892227172852
439,11.985557556152344
440,12.08685302734375
441,12.043437004089355
442,11.901965141296387
443,11.985808372497559
444,12.093079566955566
445,12.053047180175781
446,12.047707557678223
447,12.070670127868652
448,12.121161460876465
449,12.370512962341309
450,12.44193172454834
451,12.481067657470703
452,12.523426055908203
453,12.53009033203125
454,12.405009269714355
455,12.471390724182129
456,12.31395435333252
457,12.3695068359375
458,12.43182373046875
459,12.454084396362305
460,12.435059547424316
461,12.3938627243042
462,12.351338386535645
463,12.31779956817627
464,12.231925010681152
465,12.263422012329102
466,12.316803932189941
467,12.32736873626709
468,12.434109687805176
469,12.496644973754883
470,12.56937313079834
471,12.603617668151855
472,12.622525215148926
473,12.592370986938477
474,12.61239242553711
475,12.650444984436035
476,12.675287246704102
477,12.683218002319336
478,12.682929992675781
479,12.63597583770752
480,12.596500396728516
481,12.694147109985352
482,12.721708297729492
483,12.772071838378906
484,12.78590202331543
485,12.844877243041992
486,12.864566802978516
487,12.854124069213867
488,12.826400756835938
489,12.798501968383789
490,12.751072883605957
491,12.727127075195312
492,12.734410285949707
493,12.8663330078125
494,12.52662467956543
495,12.547311782836914
496,12.562685012817383
497,12.493509292602539
498,12.545882225036621
499,12.528779983520508
500,13.430102348327637
501,13.473889350891113
502,13.512593269348145
503,13.497344970703125
504,13.529269218444824
505,13.508869171142578
506,13.500020027160645
507,13.550749778747559
508,13.611087799072266
509,13.59436321258545
510,13.654485702514648
511,13.538143157958984
512,13.486736297607422
513,13.475634574890137
514,13.503230094909668
515,13.434553146362305
516,13.438981056213379
517,13.435403823852539
518,13.482678413391113
519,13.593435287475586
520,13.743171691894531
521,13.731494903564453
522,13.808588027954102
523,13.618046760559082
524,13.760330200195312
525,13.908979415893555
526,13.976065635681152
527,13.984506607055664
528,13.927427291870117
529,13.860567092895508
530,13.898714065551758
531,13.909667015075684
532,13.920368194580078
533,13.936216354370117
534,13.925210952758789
535,13.844168663024902
536,13.923839569091797
537,13.892614364624023
538,13.80417251586914
539,13.779613494873047
540,13.6290922164917
541,13.654932022094727
542,13.75199031829834
543,13.866583824157715
544,13.86931037902832
545,13.855557441711426
546,13.851433753967285
547,13.985666275024414
548,13.71654224395752
549,13.691657066345215
550,13.680347442626953
551,13.757479667663574
552,13.740243911743164
553,13.921414375305176
554,13.867302894592285
555,14.045614242553711
556,13.994446754455566
557,13.980947494506836
558,13.905157089233398
559,13.87038803100586
560,13.951071739196777
561,13.882259368896484
562,13.754127502441406
563,13.891984939575195
564,13.832243919372559
565,13.926777839660645
566,14.0249605178833
567,13.957971572875977
568,13.83864688873291
569,13.806879997253418
570,13.951738357543945
571,13.8250732421875
572,13.749415397644043
573,13.903913497924805
574,14.130967140197754
575,14.157086372375488
576,14.117122650146484
577,14.009612083435059
578,14.075653076171875
579,14.097987174987793
580,14.199432373046875
581,14.091198921203613
582,14.157147407531738
583,14.074844360351562
584,14.015168190002441
585,14.076006889343262
586,14.008194923400879
587,13.812374114990234
588,13.829923629760742
589,13.80724048614502
590,13.768674850463867
591,13.762434005737305
592,13.741395950317383
593,13.75501537322998
594,13.782418251037598
595,13.734163284301758
596,13.721065521240234
597,13.737405776977539
598,13.67337417602539
599,13.704245567321777
600,14.263728141784668
601,14.244588851928711
602,14.254323959350586
603,14.117053031921387
604,14.166115760803223
605,14.153252601623535
606,14.053716659545898
607,13.966194152832031
608,13.9112548828125
609,13.896249771118164
610,14.004786491394043
611,14.283961296081543
612,14.176094055175781
613,13.949252128601074
614,13.946269035339355
615,14.022074699401855
616,14.044535636901855
617,13.932356834411621
618,13.95180892944336
619,14.00837516784668
620,14.408662796020508
621,14.128718376159668
622,14.089086532592773
623,14.217944145202637
624,13.913094520568848
625,13.882683753967285
626,14.026599884033203
627,14.44009017944336
628,14.418327331542969
629,14.389620780944824
630,14.313596725463867
631,14.414644241333008
632,14.458325386047363
633,14.552627563476562
634,14.523881912231445
635,14.48727798461914
636,14.520014762878418
637,14.48558521270752
638,14.54747200012207
639,14.287572860717773
640,14.305452346801758
641,14.217836380004883
642,14.30964469909668
643,14.377567291259766
644,14.424469947814941
645,14.613946914672852
646,14.629825592041016
647,14.587930679321289
648,14.587440490722656
649,14.624883651733398
650,14.653969764709473
651,14.722131729125977
652,14.794840812683105
653,15.537696838378906
654,15.159924507141113
655,15.197771072387695
656,15.34561538696289
657,15.299529075622559
658,15.555532455444336
659,15.683391571044922
660,15.680362701416016
661,15.882633209228516
662,15.796957015991211
663,15.84901237487793
664,16.008560180664062
665,16.276565551757812
666,16.719560623168945
667,16.385141372680664
668,16.454574584960938
669,16.127290725708008
670,16.016977310180664
671,15.877508163452148
672,15.812495231628418
673,15.723530769348145
674,15.674185752868652
675,15.454795837402344
676,14.850347518920898
677,15.030020713806152
678,15.772370338439941
679,14.96117115020752
680,14.917888641357422
681,15.306905746459961
682,15.107012748718262
683,14.610902786254883
684,14.799173355102539
685,15.410022735595703
686,15.55639934539795
687,15.646743774414062
688,15.704524993896484
689,15.801596641540527
690,15.66894817352295
691,15.64585018157959
692,15.898441314697266
693,15.968621253967285
694,15.961215019226074
695,16.057607650756836
696,16.128124237060547
697,16.104209899902344
698,15.795079231262207
699,15.912890434265137
700,15.809165954589844
701,15.898557662963867
702,16.142690658569336
703,16.058977127075195
704,16.095056533813477
705,16.02283477783203
706,15.742724418640137
707,15.697676658630371
708,16.02536392211914
709,16.315858840942383
710,16.31174659729004
711,16.16901206970215
712,16.186220169067383
713,16.337440490722656
714,16.303207397460938
715,16.29107093811035
716,16.378068923950195
717,16.357622146606445
718,16.599567413330078
719,16.57741928100586
720,16.73644256591797
721,16.7724666595459
722,16.553525924682617
723,16.524097442626953
724,16.503982543945312
725,16.469104766845703
726,16.603504180908203
727,16.59821319580078
728,16.555896759033203
729,16.718591690063477
730,16.732505798339844
731,16.71241569519043
732,16.75666618347168
733,16.719253540039062
734,16.594919204711914
735,16.712736129760742
736,17.03217315673828
737,16.762292861938477
738,16.695777893066406
739,16.906139373779297
740,16.93696403503418
741,16.975404739379883
742,16.76376724243164
743,16.664262771606445
744,16.59801483154297
745,17.110918045043945
746,16.982620239257812
747,16.46841812133789
748,16.57210922241211
749,16.91435432434082
750,16.90892791748047
751,16.845138549804688
752,16.810100555419922
753,16.757110595703125
754,16.733867645263672
755,16.562522888183594
756,16.447994232177734
757,16.49493408203125
758,16.102466583251953
759,16.601463317871094
760,16.61294937133789
761,16.02442741394043
762,16.35921859741211
763,16.48392677307129
764,16.22881317138672
765,16.570205688476562
766,16.69478988647461
767,16.661022186279297
768,16.6822566986084
769,16.725383758544922
770,16.79725456237793
771,16.70789909362793
772,16.70441246032715
773,16.672224044799805
774,16.537931442260742
775,16.566287994384766
776,16.528039932250977
777,16.482681274414062
778,16.839435577392578
779,16.85293960571289
780,16.356019973754883
781,16.747018814086914
782,16.39035415649414
783,16.74150848388672
784,16.66044044494629
785,16.589984893798828
786,16.4139347076416
787,16.35079574584961
788,16.17424774169922
789,16.316043853759766
790,16.448944091796875
791,16.524986267089844
792,16.48902130126953
793,16.028919219970703
794,16.006948471069336
795,16.26150894165039
796,16.27724838256836
797,16.271329879760742
798,16.27696418762207
799,16.345531463623047
800,16.297739028930664
801,16.183849334716797
802,16.20146369934082
803,16.61465835571289
804,16.44328498840332
805,16.33066177368164
806,16.319183349609375
807,16.39176368713379
808,16.426633834838867
809,16.50737190246582
810,16.120235443115234
811,16.1033992767334
812,16.112384796142578
813,16.068445205688477
814,16.228195190429688
815,16.155654907226562
816,16.24600601196289
817,16.333057403564453
818,16.481714248657227
819,16.776634216308594
820,16.53912353515625
821,16.38678741455078
822,16.30293846130371
823,15.75678825378418
824,15.673384666442871
825,15.47062873840332
826,15.481253623962402
827,15.500236511230469
828,15.508550643920898
829,15.48336410522461
830,15.373933792114258
831,15.344658851623535
832,14.748360633850098
833,15.236963272094727
834,14.863205909729004
835,14.916874885559082
836,15.05163288116455
837,15.065314292907715
838,14.971762657165527
839,14.953165054321289
840,15.16303825378418
841,15.091897964477539
842,15.316213607788086
843,15.310088157653809
844,15.549248695373535
845,15.285225868225098
846,15.42575454711914
847,15.443092346191406
848,15.240528106689453
849,15.252792358398438
850,15.284720420837402
851,15.320771217346191
852,15.459404945373535
853,15.619416236877441
854,15.709864616394043
855,15.39059829711914
856,15.56535816192627
857,15.641117095947266
858,15.509589195251465
859,15.471691131591797
860,15.373525619506836
861,15.438811302185059
862,16.019981384277344
863,15.856467247009277
864,15.202274322509766
865,15.166528701782227
866,15.86129379272461
867,15.807084083557129
868,15.774678230285645
869,15.14145565032959
870,16.175867080688477
871,16.157764434814453
872,16.252309799194336
873,16.356855392456055
874,16.307226181030273
875,16.43772315979004
876,16.47528076171875
877,16.462480545043945
878,16.44146728515625
879,16.436809539794922
880,16.841083526611328
881,16.693023681640625
882,16.72633934020996
883,16.83244514465332
884,16.66826057434082
885,16.66892433166504
886,16.57496452331543
887,16.59183120727539
888,16.602401733398438
889,16.57532501220703
890,16.563621520996094
891,16.583791732788086
892,16.695466995239258
893,16.776607513427734
894,16.795246124267578
895,16.735780715942383
896,16.73662567138672
897,16.716781616210938
898,16.52829360961914
899,16.482789993286133
900,16.760194778442383
901,16.220186233520508
902,16.29058074951172
903,16.340024948120117
904,16.760000228881836
905,16.709787368774414
906,16.73870086669922
907,16.341354370117188
908,16.320894241333008
909,16.238544464111328
910,16.195507049560547
911,16.374608993530273
912,16.418365478515625
913,16.392833709716797
914,16.568086624145508
915,16.757944107055664
916,16.752012252807617
917,16.73345947265625
918,16.778507232666016
919,16.76558494567871
920,16.821800231933594
921,16.804189682006836
922,16.753524780273438
923,16.721662521362305
924,17.201753616333008
925,17.000511169433594
926,16.845537185668945
927,16.851806640625
928,16.69600486755371
929,16.568477630615234
930,16.486074447631836
931,16.460596084594727
932,16.487878799438477
933,16.600900650024414
934,15.77153491973877
935,16.071535110473633
936,16.03369903564453
937,16.081077575683594
938,15.985281944274902
939,15.993847846984863
940,15.962061882019043
941,15.985814094543457
942,16.013765335083008
943,16.46413803100586
944,16.5131778717041
945,16.07845115661621
946,16.366369247436523
947,16.303878784179688
948,16.228153228759766
949,16.275535583496094
950,16.31120491027832
951,15.995981216430664
952,16.083311080932617
953,16.38251304626465
954,16.482192993164062
955,16.39277458190918
956,16.34564971923828
957,16.455480575561523
958,16.553083419799805
959,16.523906707763672
960,16.505901336669922
961,16.60322380065918
962,16.575929641723633
963,16.578834533691406
964,16.605710983276367
965,16.47804832458496
966,16.51296043395996
967,16.53944206237793
968,16.42072105407715
969,16.401823043823242
970,16.463327407836914
971,16.439516067504883
972,16.686798095703125
973,16.407638549804688
974,16.71954917907715
975,16.639760971069336
976,16.630489349365234
977,16.305191040039062
978,16.5296573638916
979,16.289649963378906
980,16.43377685546875
981,16.33455467224121
982,16.394044876098633
983,16.353052139282227
984,16.326465606689453
985,16.292423248291016
986,16.376718521118164
987,16.29116439819336
988,16.261188507080078
989,16.317066192626953
990,16.659378051757812
991,16.6197566986084
992,16.54401969909668
993,16.289791107177734
994,16.205413818359375
995,16.22355079650879
996,16.271629333496094
997,16.5086727142334
998,16.435226440429688
999,16.506912231445312
1000,16.81644058227539
1001,16.819961547851562
1002,16.81283187866211
1003,16.732402801513672
1004,16.71514892578125
1005,17.229747772216797
1006,17.316768646240234
1007,17.31540298461914
1008,17.183073043823242
1009,17.435434341430664
1010,17.436214447021484
1011,17.4193172454834
1012,17.448976516723633
1013,17.427898406982422
1014,17.454256057739258
1015,17.546783447265625
1016,17.39128875732422
1017,17.44537353515625
1018,17.428298950195312
1019,17.229394912719727
1020,17.205883026123047
1021,17.225475311279297
1022,16.96504783630371
1023,16.97269058227539
1024,17.063922882080078
1025,16.980030059814453
1026,16.930908203125
1027,16.95874786376953
1028,16.9315185546875
1029,17.228723526000977
1030,17.167226791381836
1031,17.46098518371582
1032,17.54569435119629
1033,17.47285270690918
1034,17.45429801940918
1035,17.592382431030273
1036,17.57925033569336
1037,17.607934951782227
1038,17.59015655517578
1039,17.585412979125977
1040,17.597400665283203
1041,17.634950637817383
1042,17.647531509399414
1043,17.682804107666016
1044,17.734838485717773
1045,17.711185455322266
1046,17.668479919433594
1047,17.619237899780273
1048,17.57265281677246
1049,17.619213104248047
1050,17.67486572265625
1051,17.725557327270508
1052,17.485275268554688
1053,17.6507625579834
1054,17.742326736450195
1055,17.772441864013672
1056,17.785001754760742
1057,17.611785888671875
1058,17.675769805908203
1059,17.593664169311523
1060,17.48941993713379
1061,17.437702178955078
1062,17.33514404296875
1063,17.316959381103516
1064,17.421222686767578
1065,17.449569702148438
1066,17.698488235473633
1067,17.731203079223633
1068,17.812955856323242
1069,17.845203399658203
1070,17.913896560668945
1071,17.9871826171875
1072,17.892709732055664
1073,17.7617130279541
1074,17.78911590576172
1075,17.766862869262695
1076,17.74394989013672
1077,17.817108154296875
1078,17.793954849243164
1079,17.735260009765625
1080,17.6339054107666
1081,17.43455696105957
1082,17.42135238647461
1083,17.323877334594727
1084,17.788047790527344
1085,17.64809226989746
1086,17.798049926757812
1087,17.889860153198242
1088,17.846097946166992
1089,17.82819938659668
1090,17.76889991760254
1091,17.700077056884766
1092,17.78827476501465
1093,17.810819625854492
1094,17.9118709564209
1095,17.793485641479492
1096,17.889238357543945
1097,17.833147048950195
1098,17.864660263061523
1099,17.968278884887695
1100,17.67616081237793
1101,17.77189064025879
1102,17.862680435180664
1103,17.92595672607422
1104,17.893030166625977
1105,17.88237953186035
1106,17.82826805114746
1107,18.004966735839844
1108,17.919965744018555
1109,17.895172119140625
1110,17.883228302001953
1111,17.89242935180664
1112,17.965974807739258
1113,17.770292282104492
1114,17.736194610595703
1115,17.83125114440918
1116,17.806371688842773
1117,17.85114860534668
1118,17.86827278137207
1119,17.89572525024414
1120,17.836898803710938
1121,17.76590347290039
1122,17.745758056640625
1123,17.89522933959961
1124,17.88880729675293
1125,17.958179473876953
1126,17.841642379760742
1127,17.92462730407715
1128,17.89102554321289
1129,17.888303756713867
1130,17.8615779876709
1131,17.92251968383789
1132,17.962749481201172
1133,17.894712448120117
1134,17.870832443237305
1135,17.861656188964844
1136,17.865249633789062
1137,17.882349014282227
1138,17.698593139648438
1139,17.674821853637695
1140,17.782140731811523
1141,17.691450119018555
1142,17.609298706054688
1143,17.868444442749023
1144,17.911035537719727
1145,17.881494522094727
1146,17.912124633789062
1147,17.862165451049805
1148,17.80097198486328
1149,17.702463150024414
1150,17.703102111816406
1151,17.74429702758789
1152,17.85673713684082
1153,17.811201095581055
1154,17.756898880004883
1155,17.800037384033203
1156,17.850738525390625
1157,17.8197078704834
1158,17.74483299255371
1159,17.8959903717041
1160,17.868305206298828
1161,17.875614166259766
1162,17.814558029174805
1163,17.849098205566406
1164,17.85869789123535
1165,17.729412078857422
1166,17.782514572143555
1167,17.697185516357422
1168,17.788694381713867
1169,17.682083129882812
1170,17.826967239379883
1171,17.827131271362305
1172,17.823556900024414
1173,17.95931053161621
1174,18.06464195251465
1175,17.92916488647461
1176,17.935791015625
1177,17.81241226196289
1178,17.808815002441406
1179,17.774662017822266
1180,17.763479232788086
1181,17.827451705932617
1182,17.76570701599121
1183,17.89844512939453
1184,17.806102752685547
1185,17.90430450439453
1186,17.752626419067383
1187,17.76839828491211
1188,17.788169860839844
1189,18.000112533569336
1190,17.919654846191406
1191,17.940431594848633
1192,17.791854858398438
1193,17.695098876953125
1194,17.712543487548828
1195,17.60831069946289
1196,17.709413528442383
1197,17.851085662841797
1198,17.777034759521484
1199,17.646467208862305
1200,17.728185653686523
1201,17.611570358276367
1202,17.79777717590332
1203,17.87656021118164
1204,17.823612213134766
1205,17.522743225097656
1206,17.534427642822266
1207,17.519804000854492
1208,17.698678970336914
1209,17.71652603149414
1210,17.52539825439453
1211,17.64210319519043
1212,17.718013763427734
1213,17.906414031982422
1214,17.807836532592773
1215,17.831457138061523
1216,17.7589111328125
1217,17.702089309692383
1218,17.601736068725586
1219,17.742185592651367
1220,17.83814239501953
1221,17.880006790161133
1222,17.871238708496094
1223,17.932933807373047
1224,17.75102996826172
1225,17.562129974365234
1226,17.35801124572754
1227,17.18334197998047
1228,17.04937171936035
1229,17.104877471923828
1230,17.168710708618164
1231,16.985233306884766
1232,17.05708885192871
1233,17.069223403930664
1234,16.924318313598633
1235,16.877727508544922
1236,16.792041778564453
1237,16.800718307495117
1238,16.775623321533203
1239,16.840009689331055
1240,16.798385620117188
1241,16.748708724975586
1242,16.82598114013672
1243,16.83207130432129
1244,16.879852294921875
1245,16.906572341918945
1246,16.892854690551758
1247,16.80120849609375
1248,16.76531410217285
1249,16.787918090820312
1250,16.771772384643555
1251,16.64735221862793
1252,16.6431884765625
1253,16.593833923339844
1254,16.59857940673828
1255,16.61908531188965
1256,16.55303382873535
1257,16.559280395507812
1258,16.631771087646484
1259,16.799903869628906
1260,16.70017433166504
1261,16.627222061157227
1262,16.626110076904297
1263,16.628747940063477
1264,16.607711791992188
1265,16.621091842651367
1266,16.64734649658203
1267,16.678983688354492
1268,16.69353485107422
1269,16.71535873413086
1270,16.723556518554688
1271,16.76527214050293
1272,16.72235679626465
1273,16.79239845275879
1274,16.771625518798828
1275,16.742263793945312
1276,16.73914909362793
1277,16.780668258666992
1278,16.78860855102539
1279,17.040346145629883
1280,17.0484561920166
1281,16.997499465942383
1282,17.028078079223633
1283,17.19318389892578
1284,17.081928253173828
1285,17.146862030029297
1286,16.893699645996094
1287,17.109039306640625
1288,17.10832405090332
1289,16.937564849853516
1290,16.90110969543457
1291,16.757522583007812
1292,16.714441299438477
1293,16.821697235107422
1294,16.797456741333008
1295,16.71425437927246
1296,16.789321899414062
1297,16.74759864807129
1298,17.026796340942383
1299,17.041044235229492
1300,17.438932418823242
1301,17.401653289794922
1302,17.416149139404297
1303,17.329559326171875
1304,17.363786697387695
1305,17.397891998291016
1306,17.43035316467285
1307,17.339372634887695
1308,17.34783172607422
1309,17.363418579101562
1310,17.525306701660156
1311,17.49098777770996
1312,17.42022705078125
1313,17.097553253173828
1314,17.387645721435547
1315,17.463069915771484
1316,17.309057235717773
1317,17.139360427856445
1318,17.064449310302734
1319,16.94983673095703
1320,16.941110610961914
1321,17.019668579101562
1322,16.983552932739258
1323,17.035451889038086
1324,17.00350570678711
1325,17.125520706176758
1326,17.19244384765625
1327,17.693241119384766
1328,17.550395965576172
1329,17.344667434692383
1330,17.289608001708984
1331,17.509614944458008
1332,17.491819381713867
1333,17.531381607055664
1334,17.226999282836914
1335,17.278663635253906
1336,17.22233772277832
1337,17.064693450927734
1338,17.288854598999023
1339,17.00156021118164
1340,16.95258331298828
1341,17.069007873535156
1342,17.16073226928711
1343,17.154844284057617
1344,17.290403366088867
1345,17.25652503967285
1346,17.317745208740234
1347,17.45514678955078
1348,17.329364776611328
1349,17.329837799072266
1350,17.317264556884766
1351,17.059345245361328
1352,17.0432186126709
1353,16.951337814331055
1354,16.89875030517578
1355,17.19507598876953
1356,16.80560302734375
1357,16.857301712036133
1358,16.849937438964844
1359,16.786632537841797
1360,16.781108856201172
1361,16.861886978149414
1362,17.145523071289062
1363,17.182979583740234
1364,17.08693504333496
1365,16.986677169799805
1366,16.844253540039062
1367,16.90580177307129
1368,16.981233596801758
1369,17.041440963745117
1370,16.977468490600586
1371,16.96006202697754
1372,16.840333938598633
1373,16.80856704711914
1374,16.828054428100586
1375,16.851808547973633
1376,16.770498275756836
1377,16.854602813720703
1378,16.86604118347168
1379,16.786808013916016
1380,16.781177520751953
1381,16.973222732543945
1382,16.798709869384766
1383,16.737695693969727
1384,16.744796752929688
1385,16.712400436401367
1386,16.746517181396484
1387,16.732589721679688
1388,16.74837303161621
1389,16.744047164916992
1390,16.805757522583008
1391,16.73366355895996
1392,16.70816993713379
1393,16.701690673828125
1394,16.70530891418457
1395,16.7429141998291
1396,16.69068145751953
1397,16.732769012451172
1398,16.93227767944336
1399,16.850589752197266
1400,16.769699096679688
1401,16.943544387817383
1402,16.94632911682129
1403,16.780900955200195
1404,16.778627395629883
1405,17.169044494628906
1406,17.278274536132812
1407,17.361064910888672
1408,17.381589889526367
1409,17.233478546142578
1410,17.198482513427734
1411,17.211191177368164
1412,17.266300201416016
1413,17.178585052490234
1414,17.376066207885742
1415,17.290708541870117
1416,17.155488967895508
1417,17.26235580444336
1418,17.11065673828125
1419,16.990253448486328
1420,16.960430145263672
1421,16.94232177734375
1422,16.94243049621582
1423,16.917253494262695
1424,16.88909149169922
1425,16.912256240844727
1426,16.8714599609375
1427,16.835947036743164
1428,16.884986877441406
1429,16.92340660095215
1430,16.890586853027344
1431,17.05533218383789
1432,17.171274185180664
1433,16.94527816772461
1434,16.93916130065918
1435,16.81240463256836
1436,16.90791130065918
1437,16.897192001342773
1438,16.775339126586914
1439,16.69959831237793
1440,16.70870590209961
1441,16.681215286254883
1442,16.712444305419922
1443,16.754648208618164
1444,16.74949073791504
1445,16.673391342163086
1446,16.624553680419922
1447,16.612335205078125
1448,16.680171966552734
1449,16.668975830078125
1450,16.665252685546875
1451,16.829259872436523
1452,16.834630966186523
1453,16.94757843017578
1454,16.938215255737305
1455,16.97124481201172
1456,17.11159896850586
1457,17.088111877441406
1458,17.21127700805664
1459,17.200206756591797
1460,17.35709571838379
1461,17.14972686767578
1462,17.24034881591797
1463,17.25290870666504
1464,16.979570388793945
1465,16.90985107421875
1466,17.13448143005371
1467,17.116159439086914
1468,16.971101760864258
1469,16.878664016723633
1470,16.842851638793945
1471,16.799068450927734
1472,16.78628921508789
1473,16.76963233947754
1474,16.806795120239258
1475,16.806081771850586
1476,16.91279411315918
1477,17.22483253479004
1478,17.260204315185547
1479,17.206796646118164
1480,16.994136810302734
1481,17.001625061035156
1482,16.845760345458984
1483,16.933914184570312
1484,16.816242218017578
1485,16.99785614013672
1486,16.90188217163086
1487,16.882984161376953
1488,16.90102767944336
1489,16.70897674560547
1490,16.68851089477539
1491,16.943614959716797
1492,17.070337295532227
1493,17.127233505249023
1494,17.228729248046875
1495,17.227283477783203
1496,17.361778259277344
1497,17.35203742980957
1498,17.2423038482666
1499,17.331836700439453
1500,17.331859588623047
1501,17.26020622253418
1502,17.2857608795166
1503,17.43543243408203
1504,17.404844284057617
1505,17.461328506469727
1506,17.36031150817871
1507,17.226442337036133
1508,16.906774520874023
1509,16.842336654663086
1510,16.906457901000977
1511,16.90128517150879
1512,16.896421432495117
1513,16.903156280517578
1514,17.340492248535156
1515,17.3366641998291
1516,17.263212203979492
1517,17.357315063476562
1518,17.377233505249023
1519,17.474069595336914
1520,17.41043472290039
1521,17.388225555419922
1522,17.456037521362305
1523,17.37839698791504
1524,17.493549346923828
1525,17.529741287231445
1526,17.612966537475586
1527,17.584632873535156
1528,17.590497970581055
1529,17.39593505859375
1530,17.325641632080078
1531,17.15349006652832
1532,17.35560417175293
1533,17.389049530029297
1534,17.62541961669922
1535,17.379222869873047
1536,17.608022689819336
1537,17.729366302490234
1538,17.660953521728516
1539,17.64872169494629
1540,17.699485778808594
1541,17.65433692932129
1542,17.717634201049805
1543,17.721832275390625
1544,17.60775375366211
1545,17.543920516967773
1546,17.284549713134766
1547,17.610116958618164
1548,17.611730575561523
1549,17.618946075439453
1550,17.607421875
1551,17.45228385925293
1552,17.380535125732422
1553,17.3111629486084
1554,17.336252212524414
1555,17.352201461791992
1556,17.371795654296875
1557,17.43707847595215
1558,17.219356536865234
1559,17.164121627807617
1560,17.128026962280273
1561,17.282621383666992
1562,17.25295066833496
1563,17.21246910095215
1564,17.257080078125
1565,17.553983688354492
1566,17.621458053588867
1567,17.557912826538086
1568,17.368896484375
1569,17.659381866455078
1570,16.97686767578125
1571,16.937231063842773
1572,16.81854820251465
1573,16.797861099243164
1574,16.811904907226562
1575,16.78598976135254
1576,16.766965866088867
1577,16.772357940673828
1578,16.7501163482666
1579,16.760807037353516
1580,16.826404571533203
1581,16.846467971801758
1582,16.858505249023438
1583,16.87285041809082
1584,16.81279182434082
1585,16.80685806274414
1586,16.834150314331055
1587,16.82157325744629
1588,16.773393630981445
1589,16.777101516723633
1590,16.789947509765625
1591,16.801164627075195
1592,16.748855590820312
1593,17.39884376525879
1594,17.231407165527344
1595,16.950359344482422
1596,16.91476821899414
1597,17.500722885131836
1598,17.553857803344727
1599,17.550689697265625
1600,17.546897888183594
1601,17.5187931060791
1602,17.519147872924805
1603,17.541643142700195
1604,17.60188865661621
1605,17.57927894592285
1606,17.577632904052734
1607,17.638198852539062
1608,17.642654418945312
1609,17.625202178955078
1610,17.612140655517578
1611,17.675167083740234
1612,17.521085739135742
1613,17.553306579589844
1614,17.56328582763672
1615,17.31273651123047
1616,17.290630340576172
1617,17.511343002319336
1618,17.345211029052734
1619,17.255531311035156
1620,17.456594467163086
1621,17.340633392333984
1622,17.31145477294922
1623,17.315773010253906
1624,17.629928588867188
1625,17.60352325439453
1626,17.639841079711914
1627,17.65981674194336
1628,17.592470169067383
1629,17.5738582611084
1630,17.564517974853516
1631,17.607229232788086
1632,17.580730438232422
1633,17.592540740966797
1634,17.617809295654297
1635,17.578794479370117
1636,17.586673736572266
1637,17.621885299682617
1638,17.586288452148438
1639,17.59745979309082
1640,17.576292037963867
1641,17.57908058166504
1642,17.614408493041992
1643,17.519542694091797
1644,17.703580856323242
1645,17.62860107421875
1646,17.63790512084961
1647,17.640872955322266
1648,17.593393325805664
1649,17.327796936035156
1650,17.079975128173828
1651,17.270410537719727
1652,17.2498722076416
1653,16.98975372314453
1654,16.84014320373535
1655,16.816383361816406
1656,16.752626419067383
1657,16.84476661682129
1658,16.74058723449707
1659,16.66794204711914
1660,16.675020217895508
1661,16.659257888793945
1662,16.664169311523438
1663,16.625059127807617
1664,16.631805419921875
1665,16.57319450378418
1666,16.628562927246094
1667,16.58572769165039
1668,16.525394439697266
1669,16.55284881591797
1670,16.519338607788086
1671,16.511999130249023
1672,16.498483657836914
1673,16.7769718170166
1674,16.8409366607666
1675,16.77871322631836
1676,16.781475067138672
1677,16.78067398071289
1678,16.603918075561523
1679,16.575458526611328
1680,16.5224666595459
1681,16.559953689575195
1682,16.50836753845215
1683,16.506515502929688
1684,16.502830505371094
1685,16.472991943359375
1686,16.473106384277344
1687,16.492769241333008
1688,16.469358444213867
1689,16.456518173217773
1690,16.45103645324707
1691,16.457502365112305
1692,16.452056884765625
1693,16.441370010375977
1694,16.418813705444336
1695,16.43438148498535
1696,16.51506805419922
1697,16.469898223876953
1698,16.461593627929688
1699,16.55362319946289
1700,16.578222274780273
1701,16.591739654541016
1702,16.513498306274414
1703,16.482624053955078
1704,16.457439422607422
1705,16.5791015625
1706,16.674909591674805
1707,16.70178985595703
1708,16.569189071655273
1709,16.486295700073242
1710,16.492191314697266
1711,16.520862579345703
1712,16.653316497802734
1713,16.645519256591797
1714,16.674251556396484
1715,16.749439239501953
1716,16.75619125366211
1717,16.84849739074707
1718,16.732074737548828
1719,16.742340087890625
1720,17.046409606933594
1721,17.135334014892578
1722,17.118165969848633
1723,17.20718765258789
1724,17.214754104614258
1725,17.216659545898438
1726,17.18560791015625
1727,17.217641830444336
1728,17.26579475402832
1729,17.3798828125
1730,17.3117618560791
1731,17.35891342163086
1732,17.32447052001953
1733,17.400310516357422
1734,17.41214942932129
1735,17.47981834411621
1736,17.458667755126953
1737,17.334978103637695
1738,17.213838577270508
1739,17.281326293945312
1740,17.015087127685547
1741,16.93671417236328
1742,16.92116928100586
1743,16.917695999145508
1744,16.89537811279297
1745,17.155059814453125
1746,17.399545669555664
1747,17.383586883544922
1748,17.434423446655273
1749,17.458518981933594
1750,17.432680130004883
1751,17.34701156616211
1752,17.304716110229492
1753,17.38641929626465
1754,17.29294204711914
1755,17.062213897705078
1756,16.872920989990234
1757,16.822673797607422
1758,16.762107849121094
1759,16.88678741455078
1760,16.72056007385254
1761,16.59902572631836
1762,16.591583251953125
1763,16.603498458862305
1764,16.574216842651367
1765,16.538164138793945
1766,16.505128860473633
1767,16.52398681640625
1768,16.514572143554688
1769,16.522388458251953
1770,16.491558074951172
1771,16.526273727416992
1772,16.585397720336914
1773,17.095075607299805
1774,17.088932037353516
1775,16.822851181030273
1776,16.80402183532715
1777,16.750335693359375
1778,16.70991325378418
1779,16.69338607788086
1780,16.70096206665039
1781,16.540542602539062
1782,16.50933074951172
1783,16.49895477294922
1784,16.50527000427246
1785,16.740234375
1786,17.046083450317383
1787,16.824384689331055
1788,16.565475463867188
1789,16.49807357788086
1790,16.52577781677246
1791,16.580909729003906
1792,16.52982521057129
1793,16.815290451049805
1794,16.8575439453125
1795,16.7338809967041
1796,16.60731315612793
1797,16.631668090820312
1798,16.61309242248535
1799,16.600860595703125
1800,16.53705406188965
1801,16.467334747314453
1802,16.444190979003906
1803,16.496768951416016
1804,16.43142318725586
1805,16.445627212524414
1806,16.485668182373047
1807,16.467784881591797
1808,16.488929748535156
1809,16.457317352294922
1810,16.411853790283203
1811,16.44429588317871
1812,16.428678512573242
1813,16.468116760253906
1814,16.502819061279297
1815,16.452543258666992
1816,16.3120174407959
1817,16.313796997070312
1818,16.328359603881836
1819,16.317066192626953
1820,16.324953079223633
1821,16.345327377319336
1822,16.322904586791992
1823,16.33706283569336
1824,16.37110710144043
1825,16.42710304260254
1826,16.466285705566406
1827,16.573383331298828
1828,16.71664810180664
1829,16.72313690185547
1830,16.702497482299805
1831,16.585874557495117
1832,16.669811248779297
1833,16.63483238220215
1834,16.540119171142578
1835,16.435720443725586
1836,16.371023178100586
1837,16.392305374145508
1838,16.423507690429688
1839,16.933914184570312
1840,17.066415786743164
1841,17.13797378540039
1842,17.096277236938477
1843,17.080276489257812
1844,17.0865535736084
1845,17.095176696777344
1846,17.06597137451172
1847,17.000120162963867
1848,17.021799087524414
1849,17.012996673583984
1850,17.13283920288086
1851,17.188295364379883
1852,17.2655086517334
1853,17.204273223876953
1854,17.15669822692871
1855,17.00796890258789
1856,17.09137725830078
1857,17.071582794189453
1858,16.980178833007812
1859,17.148208618164062
1860,17.26706314086914
1861,17.20914649963379
1862,17.203807830810547
1863,17.190082550048828
1864,17.273513793945312
1865,17.292434692382812
1866,17.296350479125977
1867,17.388378143310547
1868,17.39091682434082
1869,17.40247917175293
1870,17.417593002319336
1871,17.388813018798828
1872,17.403226852416992
1873,17.390932083129883
1874,17.39881706237793
1875,17.398681640625
1876,17.391164779663086
1877,17.397829055786133
1878,17.391366958618164
1879,17.035614013671875
1880,16.95453643798828
1881,16.850269317626953
1882,16.856639862060547
1883,16.739643096923828
1884,16.65483283996582
1885,16.62404441833496
1886,16.62427520751953
1887,16.61345672607422
1888,16.74785614013672
1889,16.835168838500977
1890,16.68343162536621
1891,16.664796829223633
1892,16.91640281677246
1893,17.258180618286133
1894,17.34099006652832
1895,17.437467575073242
1896,17.37101173400879
1897,17.367406845092773
1898,17.460952758789062
1899,17.468000411987305
1900,17.46571922302246
1901,17.45182228088379
1902,17.41329002380371
1903,17.488603591918945
1904,17.53941535949707
1905,17.525508880615234
1906,17.483966827392578
1907,17.433942794799805
1908,17.334375381469727
1909,17.128049850463867
1910,17.23356056213379
1911,16.97237777709961
1912,16.937894821166992
1913,16.984947204589844
1914,17.282896041870117
1915,17.461320877075195
1916,17.4488525390625
1917,17.490436553955078
1918,17.484413146972656
1919,17.461063385009766
1920,17.50282859802246
1921,17.495437622070312
1922,17.48438262939453
1923,17.500682830810547
1924,17.49893569946289
1925,17.49148941040039
1926,17.46488380432129
1927,17.48379898071289
1928,17.487716674804688
1929,17.529077529907227
1930,17.5362548828125
1931,17.500295639038086
1932,17.536590576171875
1933,17.538761138916016
1934,17.249921798706055
1935,17.174365997314453
1936,17.175867080688477
1937,17.1746768951416
1938,17.078596115112305
1939,17.021299362182617
1940,17.04296875
1941,17.020965576171875
1942,17.03420639038086
1943,16.98280143737793
1944,16.89053726196289
1945,17.013452529907227
1946,16.959318161010742
1947,17.203243255615234
1948,17.415035247802734
1949,17.4324893951416
1950,17.31280517578125
1951,17.279132843017578
1952,17.27964973449707
1953,17.35178565979004
1954,17.409276962280273
1955,17.452913284301758
1956,17.38873863220215
1957,17.231115341186523
1958,17.06707763671875
1959,17.133142471313477
1960,17.218202590942383
1961,17.251068115234375
1962,17.428056716918945
1963,17.428890228271484
1964,17.453601837158203
1965,17.330778121948242
1966,17.210895538330078
1967,17.41983985900879
1968,17.48337745666504
1969,17.508007049560547
1970,17.534399032592773
1971,17.48528480529785
1972,17.524173736572266
1973,17.47141456604004
1974,17.518836975097656
1975,17.564258575439453
1976,17.4804630279541
1977,17.402456283569336
1978,17.557947158813477
1979,17.542673110961914
1980,17.57818031311035
1981,17.565418243408203
1982,17.564922332763672
1983,17.576202392578125
1984,17.588943481445312
1985,17.620637893676758
1986,17.524606704711914
1987,17.56089973449707
1988,17.58623695373535
1989,17.614273071289062
1990,17.6182861328125
1991,17.569013595581055
1992,17.6015682220459
1993,17.62590980529785
1994,17.69205093383789
1995,17.675140380859375
1996,17.629066467285156
1997,17.63323402404785
1998,17.63180923461914
1999,17.54147720336914
2000,17.657556533813477
2001,17.998523712158203
2002,17.763221740722656
2003,17.541250228881836
2004,17.557151794433594
2005,17.454172134399414
2006,17.680570602416992
2007,17.517953872680664
2008,17.454463958740234
2009,17.66593360900879
2010,17.623018264770508
2011,17.663572311401367
2012,17.616453170776367
2013,17.482027053833008
2014,17.59071159362793
2015,17.561750411987305
2016,17.63510513305664
2017,17.693302154541016
2018,17.5262393951416
2019,17.532447814941406
2020,17.483814239501953
2021,17.53659439086914
2022,17.562461853027344
2023,17.485912322998047
2024,17.794660568237305
2025,17.73539924621582
2026,17.541833877563477
2027,17.664880752563477
2028,17.575197219848633
2029,17.88143539428711
2030,17.86843490600586
2031,17.910125732421875
2032,17.83952522277832
2033,18.04151725769043
2034,18.013107299804688
2035,18.07819175720215
2036,17.946502685546875
2037,17.83949089050293
2038,18.19477081298828
2039,18.17584991455078
2040,18.10984992980957
2041,18.076969146728516
2042,18.07644271850586
2043,18.195837020874023
2044,18.129032135009766
2045,18.112483978271484
2046,18.15512466430664
2047,18.1436767578125
2048,18.183439254760742
2049,18.12420082092285
2050,18.16806983947754
2051,18.195777893066406
2052,18.178979873657227
2053,18.157455444335938
2054,18.157621383666992
2055,17.846006393432617
2056,17.810773849487305
2057,17.819711685180664
2058,17.77278709411621
2059,17.71959114074707
2060,17.666915893554688
2061,17.606046676635742
2062,17.571529388427734
2063,17.468976974487305
2064,17.45516014099121
2065,17.35491180419922
2066,17.323801040649414
2067,17.304929733276367
2068,17.246097564697266
2069,17.399051666259766
2070,17.292165756225586
2071,17.42330551147461
2072,17.43058967590332
2073,17.390233993530273
2074,17.377696990966797
2075,17.632631301879883
2076,17.55579376220703
2077,17.97960090637207
2078,17.486116409301758
2079,17.53973388671875
2080,17.584461212158203
2081,17.78075408935547
2082,17.195743560791016
2083,16.997220993041992
2084,16.686140060424805
2085,16.577064514160156
2086,16.524845123291016
2087,16.523754119873047
2088,16.45806121826172
2089,16.549673080444336
2090,16.6630916595459
2091,16.5762996673584
2092,16.466453552246094
2093,16.561487197875977
2094,16.504112243652344
2095,16.5089111328125
2096,16.55804443359375
2097,16.788118362426758
2098,17.12647819519043
2099,16.932283401489258
2100,16.976951599121094
2101,16.85320472717285
2102,16.734569549560547
2103,16.625234603881836
2104,16.79722785949707
2105,16.67296600341797
2106,16.79245376586914
2107,16.95459747314453
2108,16.943628311157227
2109,16.753448486328125
2110,16.656103134155273
2111,16.609024047851562
2112,16.743303298950195
2113,17.0722599029541
2114,17.04779052734375
2115,16.965229034423828
2116,17.014856338500977
2117,17.09943962097168
2118,17.081497192382812
2119,17.091670989990234
2120,16.987567901611328
2121,17.112333297729492
2122,17.05262565612793
2123,16.9613094329834
2124,16.92620849609375
2125,16.91029930114746
2126,16.95621109008789
2127,17.243656158447266
2128,17.139450073242188
2129,17.17144203186035
2130,17.150836944580078
2131,16.903751373291016
2132,16.960037231445312
2133,17.005088806152344
2134,16.872377395629883
2135,16.866907119750977
2136,16.91234016418457
2137,17.127134323120117
2138,16.893198013305664
2139,16.78341293334961
2140,16.77700424194336
2141,17.23353385925293
2142,17.32573890686035
2143,17.293790817260742
2144,17.11194610595703
2145,17.06037712097168
2146,17.25383186340332
2147,17.19588279724121
2148,16.983196258544922
2149,16.96027374267578
2150,16.941232681274414
2151,17.144142150878906
2152,17.059553146362305
2153,16.935819625854492
2154,17.05454444885254
2155,17.023544311523438
2156,16.844402313232422
2157,16.880765914916992
2158,16.829833984375
2159,16.685693740844727
2160,16.681581497192383
2161,16.636178970336914
2162,16.520130157470703
2163,16.43570899963379
2164,16.563060760498047
2165,16.581512451171875
2166,16.571895599365234
2167,16.534700393676758
2168,16.54032325744629
2169,16.472454071044922
2170,16.447755813598633
2171,16.440101623535156
2172,16.47220230102539
2173,16.78802490234375
2174,16.47170066833496
2175,16.520668029785156
2176,16.524818420410156
2177,16.455528259277344
2178,16.400766372680664
2179,16.389617919921875
2180,16.388866424560547
2181,16.41153907775879
2182,16.37195587158203
2183,16.267366409301758
2184,16.289560317993164
2185,16.37013053894043
2186,16.361968994140625
2187,16.288524627685547
2188,16.247770309448242
2189,16.092185974121094
2190,16.267515182495117
2191,16.12272834777832
2192,16.03241729736328
2193,15.988533020019531
2194,15.971346855163574
2195,15.95255184173584
2196,15.95337200164795
2197,15.92994499206543
2198,15.982490539550781
2199,15.981916427612305
2200,16.01053237915039
2201,16.07440948486328
2202,15.973162651062012
2203,15.882412910461426
2204,15.7583589553833
2205,16.016040802001953
2206,16.038894653320312
2207,16.029247283935547
2208,15.902605056762695
2209,16.021055221557617
2210,16.01644515991211
2211,15.983174324035645
2212,16.02922248840332
2213,16.22152328491211
2214,16.161235809326172
2215,16.247875213623047
2216,16.160371780395508
2217,16.195993423461914
2218,16.37326431274414
2219,16.38951301574707
2220,16.44209861755371
2221,16.351036071777344
2222,16.13518524169922
2223,16.332672119140625
2224,16.29640769958496
2225,16.215925216674805
2226,16.263519287109375
2227,16.235658645629883
2228,16.14221954345703
2229,16.103364944458008
2230,16.084741592407227
2231,16.034862518310547
2232,16.0426082611084
2233,16.00726890563965
2234,15.96462345123291
2235,15.989225387573242
2236,15.981175422668457
2237,15.846539497375488
2238,16.007911682128906
2239,15.898515701293945
2240,15.95535659790039
2241,15.912914276123047
2242,15.919034004211426
2243,15.884308815002441
2244,15.974775314331055
2245,15.935720443725586
2246,15.888930320739746
2247,15.885644912719727
2248,15.821669578552246
2249,15.835927963256836
2250,15.704999923706055
2251,15.742929458618164
2252,15.752002716064453
2253,15.717385292053223
2254,15.61234188079834
2255,15.607072830200195
2256,15.558015823364258
2257,15.55489444732666
2258,15.528966903686523
2259,15.53609848022461
2260,15.690155029296875
2261,15.624521255493164
2262,15.588616371154785
2263,15.509401321411133
2264,15.527796745300293
2265,15.562870979309082
2266,15.639060974121094
2267,15.637741088867188
2268,15.73438835144043
2269,15.731447219848633
2270,15.727836608886719
2271,15.75982666015625
2272,15.655336380004883
2273,15.628600120544434
2274,15.527182579040527
2275,15.693093299865723
2276,15.577947616577148
2277,15.576983451843262
2278,15.560162544250488
2279,15.576129913330078
2280,15.575016975402832
2281,15.57331371307373
2282,15.554903984069824
2283,15.53573226928711
2284,15.685836791992188
2285,15.656366348266602
2286,15.6363525390625
2287,15.587528228759766
2288,15.603235244750977
2289,15.665055274963379
2290,15.614250183105469
2291,15.584267616271973
2292,15.571529388427734
2293,15.738995552062988
2294,15.704867362976074
2295,15.619058609008789
2296,15.59233570098877
2297,15.62083911895752
2298,15.698792457580566
2299,15.61408519744873
2300,15.573753356933594
2301,15.575751304626465
2302,15.775423049926758
2303,15.66866397857666
2304,15.632108688354492
2305,15.5960693359375
2306,15.605748176574707
2307,15.621333122253418
2308,15.600866317749023
2309,15.55473518371582
2310,15.542998313903809
2311,15.59396743774414
2312,15.485075950622559
2313,15.469395637512207
2314,15.481681823730469
2315,15.493782997131348
2316,15.524519920349121
2317,15.491059303283691
2318,15.47446060180664
2319,15.495077133178711
2320,15.6010103225708
2321,15.504980087280273
2322,15.5316801071167
2323,15.590513229370117
2324,15.578311920166016
2325,15.50521469116211
2326,15.428621292114258
2327,15.458342552185059
2328,15.513886451721191
2329,15.558075904846191
2330,15.526965141296387
2331,15.559223175048828
2332,15.538898468017578
2333,15.609851837158203
2334,15.56338882446289
2335,15.570873260498047
2336,15.586930274963379
2337,15.62647819519043
2338,15.646923065185547
2339,15.644787788391113
2340,15.649578094482422
2341,15.738812446594238
2342,15.938437461853027
2343,15.90524959564209
2344,15.852209091186523
2345,15.87993335723877
2346,15.818950653076172
2347,15.87830638885498
2348,15.849413871765137
2349,15.855895042419434
2350,15.859514236450195
2351,16.073116302490234
2352,16.053272247314453
2353,15.890650749206543
2354,15.799905776977539
2355,15.771101951599121
2356,15.732759475708008
2357,15.720117568969727
2358,15.703991889953613
2359,15.673096656799316
2360,15.673386573791504
2361,15.64249324798584
2362,15.59054183959961
2363,15.577215194702148
2364,15.54874038696289
2365,15.549464225769043
2366,15.546545028686523
2367,15.607382774353027
2368,15.552906036376953
2369,15.534560203552246
2370,15.497016906738281
2371,15.511242866516113
2372,15.571478843688965
2373,15.539046287536621
2374,15.51373291015625
2375,15.498214721679688
2376,15.458321571350098
2377,15.48038101196289
2378,15.63431167602539
2379,15.415475845336914
2380,15.481514930725098
2381,15.421064376831055
2382,15.445740699768066
2383,15.484783172607422
2384,15.491199493408203
2385,15.471549987792969
2386,15.485302925109863
2387,15.466581344604492
2388,15.4759521484375
2389,15.628694534301758
2390,15.7053804397583
2391,15.627313613891602
2392,15.649991989135742
2393,15.509439468383789
2394,15.470855712890625
2395,15.50002670288086
2396,15.534801483154297
2397,15.443025588989258
2398,15.535974502563477
2399,15.560626029968262
2400,15.598342895507812
2401,15.451554298400879
2402,15.38056755065918
2403,15.42623519897461
2404,15.546680450439453
2405,15.492269515991211
2406,15.466127395629883
2407,15.487815856933594
2408,15.603984832763672
2409,15.498604774475098
2410,15.558086395263672
2411,15.548831939697266
2412,15.458610534667969
2413,15.453132629394531
2414,15.452322959899902
2415,15.411073684692383
2416,15.391746520996094
2417,15.402060508728027
2418,15.412018775939941
2419,15.428618431091309
2420,15.392730712890625
2421,15.408621788024902
2422,15.447690963745117
2423,15.419354438781738
2424,15.41707992553711
2425,15.486459732055664
2426,15.502053260803223
2427,15.476054191589355
2428,15.513023376464844
2429,15.433067321777344
2430,15.554932594299316
2431,15.501858711242676
2432,15.48315143585205
2433,15.669124603271484
2434,15.739883422851562
2435,15.787384986877441
2436,15.799135208129883
2437,15.798644065856934
2438,15.784402847290039
2439,15.804258346557617
2440,15.77636432647705
2441,15.723727226257324
2442,15.620875358581543
2443,15.822986602783203
2444,15.816266059875488
2445,15.687237739562988
2446,15.676692008972168
2447,15.595858573913574
2448,15.625216484069824
2449,15.58816146850586
2450,15.56258487701416
2451,15.478436470031738
2452,15.640865325927734
2453,15.513008117675781
2454,15.512660026550293
2455,15.509706497192383
2456,15.486529350280762
2457,15.602572441101074
2458,15.60693645477295
2459,15.559798240661621
2460,15.547945976257324
2461,15.523746490478516
2462,15.415787696838379
2463,15.557957649230957
2464,15.437699317932129
2465,15.458878517150879
2466,15.590596199035645
2467,15.445502281188965
2468,15.423442840576172
2469,15.458549499511719
2470,15.456744194030762
2471,15.49361801147461
2472,15.488044738769531
2473,15.473093032836914
2474,15.45199203491211
2475,15.45434284210205
2476,15.421022415161133
2477,15.458076477050781
2478,15.42863655090332
2479,15.483126640319824
2480,15.475015640258789
2481,15.447877883911133
2482,15.432685852050781
2483,15.472249031066895
2484,15.487265586853027
2485,15.499443054199219
2486,15.550453186035156
2487,15.54822063446045
2488,15.595884323120117
2489,15.561500549316406
2490,15.567363739013672
2491,15.530787467956543
2492,15.477023124694824
2493,15.58425235748291
2494,15.466848373413086
2495,15.626957893371582
2496,15.576008796691895
2497,15.648847579956055
2498,15.490592956542969
2499,15.478776931762695
2500,15.058932304382324
2501,15.064789772033691
2502,15.133190155029297
2503,15.077973365783691
2504,15.072577476501465
2505,15.08621883392334
2506,15.072429656982422
2507,15.081929206848145
2508,15.19018268585205
2509,15.172554969787598
2510,15.12241268157959
2511,15.080889701843262
2512,15.078709602355957
2513,15.065635681152344
2514,15.16956615447998
2515,15.238926887512207
2516,15.315138816833496
2517,15.303689956665039
2518,15.288681030273438
2519,15.30660629272461
2520,15.33057689666748
2521,15.379409790039062
2522,15.431172370910645
2523,15.465821266174316
2524,15.69852352142334
2525,15.71785831451416
2526,15.621142387390137
2527,15.623892784118652
2528,15.768492698669434
2529,15.756318092346191
2530,15.793912887573242
2531,15.855579376220703
2532,16.024429321289062
2533,15.816558837890625
2534,15.8495512008667
2535,15.93552017211914
2536,15.94327163696289
2537,15.946537971496582
2538,15.857397079467773
2539,15.974471092224121
2540,15.98257827758789
2541,16.040054321289062
2542,16.25247573852539
2543,16.27861785888672
2544,16.321773529052734
2545,16.337421417236328
2546,16.241796493530273
2547,16.203115463256836
2548,16.157093048095703
2549,16.070022583007812
2550,16.01554298400879
2551,15.938117980957031
2552,16.013042449951172
2553,16.0045166015625
2554,15.988359451293945
2555,16.042104721069336
2556,15.876734733581543
2557,15.904287338256836
2558,15.905050277709961
2559,15.957907676696777
2560,15.978903770446777
2561,16.19825553894043
2562,16.19429588317871
2563,16.214845657348633
2564,16.22840118408203
2565,16.091642379760742
2566,16.062862396240234
2567,16.038843154907227
2568,16.358583450317383
2569,16.407670974731445
2570,16.43939208984375
2571,16.485864639282227
2572,16.472896575927734
2573,16.427234649658203
2574,16.418380737304688
2575,16.401029586791992
2576,16.426908493041992
2577,16.42461585998535
2578,16.37081527709961
2579,16.403072357177734
2580,16.39727783203125
2581,16.328266143798828
2582,16.304370880126953
2583,16.302091598510742
2584,16.27899742126465
2585,16.27744483947754
2586,16.3247013092041
2587,16.260156631469727
2588,16.251955032348633
2589,16.313560485839844
2590,16.33612060546875
2591,16.432222366333008
2592,16.429462432861328
2593,16.320720672607422
2594,16.26633644104004
2595,16.247793197631836
2596,16.371845245361328
2597,16.29090690612793
2598,16.304697036743164
2599,16.30282211303711
2600,16.269044876098633
2601,16.230104446411133
2602,16.18404197692871
2603,16.1430721282959
2604,16.127885818481445
2605,16.09130859375
2606,16.139049530029297
2607,16.137842178344727
2608,16.156497955322266
2609,16.111724853515625
2610,16.100082397460938
2611,16.045059204101562
2612,16.044008255004883
2613,16.027679443359375
2614,16.0029296875
2615,16.035322189331055
2616,15.999393463134766
2617,15.9863920211792
2618,15.955665588378906
2619,15.926579475402832
2620,15.913798332214355
2621,15.92190170288086
2622,15.912614822387695
2623,15.903347969055176
2624,15.943166732788086
2625,15.858667373657227
2626,15.874350547790527
2627,15.860309600830078
2628,15.897599220275879
2629,15.745332717895508
2630,15.833860397338867
2631,15.82902717590332
2632,15.791157722473145
2633,15.771404266357422
2634,15.82686710357666
2635,15.853816986083984
2636,15.839750289916992
2637,15.853492736816406
2638,15.933910369873047
2639,15.801203727722168
2640,15.80722713470459
2641,15.783162117004395
2642,15.8871488571167
2643,15.826098442077637
2644,15.79724407196045
2645,15.766118049621582
2646,15.755122184753418
2647,15.80969524383545
2648,15.767699241638184
2649,16.05419921875
2650,16.03211212158203
2651,15.991506576538086
2652,16.087932586669922
2653,16.113754272460938
2654,16.198244094848633
2655,16.06080436706543
2656,16.038244247436523
2657,16.030168533325195
2658,15.979695320129395
2659,16.07928466796875
2660,15.902595520019531
2661,15.980952262878418
2662,16.00105094909668
2663,16.051847457885742
2664,16.003767013549805
2665,15.95948600769043
2666,15.943451881408691
2667,16.001461029052734
2668,15.995755195617676
2669,16.139436721801758
2670,16.098419189453125
2671,15.986653327941895
2672,15.982189178466797
2673,15.868729591369629
2674,15.854045867919922
2675,15.795736312866211
2676,15.735971450805664
2677,15.686927795410156
2678,15.672751426696777
2679,15.660258293151855
2680,15.62989330291748
2681,15.551212310791016
2682,15.485434532165527
2683,15.489274978637695
2684,15.460989952087402
2685,15.470344543457031
2686,15.300787925720215
2687,15.32214641571045
2688,15.319461822509766
2689,15.35848617553711
2690,15.328228950500488
2691,15.326629638671875
2692,15.382682800292969
2693,15.356741905212402
2694,15.354897499084473
2695,15.371891021728516
2696,15.363545417785645
2697,15.480874061584473
2698,15.394326210021973
2699,15.363534927368164
2700,15.585428237915039
2701,15.6510009765625
2702,15.665377616882324
2703,16.114980697631836
2704,16.2074031829834
2705,16.275266647338867
2706,16.33869743347168
2707,16.31657600402832
2708,16.374879837036133
2709,16.350563049316406
2710,16.354412078857422
2711,16.346464157104492
2712,16.344921112060547
2713,16.349885940551758
2714,16.317373275756836
2715,16.349992752075195
2716,16.267419815063477
2717,16.241531372070312
2718,16.180065155029297
2719,16.122394561767578
2720,16.10688018798828
2721,16.166730880737305
2722,16.16823387145996
2723,16.290056228637695
2724,16.38619041442871
2725,16.396995544433594
2726,16.35500717163086
2727,16.31587791442871
2728,16.36371421813965
2729,16.34743881225586
2730,16.354068756103516
2731,16.3531551361084
2732,16.270973205566406
2733,16.191904067993164
2734,16.203004837036133
2735,16.140716552734375
2736,16.11412811279297
2737,16.13108253479004
2738,16.113168716430664
2739,16.102251052856445
2740,16.109506607055664
2741,16.099998474121094
2742,16.089757919311523
2743,16.004667282104492
2744,15.991416931152344
2745,15.943126678466797
2746,15.946207046508789
2747,15.963281631469727
2748,15.926779747009277
2749,15.928139686584473
2750,15.961389541625977
2751,15.932807922363281
2752,15.924842834472656
2753,15.935735702514648
2754,15.935847282409668
2755,15.973075866699219
2756,15.888359069824219
2757,15.974019050598145
2758,15.920334815979004
2759,15.877412796020508
2760,15.927252769470215
2761,15.933610916137695
2762,15.952299118041992
2763,15.902997016906738
2764,15.922008514404297
2765,15.859062194824219
2766,15.87916374206543
2767,15.91818904876709
2768,15.895273208618164
2769,16.0198974609375
2770,15.930960655212402
2771,16.03723907470703
2772,16.037384033203125
2773,16.03647804260254
2774,16.068096160888672
2775,16.056421279907227
2776,15.996594429016113
2777,15.975794792175293
2778,15.951817512512207
2779,15.94317626953125
2780,15.916093826293945
2781,15.950319290161133
2782,15.949475288391113
2783,15.910993576049805
2784,16.24030113220215
2785,16.256689071655273
2786,16.294584274291992
2787,16.363168716430664
2788,16.37839126586914
2789,16.372665405273438
2790,16.324758529663086
2791,16.28152847290039
2792,16.278141021728516
2793,16.22810173034668
2794,16.210445404052734
2795,16.190349578857422
2796,16.226585388183594
2797,16.173198699951172
2798,16.14522361755371
2799,16.14998435974121
2800,16.13957405090332
2801,16.12917137145996
2802,16.10991668701172
2803,16.099651336669922
2804,16.029783248901367
2805,16.090042114257812
2806,16.062135696411133
2807,16.084598541259766
2808,16.047576904296875
2809,16.060428619384766
2810,16.089326858520508
2811,16.075029373168945
2812,16.001447677612305
2813,15.977763175964355
2814,15.978279113769531
2815,15.925308227539062
2816,15.950798034667969
2817,16.003421783447266
2818,15.92663860321045
2819,15.985001564025879
2820,15.984551429748535
2821,16.067459106445312
2822,16.06596565246582
2823,16.034744262695312
2824,15.997690200805664
2825,16.117534637451172
2826,16.053293228149414
2827,16.034414291381836
2828,15.99028491973877
2829,15.955190658569336
2830,15.959228515625
2831,15.958002090454102
2832,15.962862968444824
2833,15.985740661621094
2834,16.02325439453125
2835,16.000457763671875
2836,15.980722427368164
2837,15.958698272705078
2838,15.946054458618164
2839,15.912546157836914
2840,15.90721321105957
2841,15.927285194396973
2842,15.989665031433105
2843,16.00127601623535
2844,15.870172500610352
2845,15.937024116516113
2846,15.839127540588379
2847,15.842655181884766
2848,15.938809394836426
2849,15.851238250732422
2850,15.859779357910156
2851,15.846896171569824
2852,15.832440376281738
2853,15.745617866516113
2854,15.811420440673828
2855,15.736058235168457
2856,15.747172355651855
2857,15.68835735321045
2858,15.750125885009766
2859,15.68981647491455
2860,15.686763763427734
2861,15.687021255493164
2862,15.681808471679688
2863,15.718201637268066
2864,15.686005592346191
2865,15.497756004333496
2866,15.446077346801758
2867,15.435582160949707
2868,15.439504623413086
2869,15.41049861907959
2870,15.391242980957031
2871,15.423269271850586
2872,15.415243148803711
2873,15.441205978393555
2874,15.447341918945312
2875,15.269049644470215
2876,15.293350219726562
2877,15.290701866149902
2878,15.340705871582031
2879,15.272407531738281
2880,15.26955509185791
2881,15.2691650390625
2882,15.305989265441895
2883,15.26733112335205
2884,15.294828414916992
2885,15.281529426574707
2886,15.214927673339844
2887,15.233861923217773
2888,15.187520980834961
2889,15.202144622802734
2890,15.240646362304688
2891,15.661198616027832
2892,15.492799758911133
2893,15.665558815002441
2894,15.482129096984863
2895,15.471221923828125
2896,15.43025016784668
2897,15.420660972595215
2898,15.362085342407227
2899,15.39404010772705
2900,15.36402702331543
2901,15.496849060058594
2902,15.462390899658203
2903,15.541938781738281
2904,15.500701904296875
2905,15.462647438049316
2906,15.365852355957031
2907,15.39890193939209
2908,15.328278541564941
2909,15.324532508850098
2910,15.317926406860352
2911,15.351454734802246
2912,15.603902816772461
2913,15.602802276611328
2914,15.761612892150879
2915,15.825004577636719
2916,15.916997909545898
2917,16.01827621459961
2918,16.015243530273438
2919,15.869951248168945
2920,15.892050743103027
2921,15.857012748718262
2922,15.807374000549316
2923,15.788435935974121
2924,15.789246559143066
2925,15.760580062866211
2926,15.744902610778809
2927,15.722177505493164
2928,15.813735008239746
2929,15.821869850158691
2930,15.776318550109863
2931,15.712322235107422
2932,15.69515609741211
2933,15.589725494384766
2934,15.609283447265625
2935,15.619824409484863
2936,15.639573097229004
2937,15.952370643615723
2938,16.027677536010742
2939,15.893115997314453
2940,15.966830253601074
2941,15.857637405395508
2942,15.721213340759277
2943,15.795013427734375
2944,15.786901473999023
2945,15.785146713256836
2946,15.710579872131348
2947,15.677332878112793
2948,15.683547973632812
2949,15.660813331604004
2950,15.618133544921875
2951,15.596583366394043
2952,15.500155448913574
2953,15.538846015930176
2954,15.489128112792969
2955,15.372803688049316
2956,15.456661224365234
2957,15.484127044677734
2958,15.351333618164062
2959,15.334708213806152
2960,15.332358360290527
2961,15.33190631866455
2962,15.3557767868042
2963,15.376431465148926
2964,15.343180656433105
2965,15.366842269897461
2966,15.363840103149414
2967,15.335403442382812
2968,15.369133949279785
2969,15.358552932739258
2970,15.499456405639648
2971,15.369627952575684
2972,16.39338493347168
2973,16.45467758178711
2974,16.421554565429688
2975,16.362443923950195
2976,16.225427627563477
2977,16.098005294799805
2978,16.099340438842773
2979,16.286195755004883
2980,16.233612060546875
2981,16.140132904052734
2982,16.116546630859375
2983,16.16037940979004
2984,16.172006607055664
2985,16.219608306884766
2986,16.175039291381836
2987,16.154924392700195
2988,16.373090744018555
2989,16.368993759155273
2990,16.28209686279297
2991,16.1929931640625
2992,16.18832015991211
2993,16.138751983642578
2994,16.067996978759766
2995,16.058063507080078
2996,15.922201156616211
2997,15.852682113647461
2998,15.734198570251465
2999,15.805520057678223
3000,15.839306831359863
3001,15.822529792785645
3002,16.00346565246582
3003,15.949028968811035
3004,15.983342170715332
3005,15.968367576599121
3006,16.000755310058594
3007,16.040733337402344
3008,15.914536476135254
3009,15.995926856994629
3010,15.970739364624023
3011,15.983095169067383
3012,15.997052192687988
3013,16.05983543395996
3014,16.058712005615234
3015,16.029943466186523
3016,16.01382827758789
3017,15.958248138427734
3018,15.998602867126465
3019,15.981701850891113
3020,15.97585678100586
3021,16.017919540405273
3022,16.105342864990234
3023,16.151777267456055
3024,16.164485931396484
3025,16.10738754272461
3026,16.26123046875
3027,16.189157485961914
3028,16.174938201904297
3029,16.15937042236328
3030,16.202816009521484
3031,16.22979736328125
3032,16.139204025268555
3033,16.119991302490234
3034,16.169334411621094
3035,16.076921463012695
3036,16.08333969116211
3037,16.124454498291016
3038,16.0802001953125
3039,16.093246459960938
3040,16.0944766998291
3041,16.04460906982422
3042,16.06675148010254
3043,16.114795684814453
3044,16.123559951782227
3045,16.147859573364258
3046,16.104249954223633
3047,16.025588989257812
3048,16.066190719604492
3049,16.020662307739258
3050,15.94721794128418
3051,15.94141674041748
3052,15.875321388244629
3053,15.911910057067871
3054,15.83310317993164
3055,15.77546501159668
3056,15.662374496459961
3057,15.66858959197998
3058,15.703292846679688
3059,15.520524978637695
3060,15.537334442138672
3061,15.563314437866211
3062,15.612472534179688
3063,15.529646873474121
3064,15.542787551879883
3065,15.528556823730469
3066,15.461614608764648
3067,15.49347972869873
3068,15.46307373046875
3069,15.40445613861084
3070,15.438782691955566
3071,15.397369384765625
3072,15.417874336242676
3073,15.484622955322266
3074,15.496444702148438
3075,15.494160652160645
3076,15.5650053024292
3077,15.561469078063965
3078,15.50845718383789
3079,15.440848350524902
3080,15.469635963439941
3081,15.491634368896484
3082,15.564218521118164
3083,15.570744514465332
3084,15.686393737792969
3085,15.76044750213623
3086,15.766247749328613
3087,15.797039985656738
3088,15.716645240783691
3089,15.679009437561035
3090,15.600290298461914
3091,15.564225196838379
3092,15.566850662231445
3093,15.589080810546875
3094,15.573782920837402
3095,15.504621505737305
3096,15.470356941223145
3097,15.43022632598877
3098,15.459222793579102
3099,15.485644340515137
3100,15.621562004089355
3101,15.696701049804688
3102,15.77301025390625
3103,15.771728515625
3104,15.635040283203125
3105,15.544501304626465
3106,15.466594696044922
3107,15.739336013793945
3108,15.530953407287598
3109,15.47165298461914
3110,15.45095157623291
3111,15.436711311340332
3112,15.406953811645508
3113,15.346269607543945
3114,15.38595199584961
3115,15.371386528015137
3116,15.474617958068848
3117,15.454489707946777
3118,15.418052673339844
3119,15.355338096618652
3120,15.287435531616211
3121,15.319781303405762
3122,15.34028434753418
3123,15.288625717163086
3124,15.341115951538086
3125,15.341951370239258
3126,15.369125366210938
3127,15.426274299621582
3128,15.462623596191406
3129,15.529695510864258
3130,15.475441932678223
3131,15.504876136779785
3132,15.495485305786133
3133,15.46311092376709
3134,15.680869102478027
3135,15.703956604003906
3136,15.726289749145508
3137,15.661264419555664
3138,15.5609712600708
3139,15.561939239501953
3140,15.57840347290039
3141,15.519715309143066
3142,15.556756973266602
3143,15.645918846130371
3144,15.701969146728516
3145,15.714405059814453
3146,15.74195671081543
3147,15.735328674316406
3148,15.737319946289062
3149,15.780218124389648
3150,15.779244422912598
3151,15.799129486083984
3152,15.801280975341797
3153,15.79767894744873
3154,15.810290336608887
3155,15.816629409790039
3156,15.806218147277832
3157,15.827844619750977
3158,15.82768726348877
3159,15.827584266662598
3160,15.818838119506836
3161,15.755975723266602
3162,15.755393028259277
3163,15.717512130737305
3164,15.647252082824707
3165,15.651997566223145
3166,15.636210441589355
3167,15.584940910339355
3168,15.597744941711426
3169,15.638916969299316
3170,15.633942604064941
3171,15.775806427001953
3172,15.793157577514648
3173,15.820847511291504
3174,15.85376262664795
3175,15.789081573486328
3176,15.821253776550293
3177,15.817691802978516
3178,15.717247009277344
3179,15.753031730651855
3180,15.705256462097168
3181,15.706595420837402
3182,15.676042556762695
3183,15.674614906311035
3184,15.691171646118164
3185,15.644842147827148
3186,15.708477973937988
3187,15.694573402404785
3188,15.565757751464844
3189,15.563162803649902
3190,15.486388206481934
3191,15.524933815002441
3192,15.463768005371094
3193,15.456344604492188
3194,15.46043872833252
3195,15.466877937316895
3196,15.479141235351562
3197,15.496758460998535
3198,15.395855903625488
3199,15.414366722106934
3200,15.422821044921875
3201,15.34000301361084
3202,15.335027694702148
3203,15.35098934173584
3204,15.349169731140137
3205,15.34881591796875
3206,15.355375289916992
3207,15.35802173614502
3208,15.317965507507324
3209,15.362025260925293
3210,15.321393013000488
3211,15.381420135498047
3212,15.359003067016602
3213,15.332335472106934
3214,15.339554786682129
3215,15.60865306854248
3216,15.676568031311035
3217,15.68490219116211
3218,15.663032531738281
3219,15.681282997131348
3220,15.709095001220703
3221,15.735991477966309
3222,15.72181224822998
3223,15.703332901000977
3224,15.702122688293457
3225,15.711821556091309
3226,15.66888427734375
3227,15.649449348449707
3228,15.611984252929688
3229,15.546079635620117
3230,15.445992469787598
3231,15.43450927734375
3232,15.464320182800293
3233,15.431306838989258
3234,15.411812782287598
3235,15.476723670959473
3236,15.428860664367676
3237,15.507800102233887
3238,15.459447860717773
3239,15.47041130065918
3240,15.428071022033691
3241,15.412419319152832
3242,15.441417694091797
3243,15.47081470489502
3244,15.414687156677246
3245,15.375863075256348
3246,15.297943115234375
3247,15.412616729736328
3248,15.37724494934082
3249,15.443962097167969
3250,15.457480430603027
3251,15.361955642700195
3252,15.385398864746094
3253,15.371628761291504
3254,15.368430137634277
3255,15.351598739624023
3256,15.35787296295166
3257,15.338773727416992
3258,15.363321304321289
3259,15.388890266418457
3260,15.344429016113281
3261,15.360503196716309
3262,15.40269947052002
3263,15.493646621704102
3264,15.43809700012207
3265,15.420862197875977
3266,15.32359790802002
3267,15.385321617126465
3268,15.388718605041504
3269,15.234308242797852
3270,15.2711181640625
3271,15.285435676574707
3272,15.317309379577637
3273,15.311285018920898
3274,15.347272872924805
3275,15.370857238769531
3276,15.373309135437012
3277,15.387382507324219
3278,15.37186050415039
3279,15.447549819946289
3280,15.456741333007812
3281,15.61750602722168
3282,15.603484153747559
3283,15.570161819458008
3284,15.617676734924316
3285,15.580597877502441
3286,15.530799865722656
3287,15.452281951904297
3288,15.434572219848633
3289,15.487231254577637
3290,15.49716854095459
3291,15.636914253234863
3292,15.552492141723633
3293,15.429570198059082
3294,15.41165828704834
3295,15.58685302734375
3296,15.750348091125488
3297,15.769740104675293
3298,15.780495643615723
3299,15.72322940826416
3300,15.751317977905273
3301,15.699259757995605
3302,15.728180885314941
3303,15.776544570922852
3304,15.766282081604004
3305,15.739222526550293
3306,15.74583625793457
3307,15.683995246887207
3308,15.65501880645752
3309,15.535468101501465
3310,15.523514747619629
3311,15.497906684875488
3312,15.511040687561035
3313,15.488611221313477
3314,15.480566024780273
3315,15.476860046386719
3316,15.486471176147461
3317,15.458613395690918
3318,15.445589065551758
3319,15.430323600769043
3320,15.424220085144043
3321,15.415331840515137
3322,15.483903884887695
3323,15.740074157714844
3324,15.747773170471191
3325,15.610688209533691
3326,15.6481294631958
3327,15.617594718933105
3328,15.602663040161133
3329,15.602766036987305
3330,15.610140800476074
3331,15.570015907287598
3332,15.569345474243164
3333,15.66840648651123
3334,15.584497451782227
3335,15.56898021697998
3336,15.4691162109375
3337,15.43470573425293
3338,15.425830841064453
3339,15.530223846435547
3340,15.565558433532715
3341,15.546036720275879
3342,15.451892852783203
3343,15.500726699829102
3344,15.652114868164062
3345,15.578896522521973
3346,15.451376914978027
3347,15.450199127197266
3348,15.453065872192383
3349,15.451695442199707
3350,15.640052795410156
3351,15.664626121520996
3352,15.419159889221191
3353,15.447915077209473
3354,15.42408561706543
3355,15.433711051940918
3356,15.408296585083008
3357,15.41345500946045
3358,15.362725257873535
3359,15.371294021606445
3360,15.413622856140137
3361,15.437702178955078
3362,15.41950798034668
3363,15.342887878417969
3364,15.337817192077637
3365,15.331731796264648
3366,15.33317756652832
3367,15.341419219970703
3368,15.391347885131836
3369,15.447766304016113
3370,15.453957557678223
3371,15.517878532409668
3372,15.444799423217773
3373,15.423540115356445
3374,15.361918449401855
3375,15.365560531616211
3376,15.330167770385742
3377,15.55649185180664
3378,15.40312671661377
3379,15.439478874206543
3380,15.4663667678833
3381,15.374979972839355
3382,15.432701110839844
3383,15.44704818725586
3384,15.44074535369873
3385,15.439641952514648
3386,15.449309349060059
3387,15.446422576904297
3388,15.416738510131836
3389,15.354555130004883
3390,15.49293327331543
3391,15.634014129638672
3392,15.681741714477539
3393,15.66252326965332
3394,15.575396537780762
3395,15.531354904174805
3396,15.475839614868164
3397,15.438529014587402
3398,15.509551048278809
3399,15.513959884643555
3400,15.528313636779785
3401,15.439616203308105
3402,15.422395706176758
3403,15.409586906433105
3404,15.393831253051758
3405,15.396394729614258
3406,15.395098686218262
3407,15.397407531738281
3408,15.387933731079102
3409,15.381136894226074
3410,15.595170021057129
3411,15.423325538635254
3412,15.33637523651123
3413,15.360745429992676
3414,15.317200660705566
3415,15.3297119140625
3416,15.369425773620605
3417,15.581347465515137
3418,15.598620414733887
3419,15.422246932983398
3420,15.361690521240234
3421,15.366433143615723
3422,15.504240989685059
3423,15.433948516845703
3424,15.38463306427002
3425,15.393596649169922
3426,15.389193534851074
3427,15.336163520812988
3428,15.31792163848877
3429,15.31790828704834
3430,15.342240333557129
3431,15.331867218017578
3432,15.32915210723877
3433,15.335589408874512
3434,15.336273193359375
3435,15.339104652404785
3436,15.362969398498535
3437,15.353544235229492
3438,15.321782112121582
3439,15.318994522094727
3440,15.349760055541992
3441,15.332916259765625
3442,15.326387405395508
3443,15.374713897705078
3444,15.368447303771973
3445,15.333117485046387
3446,15.375489234924316
3447,15.327386856079102
3448,15.36629867553711
3449,15.318480491638184
3450,15.344810485839844
3451,15.33625602722168
3452,15.357072830200195
3453,15.362204551696777
3454,15.366215705871582
3455,15.306138038635254
3456,15.312414169311523
3457,15.292608261108398
3458,15.309215545654297
3459,15.296175956726074
3460,15.306581497192383
3461,15.327096939086914
3462,15.289774894714355
3463,15.30124282836914
3464,15.334453582763672
3465,15.349611282348633
3466,15.333625793457031
3467,15.57027816772461
3468,15.403231620788574
3469,15.560833930969238
3470,15.416827201843262
3471,15.596722602844238
3472,15.578109741210938
3473,15.616092681884766
3474,15.61102294921875
3475,15.494593620300293
3476,15.643924713134766
3477,15.619739532470703
3478,15.516674041748047
3479,15.50428295135498
3480,15.565382957458496
3481,15.653749465942383
3482,15.659490585327148
3483,15.696318626403809
3484,15.68716049194336
3485,15.68821907043457
3486,15.670998573303223
3487,15.673443794250488
3488,15.678736686706543
3489,15.6674222946167
3490,15.677323341369629
3491,15.655197143554688
3492,15.520771026611328
3493,15.526144027709961
3494,15.479541778564453
3495,15.47538948059082
3496,15.446877479553223
3497,15.412562370300293
3498,15.393499374389648
3499,15.453557014465332
