,0
0,19.56184196472168
1,19.589948654174805
2,19.6063289642334
3,19.585039138793945
4,19.54764175415039
5,19.592994689941406
6,19.44034767150879
7,19.328857421875
8,19.449098587036133
9,19.564956665039062
10,19.569381713867188
11,19.488916397094727
12,19.653900146484375
13,19.64514923095703
14,19.68130874633789
15,19.630207061767578
16,19.49932098388672
17,19.472990036010742
18,19.420970916748047
19,19.386539459228516
20,18.990942001342773
21,18.648588180541992
22,18.47128677368164
23,18.773271560668945
24,18.775598526000977
25,18.8820743560791
26,19.212955474853516
27,19.06375503540039
28,19.22919273376465
29,19.335866928100586
30,19.359182357788086
31,19.455760955810547
32,19.54804229736328
33,19.573604583740234
34,19.55230712890625
35,19.537982940673828
36,19.508329391479492
37,19.421762466430664
38,19.382787704467773
39,19.099609375
40,19.238998413085938
41,19.341915130615234
42,19.32428741455078
43,19.343294143676758
44,19.390756607055664
45,19.39008331298828
46,19.386430740356445
47,19.149921417236328
48,19.628446578979492
49,19.65798568725586
50,19.634557723999023
51,19.618270874023438
52,19.701271057128906
53,19.710420608520508
54,19.72191047668457
55,19.58404541015625
56,19.513107299804688
57,19.426719665527344
58,19.374061584472656
59,19.290903091430664
60,19.13091278076172
61,18.951765060424805
62,18.90018081665039
63,18.902854919433594
64,18.890628814697266
65,18.84231948852539
66,18.963760375976562
67,19.265758514404297
68,19.322471618652344
69,19.497928619384766
70,19.530433654785156
71,19.623014450073242
72,19.505632400512695
73,19.5037899017334
74,19.75655746459961
75,19.743724822998047
76,19.721710205078125
77,19.777681350708008
78,19.797922134399414
79,19.833818435668945
80,19.827014923095703
81,19.791353225708008
82,19.827709197998047
83,19.752229690551758
84,19.67344093322754
85,19.665084838867188
86,19.673110961914062
87,19.60646629333496
88,19.518287658691406
89,19.4616641998291
90,19.460596084594727
91,19.33399772644043
92,19.43048667907715
93,19.47971534729004
94,19.46135711669922
95,19.225971221923828
96,19.319690704345703
97,19.230220794677734
98,19.334144592285156
99,19.15367889404297
100,19.080123901367188
101,19.235523223876953
102,19.349815368652344
103,19.578062057495117
104,19.539335250854492
105,19.497676849365234
106,19.426422119140625
107,19.27069664001465
108,19.15677833557129
109,19.030168533325195
110,19.013771057128906
111,18.96440315246582
112,18.747276306152344
113,18.849889755249023
114,19.058002471923828
115,19.15070152282715
116,19.357715606689453
117,19.357412338256836
118,19.374116897583008
119,19.569894790649414
120,19.425983428955078
121,19.427433013916016
122,19.288156509399414
123,19.066682815551758
124,18.874204635620117
125,18.69210433959961
126,18.848403930664062
127,18.90644073486328
128,18.417686462402344
129,18.534259796142578
130,18.517902374267578
131,18.459386825561523
132,18.35824966430664
133,18.43903160095215
134,18.42960548400879
135,18.565231323242188
136,18.488996505737305
137,18.486255645751953
138,18.736339569091797
139,18.485403060913086
140,18.429412841796875
141,18.411319732666016
142,18.505481719970703
143,18.377710342407227
144,18.330976486206055
145,18.404409408569336
146,18.499330520629883
147,18.719341278076172
148,18.671119689941406
149,18.472047805786133
150,18.696880340576172
151,18.876049041748047
152,18.87067222595215
153,19.164318084716797
154,19.254838943481445
155,19.338146209716797
156,18.84710693359375
157,18.656681060791016
158,18.51661491394043
159,18.499433517456055
160,18.46245765686035
161,18.35611915588379
162,18.370515823364258
163,18.343074798583984
164,18.324573516845703
165,18.282445907592773
166,18.30433464050293
167,18.337602615356445
168,18.459693908691406
169,18.501399993896484
170,18.689306259155273
171,19.25574493408203
172,19.34637451171875
173,19.405996322631836
174,19.459707260131836
175,19.454090118408203
176,19.464319229125977
177,19.386938095092773
178,19.496501922607422
179,19.466808319091797
180,19.445608139038086
181,19.349985122680664
182,18.51418113708496
183,18.830310821533203
184,19.04166603088379
185,19.355558395385742
186,19.374496459960938
187,19.386878967285156
188,18.923072814941406
189,19.14396858215332
190,19.33305549621582
191,19.38070297241211
192,19.434303283691406
193,19.387605667114258
194,19.41160774230957
195,19.57857322692871
196,19.7304630279541
197,19.662588119506836
198,19.73961067199707
199,19.743074417114258
200,19.743711471557617
201,19.76209259033203
202,19.775236129760742
203,19.756425857543945
204,19.71782684326172
205,19.60652732849121
206,19.51066017150879
207,19.469207763671875
208,19.5135555267334
209,19.50688934326172
210,19.461334228515625
211,19.435230255126953
212,19.501251220703125
213,19.426578521728516
214,19.291791915893555
215,19.31454849243164
216,19.396984100341797
217,19.489582061767578
218,19.399202346801758
219,19.574853897094727
220,19.408918380737305
221,19.42703628540039
222,19.664630889892578
223,19.69857406616211
224,19.47874641418457
225,19.43012237548828
226,19.36166000366211
227,19.354379653930664
228,19.243000030517578
229,19.293819427490234
230,19.25967025756836
231,19.46236801147461
232,19.503170013427734
233,19.384376525878906
234,19.394933700561523
235,19.40117835998535
236,19.456655502319336
237,19.48244857788086
238,19.636783599853516
239,19.614364624023438
240,19.650999069213867
241,19.565940856933594
242,19.610820770263672
243,19.630189895629883
244,19.66999053955078
245,19.695558547973633
246,19.67864418029785
247,19.63729476928711
248,19.59306526184082
249,19.527080535888672
250,19.574825286865234
251,19.581151962280273
252,19.617183685302734
253,19.464603424072266
254,19.445709228515625
255,19.295225143432617
256,18.940155029296875
257,18.888500213623047
258,18.840843200683594
259,18.87299156188965
260,18.846145629882812
261,18.90354347229004
262,18.896089553833008
263,18.89291763305664
264,19.336105346679688
265,19.11960220336914
266,19.260156631469727
267,19.15958023071289
268,19.13741683959961
269,19.59723663330078
270,19.680240631103516
271,19.67772674560547
272,19.636016845703125
273,19.635465621948242
274,19.56148910522461
275,19.584875106811523
276,19.536537170410156
277,19.620718002319336
278,19.618690490722656
279,19.60600471496582
280,19.47969627380371
281,19.36354637145996
282,19.309728622436523
283,19.325786590576172
284,19.326271057128906
285,19.216392517089844
286,18.918556213378906
287,19.082157135009766
288,19.31891441345215
289,19.38973045349121
290,19.303129196166992
291,19.252296447753906
292,19.3004093170166
293,19.278165817260742
294,19.161636352539062
295,19.038990020751953
296,19.202791213989258
297,19.223087310791016
298,19.22262191772461
299,19.31935691833496
300,19.368894577026367
301,19.593503952026367
302,19.60416603088379
303,19.577239990234375
304,19.73695945739746
305,19.722423553466797
306,19.717960357666016
307,19.58989715576172
308,19.519474029541016
309,19.499889373779297
310,19.62272834777832
311,19.608840942382812
312,19.65950584411621
313,19.73862648010254
314,19.6770076751709
315,19.69253921508789
316,19.67657470703125
317,18.28278923034668
318,18.246505737304688
319,18.08461570739746
320,18.007793426513672
321,17.96183967590332
322,18.005428314208984
323,17.98594093322754
324,18.033334732055664
325,18.048465728759766
326,18.032737731933594
327,18.28926658630371
328,18.31006622314453
329,18.310331344604492
330,18.381160736083984
331,18.407773971557617
332,18.302846908569336
333,18.366352081298828
334,18.420312881469727
335,18.456905364990234
336,18.47901725769043
337,18.34259033203125
338,18.21872329711914
339,18.203516006469727
340,18.262941360473633
341,18.321306228637695
342,18.29336929321289
343,18.235673904418945
344,18.20370101928711
345,18.183448791503906
346,18.06666374206543
347,18.024433135986328
348,18.093135833740234
349,18.286775588989258
350,18.2739200592041
351,18.15481185913086
352,18.119356155395508
353,18.151643753051758
354,18.162181854248047
355,18.15915870666504
356,18.230918884277344
357,18.24375343322754
358,18.419172286987305
359,18.35344696044922
360,18.405113220214844
361,18.58613395690918
362,18.61467933654785
363,18.645837783813477
364,18.605358123779297
365,18.914339065551758
366,18.972000122070312
367,19.13527488708496
368,19.085546493530273
369,19.20506477355957
370,19.228591918945312
371,19.24871826171875
372,19.24403953552246
373,19.36994743347168
374,19.160537719726562
375,19.22230339050293
376,19.23239517211914
377,19.370702743530273
378,19.40228271484375
379,19.387939453125
380,19.22804832458496
381,19.151531219482422
382,19.176076889038086
383,19.006542205810547
384,19.072982788085938
385,18.916269302368164
386,18.963314056396484
387,19.15131378173828
388,19.176753997802734
389,19.324901580810547
390,19.458274841308594
391,19.496545791625977
392,19.405607223510742
393,19.343856811523438
394,19.31751823425293
395,19.428922653198242
396,19.48539161682129
397,19.446529388427734
398,19.102094650268555
399,19.037498474121094
400,18.51952362060547
401,18.300111770629883
402,18.213092803955078
403,18.274993896484375
404,18.242122650146484
405,18.195804595947266
406,18.17816162109375
407,18.22734832763672
408,18.228778839111328
409,18.223468780517578
410,18.347396850585938
411,18.402660369873047
412,18.486709594726562
413,18.53313446044922
414,18.706283569335938
415,18.963150024414062
416,19.038013458251953
417,19.183183670043945
418,19.19516944885254
419,19.1639404296875
420,18.907386779785156
421,19.048620223999023
422,19.226409912109375
423,19.136089324951172
424,18.952999114990234
425,18.98732566833496
426,18.99970054626465
427,19.20552635192871
428,19.12850570678711
429,18.686120986938477
430,18.51085090637207
431,18.404247283935547
432,18.53986358642578
433,18.762134552001953
434,18.95030403137207
435,18.893091201782227
436,18.775527954101562
437,18.84701919555664
438,19.04763412475586
439,19.1573429107666
440,19.132766723632812
441,19.116865158081055
442,19.254281997680664
443,19.30306625366211
444,19.202556610107422
445,19.13763427734375
446,19.29376220703125
447,19.391921997070312
448,19.25684356689453
449,19.351438522338867
450,19.37786102294922
451,19.415128707885742
452,19.361116409301758
453,19.246679306030273
454,18.648014068603516
455,19.066621780395508
456,18.785633087158203
457,18.55813217163086
458,18.710277557373047
459,19.057897567749023
460,19.084463119506836
461,19.102022171020508
462,19.09595489501953
463,19.169261932373047
464,19.190025329589844
465,18.978763580322266
466,19.21188735961914
467,19.2774715423584
468,19.095088958740234
469,18.991849899291992
470,18.988510131835938
471,19.098682403564453
472,19.159915924072266
473,18.996427536010742
474,19.19386100769043
475,19.190248489379883
476,19.170169830322266
477,19.14167594909668
478,18.821611404418945
479,18.844871520996094
480,18.798797607421875
481,19.51658058166504
482,19.604549407958984
483,19.529396057128906
484,19.45754623413086
485,19.160552978515625
486,19.31377601623535
487,19.331993103027344
488,19.118406295776367
489,19.05000114440918
490,18.983051300048828
491,18.75279426574707
492,18.66594886779785
493,18.678890228271484
494,18.607641220092773
495,18.54282569885254
496,18.547842025756836
497,18.537933349609375
498,18.649782180786133
499,18.827974319458008
500,17.87260627746582
501,17.899099349975586
502,17.843286514282227
503,17.817779541015625
504,17.503921508789062
505,17.514835357666016
506,17.30754280090332
507,17.30830192565918
508,17.413448333740234
509,17.824398040771484
510,17.760562896728516
511,18.10993003845215
512,18.422426223754883
513,18.040136337280273
514,18.088016510009766
515,18.168359756469727
516,18.0987491607666
517,18.26639747619629
518,18.244707107543945
519,18.237768173217773
520,18.30129051208496
521,18.634780883789062
522,18.44471549987793
523,18.069551467895508
524,17.92293930053711
525,18.02450180053711
526,17.756601333618164
527,17.783571243286133
528,17.771377563476562
529,17.755661010742188
530,17.831439971923828
531,17.88355255126953
532,17.862241744995117
533,17.826562881469727
534,17.652597427368164
535,18.50697898864746
536,18.06121253967285
537,18.289236068725586
538,18.333505630493164
539,18.56572151184082
540,18.919057846069336
541,18.87224578857422
542,18.524248123168945
543,18.555387496948242
544,18.614761352539062
545,18.603248596191406
546,18.57848358154297
547,18.392065048217773
548,18.666440963745117
549,18.990196228027344
550,18.622051239013672
551,18.566974639892578
552,18.775806427001953
553,18.966569900512695
554,18.774343490600586
555,18.820465087890625
556,18.846820831298828
557,18.868297576904297
558,19.016719818115234
559,18.79022789001465
560,18.567358016967773
561,18.4190731048584
562,18.61294174194336
563,18.86827278137207
564,18.896045684814453
565,18.971248626708984
566,19.264934539794922
567,19.265018463134766
568,19.270599365234375
569,19.33283042907715
570,19.329618453979492
571,19.337486267089844
572,19.392648696899414
573,19.396516799926758
574,19.382280349731445
575,19.34918975830078
576,19.325210571289062
577,19.245725631713867
578,19.13562774658203
579,19.042158126831055
580,19.004119873046875
581,19.096960067749023
582,18.99740982055664
583,19.11969757080078
584,18.83487892150879
585,19.149580001831055
586,19.095645904541016
587,19.114582061767578
588,19.115907669067383
589,19.445518493652344
590,19.260032653808594
591,19.368581771850586
592,19.222829818725586
593,19.373737335205078
594,19.246580123901367
595,19.489042282104492
596,19.385746002197266
597,19.54018783569336
598,19.445348739624023
599,19.409395217895508
600,19.40235137939453
601,19.388076782226562
602,19.35492706298828
603,19.437673568725586
604,19.48048210144043
605,19.495223999023438
606,19.577590942382812
607,19.560543060302734
608,19.470312118530273
609,19.516780853271484
610,19.505285263061523
611,19.522396087646484
612,19.565265655517578
613,19.486303329467773
614,19.520538330078125
615,19.526548385620117
616,19.148284912109375
617,18.830625534057617
618,19.17340660095215
619,18.657686233520508
620,18.644472122192383
621,18.754423141479492
622,18.51609992980957
623,18.568899154663086
624,18.784595489501953
625,18.787097930908203
626,18.610610961914062
627,18.626445770263672
628,18.51053237915039
629,18.83915138244629
630,18.81305694580078
631,18.573772430419922
632,18.445411682128906
633,18.391216278076172
634,18.00217628479004
635,17.904870986938477
636,17.75917625427246
637,17.689714431762695
638,17.692838668823242
639,17.719993591308594
640,17.65089225769043
641,17.754283905029297
642,17.755332946777344
643,17.668758392333984
644,18.05280303955078
645,18.32305145263672
646,18.49825668334961
647,18.4193115234375
648,18.392189025878906
649,18.310422897338867
650,17.92738914489746
651,17.816041946411133
652,18.061355590820312
653,17.944120407104492
654,17.83063507080078
655,17.80805015563965
656,17.97466468811035
657,18.105688095092773
658,18.065961837768555
659,18.092247009277344
660,18.404367446899414
661,18.123144149780273
662,18.231639862060547
663,18.32832908630371
664,18.039508819580078
665,18.15871810913086
666,18.363195419311523
667,18.107742309570312
668,18.085500717163086
669,18.084209442138672
670,18.26681137084961
671,18.205074310302734
672,18.100454330444336
673,18.164031982421875
674,18.36827850341797
675,18.514204025268555
676,18.57300567626953
677,18.359586715698242
678,18.334184646606445
679,18.29404640197754
680,18.403898239135742
681,18.50876235961914
682,18.47718620300293
683,18.443504333496094
684,18.234243392944336
685,17.69496726989746
686,17.69674301147461
687,17.621091842651367
688,17.597013473510742
689,17.542724609375
690,17.461380004882812
691,17.29753875732422
692,17.25534439086914
693,17.2083797454834
694,17.586881637573242
695,17.313613891601562
696,17.2294921875
697,17.51947021484375
698,17.676340103149414
699,17.54120445251465
700,17.627641677856445
701,17.431007385253906
702,17.483028411865234
703,17.649473190307617
704,17.522397994995117
705,17.29943084716797
706,17.23874282836914
707,17.23563575744629
708,17.231870651245117
709,17.231796264648438
710,17.178136825561523
711,17.361162185668945
712,17.21342658996582
713,17.1894474029541
714,17.177019119262695
715,17.17856788635254
716,17.152387619018555
717,17.051681518554688
718,17.01833724975586
719,16.98621940612793
720,16.97650718688965
721,16.978755950927734
722,16.99349021911621
723,17.034318923950195
724,17.118703842163086
725,17.260234832763672
726,17.370718002319336
727,17.462238311767578
728,17.427265167236328
729,17.77452278137207
730,17.751220703125
731,17.48555564880371
732,17.414316177368164
733,17.233991622924805
734,17.20589828491211
735,17.178953170776367
736,17.173860549926758
737,17.150074005126953
738,17.304729461669922
739,17.10965347290039
740,17.334428787231445
741,17.32136344909668
742,17.474952697753906
743,17.798091888427734
744,17.733449935913086
745,17.421180725097656
746,17.38752555847168
747,17.617338180541992
748,17.357139587402344
749,17.21834945678711
750,17.143821716308594
751,17.186275482177734
752,17.068567276000977
753,17.194982528686523
754,17.089717864990234
755,17.096378326416016
756,17.164424896240234
757,16.997575759887695
758,16.950698852539062
759,16.903911590576172
760,17.048974990844727
761,16.95240020751953
762,16.94598388671875
763,16.856279373168945
764,16.838191986083984
765,16.924365997314453
766,16.82419204711914
767,16.82046127319336
768,16.781457901000977
769,16.654788970947266
770,16.72705078125
771,16.593177795410156
772,16.714313507080078
773,16.644746780395508
774,16.60677146911621
775,16.43889617919922
776,16.505064010620117
777,16.438039779663086
778,16.816883087158203
779,16.53511619567871
780,16.44228172302246
781,16.673215866088867
782,16.418991088867188
783,16.530420303344727
784,16.476667404174805
785,16.77661895751953
786,16.75952911376953
787,16.76711654663086
788,16.46099853515625
789,16.475744247436523
790,16.57693862915039
791,16.518341064453125
792,16.69135856628418
793,16.541175842285156
794,16.76154136657715
795,16.641878128051758
796,16.6345272064209
797,16.710914611816406
798,16.704017639160156
799,17.083871841430664
800,17.055774688720703
801,16.809728622436523
802,16.86443519592285
803,16.720378875732422
804,16.611713409423828
805,16.94832992553711
806,16.793914794921875
807,16.851337432861328
808,16.84290885925293
809,16.860685348510742
810,16.647546768188477
811,16.602766036987305
812,16.73871421813965
813,16.758838653564453
814,16.690631866455078
815,16.679950714111328
816,16.6600284576416
817,16.684206008911133
818,16.721996307373047
819,16.757183074951172
820,16.51633644104004
821,16.554441452026367
822,16.43305015563965
823,16.370859146118164
824,16.36193084716797
825,16.329587936401367
826,16.56488800048828
827,16.559581756591797
828,16.617528915405273
829,16.5692195892334
830,16.53120994567871
831,16.450817108154297
832,16.66527557373047
833,17.119380950927734
834,17.051509857177734
835,16.824777603149414
836,16.763566970825195
837,16.530826568603516
838,16.533239364624023
839,16.654844284057617
840,16.602663040161133
841,16.490755081176758
842,16.52511978149414
843,16.512727737426758
844,16.536638259887695
845,16.49814224243164
846,16.388280868530273
847,16.3199520111084
848,16.420568466186523
849,16.334909439086914
850,16.24888038635254
851,16.239540100097656
852,16.32476234436035
853,16.41271209716797
854,16.4252872467041
855,16.432697296142578
856,16.410511016845703
857,16.374401092529297
858,16.324291229248047
859,16.711301803588867
860,16.796018600463867
861,16.94790267944336
862,17.21547508239746
863,17.364028930664062
864,17.417919158935547
865,17.414737701416016
866,17.298763275146484
867,17.206567764282227
868,17.07630729675293
869,17.257246017456055
870,17.06583023071289
871,17.467546463012695
872,17.400833129882812
873,17.357545852661133
874,17.100017547607422
875,17.16082000732422
876,17.137325286865234
877,16.864152908325195
878,16.864727020263672
879,16.8649845123291
880,16.955717086791992
881,16.839677810668945
882,16.80026626586914
883,16.700950622558594
884,16.723312377929688
885,16.65081214904785
886,16.74357795715332
887,16.5553035736084
888,16.44712257385254
889,16.455734252929688
890,16.529399871826172
891,16.55219268798828
892,16.467880249023438
893,16.378721237182617
894,16.369510650634766
895,16.37681007385254
896,16.029939651489258
897,16.123422622680664
898,16.265167236328125
899,16.269067764282227
900,16.130544662475586
901,15.995452880859375
902,16.091083526611328
903,16.171735763549805
904,16.043048858642578
905,16.08488655090332
906,15.94249153137207
907,16.045331954956055
908,16.1080322265625
909,16.133142471313477
910,16.142562866210938
911,16.20514488220215
912,16.22100830078125
913,16.491382598876953
914,16.437000274658203
915,16.5390682220459
916,16.493473052978516
917,16.577064514160156
918,16.5750732421875
919,16.500316619873047
920,16.655202865600586
921,16.731670379638672
922,16.690372467041016
923,16.619644165039062
924,16.544315338134766
925,16.515506744384766
926,16.702455520629883
927,16.653823852539062
928,16.582626342773438
929,16.54416847229004
930,16.67894744873047
931,16.42925453186035
932,16.44940948486328
933,16.528064727783203
934,16.38199806213379
935,16.21409797668457
936,16.290729522705078
937,16.11222267150879
938,16.061382293701172
939,16.098403930664062
940,16.221965789794922
941,16.3110294342041
942,16.396278381347656
943,16.52100372314453
944,16.186511993408203
945,16.237499237060547
946,15.995390892028809
947,15.915849685668945
948,15.945189476013184
949,15.90201187133789
950,15.895223617553711
951,15.961387634277344
952,16.071645736694336
953,16.04889488220215
954,16.003538131713867
955,16.01620101928711
956,16.006610870361328
957,15.959074020385742
958,15.909286499023438
959,15.893444061279297
960,15.911746978759766
961,15.885271072387695
962,15.921799659729004
963,15.960469245910645
964,16.022972106933594
965,16.094629287719727
966,16.109514236450195
967,15.936179161071777
968,15.999773979187012
969,16.034181594848633
970,16.015329360961914
971,16.010540008544922
972,16.0953426361084
973,16.118806838989258
974,16.07036018371582
975,15.984167098999023
976,15.944750785827637
977,15.880138397216797
978,15.919938087463379
979,15.879965782165527
980,15.926656723022461
981,15.965378761291504
982,15.858245849609375
983,15.845072746276855
984,15.836974143981934
985,15.857336044311523
986,15.848005294799805
987,15.873492240905762
988,15.855939865112305
989,15.951347351074219
990,15.965985298156738
991,15.967533111572266
992,15.957657814025879
993,15.952503204345703
994,15.962773323059082
995,16.026866912841797
996,16.094209671020508
997,16.06949234008789
998,16.067432403564453
999,16.115846633911133
1000,15.742587089538574
1001,15.750706672668457
1002,15.754600524902344
1003,15.745615005493164
1004,15.733158111572266
1005,15.74287223815918
1006,15.693257331848145
1007,15.713067054748535
1008,15.711078643798828
1009,15.654167175292969
1010,15.746742248535156
1011,15.740025520324707
1012,15.610808372497559
1013,15.683794021606445
1014,15.703158378601074
1015,15.630123138427734
1016,15.645218849182129
1017,15.716092109680176
1018,15.655487060546875
1019,15.643805503845215
1020,15.65981674194336
1021,15.715836524963379
1022,15.742494583129883
1023,15.744528770446777
1024,15.74477767944336
1025,15.734128952026367
1026,15.746894836425781
1027,15.750508308410645
1028,15.746708869934082
1029,15.743738174438477
1030,15.714879989624023
1031,15.689956665039062
1032,15.682555198669434
1033,15.64686393737793
1034,15.705018043518066
1035,15.69282341003418
1036,15.63563346862793
1037,15.643680572509766
1038,15.583036422729492
1039,15.654972076416016
1040,15.672298431396484
1041,15.683009147644043
1042,15.704916000366211
1043,15.705986976623535
1044,15.68363094329834
1045,15.684491157531738
1046,15.671871185302734
1047,15.637969017028809
1048,15.297354698181152
1049,15.239237785339355
1050,15.416657447814941
1051,15.597131729125977
1052,15.54604721069336
1053,15.617560386657715
1054,15.633901596069336
1055,15.612719535827637
1056,15.632193565368652
1057,15.711182594299316
1058,15.678230285644531
1059,15.673160552978516
1060,15.712231636047363
1061,15.760424613952637
1062,15.773737907409668
1063,15.771696090698242
1064,15.775228500366211
1065,15.786499977111816
1066,15.769274711608887
1067,15.744751930236816
1068,15.718978881835938
1069,15.793657302856445
1070,15.81066608428955
1071,15.803289413452148
1072,15.794572830200195
1073,15.802848815917969
1074,15.797651290893555
1075,15.733884811401367
1076,15.758110046386719
1077,15.771140098571777
1078,15.749922752380371
1079,15.755165100097656
1080,15.724926948547363
1081,15.740453720092773
1082,15.739652633666992
1083,15.728388786315918
1084,15.72516918182373
1085,15.733199119567871
1086,15.721527099609375
1087,15.739999771118164
1088,15.735759735107422
1089,15.749275207519531
1090,15.723015785217285
1091,15.724764823913574
1092,15.665955543518066
1093,15.664260864257812
1094,15.568819999694824
1095,15.56755256652832
1096,15.651819229125977
1097,15.661165237426758
1098,15.658480644226074
1099,15.608874320983887
1100,15.635371208190918
1101,15.517338752746582
1102,15.468236923217773
1103,15.477063179016113
1104,15.497365951538086
1105,15.568470001220703
1106,15.583415031433105
1107,15.585038185119629
1108,15.568351745605469
1109,15.358122825622559
1110,15.300924301147461
1111,15.192355155944824
1112,15.394001007080078
1113,15.276993751525879
1114,15.138419151306152
1115,14.945688247680664
1116,14.619956970214844
1117,14.448784828186035
1118,14.552979469299316
1119,14.675102233886719
1120,14.765989303588867
1121,15.21300220489502
1122,15.267420768737793
1123,15.08305549621582
1124,15.22011661529541
1125,15.13154125213623
1126,15.397255897521973
1127,15.464190483093262
1128,15.451643943786621
1129,15.553228378295898
1130,15.558507919311523
1131,15.560420989990234
1132,15.70103645324707
1133,15.68864917755127
1134,15.677687644958496
1135,15.657861709594727
1136,15.677319526672363
1137,15.664336204528809
1138,15.638839721679688
1139,15.679686546325684
1140,15.671626091003418
1141,15.633584022521973
1142,15.655479431152344
1143,15.649798393249512
1144,15.618731498718262
1145,15.610296249389648
1146,15.622385025024414
1147,15.544182777404785
1148,15.456138610839844
1149,15.412949562072754
1150,15.329086303710938
1151,15.316336631774902
1152,15.477940559387207
1153,15.569186210632324
1154,15.646478652954102
1155,15.633108139038086
1156,15.606480598449707
1157,15.430391311645508
1158,15.387940406799316
1159,15.38401985168457
1160,15.49671745300293
1161,15.597271919250488
1162,15.61515998840332
1163,15.69685173034668
1164,15.668074607849121
1165,15.727740287780762
1166,15.754287719726562
1167,15.760456085205078
1168,15.762846946716309
1169,15.781305313110352
1170,15.788931846618652
1171,15.790971755981445
1172,15.787181854248047
1173,15.786927223205566
1174,15.778717041015625
1175,15.71268081665039
1176,15.66317081451416
1177,15.675504684448242
1178,15.644478797912598
1179,15.65085506439209
1180,15.615976333618164
1181,15.65608024597168
1182,15.63668155670166
1183,15.716450691223145
1184,15.770288467407227
1185,15.753076553344727
1186,15.771060943603516
1187,15.754353523254395
1188,15.73072624206543
1189,15.754283905029297
1190,15.775527000427246
1191,15.784136772155762
1192,15.756115913391113
1193,15.75480842590332
1194,15.738690376281738
1195,15.707639694213867
1196,15.736105918884277
1197,15.740436553955078
1198,15.677871704101562
1199,15.740991592407227
1200,15.73123836517334
1201,15.63953971862793
1202,15.640501022338867
1203,15.611164093017578
1204,15.612166404724121
1205,15.707608222961426
1206,15.691446304321289
1207,15.60503101348877
1208,15.605487823486328
1209,15.576065063476562
1210,15.666581153869629
1211,15.709663391113281
1212,15.758478164672852
1213,15.748346328735352
1214,15.762250900268555
1215,15.748863220214844
1216,15.730454444885254
1217,15.762375831604004
1218,15.751789093017578
1219,15.700267791748047
1220,15.701223373413086
1221,15.700307846069336
1222,15.744362831115723
1223,15.727191925048828
1224,15.733428955078125
1225,15.709006309509277
1226,15.703909873962402
1227,15.665044784545898
1228,15.72470760345459
1229,15.706132888793945
1230,15.738356590270996
1231,15.752747535705566
1232,15.722885131835938
1233,15.682756423950195
1234,15.71012020111084
1235,15.66518497467041
1236,15.65009593963623
1237,15.750062942504883
1238,15.724483489990234
1239,15.75043773651123
1240,15.71178913116455
1241,15.700227737426758
1242,15.668155670166016
1243,15.69196605682373
1244,15.658170700073242
1245,15.651592254638672
1246,15.639323234558105
1247,15.681577682495117
1248,15.702309608459473
1249,15.696187973022461
1250,15.715425491333008
1251,15.730902671813965
1252,15.679895401000977
1253,15.701200485229492
1254,15.669136047363281
1255,15.595739364624023
1256,15.676888465881348
1257,15.627938270568848
1258,15.5770263671875
1259,15.546658515930176
1260,15.564215660095215
1261,15.513121604919434
1262,15.587614059448242
1263,15.588586807250977
1264,15.638839721679688
1265,15.658576965332031
1266,15.421647071838379
1267,15.399189949035645
1268,15.40592098236084
1269,15.527050971984863
1270,15.530220985412598
1271,15.572332382202148
1272,15.612472534179688
1273,15.614188194274902
1274,15.625062942504883
1275,15.624588966369629
1276,15.555414199829102
1277,15.505863189697266
1278,15.550430297851562
1279,15.39728832244873
1280,15.50145435333252
1281,15.523811340332031
1282,15.63469409942627
1283,15.663872718811035
1284,15.649571418762207
1285,15.584000587463379
1286,15.607213973999023
1287,15.639498710632324
1288,15.539632797241211
1289,15.516230583190918
1290,15.535426139831543
1291,15.638224601745605
1292,15.558540344238281
1293,15.657251358032227
1294,15.699740409851074
1295,15.70421314239502
1296,15.7064847946167
1297,15.68934154510498
1298,15.68403148651123
1299,15.681208610534668
1300,15.696918487548828
1301,15.690170288085938
1302,15.541435241699219
1303,15.594589233398438
1304,15.700922966003418
1305,15.69172191619873
1306,15.588279724121094
1307,15.625200271606445
1308,15.656527519226074
1309,15.721324920654297
1310,15.686966896057129
1311,15.702860832214355
1312,15.707554817199707
1313,15.709129333496094
1314,15.679027557373047
1315,15.623973846435547
1316,15.560157775878906
1317,15.54161548614502
1318,15.634562492370605
1319,15.56968879699707
1320,15.507046699523926
1321,15.529291152954102
1322,15.562692642211914
1323,15.495146751403809
1324,15.429227828979492
1325,15.306571960449219
1326,15.359014511108398
1327,15.239524841308594
1328,15.106209754943848
1329,15.137449264526367
1330,15.140774726867676
1331,15.262566566467285
1332,15.254693031311035
1333,15.150978088378906
1334,15.190268516540527
1335,15.265317916870117
1336,15.177799224853516
1337,15.369220733642578
1338,15.196954727172852
1339,15.105704307556152
1340,14.985464096069336
1341,15.129526138305664
1342,15.43581771850586
1343,15.159456253051758
1344,15.16732120513916
1345,14.859169006347656
1346,14.89549446105957
1347,14.773652076721191
1348,14.815345764160156
1349,14.733049392700195
1350,14.529189109802246
1351,14.351509094238281
1352,14.460345268249512
1353,14.469320297241211
1354,14.44979190826416
1355,14.507933616638184
1356,14.706412315368652
1357,14.7200345993042
1358,14.588138580322266
1359,14.598238945007324
1360,14.494037628173828
1361,14.562247276306152
1362,14.702800750732422
1363,14.779422760009766
1364,14.583074569702148
1365,14.497957229614258
1366,14.740994453430176
1367,14.760948181152344
1368,14.63100528717041
1369,14.768770217895508
1370,14.633572578430176
1371,14.670119285583496
1372,14.170760154724121
1373,14.13304328918457
1374,14.259441375732422
1375,14.680874824523926
1376,14.869281768798828
1377,14.679322242736816
1378,14.48675537109375
1379,14.764328956604004
1380,14.64487075805664
1381,14.557250022888184
1382,14.743160247802734
1383,14.757225036621094
1384,14.540456771850586
1385,14.524694442749023
1386,14.556989669799805
1387,14.383696556091309
1388,14.42031192779541
1389,14.473703384399414
1390,14.457608222961426
1391,14.93635082244873
1392,14.753660202026367
1393,14.542585372924805
1394,14.451478958129883
1395,14.875210762023926
1396,14.720674514770508
1397,14.65122127532959
1398,14.698262214660645
1399,14.984613418579102
1400,14.398630142211914
1401,14.716998100280762
1402,14.948041915893555
1403,14.95649528503418
1404,15.142292022705078
1405,15.212514877319336
1406,15.234688758850098
1407,15.293478965759277
1408,15.151611328125
1409,15.174689292907715
1410,15.256536483764648
1411,15.243730545043945
1412,15.451126098632812
1413,15.348156929016113
1414,15.202654838562012
1415,15.182235717773438
1416,15.252326011657715
1417,15.2698335647583
1418,15.201741218566895
1419,15.220499992370605
1420,15.220307350158691
1421,15.222047805786133
1422,15.14168643951416
1423,15.13410758972168
1424,15.050869941711426
1425,15.000792503356934
1426,14.848844528198242
1427,15.196635246276855
1428,15.122803688049316
1429,15.068099975585938
1430,14.5448579788208
1431,14.452329635620117
1432,14.374239921569824
1433,14.292107582092285
1434,14.1492280960083
1435,14.084195137023926
1436,14.063809394836426
1437,14.028549194335938
1438,14.008878707885742
1439,13.995956420898438
1440,13.961019515991211
1441,13.962686538696289
1442,13.938763618469238
1443,13.976258277893066
1444,13.99569034576416
1445,14.043916702270508
1446,14.021096229553223
1447,14.02571964263916
1448,14.016641616821289
1449,14.025803565979004
1450,14.007689476013184
1451,14.049882888793945
1452,14.006383895874023
1453,13.900318145751953
1454,13.883735656738281
1455,13.963277816772461
1456,13.972665786743164
1457,14.377984046936035
1458,14.289297103881836
1459,14.278700828552246
1460,14.520718574523926
1461,14.557031631469727
1462,14.450267791748047
1463,14.440621376037598
1464,14.39246940612793
1465,14.423643112182617
1466,14.308952331542969
1467,14.366281509399414
1468,14.19122314453125
1469,14.432340621948242
1470,14.537796020507812
1471,14.513994216918945
1472,14.424668312072754
1473,14.364357948303223
1474,14.341808319091797
1475,14.35881233215332
1476,14.240471839904785
1477,14.217056274414062
1478,14.324607849121094
1479,14.342277526855469
1480,14.04198932647705
1481,13.939911842346191
1482,13.872411727905273
1483,13.848489761352539
1484,13.868268013000488
1485,13.872525215148926
1486,13.866193771362305
1487,13.86966609954834
1488,13.886018753051758
1489,13.895269393920898
1490,13.915081977844238
1491,13.961268424987793
1492,14.080991744995117
1493,13.976268768310547
1494,13.956828117370605
1495,13.934903144836426
1496,14.032444953918457
1497,14.060644149780273
1498,14.006828308105469
1499,13.950600624084473
1500,13.538995742797852
1501,14.151067733764648
1502,13.654191017150879
1503,14.043301582336426
1504,14.351622581481934
1505,14.399748802185059
1506,14.360461235046387
1507,14.43694019317627
1508,14.498114585876465
1509,14.561309814453125
1510,14.530963897705078
1511,14.591907501220703
1512,14.558659553527832
1513,14.460819244384766
1514,14.458711624145508
1515,14.3795166015625
1516,14.189895629882812
1517,14.170418739318848
1518,14.359444618225098
1519,14.395899772644043
1520,14.324641227722168
1521,14.244525909423828
1522,14.047266006469727
1523,14.087430000305176
1524,14.200161933898926
1525,14.05721664428711
1526,14.169272422790527
1527,14.019038200378418
1528,14.176933288574219
1529,14.341960906982422
1530,14.321826934814453
1531,14.30826473236084
1532,14.546006202697754
1533,14.32039737701416
1534,14.459294319152832
1535,14.418475151062012
1536,14.363808631896973
1537,14.311033248901367
1538,14.662861824035645
1539,14.566189765930176
1540,14.547472953796387
1541,14.483180046081543
1542,14.436720848083496
1543,14.340782165527344
1544,14.312857627868652
1545,14.328709602355957
1546,14.329405784606934
1547,14.500628471374512
1548,14.472675323486328
1549,14.332697868347168
1550,14.22619915008545
1551,14.42873477935791
1552,14.459798812866211
1553,14.525663375854492
1554,13.999052047729492
1555,14.242025375366211
1556,14.120885848999023
1557,14.56064510345459
1558,14.216131210327148
1559,14.550589561462402
1560,14.525642395019531
1561,14.199316024780273
1562,14.255578994750977
1563,14.370379447937012
1564,14.332540512084961
1565,14.653694152832031
1566,14.42054557800293
1567,14.442964553833008
1568,14.4577054977417
1569,14.60447883605957
1570,14.354000091552734
1571,14.594215393066406
1572,14.595623970031738
1573,14.633904457092285
1574,14.721587181091309
1575,14.732083320617676
1576,14.73794937133789
1577,14.867826461791992
1578,14.888489723205566
1579,14.874241828918457
1580,14.861763954162598
1581,14.945406913757324
1582,14.963740348815918
1583,14.914931297302246
1584,14.965045928955078
1585,14.878697395324707
1586,14.79378604888916
1587,14.88142204284668
1588,14.915202140808105
1589,14.939400672912598
1590,14.967890739440918
1591,14.831588745117188
1592,14.899463653564453
1593,14.891450881958008
1594,14.908748626708984
1595,14.818747520446777
1596,14.879660606384277
1597,14.84994888305664
1598,14.795708656311035
1599,14.7850923538208
1600,14.785326957702637
1601,14.852590560913086
1602,14.900829315185547
1603,14.919992446899414
1604,14.910785675048828
1605,14.928443908691406
1606,14.913968086242676
1607,14.865023612976074
1608,14.910619735717773
1609,14.97383975982666
1610,14.858323097229004
1611,14.844586372375488
1612,14.782170295715332
1613,14.85443115234375
1614,14.856234550476074
1615,14.669252395629883
1616,14.754194259643555
1617,14.754427909851074
1618,14.729904174804688
1619,14.70434856414795
1620,14.678238868713379
1621,14.639447212219238
1622,14.668330192565918
1623,14.733071327209473
1624,14.75034236907959
1625,14.75859546661377
1626,14.765892028808594
1627,14.695128440856934
1628,14.743340492248535
1629,14.771103858947754
1630,14.683961868286133
1631,14.638249397277832
1632,14.576364517211914
1633,14.844167709350586
1634,14.692154884338379
1635,14.63803768157959
1636,14.63536262512207
1637,14.75882625579834
1638,14.773452758789062
1639,14.699128150939941
1640,14.598846435546875
1641,14.612275123596191
1642,14.620275497436523
1643,14.62224292755127
1644,14.630401611328125
1645,14.394842147827148
1646,14.421175956726074
1647,14.46357250213623
1648,14.54713249206543
1649,14.646838188171387
1650,14.551249504089355
1651,14.526985168457031
1652,14.535538673400879
1653,14.701001167297363
1654,14.715527534484863
1655,14.58115005493164
1656,14.614246368408203
1657,14.219321250915527
1658,14.179991722106934
1659,14.242385864257812
1660,14.169317245483398
1661,14.221879005432129
1662,14.471505165100098
1663,14.365546226501465
1664,14.758682250976562
1665,14.688915252685547
1666,14.736729621887207
1667,14.747218132019043
1668,14.743078231811523
1669,14.153900146484375
1670,14.093949317932129
1671,14.007377624511719
1672,13.976329803466797
1673,14.042717933654785
1674,14.128503799438477
1675,14.144412994384766
1676,14.203861236572266
1677,14.222232818603516
1678,14.173432350158691
1679,14.212764739990234
1680,14.20482063293457
1681,14.365389823913574
1682,14.199939727783203
1683,14.041363716125488
1684,13.834689140319824
1685,13.683730125427246
1686,13.932939529418945
1687,14.067710876464844
1688,14.084285736083984
1689,13.980148315429688
1690,13.964946746826172
1691,14.033634185791016
1692,14.022069931030273
1693,14.05086612701416
1694,14.037147521972656
1695,13.972068786621094
1696,13.723942756652832
1697,13.848566055297852
1698,13.987676620483398
1699,14.095589637756348
1700,14.085865020751953
1701,14.127143859863281
1702,14.193636894226074
1703,14.37266731262207
1704,14.581311225891113
1705,14.433907508850098
1706,14.230907440185547
1707,14.362751960754395
1708,14.052621841430664
1709,14.101949691772461
1710,14.255376815795898
1711,13.987068176269531
1712,14.0423583984375
1713,14.004621505737305
1714,14.28847885131836
1715,14.353242874145508
1716,14.503257751464844
1717,14.539505958557129
1718,14.529125213623047
1719,14.401800155639648
1720,14.316173553466797
1721,14.401464462280273
1722,14.400426864624023
1723,13.933392524719238
1724,14.193955421447754
1725,14.066333770751953
1726,13.993757247924805
1727,13.975388526916504
1728,13.988685607910156
1729,14.055340766906738
1730,14.2009859085083
1731,14.146981239318848
1732,14.027715682983398
1733,14.367900848388672
1734,14.133453369140625
1735,14.292065620422363
1736,14.402851104736328
1737,14.186358451843262
1738,13.955330848693848
1739,13.858521461486816
1740,14.35591983795166
1741,13.841962814331055
1742,13.782200813293457
1743,14.094886779785156
1744,14.170500755310059
1745,13.723101615905762
1746,13.83324909210205
1747,13.800634384155273
1748,14.237548828125
1749,14.435351371765137
1750,14.631568908691406
1751,14.669205665588379
1752,14.633563995361328
1753,14.648162841796875
1754,14.675477981567383
1755,14.631027221679688
1756,14.564743995666504
1757,14.567791938781738
1758,14.577203750610352
1759,14.461480140686035
1760,14.38259506225586
1761,14.46387004852295
1762,14.412147521972656
1763,14.346731185913086
1764,14.423032760620117
1765,14.401326179504395
1766,14.188923835754395
1767,14.301518440246582
1768,14.169207572937012
1769,14.21330451965332
1770,14.1288423538208
1771,14.489169120788574
1772,14.843382835388184
1773,14.838778495788574
1774,14.845574378967285
1775,14.851436614990234
1776,14.842077255249023
1777,14.654919624328613
1778,14.783198356628418
1779,14.728530883789062
1780,14.86124038696289
1781,14.900656700134277
1782,14.951141357421875
1783,15.01747989654541
1784,14.995845794677734
1785,15.026750564575195
1786,14.98829460144043
1787,14.8768949508667
1788,14.895758628845215
1789,14.973433494567871
1790,15.008434295654297
1791,15.008389472961426
1792,14.914534568786621
1793,14.904436111450195
1794,14.971389770507812
1795,14.716410636901855
1796,14.72541332244873
1797,14.78343677520752
1798,14.700127601623535
1799,14.742003440856934
1800,14.747665405273438
1801,14.811366081237793
1802,14.769774436950684
1803,14.763470649719238
1804,14.618904113769531
1805,14.635584831237793
1806,14.815764427185059
1807,14.864618301391602
1808,14.768233299255371
1809,14.775200843811035
1810,14.819295883178711
1811,14.805842399597168
1812,14.842881202697754
1813,14.769782066345215
1814,14.743020057678223
1815,14.816633224487305
1816,14.810818672180176
1817,14.734312057495117
1818,14.77664852142334
1819,14.505816459655762
1820,14.779064178466797
1821,14.849103927612305
1822,14.936018943786621
1823,14.840330123901367
1824,14.63612174987793
1825,14.951977729797363
1826,14.941181182861328
1827,14.958477973937988
1828,14.97458553314209
1829,14.944928169250488
1830,14.776753425598145
1831,14.661815643310547
1832,14.594847679138184
1833,14.511815071105957
1834,14.588046073913574
1835,14.514638900756836
1836,14.351423263549805
1837,14.319854736328125
1838,13.215709686279297
1839,13.099910736083984
1840,12.995050430297852
1841,12.857805252075195
1842,12.745514869689941
1843,12.718783378601074
1844,12.71438980102539
1845,12.754816055297852
1846,12.776019096374512
1847,12.785979270935059
1848,12.77645206451416
1849,12.735929489135742
1850,12.709637641906738
1851,12.699041366577148
1852,12.664863586425781
1853,12.623639106750488
1854,12.588513374328613
1855,12.570807456970215
1856,12.5563325881958
1857,12.507186889648438
1858,12.51142692565918
1859,12.513758659362793
1860,12.496098518371582
1861,12.50888442993164
1862,12.52854061126709
1863,12.539758682250977
1864,12.517226219177246
1865,12.673148155212402
1866,12.729719161987305
1867,13.070991516113281
1868,13.181168556213379
1869,13.12716007232666
1870,13.16672420501709
1871,13.136348724365234
1872,13.082409858703613
1873,13.214673042297363
1874,13.34510612487793
1875,13.285896301269531
1876,13.171648025512695
1877,13.111727714538574
1878,13.154129028320312
1879,13.139944076538086
1880,13.031323432922363
1881,13.066697120666504
1882,13.023415565490723
1883,13.085343360900879
1884,13.14517593383789
1885,13.24122142791748
1886,13.270538330078125
1887,13.143607139587402
1888,13.135749816894531
1889,13.089624404907227
1890,12.854377746582031
1891,12.884085655212402
1892,13.741047859191895
1893,14.195106506347656
1894,13.578819274902344
1895,13.288662910461426
1896,13.282440185546875
1897,13.128578186035156
1898,13.079174995422363
1899,13.082023620605469
1900,13.008333206176758
1901,12.873189926147461
1902,13.167633056640625
1903,13.258316993713379
1904,13.349714279174805
1905,13.503345489501953
1906,13.409377098083496
1907,13.548724174499512
1908,13.495051383972168
1909,13.489045143127441
1910,13.521636009216309
1911,13.60057258605957
1912,13.386207580566406
1913,13.483567237854004
1914,13.736030578613281
1915,13.996709823608398
1916,14.007514953613281
1917,14.037436485290527
1918,13.87441349029541
1919,14.340629577636719
1920,14.40881633758545
1921,14.348296165466309
1922,14.300902366638184
1923,14.405420303344727
1924,14.433849334716797
1925,14.55096435546875
1926,14.602418899536133
1927,14.59290885925293
1928,14.549911499023438
1929,14.796954154968262
1930,14.703227043151855
1931,14.536345481872559
1932,14.678777694702148
1933,14.407744407653809
1934,14.578433990478516
1935,14.252995491027832
1936,14.509665489196777
1937,14.437166213989258
1938,14.308079719543457
1939,14.421719551086426
1940,14.260353088378906
1941,13.852496147155762
1942,13.689884185791016
1943,13.677923202514648
1944,13.785989761352539
1945,13.810260772705078
1946,13.684802055358887
1947,13.517251968383789
1948,13.60722541809082
1949,13.469399452209473
1950,13.115209579467773
1951,13.197720527648926
1952,12.94938850402832
1953,13.19495677947998
1954,13.106053352355957
1955,12.920051574707031
1956,13.639421463012695
1957,13.885453224182129
1958,13.626142501831055
1959,13.645627975463867
1960,13.754993438720703
1961,13.691529273986816
1962,13.626147270202637
1963,13.609132766723633
1964,13.592957496643066
1965,13.490270614624023
1966,13.626579284667969
1967,13.558497428894043
1968,13.452609062194824
1969,13.43666934967041
1970,13.387643814086914
1971,13.119376182556152
1972,13.156221389770508
1973,13.260393142700195
1974,13.27877426147461
1975,13.54868221282959
1976,13.224514961242676
1977,13.792333602905273
1978,13.963497161865234
1979,14.010397911071777
1980,14.116097450256348
1981,14.067778587341309
1982,13.584811210632324
1983,13.730125427246094
1984,13.707113265991211
1985,13.989360809326172
1986,14.037535667419434
1987,13.935901641845703
1988,13.763161659240723
1989,13.705759048461914
1990,13.646886825561523
1991,13.694130897521973
1992,13.692652702331543
1993,13.488712310791016
1994,13.380048751831055
1995,13.416393280029297
1996,13.281261444091797
1997,13.168292999267578
1998,13.243724822998047
1999,13.414079666137695
2000,12.769804954528809
2001,12.785537719726562
2002,12.78774642944336
2003,12.780906677246094
2004,12.76098346710205
2005,12.73765754699707
2006,12.733330726623535
2007,12.767723083496094
2008,12.749940872192383
2009,12.808330535888672
2010,12.846490859985352
2011,12.867431640625
2012,12.882412910461426
2013,12.806234359741211
2014,12.789529800415039
2015,12.789302825927734
2016,12.800622940063477
2017,12.772810935974121
2018,12.788318634033203
2019,12.795344352722168
2020,12.785918235778809
2021,12.807931900024414
2022,12.803884506225586
2023,12.804327011108398
2024,12.79991626739502
2025,12.776293754577637
2026,12.752958297729492
2027,12.764382362365723
2028,12.755749702453613
2029,12.74783992767334
2030,12.744232177734375
2031,12.746915817260742
2032,12.742789268493652
2033,12.744797706604004
2034,12.734994888305664
2035,12.799680709838867
2036,12.788227081298828
2037,12.80707836151123
2038,12.805960655212402
2039,12.799768447875977
2040,12.787313461303711
2041,12.80180549621582
2042,12.803857803344727
2043,12.79539966583252
2044,12.797404289245605
2045,12.75524616241455
2046,12.768935203552246
2047,12.761187553405762
2048,12.742383003234863
2049,12.772814750671387
2050,12.745512008666992
2051,12.77429485321045
2052,12.770196914672852
2053,12.756897926330566
2054,12.759838104248047
2055,12.76375675201416
2056,12.777448654174805
2057,12.764801979064941
2058,12.768142700195312
2059,12.782081604003906
2060,12.732260704040527
2061,12.68159294128418
2062,12.68791389465332
2063,12.692166328430176
2064,12.695439338684082
2065,12.713769912719727
2066,12.697123527526855
2067,12.72348690032959
2068,12.712894439697266
2069,12.69032096862793
2070,12.69014835357666
2071,12.703226089477539
2072,12.70907974243164
2073,12.72119140625
2074,12.74523639678955
2075,12.736336708068848
2076,12.736305236816406
2077,12.752738952636719
2078,12.744670867919922
2079,12.758748054504395
2080,12.769655227661133
2081,12.72896957397461
2082,12.775680541992188
2083,12.778680801391602
2084,12.741089820861816
2085,12.76224136352539
2086,12.770870208740234
2087,12.674924850463867
2088,12.679414749145508
2089,12.681495666503906
2090,12.682011604309082
2091,12.691102981567383
2092,12.689764976501465
2093,12.69285774230957
2094,12.698931694030762
2095,12.734314918518066
2096,12.704301834106445
2097,12.7067289352417
2098,12.702215194702148
2099,12.705899238586426
2100,12.702780723571777
2101,12.706722259521484
2102,12.690210342407227
2103,12.698528289794922
2104,12.709488868713379
2105,12.697546005249023
2106,12.708231925964355
2107,12.710760116577148
2108,12.734809875488281
2109,12.71449089050293
2110,12.728693008422852
2111,12.748032569885254
2112,12.762700080871582
2113,12.752998352050781
2114,12.975001335144043
2115,14.177987098693848
2116,14.264756202697754
2117,14.213658332824707
2118,14.319342613220215
2119,14.550684928894043
2120,14.569872856140137
2121,14.56259822845459
2122,14.592757225036621
2123,14.324455261230469
2124,14.195771217346191
2125,13.679862976074219
2126,13.52215576171875
2127,13.550292015075684
2128,13.169065475463867
2129,12.879669189453125
2130,12.90046501159668
2131,12.865734100341797
2132,12.853243827819824
2133,12.83401107788086
2134,12.819713592529297
2135,12.901169776916504
2136,13.73236083984375
2137,13.077094078063965
2138,13.250801086425781
2139,13.617081642150879
2140,13.01567554473877
2141,13.427842140197754
2142,13.246779441833496
2143,12.982918739318848
2144,12.90127182006836
2145,12.867901802062988
2146,12.853184700012207
2147,12.80414867401123
2148,12.801493644714355
2149,12.817832946777344
2150,12.801871299743652
2151,12.813429832458496
2152,12.794649124145508
2153,12.773387908935547
2154,12.778241157531738
2155,12.760339736938477
2156,12.775513648986816
2157,12.782611846923828
2158,12.793907165527344
2159,12.78290843963623
2160,12.787708282470703
2161,12.81281566619873
2162,12.802595138549805
2163,12.831453323364258
2164,12.876678466796875
2165,12.867958068847656
2166,12.746866226196289
2167,12.776426315307617
2168,12.765718460083008
2169,12.769387245178223
2170,12.789009094238281
2171,12.791993141174316
2172,12.780799865722656
2173,12.752202987670898
2174,12.783405303955078
2175,12.756813049316406
2176,12.764667510986328
2177,12.759483337402344
2178,12.776481628417969
2179,12.767288208007812
2180,12.761551856994629
2181,12.746983528137207
2182,12.739598274230957
2183,12.758041381835938
2184,12.777313232421875
2185,12.782416343688965
2186,12.789863586425781
2187,12.792635917663574
2188,12.771841049194336
2189,12.758964538574219
2190,12.782480239868164
2191,12.77757453918457
2192,12.800043106079102
2193,12.748892784118652
2194,12.760557174682617
2195,12.714869499206543
2196,12.751237869262695
2197,12.765256881713867
2198,12.86492919921875
2199,12.889653205871582
2200,12.891709327697754
2201,12.868559837341309
2202,13.162677764892578
2203,12.931157112121582
2204,13.376656532287598
2205,12.867058753967285
2206,12.895100593566895
2207,13.061417579650879
2208,12.920567512512207
2209,12.969783782958984
2210,12.813812255859375
2211,12.822014808654785
2212,12.834555625915527
2213,12.82992935180664
2214,12.818391799926758
2215,12.828072547912598
2216,12.815276145935059
2217,12.820365905761719
2218,12.814600944519043
2219,12.915404319763184
2220,12.93994426727295
2221,12.923561096191406
2222,12.949630737304688
2223,13.312520980834961
2224,13.052592277526855
2225,12.98244857788086
2226,13.302045822143555
2227,13.375200271606445
2228,13.008994102478027
2229,12.950865745544434
2230,12.963839530944824
2231,12.9638032913208
2232,13.002610206604004
2233,13.041058540344238
2234,13.031306266784668
2235,12.891247749328613
2236,12.903382301330566
2237,12.809538841247559
2238,12.818819999694824
2239,12.846449851989746
2240,12.861137390136719
2241,12.874778747558594
2242,12.880714416503906
2243,12.866352081298828
2244,12.864307403564453
2245,12.871047973632812
2246,13.20673656463623
2247,13.794854164123535
2248,13.883503913879395
2249,13.311702728271484
2250,13.551326751708984
2251,13.563758850097656
2252,13.066637992858887
2253,13.305694580078125
2254,13.598092079162598
2255,13.171692848205566
2256,13.109151840209961
2257,13.075777053833008
2258,13.281494140625
2259,13.138060569763184
2260,13.1497802734375
2261,12.908045768737793
2262,12.942148208618164
2263,12.972454071044922
2264,12.869765281677246
2265,12.916655540466309
2266,12.91445541381836
2267,12.995089530944824
2268,12.927347183227539
2269,13.392928123474121
2270,13.319578170776367
2271,12.928780555725098
2272,12.927817344665527
2273,13.237595558166504
2274,12.983452796936035
2275,13.130194664001465
2276,13.540958404541016
2277,12.967615127563477
2278,12.886823654174805
2279,12.873403549194336
2280,12.860431671142578
2281,12.84607982635498
2282,12.840968132019043
2283,12.836223602294922
2284,12.835182189941406
2285,12.838688850402832
2286,12.871804237365723
2287,12.873360633850098
2288,12.86098575592041
2289,12.859932899475098
2290,12.856099128723145
2291,12.85053539276123
2292,12.840764045715332
2293,12.818880081176758
2294,12.80335807800293
2295,12.810749053955078
2296,12.806400299072266
2297,12.796734809875488
2298,12.802655220031738
2299,12.801604270935059
2300,12.80510425567627
2301,12.78245735168457
2302,12.800699234008789
2303,12.791763305664062
2304,12.785189628601074
2305,12.783524513244629
2306,12.788118362426758
2307,12.786622047424316
2308,12.786375045776367
2309,12.784905433654785
2310,12.736161231994629
2311,12.750262260437012
2312,12.746285438537598
2313,12.731742858886719
2314,12.730907440185547
2315,12.746260643005371
2316,12.737783432006836
2317,12.777486801147461
2318,12.79434585571289
2319,12.809219360351562
2320,12.728401184082031
2321,12.81383228302002
2322,12.768878936767578
2323,12.777626991271973
2324,12.920949935913086
2325,13.625157356262207
2326,14.494927406311035
2327,14.520516395568848
2328,14.4825439453125
2329,14.607120513916016
2330,14.641764640808105
2331,14.600504875183105
2332,14.63196086883545
2333,14.656678199768066
2334,14.664953231811523
2335,14.553084373474121
2336,14.277627944946289
2337,14.246575355529785
2338,14.251357078552246
2339,14.080293655395508
2340,14.217327117919922
2341,14.708257675170898
2342,14.443029403686523
2343,14.527405738830566
2344,14.545989990234375
2345,14.383683204650879
2346,14.029745101928711
2347,13.690620422363281
2348,13.527661323547363
2349,13.478734970092773
2350,13.235000610351562
2351,13.308826446533203
2352,13.350584983825684
2353,13.903958320617676
2354,14.43384075164795
2355,14.335921287536621
2356,14.57816219329834
2357,14.654905319213867
2358,14.731138229370117
2359,14.713641166687012
2360,14.615917205810547
2361,14.177750587463379
2362,13.468862533569336
2363,13.629351615905762
2364,13.319589614868164
2365,13.194609642028809
2366,13.252863883972168
2367,13.127721786499023
2368,13.118468284606934
2369,13.02646541595459
2370,13.066974639892578
2371,13.262114524841309
2372,13.236769676208496
2373,13.248662948608398
2374,13.325366973876953
2375,13.25317668914795
2376,13.076736450195312
2377,13.266118049621582
2378,13.116276741027832
2379,13.232414245605469
2380,13.011673927307129
2381,13.975799560546875
2382,14.356806755065918
2383,14.269233703613281
2384,13.940284729003906
2385,14.16865348815918
2386,14.365713119506836
2387,13.411836624145508
2388,13.443286895751953
2389,13.192058563232422
2390,13.15673542022705
2391,13.195964813232422
2392,13.107675552368164
2393,13.435643196105957
2394,13.382508277893066
2395,13.21408748626709
2396,13.150992393493652
2397,13.197489738464355
2398,13.143708229064941
2399,13.080401420593262
2400,13.014184951782227
2401,12.94710636138916
2402,12.930158615112305
2403,12.925566673278809
2404,12.88491439819336
2405,12.910027503967285
2406,12.891575813293457
2407,13.305818557739258
2408,13.770231246948242
2409,13.99035358428955
2410,13.976202011108398
2411,13.485698699951172
2412,13.307738304138184
2413,13.485357284545898
2414,13.807032585144043
2415,14.059406280517578
2416,13.52173900604248
2417,13.483696937561035
2418,13.398880004882812
2419,13.199939727783203
2420,13.39860725402832
2421,13.338618278503418
2422,13.173208236694336
2423,13.038029670715332
2424,13.005949974060059
2425,13.004387855529785
2426,13.008217811584473
2427,13.020055770874023
2428,13.244379997253418
2429,13.201173782348633
2430,13.18259334564209
2431,13.022993087768555
2432,13.47629165649414
2433,14.110991477966309
2434,13.716571807861328
2435,14.172332763671875
2436,14.19893741607666
2437,14.131345748901367
2438,14.135123252868652
2439,14.119821548461914
2440,14.462559700012207
2441,14.474767684936523
2442,14.276012420654297
2443,13.772229194641113
2444,14.557045936584473
2445,14.460433959960938
2446,14.475314140319824
2447,14.300371170043945
2448,13.619417190551758
2449,13.546908378601074
2450,13.354552268981934
2451,13.689777374267578
2452,13.449491500854492
2453,13.675204277038574
2454,13.616835594177246
2455,13.67564582824707
2456,13.596088409423828
2457,13.534945487976074
2458,13.435585021972656
2459,14.37964153289795
2460,14.403409957885742
2461,14.323226928710938
2462,14.45829963684082
2463,14.473433494567871
2464,14.512591361999512
2465,14.669523239135742
2466,14.73520278930664
2467,14.594256401062012
2468,14.5150785446167
2469,14.499216079711914
2470,14.513285636901855
2471,14.475738525390625
2472,14.483099937438965
2473,14.539793014526367
2474,14.368419647216797
2475,14.409540176391602
2476,14.327409744262695
2477,14.216657638549805
2478,14.278282165527344
2479,14.455765724182129
2480,14.263496398925781
2481,14.311196327209473
2482,14.434220314025879
2483,14.469345092773438
2484,14.695101737976074
2485,14.696666717529297
2486,14.840847969055176
2487,14.82099437713623
2488,14.840780258178711
2489,14.875638008117676
2490,14.854633331298828
2491,14.796144485473633
2492,14.78760051727295
2493,14.829814910888672
2494,14.83753490447998
2495,14.739785194396973
2496,14.623186111450195
2497,14.647968292236328
2498,14.708868026733398
2499,14.71143627166748
2500,15.629894256591797
2501,15.671942710876465
2502,15.6779146194458
2503,15.517326354980469
2504,15.34138298034668
2505,15.261734008789062
2506,15.331786155700684
2507,15.471951484680176
2508,15.587797164916992
2509,15.452055931091309
2510,15.460335731506348
2511,15.516249656677246
2512,15.69651985168457
2513,15.17039680480957
2514,14.884238243103027
2515,15.481741905212402
2516,15.55915641784668
2517,15.574262619018555
2518,15.591910362243652
2519,15.685284614562988
2520,15.373403549194336
2521,15.561603546142578
2522,15.578226089477539
2523,15.749241828918457
2524,15.742040634155273
2525,15.735088348388672
2526,15.752873420715332
2527,15.581782341003418
2528,15.645729064941406
2529,15.640336990356445
2530,15.732160568237305
2531,15.709123611450195
2532,15.65626335144043
2533,15.68138313293457
2534,15.673714637756348
2535,15.637115478515625
2536,15.548202514648438
2537,15.541142463684082
2538,15.220094680786133
2539,15.11984920501709
2540,15.113821983337402
2541,14.948164939880371
2542,14.841565132141113
2543,15.010052680969238
2544,15.117831230163574
2545,15.160600662231445
2546,15.217283248901367
2547,15.259716987609863
2548,15.188947677612305
2549,15.10798168182373
2550,15.142716407775879
2551,14.983230590820312
2552,14.969317436218262
2553,14.862049102783203
2554,15.136999130249023
2555,15.193321228027344
2556,15.092466354370117
2557,15.109771728515625
2558,15.101325035095215
2559,15.091405868530273
2560,15.01065731048584
2561,14.76892375946045
2562,14.829933166503906
2563,15.101797103881836
2564,14.98968505859375
2565,15.258354187011719
2566,15.198263168334961
2567,15.113432884216309
2568,15.267595291137695
2569,15.067034721374512
2570,15.121790885925293
2571,14.933128356933594
2572,15.309880256652832
2573,15.15737247467041
2574,15.167853355407715
2575,15.291573524475098
2576,15.455883979797363
2577,15.496274948120117
2578,15.466611862182617
2579,15.621781349182129
2580,15.492042541503906
2581,15.482549667358398
2582,15.445768356323242
2583,15.3846435546875
2584,15.408625602722168
2585,15.351484298706055
2586,15.256573677062988
2587,15.14168930053711
2588,15.007237434387207
2589,14.88405704498291
2590,14.843643188476562
2591,15.157439231872559
2592,15.098686218261719
2593,15.150613784790039
2594,15.162598609924316
2595,15.125574111938477
2596,15.102551460266113
2597,15.082671165466309
2598,15.078558921813965
2599,14.848783493041992
2600,14.858197212219238
2601,14.732450485229492
2602,15.181649208068848
2603,14.676067352294922
2604,15.122967720031738
2605,15.200008392333984
2606,14.961753845214844
2607,15.05622673034668
2608,15.047818183898926
2609,14.961932182312012
2610,15.128278732299805
2611,15.080545425415039
2612,15.092724800109863
2613,14.901668548583984
2614,15.007760047912598
2615,14.89132022857666
2616,14.722734451293945
2617,14.138444900512695
2618,13.845292091369629
2619,13.68580150604248
2620,13.650161743164062
2621,13.504945755004883
2622,13.481508255004883
2623,13.455937385559082
2624,13.370121955871582
2625,13.346174240112305
2626,13.412128448486328
2627,13.254199028015137
2628,13.227092742919922
2629,13.313488960266113
2630,13.38782787322998
2631,13.440193176269531
2632,13.426682472229004
2633,13.448647499084473
2634,13.400215148925781
2635,13.26308536529541
2636,13.311699867248535
2637,13.38265609741211
2638,13.433445930480957
2639,13.42189884185791
2640,13.39653491973877
2641,13.342321395874023
2642,13.437797546386719
2643,13.438850402832031
2644,13.655538558959961
2645,13.795415878295898
2646,14.047747611999512
2647,13.909477233886719
2648,13.471513748168945
2649,13.589250564575195
2650,13.716748237609863
2651,13.787240028381348
2652,14.178339004516602
2653,14.10470962524414
2654,14.175046920776367
2655,14.389386177062988
2656,14.360686302185059
2657,14.489986419677734
2658,14.57595443725586
2659,14.629029273986816
2660,14.60254192352295
2661,14.491168975830078
2662,14.336869239807129
2663,14.345735549926758
2664,14.252500534057617
2665,14.138520240783691
2666,13.99502182006836
2667,13.787221908569336
2668,13.989593505859375
2669,13.896194458007812
2670,14.559046745300293
2671,14.551554679870605
2672,14.307159423828125
2673,14.295276641845703
2674,14.211039543151855
2675,13.96611499786377
2676,13.921302795410156
2677,13.933121681213379
2678,13.915678024291992
2679,13.85122299194336
2680,13.798423767089844
2681,13.848179817199707
2682,13.69774055480957
2683,13.548264503479004
2684,13.452460289001465
2685,13.558823585510254
2686,13.644376754760742
2687,13.675251007080078
2688,13.535842895507812
2689,13.451996803283691
2690,13.616381645202637
2691,13.420273780822754
2692,13.485075950622559
2693,13.402416229248047
2694,13.553976058959961
2695,13.62144660949707
2696,13.746787071228027
2697,13.651885986328125
2698,13.778160095214844
2699,13.794520378112793
2700,13.876681327819824
2701,13.844009399414062
2702,13.828222274780273
2703,14.200955390930176
2704,14.625904083251953
2705,14.72838306427002
2706,14.642672538757324
2707,14.425580978393555
2708,15.006905555725098
2709,15.08046817779541
2710,15.002103805541992
2711,15.03793716430664
2712,15.02879810333252
2713,14.752924919128418
2714,14.339272499084473
2715,14.301347732543945
2716,14.679365158081055
2717,14.93559741973877
2718,14.947576522827148
2719,14.796717643737793
2720,14.679988861083984
2721,14.584929466247559
2722,14.470151901245117
2723,14.499820709228516
2724,14.611542701721191
2725,14.745026588439941
2726,14.874198913574219
2727,14.76038932800293
2728,14.71281623840332
2729,14.537353515625
2730,14.358941078186035
2731,14.1995267868042
2732,14.085490226745605
2733,14.185518264770508
2734,14.083621978759766
2735,13.971651077270508
2736,13.990801811218262
2737,13.883048057556152
2738,13.730039596557617
2739,13.606225967407227
2740,13.456498146057129
2741,13.365168571472168
2742,13.302257537841797
2743,13.322422981262207
2744,13.358257293701172
2745,13.364192008972168
2746,13.448904037475586
2747,13.55652141571045
2748,13.580016136169434
2749,13.510225296020508
2750,13.539538383483887
2751,13.453414916992188
2752,14.067096710205078
2753,13.782812118530273
2754,13.981958389282227
2755,13.901993751525879
2756,13.95468521118164
2757,13.971844673156738
2758,13.814130783081055
2759,13.807541847229004
2760,13.750700950622559
2761,13.634649276733398
2762,13.525708198547363
2763,13.403584480285645
2764,13.326841354370117
2765,13.2987699508667
2766,13.266676902770996
2767,13.11739444732666
2768,13.04788589477539
2769,13.011425018310547
2770,12.910983085632324
2771,12.968029022216797
2772,12.895195960998535
2773,12.925846099853516
2774,12.973536491394043
2775,13.002985954284668
2776,13.072330474853516
2777,13.129501342773438
2778,12.98723030090332
2779,12.843066215515137
2780,12.864278793334961
2781,12.955361366271973
2782,12.924151420593262
2783,12.919014930725098
2784,12.940849304199219
2785,13.12183952331543
2786,13.14655590057373
2787,13.119182586669922
2788,13.076820373535156
2789,13.035475730895996
2790,12.975303649902344
2791,12.902430534362793
2792,12.715006828308105
2793,12.706707954406738
2794,12.634908676147461
2795,12.757667541503906
2796,12.755558013916016
2797,12.72529125213623
2798,12.72767162322998
2799,12.776878356933594
2800,12.848426818847656
2801,12.839262008666992
2802,12.813821792602539
2803,12.796255111694336
2804,12.704253196716309
2805,12.88298225402832
2806,12.816337585449219
2807,12.958850860595703
2808,13.046550750732422
2809,13.105012893676758
2810,12.874530792236328
2811,12.837702751159668
2812,12.937686920166016
2813,12.916382789611816
2814,12.81562328338623
2815,12.709946632385254
2816,12.729196548461914
2817,12.617724418640137
2818,12.569509506225586
2819,12.485869407653809
2820,12.438754081726074
2821,12.411355018615723
2822,12.429561614990234
2823,12.34762954711914
2824,12.403559684753418
2825,12.378772735595703
2826,12.32046890258789
2827,12.260058403015137
2828,12.293408393859863
2829,12.243043899536133
2830,12.307075500488281
2831,12.208100318908691
2832,12.083264350891113
2833,12.128288269042969
2834,12.505825996398926
2835,12.664739608764648
2836,12.582695007324219
2837,12.97353744506836
2838,12.928592681884766
2839,12.99963092803955
2840,13.154166221618652
2841,13.075560569763184
2842,12.982902526855469
2843,13.134061813354492
2844,13.0313138961792
2845,13.124384880065918
2846,13.456274032592773
2847,13.506230354309082
2848,13.44174861907959
2849,13.318116188049316
2850,13.161578178405762
2851,13.028078079223633
2852,13.037385940551758
2853,12.956449508666992
2854,12.882285118103027
2855,12.880941390991211
2856,13.010011672973633
2857,13.316134452819824
2858,13.321122169494629
2859,13.161238670349121
2860,13.124367713928223
2861,13.047506332397461
2862,13.284796714782715
2863,13.044306755065918
2864,13.257959365844727
2865,13.805771827697754
2866,13.648213386535645
2867,13.761882781982422
2868,13.896522521972656
2869,13.932600021362305
2870,14.205424308776855
2871,14.193394660949707
2872,14.115535736083984
2873,14.184135437011719
2874,14.009111404418945
2875,14.02388858795166
2876,13.915135383605957
2877,13.835453987121582
2878,13.916183471679688
2879,13.794588088989258
2880,13.651078224182129
2881,13.667401313781738
2882,13.738089561462402
2883,13.648675918579102
2884,13.804218292236328
2885,13.821412086486816
2886,14.24731731414795
2887,14.043904304504395
2888,13.830528259277344
2889,13.817334175109863
2890,14.228753089904785
2891,14.134675025939941
2892,13.939274787902832
2893,14.015449523925781
2894,13.97128963470459
2895,13.997271537780762
2896,14.21701431274414
2897,14.206659317016602
2898,14.630685806274414
2899,14.560454368591309
2900,14.150720596313477
2901,14.506338119506836
2902,14.683359146118164
2903,14.711347579956055
2904,14.380035400390625
2905,14.34121322631836
2906,14.380711555480957
2907,14.247581481933594
2908,14.460558891296387
2909,14.504257202148438
2910,14.123140335083008
2911,13.904826164245605
2912,13.937472343444824
2913,14.453254699707031
2914,14.285542488098145
2915,13.843520164489746
2916,13.964027404785156
2917,13.863282203674316
2918,14.599419593811035
2919,14.55211067199707
2920,14.522831916809082
2921,14.613664627075195
2922,14.494407653808594
2923,14.464838981628418
2924,14.559494972229004
2925,14.674535751342773
2926,14.85545825958252
2927,14.846302032470703
2928,14.750347137451172
2929,14.764348030090332
2930,14.22121810913086
2931,14.259135246276855
2932,14.131477355957031
2933,14.177074432373047
2934,14.081686019897461
2935,14.080648422241211
2936,14.181683540344238
2937,14.115133285522461
2938,14.301377296447754
2939,14.220134735107422
2940,14.21437931060791
2941,14.03075885772705
2942,14.08776569366455
2943,14.571528434753418
2944,14.78658676147461
2945,14.833662986755371
2946,14.852968215942383
2947,14.898200035095215
2948,14.805424690246582
2949,14.831355094909668
2950,15.03210735321045
2951,15.150872230529785
2952,15.124968528747559
2953,15.326064109802246
2954,14.97679615020752
2955,15.235023498535156
2956,15.308650016784668
2957,15.049356460571289
2958,15.21108341217041
2959,15.229848861694336
2960,15.115910530090332
2961,15.213394165039062
2962,15.204305648803711
2963,15.138707160949707
2964,15.08108901977539
2965,14.566305160522461
2966,14.548567771911621
2967,15.283703804016113
2968,15.244719505310059
2969,15.151344299316406
2970,14.477359771728516
2971,14.639656066894531
2972,14.636540412902832
2973,14.545286178588867
2974,15.061216354370117
2975,15.214458465576172
2976,15.23942756652832
2977,15.088858604431152
2978,15.288314819335938
2979,15.35971450805664
2980,15.394781112670898
2981,15.323166847229004
2982,15.26842975616455
2983,15.237726211547852
2984,15.174558639526367
2985,15.167832374572754
2986,15.159461975097656
2987,15.15842342376709
2988,15.115138053894043
2989,15.096877098083496
2990,15.084712028503418
2991,15.066984176635742
2992,14.973381042480469
2993,14.927847862243652
2994,14.952264785766602
2995,14.908798217773438
2996,14.449915885925293
2997,15.031241416931152
2998,15.127266883850098
2999,15.31623649597168
3000,14.955248832702637
3001,14.812833786010742
3002,14.821208000183105
3003,15.016517639160156
3004,14.855332374572754
3005,14.856555938720703
3006,14.895760536193848
3007,14.98643684387207
3008,15.010804176330566
3009,14.843132019042969
3010,14.875596046447754
3011,14.840968132019043
3012,14.671273231506348
3013,14.712575912475586
3014,14.82034683227539
3015,14.868176460266113
3016,14.712176322937012
3017,14.794456481933594
3018,14.867599487304688
3019,15.019761085510254
3020,14.854494094848633
3021,14.721473693847656
3022,14.880125999450684
3023,14.768501281738281
3024,14.776810646057129
3025,14.947608947753906
3026,14.890351295471191
3027,14.843948364257812
3028,14.900545120239258
3029,14.783023834228516
3030,14.789920806884766
3031,14.959060668945312
3032,15.00922966003418
3033,15.087815284729004
3034,15.164024353027344
3035,15.033082962036133
3036,15.072624206542969
3037,15.10244083404541
3038,15.248347282409668
3039,15.221583366394043
3040,15.119117736816406
3041,15.191339492797852
3042,15.147612571716309
3043,15.078204154968262
3044,15.238187789916992
3045,15.206507682800293
3046,15.364062309265137
3047,15.34557819366455
3048,15.354802131652832
3049,15.429494857788086
3050,15.505361557006836
3051,15.473294258117676
3052,15.472038269042969
3053,15.483777046203613
3054,15.469608306884766
3055,15.487332344055176
3056,15.454839706420898
3057,15.451639175415039
3058,15.435620307922363
3059,15.392212867736816
3060,15.409695625305176
3061,15.38425350189209
3062,15.295903205871582
3063,15.319500923156738
3064,15.235369682312012
3065,15.393296241760254
3066,15.237722396850586
3067,15.260247230529785
3068,15.232861518859863
3069,15.256684303283691
3070,15.256299018859863
3071,15.227712631225586
3072,15.217604637145996
3073,15.140890121459961
3074,15.11871337890625
3075,15.109840393066406
3076,15.080209732055664
3077,15.057832717895508
3078,15.160564422607422
3079,15.097491264343262
3080,14.860979080200195
3081,14.82162094116211
3082,14.819804191589355
3083,14.799154281616211
3084,14.74655818939209
3085,14.76144027709961
3086,14.827699661254883
3087,14.878849983215332
3088,14.914047241210938
3089,14.886650085449219
3090,14.83103084564209
3091,14.80839729309082
3092,14.857951164245605
3093,14.779743194580078
3094,14.72922134399414
3095,14.868680000305176
3096,14.843438148498535
3097,14.890024185180664
3098,14.786310195922852
3099,14.734238624572754
3100,14.696932792663574
3101,14.822793006896973
3102,14.930790901184082
3103,15.034093856811523
3104,15.028532028198242
3105,14.780181884765625
3106,14.940041542053223
3107,15.006542205810547
3108,15.018613815307617
3109,15.14490795135498
3110,15.231825828552246
3111,15.234923362731934
3112,15.174803733825684
3113,15.269495964050293
3114,15.257054328918457
3115,15.314901351928711
3116,15.318156242370605
3117,15.415505409240723
3118,15.33112621307373
3119,15.210211753845215
3120,15.238627433776855
3121,15.157988548278809
3122,15.09097957611084
3123,15.14527416229248
3124,15.223878860473633
3125,15.361465454101562
3126,15.320734024047852
3127,15.183516502380371
3128,15.204253196716309
3129,15.164813995361328
3130,15.335448265075684
3131,15.392911911010742
3132,15.382987022399902
3133,15.337608337402344
3134,15.303018569946289
3135,15.339442253112793
3136,15.31546401977539
3137,15.402080535888672
3138,15.385577201843262
3139,15.470488548278809
3140,15.346395492553711
3141,15.400958061218262
3142,15.464313507080078
3143,15.429542541503906
3144,15.365144729614258
3145,15.407540321350098
3146,15.316296577453613
3147,15.304052352905273
3148,15.27019214630127
3149,15.271172523498535
3150,15.30837631225586
3151,14.656518936157227
3152,14.45189380645752
3153,14.37654972076416
3154,14.29678726196289
3155,14.245994567871094
3156,14.221471786499023
3157,14.226252555847168
3158,14.221735000610352
3159,14.200101852416992
3160,14.18088436126709
3161,14.079242706298828
3162,14.060314178466797
3163,13.997965812683105
3164,13.98245620727539
3165,14.049878120422363
3166,14.052520751953125
3167,14.054234504699707
3168,14.107965469360352
3169,14.153846740722656
3170,14.123050689697266
3171,14.11443042755127
3172,14.13416576385498
3173,14.19047737121582
3174,14.36694049835205
3175,14.348835945129395
3176,14.183530807495117
3177,14.484996795654297
3178,14.477432250976562
3179,14.500096321105957
3180,14.540009498596191
3181,14.354758262634277
3182,14.488045692443848
3183,14.532073974609375
3184,14.566678047180176
3185,14.565282821655273
3186,14.439125061035156
3187,14.506521224975586
3188,14.40254020690918
3189,14.386194229125977
3190,14.370668411254883
3191,14.261785507202148
3192,14.20861530303955
3193,14.29266357421875
3194,14.395781517028809
3195,14.32259464263916
3196,14.420499801635742
3197,14.402042388916016
3198,14.378424644470215
3199,14.40564250946045
3200,14.447980880737305
3201,14.666080474853516
3202,14.70824909210205
3203,14.612834930419922
3204,14.775993347167969
3205,14.7865571975708
3206,14.808839797973633
3207,14.656102180480957
3208,14.7785062789917
3209,14.85496711730957
3210,14.808964729309082
3211,15.028450012207031
3212,15.077549934387207
3213,15.267740249633789
3214,15.125391960144043
3215,15.17794132232666
3216,15.237120628356934
3217,15.267156600952148
3218,15.345736503601074
3219,15.340160369873047
3220,15.345475196838379
3221,15.334816932678223
3222,15.343406677246094
3223,15.333620071411133
3224,15.270370483398438
3225,15.2097749710083
3226,15.195709228515625
3227,15.188376426696777
3228,14.805908203125
3229,14.738595962524414
3230,14.797904968261719
3231,14.809928894042969
3232,14.998445510864258
3233,14.880509376525879
3234,14.991806983947754
3235,14.981141090393066
3236,14.661945343017578
3237,14.658793449401855
3238,14.730110168457031
3239,14.798126220703125
3240,14.593317985534668
3241,14.45498275756836
3242,14.548236846923828
3243,14.489837646484375
3244,14.5436429977417
3245,14.56650161743164
3246,14.562664985656738
3247,14.461868286132812
3248,14.447137832641602
3249,14.464276313781738
3250,14.464696884155273
3251,14.42514419555664
3252,14.350767135620117
3253,14.375990867614746
3254,14.364123344421387
3255,14.53768539428711
3256,14.443790435791016
3257,14.44251537322998
3258,14.350252151489258
3259,14.325037002563477
3260,14.27067756652832
3261,14.196063995361328
3262,14.232599258422852
3263,14.278538703918457
3264,14.30734920501709
3265,14.362191200256348
3266,14.377659797668457
3267,14.299480438232422
3268,14.344783782958984
3269,14.308429718017578
3270,14.157353401184082
3271,14.195964813232422
3272,14.397647857666016
3273,14.390933990478516
3274,14.41568660736084
3275,14.48533821105957
3276,14.518308639526367
3277,14.416170120239258
3278,14.523210525512695
3279,14.515533447265625
3280,14.566479682922363
3281,14.520594596862793
3282,14.794246673583984
3283,14.756197929382324
3284,14.694497108459473
3285,14.710280418395996
3286,14.730213165283203
3287,14.780661582946777
3288,14.829315185546875
3289,14.851411819458008
3290,14.797616958618164
3291,14.761759757995605
3292,14.873010635375977
3293,14.92529296875
3294,14.918137550354004
3295,15.130714416503906
3296,14.905324935913086
3297,15.025219917297363
3298,14.955004692077637
3299,14.98720645904541
3300,14.999801635742188
3301,15.072615623474121
3302,15.06888198852539
3303,15.148880004882812
3304,15.057991027832031
3305,15.104475975036621
3306,15.156963348388672
3307,15.288877487182617
3308,15.329595565795898
3309,15.13554573059082
3310,15.225799560546875
3311,15.39270305633545
3312,15.32856273651123
3313,15.278251647949219
3314,15.1651611328125
3315,15.313316345214844
3316,15.218365669250488
3317,15.402050018310547
3318,15.376185417175293
3319,15.445798873901367
3320,15.43807315826416
3321,15.460517883300781
3322,15.312844276428223
3323,15.432940483093262
3324,15.35806941986084
3325,15.366009712219238
3326,15.44900894165039
3327,15.436232566833496
3328,15.468381881713867
3329,15.46854305267334
3330,15.44693374633789
3331,15.396949768066406
3332,15.388429641723633
3333,15.195586204528809
3334,15.35008430480957
3335,15.196837425231934
3336,15.135871887207031
3337,15.086499214172363
3338,15.045316696166992
3339,15.133652687072754
3340,15.115013122558594
3341,15.042852401733398
3342,14.934643745422363
3343,15.127643585205078
3344,15.084750175476074
3345,15.00600814819336
3346,14.733031272888184
3347,14.70765209197998
3348,14.720867156982422
3349,14.808564186096191
3350,14.735785484313965
3351,14.794561386108398
3352,14.894424438476562
3353,14.861433029174805
3354,14.760723114013672
3355,14.765334129333496
3356,14.750092506408691
3357,14.946173667907715
3358,14.810525894165039
3359,14.8079833984375
3360,14.808757781982422
3361,14.716562271118164
3362,14.31197738647461
3363,14.246540069580078
3364,14.220093727111816
3365,14.206918716430664
3366,14.217090606689453
3367,14.202360153198242
3368,14.185113906860352
3369,14.17235279083252
3370,14.179394721984863
3371,14.16247844696045
3372,14.013182640075684
3373,14.01046085357666
3374,14.034672737121582
3375,14.016263961791992
3376,13.991266250610352
3377,13.977499008178711
3378,13.967897415161133
3379,13.980817794799805
3380,13.94776439666748
3381,13.955236434936523
3382,13.98910140991211
3383,13.9994535446167
3384,13.966702461242676
3385,13.978914260864258
3386,13.968005180358887
3387,14.0221586227417
3388,14.02854061126709
3389,14.079215049743652
3390,14.080653190612793
3391,14.013016700744629
3392,13.999262809753418
3393,13.993675231933594
3394,13.971219062805176
3395,13.988940238952637
3396,13.989954948425293
3397,14.004294395446777
3398,13.996955871582031
3399,13.984375
3400,13.997838973999023
3401,14.004426956176758
3402,14.034554481506348
3403,13.992973327636719
3404,14.04452133178711
3405,14.034496307373047
3406,14.030220985412598
3407,14.021137237548828
3408,13.929143905639648
3409,13.860376358032227
3410,13.887544631958008
3411,13.867402076721191
3412,13.913736343383789
3413,13.901148796081543
3414,13.885248184204102
3415,13.959432601928711
3416,13.891369819641113
3417,13.926758766174316
3418,13.971988677978516
3419,14.001728057861328
3420,14.036508560180664
3421,14.1491060256958
3422,14.346659660339355
3423,14.183418273925781
3424,14.145793914794922
3425,14.15659236907959
3426,14.312932014465332
3427,14.249383926391602
3428,14.181390762329102
3429,14.303874015808105
3430,14.307125091552734
3431,14.400735855102539
3432,14.489338874816895
3433,14.496651649475098
3434,14.519179344177246
3435,14.528182983398438
3436,14.601814270019531
3437,14.698272705078125
3438,14.819513320922852
3439,14.800431251525879
3440,14.85473918914795
3441,14.87269401550293
3442,14.94320011138916
3443,14.781891822814941
3444,14.769294738769531
3445,14.884312629699707
3446,14.736763000488281
3447,14.940996170043945
3448,14.883706092834473
3449,14.517459869384766
3450,14.662225723266602
3451,14.727286338806152
3452,14.602642059326172
3453,14.692512512207031
3454,14.682085990905762
3455,14.579172134399414
3456,14.613905906677246
3457,14.70026969909668
3458,14.68916130065918
3459,14.753972053527832
3460,14.790959358215332
3461,14.724508285522461
3462,14.689142227172852
3463,14.692858695983887
3464,14.758134841918945
3465,14.728068351745605
3466,14.729528427124023
3467,14.759501457214355
3468,14.776045799255371
3469,14.905077934265137
3470,14.968633651733398
3471,14.749468803405762
3472,14.656699180603027
3473,14.661025047302246
3474,14.659680366516113
3475,14.704867362976074
3476,14.691113471984863
3477,14.687959671020508
3478,14.75049877166748
3479,14.660667419433594
3480,14.515891075134277
3481,14.577990531921387
3482,14.684694290161133
3483,14.700043678283691
3484,14.627727508544922
3485,14.610796928405762
3486,14.703908920288086
3487,14.7399263381958
3488,14.582813262939453
3489,14.540966987609863
3490,14.490687370300293
3491,14.516282081604004
3492,14.559240341186523
3493,14.560937881469727
3494,14.606707572937012
3495,14.690378189086914
3496,14.781968116760254
3497,14.741034507751465
3498,14.816760063171387
3499,14.73305892944336
3500,14.646079063415527
3501,14.711711883544922
3502,14.580486297607422
3503,14.587204933166504
3504,14.546576499938965
3505,14.511037826538086
3506,14.533914566040039
3507,14.552199363708496
3508,14.548364639282227
3509,14.528687477111816
3510,14.516487121582031
3511,14.58294677734375
3512,14.583128929138184
3513,14.635042190551758
3514,14.581439971923828
3515,14.605178833007812
3516,14.609295845031738
3517,14.69776439666748
3518,14.756848335266113
3519,14.676515579223633
3520,14.694738388061523
3521,14.60717487335205
3522,14.598726272583008
3523,14.384108543395996
3524,14.372551918029785
3525,14.288263320922852
3526,14.284682273864746
3527,14.266580581665039
3528,14.279654502868652
3529,14.281917572021484
3530,14.316398620605469
3531,14.317530632019043
3532,14.267885208129883
3533,14.24722957611084
3534,14.272858619689941
3535,14.213204383850098
3536,14.173527717590332
3537,14.147665977478027
3538,14.10550308227539
3539,14.085719108581543
3540,14.07519245147705
3541,14.07399845123291
3542,14.091955184936523
3543,14.106856346130371
3544,14.108202934265137
3545,14.086572647094727
3546,14.085055351257324
3547,14.317201614379883
3548,14.261821746826172
3549,14.204666137695312
3550,14.117965698242188
3551,14.099968910217285
3552,14.12041187286377
3553,14.149980545043945
3554,14.141875267028809
3555,14.177085876464844
3556,14.188901901245117
3557,14.133590698242188
3558,14.1511869430542
3559,14.135114669799805
3560,14.167630195617676
3561,14.276961326599121
3562,14.410809516906738
3563,14.330004692077637
3564,14.299847602844238
3565,14.294434547424316
3566,14.243671417236328
3567,14.275557518005371
3568,14.22998046875
3569,14.29912281036377
3570,14.421271324157715
3571,14.301613807678223
3572,14.277273178100586
3573,14.426411628723145
3574,14.185972213745117
3575,14.225131034851074
3576,14.219008445739746
3577,14.298393249511719
3578,14.345605850219727
3579,14.559003829956055
3580,14.636582374572754
3581,14.590368270874023
3582,14.624217987060547
3583,14.751681327819824
3584,14.773377418518066
3585,15.014118194580078
3586,14.820043563842773
3587,14.936376571655273
3588,14.786645889282227
3589,14.856440544128418
3590,14.827219009399414
3591,14.741127014160156
3592,14.680667877197266
3593,14.693345069885254
3594,14.634270668029785
3595,14.60152816772461
3596,14.575592041015625
3597,14.60678482055664
3598,14.53473949432373
3599,14.548095703125
3600,14.725306510925293
3601,14.761052131652832
3602,14.762617111206055
3603,14.776308059692383
3604,14.788548469543457
3605,14.784310340881348
3606,14.714985847473145
3607,14.656512260437012
3608,14.563438415527344
3609,14.495257377624512
3610,14.478279113769531
3611,14.420279502868652
3612,14.416177749633789
3613,14.484870910644531
3614,14.473773956298828
3615,14.409950256347656
3616,14.437845230102539
3617,14.510896682739258
3618,14.394173622131348
3619,14.44686222076416
3620,14.481666564941406
3621,14.41026782989502
3622,14.411117553710938
3623,14.428875923156738
3624,14.357122421264648
3625,14.428863525390625
3626,14.416460037231445
3627,14.372589111328125
3628,14.490437507629395
3629,14.238085746765137
3630,14.348334312438965
3631,14.513537406921387
3632,14.383071899414062
3633,14.431824684143066
3634,14.411316871643066
3635,14.446795463562012
3636,14.465883255004883
3637,14.414237022399902
3638,14.528919219970703
3639,14.474082946777344
3640,14.507128715515137
3641,14.530508995056152
3642,14.379134178161621
3643,14.422300338745117
3644,14.435887336730957
3645,14.49155044555664
3646,14.496883392333984
3647,14.481181144714355
3648,14.631816864013672
3649,14.496953964233398
3650,14.490986824035645
3651,14.475656509399414
3652,14.45007610321045
3653,14.446930885314941
3654,14.415806770324707
3655,14.59611988067627
3656,14.666610717773438
3657,14.715289115905762
3658,14.615659713745117
3659,14.72855281829834
3660,14.680694580078125
3661,14.665953636169434
3662,14.663800239562988
3663,14.637171745300293
3664,14.548616409301758
3665,14.580784797668457
3666,14.559752464294434
3667,14.503255844116211
3668,14.630661010742188
3669,14.514725685119629
3670,14.441486358642578
3671,14.541696548461914
3672,14.575634956359863
3673,14.39559268951416
3674,14.383840560913086
3675,14.484719276428223
3676,14.606597900390625
3677,14.465078353881836
3678,14.34031867980957
3679,14.341116905212402
3680,14.313408851623535
3681,14.121768951416016
3682,14.089072227478027
3683,14.087911605834961
3684,14.069738388061523
3685,14.076390266418457
3686,14.072750091552734
3687,14.055292129516602
3688,14.043814659118652
3689,14.049818992614746
3690,14.047290802001953
3691,14.028687477111816
3692,14.024909973144531
3693,14.01468563079834
3694,14.005117416381836
3695,14.007091522216797
3696,14.009116172790527
3697,14.020492553710938
3698,14.033754348754883
3699,14.041403770446777
3700,14.037311553955078
3701,14.040695190429688
3702,14.05664348602295
3703,14.062926292419434
3704,14.043484687805176
3705,14.03154182434082
3706,14.058595657348633
3707,14.054157257080078
3708,14.002559661865234
3709,13.993877410888672
3710,14.008744239807129
3711,14.001348495483398
3712,13.999032974243164
3713,14.015228271484375
3714,14.036274909973145
3715,14.048501014709473
3716,14.045746803283691
3717,14.033607482910156
3718,14.023114204406738
3719,14.032761573791504
3720,14.05180835723877
3721,14.066710472106934
3722,14.080924034118652
3723,14.076727867126465
3724,14.102594375610352
3725,14.09146499633789
3726,14.1427583694458
3727,14.092595100402832
3728,14.091329574584961
3729,14.103704452514648
3730,14.124006271362305
3731,14.119450569152832
3732,14.102065086364746
3733,14.110671997070312
3734,14.101475715637207
3735,13.996492385864258
3736,13.994925498962402
3737,13.977934837341309
3738,13.987615585327148
3739,13.98155689239502
3740,13.9864501953125
3741,13.991707801818848
3742,14.076631546020508
3743,14.101991653442383
3744,14.228529930114746
3745,14.331181526184082
3746,14.429084777832031
3747,14.43111801147461
3748,14.471861839294434
3749,14.546287536621094
3750,14.659663200378418
3751,14.585484504699707
3752,14.349190711975098
3753,14.653165817260742
3754,14.667485237121582
3755,14.725451469421387
3756,14.693953514099121
3757,14.708521842956543
3758,15.0154390335083
3759,15.011441230773926
3760,14.972296714782715
3761,14.864498138427734
3762,15.171748161315918
3763,15.236291885375977
3764,15.295835494995117
3765,15.316365242004395
3766,15.338653564453125
3767,15.154895782470703
3768,15.114564895629883
3769,15.085017204284668
3770,15.033002853393555
3771,14.938712120056152
3772,15.030350685119629
3773,14.971800804138184
3774,14.924856185913086
3775,14.835541725158691
3776,14.835874557495117
3777,14.731607437133789
3778,14.681538581848145
3779,14.670175552368164
3780,14.653277397155762
3781,14.645482063293457
3782,14.683145523071289
3783,14.769978523254395
3784,14.759095191955566
3785,14.969598770141602
3786,14.802236557006836
3787,14.889924049377441
3788,14.855128288269043
3789,14.775197982788086
3790,14.617521286010742
3791,14.474196434020996
3792,14.395563125610352
3793,14.498555183410645
3794,14.554927825927734
3795,14.591447830200195
3796,14.51415729522705
3797,14.54065227508545
3798,14.50766372680664
3799,14.447929382324219
3800,14.410547256469727
3801,14.355813026428223
3802,14.43869686126709
3803,14.45499324798584
3804,14.390279769897461
3805,14.324119567871094
3806,14.299734115600586
3807,14.279284477233887
3808,14.257616996765137
3809,14.15483283996582
3810,14.149470329284668
3811,14.15038013458252
3812,14.158842086791992
3813,14.163495063781738
3814,14.161381721496582
3815,14.1353759765625
3816,14.089689254760742
3817,14.114954948425293
3818,14.125040054321289
3819,14.189288139343262
3820,14.208590507507324
3821,14.146951675415039
3822,14.13333797454834
3823,14.095338821411133
3824,14.07857608795166
3825,14.060076713562012
3826,14.035508155822754
3827,14.02188777923584
3828,14.034294128417969
3829,14.034701347351074
3830,14.407622337341309
3831,14.578840255737305
3832,14.6742525100708
3833,14.771686553955078
3834,14.820096015930176
3835,14.92544937133789
3836,14.840118408203125
3837,14.950948715209961
3838,14.991240501403809
3839,15.000576972961426
3840,14.78994369506836
3841,14.777860641479492
3842,14.65151596069336
3843,14.5702543258667
3844,14.514906883239746
3845,14.360777854919434
3846,14.386799812316895
3847,14.469255447387695
3848,14.353940963745117
3849,14.384469032287598
3850,14.448936462402344
3851,14.600523948669434
3852,14.587016105651855
3853,14.549718856811523
3854,14.474148750305176
3855,14.368995666503906
3856,14.44153118133545
3857,14.468891143798828
3858,14.683350563049316
3859,14.622027397155762
3860,14.68364143371582
3861,14.687759399414062
3862,14.709365844726562
3863,14.702055931091309
3864,14.6044340133667
3865,14.619730949401855
3866,14.67355728149414
3867,14.649285316467285
3868,14.653667449951172
3869,14.820058822631836
3870,14.709800720214844
3871,14.85222339630127
3872,14.473322868347168
3873,14.452530860900879
3874,14.624202728271484
3875,14.60269546508789
3876,14.454627990722656
3877,14.538626670837402
3878,14.555171966552734
3879,14.534550666809082
3880,14.611515045166016
3881,14.646256446838379
3882,14.723528861999512
3883,14.685551643371582
3884,15.024694442749023
3885,15.094249725341797
3886,15.146790504455566
3887,15.15386962890625
3888,15.215384483337402
3889,15.220468521118164
3890,15.219522476196289
3891,15.375417709350586
3892,15.366959571838379
3893,15.324950218200684
3894,15.326236724853516
3895,15.331130027770996
3896,15.363388061523438
3897,15.340694427490234
3898,15.362530708312988
3899,15.282622337341309
3900,15.296634674072266
3901,15.311391830444336
3902,15.302088737487793
3903,15.279363632202148
3904,15.217856407165527
3905,15.222805976867676
3906,15.263893127441406
3907,15.189651489257812
3908,15.18637466430664
3909,15.126544952392578
3910,15.228852272033691
3911,15.276816368103027
3912,15.333845138549805
3913,15.471641540527344
3914,15.430305480957031
3915,15.41342830657959
3916,15.382332801818848
3917,15.368264198303223
3918,15.35698413848877
3919,15.334582328796387
3920,15.329301834106445
3921,15.306272506713867
3922,15.322391510009766
3923,15.363218307495117
3924,15.337830543518066
3925,15.277093887329102
3926,15.203596115112305
3927,15.197994232177734
3928,15.30152416229248
3929,15.259322166442871
3930,15.266329765319824
3931,15.257291793823242
3932,15.302875518798828
3933,15.240650177001953
3934,15.381614685058594
3935,15.369601249694824
3936,15.382576942443848
3937,15.384796142578125
3938,15.491068840026855
3939,15.443038940429688
3940,15.509294509887695
3941,15.502030372619629
3942,15.581275939941406
3943,15.515841484069824
3944,15.355077743530273
3945,15.312370300292969
3946,15.279333114624023
3947,15.252812385559082
3948,15.35793685913086
3949,15.382087707519531
3950,15.366313934326172
3951,15.417702674865723
3952,15.444341659545898
3953,15.309061050415039
3954,15.333355903625488
3955,15.2755708694458
3956,15.316096305847168
3957,15.272119522094727
3958,15.276251792907715
3959,15.30594253540039
3960,15.298626899719238
3961,15.301179885864258
3962,15.359554290771484
3963,15.30899429321289
3964,15.293971061706543
3965,15.384212493896484
3966,15.39734935760498
3967,15.52793025970459
3968,15.530468940734863
3969,15.531943321228027
3970,15.532073974609375
3971,15.517316818237305
3972,15.464385986328125
3973,15.46252155303955
3974,15.416866302490234
3975,15.386910438537598
3976,15.380229949951172
3977,15.375906944274902
3978,15.418708801269531
3979,15.38498306274414
3980,15.320940017700195
3981,15.27827262878418
3982,15.241846084594727
3983,15.236798286437988
3984,15.306863784790039
3985,15.23936653137207
3986,15.194046974182129
3987,15.192370414733887
3988,15.073254585266113
3989,14.763236999511719
3990,14.87037467956543
3991,14.976279258728027
3992,14.753883361816406
3993,14.932744026184082
3994,15.030013084411621
3995,14.876970291137695
3996,14.715578079223633
3997,14.65076732635498
3998,14.643722534179688
3999,14.620720863342285
