,0
0,19.6744327545166
1,19.690105438232422
2,19.702428817749023
3,19.711713790893555
4,19.71967315673828
5,19.7116756439209
6,19.75872230529785
7,19.674522399902344
8,19.734703063964844
9,19.733463287353516
10,19.751070022583008
11,19.671876907348633
12,19.76820945739746
13,19.8068904876709
14,19.79328155517578
15,19.836761474609375
16,19.78498077392578
17,19.70929718017578
18,19.79001808166504
19,19.773473739624023
20,19.68222999572754
21,19.483333587646484
22,19.395065307617188
23,19.609210968017578
24,19.629133224487305
25,19.702661514282227
26,19.744997024536133
27,19.757579803466797
28,19.764667510986328
29,19.61441993713379
30,19.629169464111328
31,19.694110870361328
32,19.74810028076172
33,19.765043258666992
34,19.71331214904785
35,19.721435546875
36,19.697402954101562
37,19.678747177124023
38,19.69900131225586
39,19.667858123779297
40,19.668838500976562
41,19.688013076782227
42,19.702198028564453
43,19.694446563720703
44,19.61802864074707
45,19.72237205505371
46,19.684118270874023
47,19.646263122558594
48,19.71626091003418
49,19.75287628173828
50,19.766632080078125
51,19.76397705078125
52,19.76797866821289
53,19.77944564819336
54,19.767459869384766
55,19.921173095703125
56,19.915237426757812
57,19.909988403320312
58,19.915203094482422
59,19.847824096679688
60,19.833091735839844
61,19.825565338134766
62,19.708646774291992
63,19.766605377197266
64,19.667804718017578
65,19.686880111694336
66,19.66788673400879
67,19.76412582397461
68,19.812747955322266
69,19.756752014160156
70,19.767602920532227
71,19.816320419311523
72,19.868450164794922
73,19.84427261352539
74,19.763303756713867
75,19.832250595092773
76,19.832660675048828
77,19.79327392578125
78,19.775001525878906
79,19.75989532470703
80,19.786706924438477
81,19.84515380859375
82,19.792739868164062
83,19.894914627075195
84,19.968135833740234
85,19.981689453125
86,19.965347290039062
87,19.99922752380371
88,20.031801223754883
89,20.038524627685547
90,20.032926559448242
91,20.012176513671875
92,20.033159255981445
93,20.022869110107422
94,20.050472259521484
95,19.95477294921875
96,19.93781852722168
97,19.907489776611328
98,19.95086097717285
99,19.975698471069336
100,19.970165252685547
101,19.99903678894043
102,19.970182418823242
103,19.955766677856445
104,19.995620727539062
105,20.007089614868164
106,20.0306453704834
107,20.00692367553711
108,19.990991592407227
109,19.917688369750977
110,19.894855499267578
111,19.887910842895508
112,19.851625442504883
113,19.885875701904297
114,19.92115592956543
115,19.94721031188965
116,19.971614837646484
117,19.97808074951172
118,19.93121337890625
119,19.920124053955078
120,19.93940544128418
121,19.922592163085938
122,19.923192977905273
123,19.798046112060547
124,19.764331817626953
125,19.733875274658203
126,19.852218627929688
127,19.845008850097656
128,19.602649688720703
129,19.612234115600586
130,19.565279006958008
131,19.52332878112793
132,19.453718185424805
133,19.45451545715332
134,19.45271110534668
135,19.48794937133789
136,19.49559783935547
137,19.513324737548828
138,19.471744537353516
139,19.451082229614258
140,19.414165496826172
141,19.348234176635742
142,19.299388885498047
143,19.255985260009766
144,19.18939971923828
145,19.036590576171875
146,19.102474212646484
147,18.96309471130371
148,19.035518646240234
149,19.1430721282959
150,19.023332595825195
151,18.99949836730957
152,18.966114044189453
153,19.05994987487793
154,19.029937744140625
155,19.42031478881836
156,19.420093536376953
157,19.334556579589844
158,19.2828426361084
159,19.266637802124023
160,19.150287628173828
161,19.152437210083008
162,19.107763290405273
163,19.09944725036621
164,19.134864807128906
165,19.145998001098633
166,19.122501373291016
167,19.081256866455078
168,19.026866912841797
169,18.995868682861328
170,18.90314483642578
171,19.056808471679688
172,19.130327224731445
173,19.034263610839844
174,19.191877365112305
175,19.198774337768555
176,19.25018882751465
177,19.038009643554688
178,19.284168243408203
179,19.281383514404297
180,19.244508743286133
181,19.138450622558594
182,19.268827438354492
183,19.315837860107422
184,19.392059326171875
185,19.315277099609375
186,19.440874099731445
187,19.522165298461914
188,19.46820640563965
189,19.41582679748535
190,19.444957733154297
191,19.524141311645508
192,19.540544509887695
193,19.507793426513672
194,19.378437042236328
195,19.64835548400879
196,19.69146728515625
197,19.769676208496094
198,19.71489715576172
199,19.73504066467285
200,19.78934669494629
201,19.77361488342285
202,19.761859893798828
203,19.787328720092773
204,19.8048152923584
205,19.859195709228516
206,19.888450622558594
207,19.871337890625
208,19.847963333129883
209,19.87705421447754
210,19.878944396972656
211,19.89084815979004
212,19.8413028717041
213,19.84513282775879
214,19.862646102905273
215,19.816341400146484
216,19.82164192199707
217,19.79510498046875
218,19.813098907470703
219,19.854217529296875
220,19.86925506591797
221,19.793062210083008
222,19.81056785583496
223,19.81930923461914
224,19.92340660095215
225,19.89134979248047
226,19.893739700317383
227,19.911252975463867
228,19.88945960998535
229,19.879179000854492
230,19.87750244140625
231,19.872970581054688
232,19.922338485717773
233,19.94898796081543
234,19.930583953857422
235,19.9244327545166
236,19.91058921813965
237,19.909326553344727
238,19.867324829101562
239,19.894840240478516
240,19.873647689819336
241,19.86949920654297
242,19.892942428588867
243,19.89316177368164
244,19.878215789794922
245,19.88409996032715
246,19.900033950805664
247,19.94624137878418
248,19.95304298400879
249,19.889781951904297
250,19.86346435546875
251,19.855514526367188
252,19.85296630859375
253,19.90989875793457
254,19.926223754882812
255,19.91453742980957
256,19.805721282958984
257,19.77191162109375
258,19.75900650024414
259,19.74962043762207
260,19.751527786254883
261,19.77334976196289
262,19.767147064208984
263,19.760746002197266
264,19.84428596496582
265,19.812833786010742
266,19.83223533630371
267,19.793672561645508
268,19.77236557006836
269,19.871807098388672
270,19.88609504699707
271,19.884836196899414
272,19.921016693115234
273,19.91124153137207
274,19.939165115356445
275,19.938398361206055
276,19.868045806884766
277,19.854312896728516
278,19.873926162719727
279,19.872533798217773
280,19.918983459472656
281,19.93303108215332
282,19.922927856445312
283,19.922624588012695
284,19.928577423095703
285,19.895206451416016
286,19.81071662902832
287,19.84876251220703
288,19.914392471313477
289,19.91863250732422
290,19.911123275756836
291,19.880905151367188
292,19.883705139160156
293,19.894329071044922
294,19.83905029296875
295,19.776142120361328
296,19.827516555786133
297,19.839157104492188
298,19.839584350585938
299,19.869890213012695
300,19.86711883544922
301,19.91140365600586
302,19.93549919128418
303,19.889442443847656
304,19.79897117614746
305,19.84630584716797
306,19.858089447021484
307,19.954566955566406
308,19.988422393798828
309,19.991241455078125
310,19.953779220581055
311,19.963909149169922
312,19.942739486694336
313,19.889209747314453
314,19.96638298034668
315,19.944927215576172
316,19.961196899414062
317,19.250320434570312
318,19.212085723876953
319,18.18946075439453
320,17.83829689025879
321,17.6988525390625
322,17.68246841430664
323,17.683109283447266
324,17.731426239013672
325,17.756973266601562
326,17.78399658203125
327,18.482999801635742
328,18.55301856994629
329,18.482980728149414
330,18.43438720703125
331,18.447404861450195
332,18.354310989379883
333,18.35502052307129
334,18.4132137298584
335,18.440689086914062
336,18.191993713378906
337,18.320688247680664
338,18.142887115478516
339,18.04313850402832
340,18.0369930267334
341,18.045238494873047
342,17.908554077148438
343,17.84596824645996
344,18.127723693847656
345,17.982908248901367
346,17.703598022460938
347,17.615520477294922
348,17.63304901123047
349,18.079345703125
350,18.139087677001953
351,17.874006271362305
352,17.786516189575195
353,17.81260108947754
354,17.82305145263672
355,17.843910217285156
356,17.94171714782715
357,17.96671485900879
358,18.131254196166992
359,18.15348243713379
360,18.10666847229004
361,18.154800415039062
362,18.16549301147461
363,18.07050132751465
364,18.072795867919922
365,18.231033325195312
366,18.267189025878906
367,18.478498458862305
368,18.438892364501953
369,18.60723304748535
370,18.608360290527344
371,18.70638084411621
372,18.73332405090332
373,18.970205307006836
374,18.864952087402344
375,18.998416900634766
376,19.02694320678711
377,19.107574462890625
378,19.197647094726562
379,19.201274871826172
380,19.14432144165039
381,18.944236755371094
382,18.933631896972656
383,18.866130828857422
384,18.825788497924805
385,18.760417938232422
386,18.769363403320312
387,18.845705032348633
388,18.777877807617188
389,19.016298294067383
390,19.172119140625
391,19.23830795288086
392,19.01460075378418
393,18.912490844726562
394,18.84326934814453
395,19.043832778930664
396,19.150346755981445
397,19.084028244018555
398,18.87526512145996
399,18.764585494995117
400,18.546913146972656
401,18.448091506958008
402,18.24712371826172
403,18.30743408203125
404,18.270753860473633
405,18.327030181884766
406,18.231460571289062
407,18.277915954589844
408,18.389738082885742
409,18.03304672241211
410,18.285171508789062
411,18.39637565612793
412,18.361495971679688
413,18.286203384399414
414,18.272478103637695
415,18.406818389892578
416,18.445772171020508
417,18.558774948120117
418,18.53872299194336
419,18.37291145324707
420,18.31113624572754
421,18.296369552612305
422,18.500513076782227
423,18.481428146362305
424,18.29165267944336
425,18.51515007019043
426,18.38332176208496
427,18.879098892211914
428,18.822147369384766
429,18.705791473388672
430,18.391122817993164
431,18.3242244720459
432,18.470104217529297
433,18.389488220214844
434,18.506559371948242
435,18.47080421447754
436,18.5867919921875
437,18.454620361328125
438,18.812793731689453
439,18.868202209472656
440,18.609798431396484
441,18.573698043823242
442,18.755916595458984
443,18.88001823425293
444,18.73147964477539
445,18.49394989013672
446,18.721887588500977
447,18.946836471557617
448,18.75265884399414
449,18.967849731445312
450,18.846094131469727
451,18.881526947021484
452,18.868511199951172
453,18.7849178314209
454,18.599096298217773
455,18.968685150146484
456,18.90657615661621
457,18.482982635498047
458,18.65399169921875
459,18.865415573120117
460,18.92545509338379
461,18.960216522216797
462,18.85753631591797
463,18.984142303466797
464,18.83964729309082
465,18.964096069335938
466,18.827821731567383
467,18.857860565185547
468,18.689720153808594
469,18.799850463867188
470,18.782888412475586
471,18.57305908203125
472,18.555736541748047
473,18.557146072387695
474,18.601577758789062
475,18.58613395690918
476,18.58028221130371
477,18.498327255249023
478,18.46945571899414
479,18.727651596069336
480,18.55098533630371
481,19.362722396850586
482,19.475008010864258
483,19.42645263671875
484,19.429201126098633
485,19.366165161132812
486,19.364118576049805
487,19.377344131469727
488,19.311717987060547
489,19.361446380615234
490,19.332996368408203
491,19.35874366760254
492,19.344070434570312
493,19.32436180114746
494,19.317426681518555
495,19.23807144165039
496,18.78712272644043
497,18.71693992614746
498,18.744674682617188
499,18.752216339111328
500,17.357709884643555
501,17.37014389038086
502,17.732261657714844
503,17.593467712402344
504,17.255966186523438
505,17.161468505859375
506,17.810834884643555
507,17.620635986328125
508,16.92140007019043
509,17.712566375732422
510,18.12615394592285
511,18.569229125976562
512,18.761768341064453
513,18.80758285522461
514,18.612384796142578
515,18.650108337402344
516,18.658554077148438
517,18.133424758911133
518,18.191211700439453
519,18.381576538085938
520,18.04776382446289
521,17.964244842529297
522,18.173797607421875
523,18.025480270385742
524,17.771825790405273
525,17.836990356445312
526,17.81067657470703
527,17.602664947509766
528,17.748382568359375
529,17.737689971923828
530,17.954715728759766
531,17.81089973449707
532,17.60136604309082
533,18.12653350830078
534,17.78658676147461
535,18.47906494140625
536,17.951679229736328
537,18.423934936523438
538,18.61984634399414
539,18.29532241821289
540,18.909107208251953
541,18.43636703491211
542,18.55630111694336
543,18.37279510498047
544,18.320087432861328
545,18.50982666015625
546,18.475736618041992
547,18.64031982421875
548,18.714384078979492
549,18.597902297973633
550,18.606664657592773
551,18.549715042114258
552,18.884429931640625
553,18.994197845458984
554,18.924457550048828
555,18.894304275512695
556,18.883665084838867
557,18.953176498413086
558,19.022066116333008
559,18.814729690551758
560,18.774484634399414
561,18.502487182617188
562,19.078336715698242
563,18.819778442382812
564,18.853710174560547
565,18.885066986083984
566,18.929636001586914
567,19.10354232788086
568,19.12738037109375
569,19.130523681640625
570,19.08650016784668
571,19.126399993896484
572,19.260231018066406
573,19.284549713134766
574,19.226144790649414
575,19.27491569519043
576,19.244277954101562
577,19.217912673950195
578,19.095386505126953
579,18.96257209777832
580,18.843456268310547
581,19.06083869934082
582,18.985496520996094
583,18.700450897216797
584,18.718505859375
585,19.187286376953125
586,19.078296661376953
587,19.25859832763672
588,19.2907657623291
589,19.331281661987305
590,19.40655517578125
591,19.170854568481445
592,19.477628707885742
593,19.38043975830078
594,19.393341064453125
595,19.401853561401367
596,19.461177825927734
597,19.47530746459961
598,19.38599967956543
599,19.38850212097168
600,19.373857498168945
601,19.39069175720215
602,19.36823272705078
603,19.476375579833984
604,19.4926700592041
605,19.501514434814453
606,19.52928924560547
607,19.55942726135254
608,19.52210235595703
609,19.500280380249023
610,19.47191619873047
611,19.46414566040039
612,19.47412872314453
613,19.4760684967041
614,19.51356315612793
615,19.548030853271484
616,18.975130081176758
617,18.487424850463867
618,18.94843101501465
619,18.7143497467041
620,18.902450561523438
621,19.08281898498535
622,18.775840759277344
623,18.955360412597656
624,19.117969512939453
625,19.085315704345703
626,18.847177505493164
627,18.551965713500977
628,18.49245262145996
629,18.909513473510742
630,18.986961364746094
631,18.615278244018555
632,18.461259841918945
633,18.51007652282715
634,18.13136863708496
635,17.948518753051758
636,17.96450424194336
637,17.901195526123047
638,17.902788162231445
639,17.889049530029297
640,17.637327194213867
641,18.375120162963867
642,18.441131591796875
643,17.415603637695312
644,18.431339263916016
645,18.99122428894043
646,19.219810485839844
647,19.095821380615234
648,19.183443069458008
649,18.88563346862793
650,18.336883544921875
651,18.155765533447266
652,18.59933853149414
653,18.39847755432129
654,18.30845069885254
655,18.389524459838867
656,18.602479934692383
657,18.67981719970703
658,18.55052947998047
659,18.47626495361328
660,18.805679321289062
661,18.474336624145508
662,18.749156951904297
663,18.673404693603516
664,18.436243057250977
665,18.559598922729492
666,18.54637336730957
667,18.562908172607422
668,18.751955032348633
669,18.58031463623047
670,18.012269973754883
671,18.306936264038086
672,18.178363800048828
673,18.36859130859375
674,18.867494583129883
675,19.237571716308594
676,19.095930099487305
677,18.9110164642334
678,18.878347396850586
679,18.50945281982422
680,18.74146842956543
681,18.71710968017578
682,18.697345733642578
683,18.50482940673828
684,18.467866897583008
685,18.05722427368164
686,17.795698165893555
687,17.767438888549805
688,17.518484115600586
689,17.49784278869629
690,17.459400177001953
691,17.429460525512695
692,17.146360397338867
693,17.285551071166992
694,17.55045509338379
695,17.991165161132812
696,17.998369216918945
697,17.206327438354492
698,17.377229690551758
699,17.373565673828125
700,17.316123962402344
701,16.980228424072266
702,17.366748809814453
703,17.7487850189209
704,17.56781005859375
705,17.214590072631836
706,16.94380760192871
707,16.950742721557617
708,16.913108825683594
709,16.861616134643555
710,16.97208595275879
711,17.213748931884766
712,17.744808197021484
713,17.0428524017334
714,17.07421112060547
715,17.076688766479492
716,17.04079246520996
717,16.96144676208496
718,16.97825050354004
719,16.960254669189453
720,16.92220687866211
721,17.06194496154785
722,17.454668045043945
723,17.550451278686523
724,16.618261337280273
725,16.771411895751953
726,17.322128295898438
727,17.370742797851562
728,17.29427719116211
729,17.385318756103516
730,17.7991886138916
731,17.599184036254883
732,17.12617301940918
733,17.148433685302734
734,16.9556941986084
735,16.904735565185547
736,16.858768463134766
737,16.799901962280273
738,17.139360427856445
739,17.21848487854004
740,17.19492530822754
741,16.89674186706543
742,17.233264923095703
743,17.616708755493164
744,17.287870407104492
745,17.206079483032227
746,17.151824951171875
747,17.150522232055664
748,17.184799194335938
749,17.68800163269043
750,17.623666763305664
751,16.573320388793945
752,16.434995651245117
753,16.352699279785156
754,16.382457733154297
755,16.820484161376953
756,17.214387893676758
757,17.00139808654785
758,16.7334041595459
759,16.766958236694336
760,16.9149227142334
761,16.59937286376953
762,16.513660430908203
763,16.518096923828125
764,16.716930389404297
765,16.76908302307129
766,16.790529251098633
767,16.562698364257812
768,16.554988861083984
769,16.558557510375977
770,16.52644157409668
771,16.63867950439453
772,16.57795524597168
773,16.56855583190918
774,16.518367767333984
775,16.787904739379883
776,17.449871063232422
777,16.900440216064453
778,16.453048706054688
779,16.336626052856445
780,16.680561065673828
781,16.559852600097656
782,16.923072814941406
783,17.29901123046875
784,17.122234344482422
785,17.085586547851562
786,16.965518951416016
787,16.998064041137695
788,17.238645553588867
789,17.22262954711914
790,17.485448837280273
791,17.623735427856445
792,18.013277053833008
793,17.774864196777344
794,17.672245025634766
795,17.626880645751953
796,17.491680145263672
797,17.54410743713379
798,17.312788009643555
799,17.164976119995117
800,17.35502052307129
801,17.1980037689209
802,17.05232048034668
803,17.415775299072266
804,17.077484130859375
805,16.374147415161133
806,16.425748825073242
807,16.39818572998047
808,16.440616607666016
809,16.454532623291016
810,16.50882339477539
811,16.468700408935547
812,16.531003952026367
813,16.36741828918457
814,16.457611083984375
815,16.47460174560547
816,16.582502365112305
817,16.69002914428711
818,16.858150482177734
819,16.862821578979492
820,16.591005325317383
821,16.617630004882812
822,16.50801658630371
823,16.728071212768555
824,16.708148956298828
825,16.616504669189453
826,17.017410278320312
827,16.779098510742188
828,16.835336685180664
829,16.695255279541016
830,16.978914260864258
831,16.786752700805664
832,17.106657028198242
833,17.223615646362305
834,16.413198471069336
835,16.615083694458008
836,16.41349983215332
837,16.49427604675293
838,16.44497299194336
839,16.409832000732422
840,16.389223098754883
841,16.23262596130371
842,16.266361236572266
843,16.28559112548828
844,16.49441909790039
845,16.414493560791016
846,16.349266052246094
847,16.366153717041016
848,16.46304702758789
849,16.484703063964844
850,16.531404495239258
851,16.535343170166016
852,16.621414184570312
853,16.578584671020508
854,16.658662796020508
855,16.62750816345215
856,16.6134090423584
857,16.760915756225586
858,16.496826171875
859,17.1962890625
860,17.38353157043457
861,17.129228591918945
862,17.079771041870117
863,17.150863647460938
864,17.327301025390625
865,17.330888748168945
866,17.878448486328125
867,17.649044036865234
868,17.3561954498291
869,17.485685348510742
870,17.3668270111084
871,17.466569900512695
872,17.352224349975586
873,17.195880889892578
874,16.748682022094727
875,16.560861587524414
876,16.503406524658203
877,16.459339141845703
878,16.43968963623047
879,16.41342544555664
880,16.442232131958008
881,16.41728401184082
882,16.370702743530273
883,16.406599044799805
884,16.70763397216797
885,16.699451446533203
886,16.424570083618164
887,16.224143981933594
888,16.3826904296875
889,16.61089515686035
890,16.43387794494629
891,16.342092514038086
892,16.277881622314453
893,16.280847549438477
894,16.27080535888672
895,16.290122985839844
896,16.369827270507812
897,16.330297470092773
898,16.355302810668945
899,16.412172317504883
900,16.370155334472656
901,16.486427307128906
902,16.3675537109375
903,16.251461029052734
904,16.332605361938477
905,16.259822845458984
906,16.447433471679688
907,16.78650665283203
908,16.776823043823242
909,16.799663543701172
910,16.808725357055664
911,17.013774871826172
912,16.707876205444336
913,17.320058822631836
914,17.14769172668457
915,17.248395919799805
916,17.16677474975586
917,17.266010284423828
918,17.48786163330078
919,17.18732261657715
920,17.144702911376953
921,16.93435287475586
922,16.7271671295166
923,16.497785568237305
924,16.420076370239258
925,16.392122268676758
926,16.20257568359375
927,16.18734359741211
928,16.17670440673828
929,16.157268524169922
930,16.19027328491211
931,16.161828994750977
932,16.171865463256836
933,16.313793182373047
934,16.208223342895508
935,16.161788940429688
936,16.16999626159668
937,16.141584396362305
938,16.280174255371094
939,16.30344581604004
940,16.11277198791504
941,16.129749298095703
942,16.128610610961914
943,16.20401382446289
944,16.025232315063477
945,16.118043899536133
946,16.062238693237305
947,16.092809677124023
948,16.1109619140625
949,16.162065505981445
950,16.343605041503906
951,16.43180274963379
952,16.606243133544922
953,16.630390167236328
954,16.7567138671875
955,16.755001068115234
956,16.78169822692871
957,16.569168090820312
958,16.501068115234375
959,16.475866317749023
960,16.344768524169922
961,16.326534271240234
962,16.278640747070312
963,16.163442611694336
964,16.128292083740234
965,16.259977340698242
966,16.201692581176758
967,16.1790714263916
968,16.394193649291992
969,16.243179321289062
970,16.33382797241211
971,16.304115295410156
972,16.120695114135742
973,16.08892822265625
974,16.039731979370117
975,16.018068313598633
976,16.053054809570312
977,16.136953353881836
978,16.140525817871094
979,16.19901466369629
980,16.181489944458008
981,16.157812118530273
982,16.12094497680664
983,16.129318237304688
984,16.12453842163086
985,16.091800689697266
986,16.107276916503906
987,16.09577751159668
988,16.120174407958984
989,16.058914184570312
990,16.014801025390625
991,16.003795623779297
992,16.09254264831543
993,16.10736083984375
994,16.285560607910156
995,16.498397827148438
996,16.433778762817383
997,16.578439712524414
998,16.574159622192383
999,16.45722770690918
1000,15.747586250305176
1001,15.744966506958008
1002,15.742566108703613
1003,15.770652770996094
1004,15.722339630126953
1005,15.612293243408203
1006,15.67960262298584
1007,15.68904972076416
1008,15.664302825927734
1009,15.532750129699707
1010,15.393472671508789
1011,15.39710521697998
1012,15.47389030456543
1013,15.675008773803711
1014,15.70431900024414
1015,15.570446968078613
1016,15.589824676513672
1017,15.708155632019043
1018,15.603062629699707
1019,15.654947280883789
1020,15.676941871643066
1021,15.21094036102295
1022,15.245933532714844
1023,15.25021743774414
1024,15.24560546875
1025,15.321380615234375
1026,15.623244285583496
1027,15.597750663757324
1028,15.594862937927246
1029,15.586410522460938
1030,15.590434074401855
1031,15.651814460754395
1032,15.655160903930664
1033,15.5780029296875
1034,15.474015235900879
1035,15.53934097290039
1036,15.54033374786377
1037,15.441842079162598
1038,15.426198959350586
1039,15.282980918884277
1040,15.299969673156738
1041,15.282461166381836
1042,15.337657928466797
1043,15.294248580932617
1044,15.290247917175293
1045,15.312064170837402
1046,15.440648078918457
1047,15.44399356842041
1048,15.04274845123291
1049,14.910564422607422
1050,15.053775787353516
1051,15.070901870727539
1052,15.050228118896484
1053,15.19334602355957
1054,15.353404998779297
1055,15.40864086151123
1056,15.632731437683105
1057,15.674187660217285
1058,15.704171180725098
1059,15.671565055847168
1060,15.738083839416504
1061,15.77248764038086
1062,15.789505958557129
1063,15.786702156066895
1064,15.785309791564941
1065,15.827580451965332
1066,15.789196014404297
1067,15.754913330078125
1068,15.743887901306152
1069,15.83404541015625
1070,15.869784355163574
1071,15.878324508666992
1072,15.841813087463379
1073,15.90793514251709
1074,15.91027545928955
1075,15.681424140930176
1076,15.68453598022461
1077,15.480496406555176
1078,15.414773941040039
1079,15.443875312805176
1080,15.494677543640137
1081,15.502603530883789
1082,15.51331901550293
1083,15.495529174804688
1084,15.489319801330566
1085,15.464611053466797
1086,15.335799217224121
1087,15.30410385131836
1088,15.321843147277832
1089,15.333464622497559
1090,15.299446105957031
1091,15.339008331298828
1092,15.359138488769531
1093,15.307188987731934
1094,15.364699363708496
1095,15.354290962219238
1096,15.326944351196289
1097,15.288440704345703
1098,15.269394874572754
1099,15.276046752929688
1100,15.455883979797363
1101,15.454122543334961
1102,15.313638687133789
1103,15.228178024291992
1104,15.246612548828125
1105,15.252436637878418
1106,15.282730102539062
1107,15.388501167297363
1108,15.326574325561523
1109,15.273576736450195
1110,15.219844818115234
1111,14.98192310333252
1112,15.197577476501465
1113,15.194540023803711
1114,14.953641891479492
1115,15.10237979888916
1116,14.961963653564453
1117,14.831733703613281
1118,14.974569320678711
1119,15.073629379272461
1120,15.3282470703125
1121,15.483684539794922
1122,15.521574020385742
1123,15.374574661254883
1124,15.470706939697266
1125,15.497550964355469
1126,15.486315727233887
1127,15.553086280822754
1128,15.527138710021973
1129,15.452313423156738
1130,15.49445915222168
1131,15.506159782409668
1132,15.58614730834961
1133,15.618416786193848
1134,15.645397186279297
1135,15.495635986328125
1136,15.46143913269043
1137,15.39648151397705
1138,15.354804992675781
1139,15.408835411071777
1140,15.356870651245117
1141,15.133877754211426
1142,15.16417121887207
1143,15.149319648742676
1144,15.127324104309082
1145,15.108194351196289
1146,15.156317710876465
1147,15.139862060546875
1148,15.167876243591309
1149,15.310627937316895
1150,15.218768119812012
1151,15.201644897460938
1152,15.485301971435547
1153,15.43015193939209
1154,15.513315200805664
1155,15.530719757080078
1156,15.067193984985352
1157,14.96894359588623
1158,14.844268798828125
1159,14.843108177185059
1160,14.920973777770996
1161,15.082106590270996
1162,15.133170127868652
1163,15.565909385681152
1164,15.651976585388184
1165,15.728023529052734
1166,15.754117965698242
1167,15.751546859741211
1168,15.745620727539062
1169,15.760976791381836
1170,15.784283638000488
1171,15.790584564208984
1172,15.789024353027344
1173,15.816363334655762
1174,15.812076568603516
1175,15.761436462402344
1176,15.641361236572266
1177,15.605632781982422
1178,15.558570861816406
1179,15.535161018371582
1180,15.433520317077637
1181,15.506091117858887
1182,15.510358810424805
1183,15.599056243896484
1184,15.708465576171875
1185,15.535932540893555
1186,15.692368507385254
1187,15.685298919677734
1188,15.674245834350586
1189,15.738205909729004
1190,15.793883323669434
1191,15.80865478515625
1192,15.81554889678955
1193,15.795820236206055
1194,15.781892776489258
1195,15.553865432739258
1196,15.584735870361328
1197,15.623723983764648
1198,15.52920913696289
1199,15.345405578613281
1200,15.432246208190918
1201,15.443367958068848
1202,15.495512962341309
1203,15.476682662963867
1204,15.515772819519043
1205,15.356877326965332
1206,15.372899055480957
1207,15.508600234985352
1208,15.562941551208496
1209,15.566397666931152
1210,15.214689254760742
1211,15.2061185836792
1212,15.542454719543457
1213,15.614250183105469
1214,15.706066131591797
1215,15.668962478637695
1216,15.65828800201416
1217,15.659744262695312
1218,15.59697151184082
1219,15.653092384338379
1220,15.654707908630371
1221,15.7194185256958
1222,15.707747459411621
1223,15.701902389526367
1224,15.699874877929688
1225,15.669907569885254
1226,15.53663444519043
1227,15.582422256469727
1228,15.708474159240723
1229,15.689715385437012
1230,15.72530460357666
1231,15.745756149291992
1232,15.732409477233887
1233,15.575522422790527
1234,15.713875770568848
1235,15.692496299743652
1236,15.669923782348633
1237,15.30946159362793
1238,15.284696578979492
1239,15.249643325805664
1240,15.241809844970703
1241,15.25820255279541
1242,15.357869148254395
1243,15.29568099975586
1244,15.313888549804688
1245,15.313225746154785
1246,15.315126419067383
1247,15.247307777404785
1248,15.240241050720215
1249,15.240639686584473
1250,15.244667053222656
1251,15.269947052001953
1252,15.217759132385254
1253,15.223265647888184
1254,15.26086711883545
1255,15.209163665771484
1256,15.222970008850098
1257,15.220646858215332
1258,15.25342082977295
1259,15.24964427947998
1260,15.444534301757812
1261,15.404853820800781
1262,15.505133628845215
1263,15.535757064819336
1264,15.145320892333984
1265,15.084685325622559
1266,15.050148010253906
1267,14.978636741638184
1268,14.988847732543945
1269,15.149528503417969
1270,15.163224220275879
1271,15.147587776184082
1272,15.179166793823242
1273,15.191624641418457
1274,15.155695915222168
1275,15.163869857788086
1276,15.30825138092041
1277,15.397988319396973
1278,15.461345672607422
1279,15.351483345031738
1280,15.30807876586914
1281,15.290420532226562
1282,15.214717864990234
1283,15.206604957580566
1284,15.161291122436523
1285,15.17652416229248
1286,15.171298027038574
1287,15.188128471374512
1288,15.18370532989502
1289,15.341472625732422
1290,15.399164199829102
1291,15.136039733886719
1292,15.02199935913086
1293,15.007768630981445
1294,15.088176727294922
1295,15.164938926696777
1296,15.240389823913574
1297,15.238468170166016
1298,15.218252182006836
1299,15.234060287475586
1300,15.190143585205078
1301,15.165403366088867
1302,15.226165771484375
1303,15.256551742553711
1304,15.293502807617188
1305,15.41494083404541
1306,15.350601196289062
1307,15.454659461975098
1308,15.552950859069824
1309,15.639877319335938
1310,15.533687591552734
1311,15.633140563964844
1312,15.649286270141602
1313,15.649123191833496
1314,15.532817840576172
1315,15.519620895385742
1316,15.513538360595703
1317,15.498286247253418
1318,15.144856452941895
1319,15.097151756286621
1320,15.033275604248047
1321,15.035303115844727
1322,15.0779447555542
1323,15.151983261108398
1324,15.08553409576416
1325,15.032264709472656
1326,14.983771324157715
1327,15.02462100982666
1328,14.972159385681152
1329,14.897346496582031
1330,14.880364418029785
1331,14.902634620666504
1332,14.926048278808594
1333,14.870777130126953
1334,14.90301513671875
1335,14.907434463500977
1336,14.932137489318848
1337,14.93420124053955
1338,14.8868989944458
1339,14.965319633483887
1340,15.058664321899414
1341,15.230838775634766
1342,15.305025100708008
1343,15.340293884277344
1344,15.342737197875977
1345,14.720049858093262
1346,14.687788009643555
1347,14.580129623413086
1348,14.5823974609375
1349,14.58578872680664
1350,14.675846099853516
1351,14.542203903198242
1352,14.514671325683594
1353,14.511663436889648
1354,14.514330863952637
1355,14.517022132873535
1356,14.518967628479004
1357,14.499857902526855
1358,14.577310562133789
1359,14.543039321899414
1360,14.47550106048584
1361,14.504611015319824
1362,14.57903003692627
1363,14.531681060791016
1364,14.557426452636719
1365,14.549967765808105
1366,14.573466300964355
1367,14.564680099487305
1368,14.577743530273438
1369,14.576126098632812
1370,14.813620567321777
1371,14.871596336364746
1372,14.291261672973633
1373,14.19892406463623
1374,14.273794174194336
1375,14.414548873901367
1376,14.718454360961914
1377,14.590682029724121
1378,14.551395416259766
1379,14.53567123413086
1380,14.530290603637695
1381,14.5531587600708
1382,14.459771156311035
1383,14.47705078125
1384,14.468201637268066
1385,14.468368530273438
1386,14.487142562866211
1387,14.459446907043457
1388,14.4450044631958
1389,14.475207328796387
1390,14.824074745178223
1391,15.04641342163086
1392,14.973422050476074
1393,14.861764907836914
1394,14.757552146911621
1395,14.65162467956543
1396,14.561857223510742
1397,14.795048713684082
1398,14.784526824951172
1399,14.405487060546875
1400,14.258134841918945
1401,14.316642761230469
1402,14.38863468170166
1403,14.86155891418457
1404,15.193796157836914
1405,15.273194313049316
1406,15.292037010192871
1407,15.30312728881836
1408,15.308101654052734
1409,15.315810203552246
1410,15.324326515197754
1411,15.241205215454102
1412,15.240330696105957
1413,15.113733291625977
1414,14.938641548156738
1415,14.941247940063477
1416,14.7552490234375
1417,14.730123519897461
1418,14.622267723083496
1419,14.67884349822998
1420,14.686225891113281
1421,14.702686309814453
1422,14.639915466308594
1423,14.604203224182129
1424,14.881251335144043
1425,14.922035217285156
1426,14.396653175354004
1427,14.4635648727417
1428,14.503925323486328
1429,14.502203941345215
1430,14.344795227050781
1431,14.335565567016602
1432,14.289783477783203
1433,14.20761775970459
1434,14.136218070983887
1435,14.118690490722656
1436,14.106284141540527
1437,14.111774444580078
1438,14.059232711791992
1439,14.007712364196777
1440,14.017388343811035
1441,13.941158294677734
1442,13.909013748168945
1443,14.001822471618652
1444,14.089655876159668
1445,14.020771980285645
1446,14.034006118774414
1447,14.035172462463379
1448,14.025501251220703
1449,14.000142097473145
1450,14.071941375732422
1451,14.212374687194824
1452,14.349478721618652
1453,13.829057693481445
1454,13.79404067993164
1455,13.828278541564941
1456,13.853521347045898
1457,14.502525329589844
1458,14.441618919372559
1459,14.577826499938965
1460,14.406684875488281
1461,14.496889114379883
1462,14.482182502746582
1463,14.458230018615723
1464,14.476852416992188
1465,14.507242202758789
1466,14.456574440002441
1467,14.469189643859863
1468,14.522370338439941
1469,14.514640808105469
1470,14.542686462402344
1471,14.248550415039062
1472,14.122223854064941
1473,14.045300483703613
1474,14.063843727111816
1475,14.060359001159668
1476,14.128090858459473
1477,14.146510124206543
1478,14.218466758728027
1479,14.299695014953613
1480,13.860273361206055
1481,13.872519493103027
1482,13.806802749633789
1483,13.75197696685791
1484,13.764182090759277
1485,13.831559181213379
1486,13.809957504272461
1487,13.843780517578125
1488,13.840102195739746
1489,13.856368064880371
1490,13.851415634155273
1491,13.883464813232422
1492,13.887542724609375
1493,13.932916641235352
1494,13.91589069366455
1495,14.029311180114746
1496,14.278143882751465
1497,14.31570816040039
1498,14.179935455322266
1499,14.054594993591309
1500,14.459589958190918
1501,14.029061317443848
1502,14.653159141540527
1503,14.555024147033691
1504,14.494523048400879
1505,14.735627174377441
1506,14.67499828338623
1507,14.482439041137695
1508,14.405513763427734
1509,14.449065208435059
1510,14.438859939575195
1511,14.470388412475586
1512,14.428608894348145
1513,14.500673294067383
1514,14.474771499633789
1515,14.6720552444458
1516,14.493226051330566
1517,14.683040618896484
1518,14.880758285522461
1519,14.78552532196045
1520,14.822031021118164
1521,14.604429244995117
1522,14.55273723602295
1523,14.8062744140625
1524,14.667143821716309
1525,14.629175186157227
1526,14.618083953857422
1527,14.622153282165527
1528,14.554522514343262
1529,14.511674880981445
1530,14.589183807373047
1531,14.477643966674805
1532,14.519551277160645
1533,14.475057601928711
1534,14.895630836486816
1535,14.418410301208496
1536,14.419549942016602
1537,14.680893898010254
1538,14.854667663574219
1539,14.857802391052246
1540,14.949909210205078
1541,14.704371452331543
1542,14.623515129089355
1543,14.409856796264648
1544,14.36422348022461
1545,14.317727088928223
1546,14.298295021057129
1547,14.408452987670898
1548,14.480208396911621
1549,14.492219924926758
1550,14.593684196472168
1551,14.665765762329102
1552,14.550823211669922
1553,14.461771965026855
1554,14.639134407043457
1555,14.657438278198242
1556,14.650794982910156
1557,14.457854270935059
1558,14.569317817687988
1559,14.730485916137695
1560,14.817925453186035
1561,14.256998062133789
1562,14.287995338439941
1563,14.619651794433594
1564,14.84010124206543
1565,14.888422012329102
1566,14.890578269958496
1567,14.831680297851562
1568,14.859219551086426
1569,14.641862869262695
1570,14.586787223815918
1571,14.622336387634277
1572,14.590531349182129
1573,14.59776782989502
1574,14.691069602966309
1575,14.614980697631836
1576,14.652390480041504
1577,14.75901985168457
1578,14.766880989074707
1579,14.766251564025879
1580,14.76492977142334
1581,14.840154647827148
1582,14.834383010864258
1583,14.863727569580078
1584,14.855779647827148
1585,14.867240905761719
1586,14.941716194152832
1587,14.90743350982666
1588,14.860815048217773
1589,15.045019149780273
1590,15.021978378295898
1591,15.068592071533203
1592,15.082037925720215
1593,15.061184883117676
1594,14.93913745880127
1595,14.810615539550781
1596,14.945974349975586
1597,15.03296947479248
1598,15.107440948486328
1599,15.050457000732422
1600,15.051839828491211
1601,14.982300758361816
1602,14.89645767211914
1603,14.920247077941895
1604,14.894018173217773
1605,14.881975173950195
1606,14.963854789733887
1607,14.931951522827148
1608,14.915054321289062
1609,14.896636962890625
1610,14.93538761138916
1611,14.953035354614258
1612,14.908736228942871
1613,14.939634323120117
1614,14.935564994812012
1615,14.71821117401123
1616,14.788294792175293
1617,14.697985649108887
1618,14.752816200256348
1619,14.697772979736328
1620,14.658653259277344
1621,14.63165283203125
1622,14.679763793945312
1623,14.813194274902344
1624,14.851546287536621
1625,14.923013687133789
1626,14.85814094543457
1627,14.983440399169922
1628,14.928569793701172
1629,14.876543998718262
1630,14.97836971282959
1631,14.90456771850586
1632,15.015669822692871
1633,14.825119018554688
1634,14.883098602294922
1635,15.023611068725586
1636,15.02961254119873
1637,14.881327629089355
1638,14.908568382263184
1639,14.940903663635254
1640,15.076081275939941
1641,14.963634490966797
1642,14.807121276855469
1643,14.596304893493652
1644,14.587718963623047
1645,14.514694213867188
1646,14.820141792297363
1647,14.960180282592773
1648,14.977287292480469
1649,14.98799991607666
1650,15.009095191955566
1651,14.864645957946777
1652,14.877156257629395
1653,15.001947402954102
1654,15.007364273071289
1655,14.99688720703125
1656,15.024988174438477
1657,14.847804069519043
1658,14.84447193145752
1659,14.972553253173828
1660,14.95945930480957
1661,14.96499252319336
1662,14.927786827087402
1663,14.973882675170898
1664,14.796299934387207
1665,14.862476348876953
1666,14.748209953308105
1667,14.972904205322266
1668,14.990398406982422
1669,14.137863159179688
1670,14.109118461608887
1671,13.993803977966309
1672,13.951730728149414
1673,14.185709953308105
1674,14.772591590881348
1675,14.511889457702637
1676,14.56682014465332
1677,14.586216926574707
1678,14.543630599975586
1679,14.638989448547363
1680,14.68108081817627
1681,14.686159133911133
1682,14.755810737609863
1683,14.734933853149414
1684,14.612621307373047
1685,14.754427909851074
1686,14.656665802001953
1687,14.361133575439453
1688,14.348361015319824
1689,14.294551849365234
1690,14.551403999328613
1691,14.537230491638184
1692,14.415761947631836
1693,14.418258666992188
1694,14.70361328125
1695,14.757478713989258
1696,13.81517505645752
1697,14.171500205993652
1698,14.302336692810059
1699,14.355406761169434
1700,14.317108154296875
1701,14.60014533996582
1702,14.714855194091797
1703,14.373156547546387
1704,14.649113655090332
1705,14.58692455291748
1706,14.477083206176758
1707,14.7106294631958
1708,14.25652027130127
1709,14.282939910888672
1710,14.443604469299316
1711,14.795157432556152
1712,14.470613479614258
1713,14.516742706298828
1714,14.838394165039062
1715,14.725750923156738
1716,14.624187469482422
1717,14.527632713317871
1718,14.435270309448242
1719,14.387894630432129
1720,14.26749038696289
1721,14.67810344696045
1722,14.787708282470703
1723,13.888238906860352
1724,14.282349586486816
1725,14.108636856079102
1726,13.956367492675781
1727,13.943219184875488
1728,14.68416976928711
1729,14.756799697875977
1730,14.790212631225586
1731,14.682466506958008
1732,14.723800659179688
1733,14.586312294006348
1734,14.512113571166992
1735,14.63994026184082
1736,14.625059127807617
1737,14.550230979919434
1738,14.709779739379883
1739,14.13697338104248
1740,14.261521339416504
1741,14.447949409484863
1742,14.532458305358887
1743,14.209218978881836
1744,14.626619338989258
1745,14.569107055664062
1746,14.651117324829102
1747,14.60953140258789
1748,14.824673652648926
1749,14.693666458129883
1750,14.582925796508789
1751,14.583173751831055
1752,14.847996711730957
1753,14.887809753417969
1754,14.828287124633789
1755,14.703824996948242
1756,14.817280769348145
1757,14.820082664489746
1758,14.860495567321777
1759,14.819293975830078
1760,15.015189170837402
1761,15.009952545166016
1762,14.99416446685791
1763,15.01137638092041
1764,15.03844165802002
1765,14.935164451599121
1766,15.011136054992676
1767,14.954142570495605
1768,14.908201217651367
1769,14.967002868652344
1770,14.902915954589844
1771,14.667512893676758
1772,14.67989730834961
1773,14.756336212158203
1774,14.727269172668457
1775,14.782297134399414
1776,14.791971206665039
1777,14.668477058410645
1778,14.688892364501953
1779,14.632797241210938
1780,14.74564266204834
1781,14.790217399597168
1782,14.885298728942871
1783,14.982708930969238
1784,14.972135543823242
1785,15.018725395202637
1786,15.002463340759277
1787,15.068256378173828
1788,15.038028717041016
1789,15.146613121032715
1790,15.120162963867188
1791,15.008025169372559
1792,15.035017967224121
1793,15.025153160095215
1794,14.891626358032227
1795,14.99812126159668
1796,15.062217712402344
1797,15.057195663452148
1798,15.089719772338867
1799,15.095834732055664
1800,14.990307807922363
1801,14.901862144470215
1802,15.054516792297363
1803,15.094573974609375
1804,14.816859245300293
1805,14.907402992248535
1806,15.046299934387207
1807,15.087803840637207
1808,14.921041488647461
1809,15.000384330749512
1810,15.053886413574219
1811,15.08572769165039
1812,15.07297420501709
1813,15.064064979553223
1814,15.103548049926758
1815,15.108133316040039
1816,15.05041217803955
1817,15.109821319580078
1818,15.102985382080078
1819,15.051436424255371
1820,14.947969436645508
1821,15.01866626739502
1822,14.9768648147583
1823,15.100780487060547
1824,15.095808982849121
1825,14.966346740722656
1826,15.038067817687988
1827,14.96826171875
1828,14.98583698272705
1829,15.000898361206055
1830,14.950480461120605
1831,14.845300674438477
1832,14.611642837524414
1833,14.518287658691406
1834,14.731182098388672
1835,14.570233345031738
1836,14.460034370422363
1837,14.503384590148926
1838,13.018454551696777
1839,12.864800453186035
1840,12.749979972839355
1841,12.574597358703613
1842,12.491220474243164
1843,12.469802856445312
1844,12.481642723083496
1845,12.4960355758667
1846,12.713274002075195
1847,12.745710372924805
1848,12.851841926574707
1849,12.82374095916748
1850,12.784151077270508
1851,12.768280982971191
1852,12.645419120788574
1853,12.657965660095215
1854,12.591791152954102
1855,12.549457550048828
1856,12.544181823730469
1857,12.485953330993652
1858,12.48961353302002
1859,12.476638793945312
1860,12.500514030456543
1861,12.607659339904785
1862,12.643037796020508
1863,12.702140808105469
1864,12.618241310119629
1865,12.616026878356934
1866,12.681666374206543
1867,13.177783012390137
1868,13.199875831604004
1869,13.4309663772583
1870,13.673637390136719
1871,13.506924629211426
1872,13.949069023132324
1873,13.621125221252441
1874,13.852235794067383
1875,13.491687774658203
1876,13.69912338256836
1877,13.663863182067871
1878,13.582229614257812
1879,13.58215045928955
1880,13.54671573638916
1881,13.44384765625
1882,13.289399147033691
1883,13.384464263916016
1884,13.648219108581543
1885,13.856285095214844
1886,13.712786674499512
1887,13.53435230255127
1888,13.53336238861084
1889,13.647695541381836
1890,13.84816837310791
1891,13.617534637451172
1892,14.186176300048828
1893,14.154868125915527
1894,14.250479698181152
1895,13.8372163772583
1896,13.60763168334961
1897,13.471710205078125
1898,13.40112018585205
1899,13.420933723449707
1900,13.515501022338867
1901,13.434990882873535
1902,13.524398803710938
1903,13.60655403137207
1904,13.807758331298828
1905,13.991867065429688
1906,13.697335243225098
1907,14.078339576721191
1908,14.074917793273926
1909,14.061990737915039
1910,14.131200790405273
1911,14.197701454162598
1912,14.200618743896484
1913,14.184375762939453
1914,13.91129207611084
1915,14.025443077087402
1916,14.04973316192627
1917,14.030765533447266
1918,14.137829780578613
1919,14.113105773925781
1920,14.150630950927734
1921,14.239404678344727
1922,14.104692459106445
1923,14.184014320373535
1924,14.191539764404297
1925,14.262045860290527
1926,14.336198806762695
1927,14.496262550354004
1928,14.445573806762695
1929,14.594117164611816
1930,14.592531204223633
1931,14.527548789978027
1932,14.509317398071289
1933,14.609567642211914
1934,14.615571022033691
1935,14.673697471618652
1936,14.55789566040039
1937,14.573400497436523
1938,14.575743675231934
1939,14.072151184082031
1940,14.269412994384766
1941,13.793173789978027
1942,13.319060325622559
1943,13.951757431030273
1944,14.132387161254883
1945,14.2093505859375
1946,14.156023979187012
1947,14.104227066040039
1948,13.958565711975098
1949,13.769484519958496
1950,13.895118713378906
1951,13.95445442199707
1952,13.544515609741211
1953,13.699480056762695
1954,13.98877239227295
1955,13.954020500183105
1956,13.806046485900879
1957,14.160197257995605
1958,14.34134292602539
1959,14.2571382522583
1960,14.312980651855469
1961,14.53829574584961
1962,14.443029403686523
1963,14.29958724975586
1964,14.25614070892334
1965,14.289881706237793
1966,14.341597557067871
1967,14.316688537597656
1968,14.2440185546875
1969,14.348541259765625
1970,14.348359107971191
1971,14.374795913696289
1972,14.008064270019531
1973,13.990738868713379
1974,13.914401054382324
1975,13.486720085144043
1976,13.9476318359375
1977,13.647879600524902
1978,13.926700592041016
1979,13.914348602294922
1980,13.813268661499023
1981,14.006036758422852
1982,13.930449485778809
1983,13.93277645111084
1984,13.879365921020508
1985,14.20673942565918
1986,14.004263877868652
1987,13.896430969238281
1988,14.112963676452637
1989,14.024724960327148
1990,14.005125999450684
1991,14.04267406463623
1992,14.028884887695312
1993,13.852059364318848
1994,13.708702087402344
1995,13.525936126708984
1996,13.390470504760742
1997,13.387011528015137
1998,13.486044883728027
1999,13.653501510620117
2000,12.407121658325195
2001,12.420324325561523
2002,12.306098937988281
2003,12.336045265197754
2004,12.390936851501465
2005,12.492318153381348
2006,12.61093521118164
2007,12.804960250854492
2008,12.460803985595703
2009,12.703215599060059
2010,12.749715805053711
2011,12.752204895019531
2012,12.830343246459961
2013,12.69282054901123
2014,12.638264656066895
2015,12.54058837890625
2016,12.431289672851562
2017,12.403458595275879
2018,12.378392219543457
2019,12.342602729797363
2020,12.381142616271973
2021,12.356399536132812
2022,12.332169532775879
2023,12.310386657714844
2024,12.205714225769043
2025,12.257505416870117
2026,12.22951602935791
2027,12.252158164978027
2028,12.256898880004883
2029,12.261220932006836
2030,12.278069496154785
2031,12.294715881347656
2032,12.275331497192383
2033,12.39630126953125
2034,12.42806339263916
2035,12.157323837280273
2036,12.151838302612305
2037,12.107071876525879
2038,12.096055030822754
2039,12.081791877746582
2040,12.134188652038574
2041,12.091835975646973
2042,12.089249610900879
2043,12.131490707397461
2044,12.088356018066406
2045,12.10362720489502
2046,12.113245964050293
2047,12.107220649719238
2048,12.018081665039062
2049,12.054815292358398
2050,12.025991439819336
2051,12.057344436645508
2052,12.067256927490234
2053,12.056333541870117
2054,12.062433242797852
2055,12.069279670715332
2056,12.082517623901367
2057,12.057599067687988
2058,12.062297821044922
2059,12.079827308654785
2060,12.101025581359863
2061,12.115917205810547
2062,12.199488639831543
2063,12.222538948059082
2064,12.308815956115723
2065,12.22590160369873
2066,12.1876859664917
2067,12.156824111938477
2068,12.106109619140625
2069,12.089253425598145
2070,12.10665225982666
2071,12.140181541442871
2072,12.115957260131836
2073,12.116140365600586
2074,12.143437385559082
2075,12.118240356445312
2076,12.10069465637207
2077,12.114940643310547
2078,12.053245544433594
2079,12.064541816711426
2080,12.066534996032715
2081,12.07632064819336
2082,12.120502471923828
2083,12.088570594787598
2084,12.073528289794922
2085,12.089404106140137
2086,12.143986701965332
2087,12.148880004882812
2088,12.21289348602295
2089,12.198068618774414
2090,12.239794731140137
2091,12.25550365447998
2092,12.227765083312988
2093,12.184406280517578
2094,12.146845817565918
2095,12.112220764160156
2096,12.088433265686035
2097,12.100605010986328
2098,12.130081176757812
2099,12.116796493530273
2100,12.176240921020508
2101,12.189958572387695
2102,12.281064987182617
2103,12.159411430358887
2104,12.134313583374023
2105,12.120349884033203
2106,12.106776237487793
2107,12.087682723999023
2108,12.092098236083984
2109,12.064573287963867
2110,12.078160285949707
2111,12.088788986206055
2112,12.157036781311035
2113,12.160531044006348
2114,12.310725212097168
2115,12.445090293884277
2116,12.449187278747559
2117,12.472066879272461
2118,12.573037147521973
2119,12.792044639587402
2120,13.223465919494629
2121,13.222721099853516
2122,13.315119743347168
2123,13.406205177307129
2124,13.371382713317871
2125,13.351224899291992
2126,13.21945571899414
2127,13.229976654052734
2128,13.513172149658203
2129,12.996712684631348
2130,12.856703758239746
2131,12.806307792663574
2132,12.764910697937012
2133,12.727798461914062
2134,12.753190994262695
2135,12.734922409057617
2136,12.750595092773438
2137,12.930416107177734
2138,12.845566749572754
2139,12.91892147064209
2140,12.884735107421875
2141,12.951351165771484
2142,12.890841484069824
2143,12.759698867797852
2144,12.668410301208496
2145,12.558176040649414
2146,12.576297760009766
2147,12.531410217285156
2148,12.519033432006836
2149,12.44057559967041
2150,12.378644943237305
2151,12.345878601074219
2152,12.335122108459473
2153,12.396736145019531
2154,12.428571701049805
2155,12.469856262207031
2156,12.47546672821045
2157,12.423250198364258
2158,12.444007873535156
2159,12.314536094665527
2160,12.307652473449707
2161,12.38284969329834
2162,12.56998062133789
2163,12.610568046569824
2164,12.701600074768066
2165,12.771400451660156
2166,12.420244216918945
2167,12.466825485229492
2168,12.415628433227539
2169,12.393013000488281
2170,12.290372848510742
2171,12.285218238830566
2172,12.269635200500488
2173,12.350190162658691
2174,12.375065803527832
2175,12.37840461730957
2176,12.375609397888184
2177,12.330462455749512
2178,12.297895431518555
2179,12.288235664367676
2180,12.1824369430542
2181,12.180919647216797
2182,12.205411911010742
2183,12.267070770263672
2184,12.232542037963867
2185,12.212371826171875
2186,12.22046184539795
2187,12.219717979431152
2188,12.167261123657227
2189,12.19538402557373
2190,12.188345909118652
2191,12.287918090820312
2192,12.117169380187988
2193,12.15446662902832
2194,12.174839973449707
2195,12.365346908569336
2196,12.451233863830566
2197,12.550057411193848
2198,12.613166809082031
2199,12.729961395263672
2200,12.715449333190918
2201,12.722079277038574
2202,12.661970138549805
2203,12.74023723602295
2204,12.612985610961914
2205,12.741716384887695
2206,12.738198280334473
2207,12.749261856079102
2208,12.803401947021484
2209,12.706356048583984
2210,12.554605484008789
2211,12.517830848693848
2212,12.509949684143066
2213,12.508123397827148
2214,12.511918067932129
2215,12.404093742370605
2216,12.454771995544434
2217,12.69072151184082
2218,12.646842002868652
2219,12.714957237243652
2220,12.71802806854248
2221,12.635010719299316
2222,12.66472053527832
2223,12.72995376586914
2224,12.860767364501953
2225,12.777277946472168
2226,12.733628273010254
2227,12.61796760559082
2228,12.776823997497559
2229,12.795822143554688
2230,12.80989933013916
2231,12.653904914855957
2232,12.554239273071289
2233,12.561422348022461
2234,12.658849716186523
2235,13.023255348205566
2236,12.71329402923584
2237,12.86671257019043
2238,12.652587890625
2239,12.69119644165039
2240,12.587976455688477
2241,12.511831283569336
2242,12.479557991027832
2243,12.450494766235352
2244,12.860664367675781
2245,12.690449714660645
2246,12.768340110778809
2247,12.650727272033691
2248,12.70423698425293
2249,13.118510246276855
2250,13.072415351867676
2251,13.143033027648926
2252,13.117185592651367
2253,13.155549049377441
2254,12.871467590332031
2255,12.72706413269043
2256,13.071434020996094
2257,12.960306167602539
2258,13.553319931030273
2259,13.210457801818848
2260,13.192070007324219
2261,13.268230438232422
2262,13.170333862304688
2263,12.872096061706543
2264,12.908453941345215
2265,13.103584289550781
2266,13.108992576599121
2267,13.101707458496094
2268,13.015795707702637
2269,13.24069881439209
2270,13.42271614074707
2271,13.302963256835938
2272,12.996994972229004
2273,13.413487434387207
2274,12.946401596069336
2275,13.389533042907715
2276,13.413106918334961
2277,12.823016166687012
2278,12.632001876831055
2279,12.61783504486084
2280,12.747628211975098
2281,12.680103302001953
2282,12.633379936218262
2283,12.44815444946289
2284,12.441293716430664
2285,12.498547554016113
2286,12.537683486938477
2287,12.541196823120117
2288,12.495591163635254
2289,12.489997863769531
2290,12.511759757995605
2291,12.45649242401123
2292,12.476021766662598
2293,12.42776870727539
2294,12.397652626037598
2295,12.411354064941406
2296,12.392690658569336
2297,12.458192825317383
2298,12.688252449035645
2299,12.718110084533691
2300,12.17267894744873
2301,12.273823738098145
2302,12.29108715057373
2303,12.262740135192871
2304,12.255193710327148
2305,12.259200096130371
2306,12.251627922058105
2307,12.248684883117676
2308,12.264659881591797
2309,12.251724243164062
2310,12.251460075378418
2311,12.159846305847168
2312,12.146830558776855
2313,12.15090560913086
2314,12.172677993774414
2315,12.26256275177002
2316,12.343426704406738
2317,12.559473991394043
2318,12.409500122070312
2319,12.5964937210083
2320,12.515820503234863
2321,12.682547569274902
2322,12.494879722595215
2323,12.670865058898926
2324,12.712506294250488
2325,12.891395568847656
2326,13.694025039672852
2327,13.327019691467285
2328,13.69841480255127
2329,13.71068000793457
2330,14.008953094482422
2331,14.131708145141602
2332,14.061903953552246
2333,14.425116539001465
2334,14.53258991241455
2335,14.846665382385254
2336,14.959078788757324
2337,14.747438430786133
2338,14.360925674438477
2339,14.588794708251953
2340,14.327576637268066
2341,14.747344017028809
2342,14.747054100036621
2343,14.878745079040527
2344,14.882546424865723
2345,14.86779499053955
2346,14.761387825012207
2347,14.72281551361084
2348,14.455249786376953
2349,14.034523963928223
2350,14.080586433410645
2351,14.646559715270996
2352,14.627243041992188
2353,13.77392292022705
2354,14.049348831176758
2355,14.114015579223633
2356,14.118178367614746
2357,14.590398788452148
2358,14.489969253540039
2359,14.339001655578613
2360,14.28974437713623
2361,14.074069023132324
2362,13.982589721679688
2363,13.935535430908203
2364,13.88742733001709
2365,13.708610534667969
2366,13.218547821044922
2367,13.062984466552734
2368,13.043344497680664
2369,12.935922622680664
2370,12.966561317443848
2371,13.209547996520996
2372,13.157731056213379
2373,13.253318786621094
2374,13.3267183303833
2375,13.314103126525879
2376,13.371894836425781
2377,13.775854110717773
2378,13.836603164672852
2379,13.671761512756348
2380,13.009405136108398
2381,14.051565170288086
2382,13.99329662322998
2383,14.104528427124023
2384,14.020143508911133
2385,14.286201477050781
2386,14.293858528137207
2387,13.930984497070312
2388,13.924040794372559
2389,13.696093559265137
2390,13.53433609008789
2391,13.625279426574707
2392,13.480226516723633
2393,13.693885803222656
2394,13.737471580505371
2395,13.637706756591797
2396,13.553547859191895
2397,13.377891540527344
2398,13.280585289001465
2399,12.931963920593262
2400,12.863726615905762
2401,12.93303394317627
2402,12.796638488769531
2403,12.739507675170898
2404,12.901297569274902
2405,13.314644813537598
2406,13.265824317932129
2407,13.567466735839844
2408,13.866643905639648
2409,13.96160888671875
2410,13.990345001220703
2411,13.796969413757324
2412,13.696823120117188
2413,13.7338285446167
2414,13.826249122619629
2415,14.083558082580566
2416,14.132707595825195
2417,14.051286697387695
2418,13.867562294006348
2419,13.69968318939209
2420,13.62342643737793
2421,13.634353637695312
2422,13.104902267456055
2423,12.922928810119629
2424,12.871349334716797
2425,12.868765830993652
2426,12.855840682983398
2427,13.130203247070312
2428,13.435650825500488
2429,13.246613502502441
2430,13.450817108154297
2431,14.013394355773926
2432,13.85966682434082
2433,14.190803527832031
2434,14.010807991027832
2435,14.091136932373047
2436,13.894462585449219
2437,14.494937896728516
2438,14.524112701416016
2439,14.464138984680176
2440,14.524962425231934
2441,14.519827842712402
2442,14.612899780273438
2443,14.626152038574219
2444,14.499479293823242
2445,14.774646759033203
2446,14.566046714782715
2447,14.377821922302246
2448,14.394089698791504
2449,14.33696460723877
2450,14.241053581237793
2451,14.056262016296387
2452,14.186903953552246
2453,14.39334487915039
2454,14.087889671325684
2455,14.09967041015625
2456,13.925315856933594
2457,14.147417068481445
2458,14.389497756958008
2459,14.16388988494873
2460,14.427546501159668
2461,14.434172630310059
2462,14.910154342651367
2463,14.661004066467285
2464,14.802964210510254
2465,14.861220359802246
2466,14.927966117858887
2467,15.235978126525879
2468,15.099488258361816
2469,15.394973754882812
2470,15.343914985656738
2471,15.11180591583252
2472,15.097235679626465
2473,15.016916275024414
2474,15.167987823486328
2475,15.251495361328125
2476,15.255674362182617
2477,15.122925758361816
2478,15.260848999023438
2479,15.124561309814453
2480,15.112248420715332
2481,15.058844566345215
2482,15.163403511047363
2483,15.27330207824707
2484,15.051056861877441
2485,14.971477508544922
2486,15.206780433654785
2487,15.125344276428223
2488,15.138802528381348
2489,15.10438060760498
2490,15.262296676635742
2491,15.213214874267578
2492,15.193007469177246
2493,15.099272727966309
2494,14.743732452392578
2495,14.6937837600708
2496,14.614336013793945
2497,14.970738410949707
2498,14.775259017944336
2499,15.053796768188477
2500,14.03246021270752
2501,14.254539489746094
2502,14.319506645202637
2503,14.592758178710938
2504,14.557402610778809
2505,14.605252265930176
2506,14.684457778930664
2507,14.682846069335938
2508,14.237582206726074
2509,14.499571800231934
2510,14.556848526000977
2511,14.602726936340332
2512,14.33764934539795
2513,14.783276557922363
2514,14.849227905273438
2515,14.738363265991211
2516,14.665584564208984
2517,14.62075424194336
2518,14.533998489379883
2519,14.271814346313477
2520,14.617654800415039
2521,14.623858451843262
2522,14.525829315185547
2523,14.437285423278809
2524,14.507204055786133
2525,14.560145378112793
2526,14.510844230651855
2527,14.526128768920898
2528,14.463415145874023
2529,14.416500091552734
2530,14.224309921264648
2531,14.309697151184082
2532,14.33679485321045
2533,14.328280448913574
2534,13.887469291687012
2535,13.83814811706543
2536,13.850472450256348
2537,13.961858749389648
2538,13.389435768127441
2539,13.314002990722656
2540,13.338775634765625
2541,13.341283798217773
2542,13.218840599060059
2543,13.519477844238281
2544,13.856386184692383
2545,13.98944091796875
2546,14.038626670837402
2547,14.054098129272461
2548,14.148543357849121
2549,14.158453941345215
2550,14.15579891204834
2551,14.197434425354004
2552,14.290212631225586
2553,14.221570014953613
2554,14.221611976623535
2555,14.087503433227539
2556,14.091363906860352
2557,13.721480369567871
2558,14.058467864990234
2559,13.842239379882812
2560,14.276784896850586
2561,14.706520080566406
2562,14.6550874710083
2563,14.523289680480957
2564,14.496519088745117
2565,14.2055082321167
2566,14.272201538085938
2567,14.420077323913574
2568,14.37553596496582
2569,14.625475883483887
2570,14.662421226501465
2571,14.745790481567383
2572,14.65831184387207
2573,14.65934944152832
2574,14.675920486450195
2575,14.405768394470215
2576,14.315287590026855
2577,14.104208946228027
2578,14.181230545043945
2579,14.161834716796875
2580,13.916792869567871
2581,13.60694408416748
2582,13.728034019470215
2583,13.741399765014648
2584,13.773150444030762
2585,13.657571792602539
2586,13.563254356384277
2587,13.492411613464355
2588,13.393280029296875
2589,13.39321517944336
2590,13.540365219116211
2591,13.535279273986816
2592,13.789566040039062
2593,13.714107513427734
2594,13.764081001281738
2595,13.826760292053223
2596,13.690144538879395
2597,14.047569274902344
2598,14.040868759155273
2599,14.501976013183594
2600,14.628015518188477
2601,14.670480728149414
2602,14.606607437133789
2603,14.715001106262207
2604,14.541733741760254
2605,14.568448066711426
2606,14.64100170135498
2607,14.43118667602539
2608,14.460884094238281
2609,14.481717109680176
2610,14.410934448242188
2611,13.89477252960205
2612,14.072465896606445
2613,14.312152862548828
2614,14.140681266784668
2615,13.746198654174805
2616,13.545245170593262
2617,12.676116943359375
2618,12.519783973693848
2619,12.574631690979004
2620,12.551941871643066
2621,12.51740550994873
2622,12.686580657958984
2623,12.572668075561523
2624,12.499479293823242
2625,12.919737815856934
2626,12.925192832946777
2627,13.219744682312012
2628,13.29494571685791
2629,13.40554428100586
2630,13.72125244140625
2631,13.797404289245605
2632,13.749442100524902
2633,13.808343887329102
2634,13.481019973754883
2635,13.587629318237305
2636,13.87324333190918
2637,13.90286922454834
2638,13.721224784851074
2639,13.680506706237793
2640,13.518437385559082
2641,14.00123405456543
2642,14.363332748413086
2643,14.278109550476074
2644,14.385025024414062
2645,14.473113059997559
2646,14.158038139343262
2647,14.367721557617188
2648,14.626629829406738
2649,14.787501335144043
2650,14.779021263122559
2651,14.718592643737793
2652,14.59177303314209
2653,14.49654483795166
2654,14.459300994873047
2655,14.237648963928223
2656,14.15958023071289
2657,14.141558647155762
2658,14.05255126953125
2659,13.77550220489502
2660,13.734707832336426
2661,13.928422927856445
2662,13.723453521728516
2663,13.587004661560059
2664,13.611187934875488
2665,13.554702758789062
2666,13.874455451965332
2667,14.337268829345703
2668,14.350096702575684
2669,14.468533515930176
2670,14.125821113586426
2671,13.306623458862305
2672,13.302130699157715
2673,13.682665824890137
2674,13.217814445495605
2675,13.238240242004395
2676,13.2293701171875
2677,13.249828338623047
2678,13.226683616638184
2679,13.178497314453125
2680,13.139629364013672
2681,13.238665580749512
2682,13.190134048461914
2683,13.15081787109375
2684,13.102519989013672
2685,13.472899436950684
2686,13.373233795166016
2687,13.515719413757324
2688,13.806235313415527
2689,14.31594181060791
2690,14.405068397521973
2691,14.478690147399902
2692,14.61056900024414
2693,14.635918617248535
2694,14.705975532531738
2695,14.691941261291504
2696,14.71136474609375
2697,14.72291088104248
2698,14.783697128295898
2699,14.759176254272461
2700,14.67733383178711
2701,14.601337432861328
2702,14.761387825012207
2703,14.650997161865234
2704,14.570631980895996
2705,14.527918815612793
2706,14.537402153015137
2707,14.633814811706543
2708,14.456489562988281
2709,14.196495056152344
2710,14.257144927978516
2711,14.316547393798828
2712,14.167407035827637
2713,14.560484886169434
2714,14.657751083374023
2715,14.677980422973633
2716,14.529401779174805
2717,14.194097518920898
2718,14.04828929901123
2719,13.590310096740723
2720,13.438637733459473
2721,13.467264175415039
2722,13.583085060119629
2723,13.628040313720703
2724,14.167986869812012
2725,14.044722557067871
2726,13.856335639953613
2727,13.688141822814941
2728,13.495060920715332
2729,13.378293991088867
2730,13.299139022827148
2731,13.252853393554688
2732,13.287948608398438
2733,13.472541809082031
2734,13.12360954284668
2735,13.2603178024292
2736,13.142616271972656
2737,13.13768196105957
2738,13.105059623718262
2739,13.019018173217773
2740,12.986432075500488
2741,12.91266918182373
2742,12.970168113708496
2743,13.019901275634766
2744,13.316324234008789
2745,13.397836685180664
2746,13.73823070526123
2747,13.818826675415039
2748,13.676734924316406
2749,13.745241165161133
2750,13.997697830200195
2751,14.650458335876465
2752,14.294501304626465
2753,14.329253196716309
2754,14.032687187194824
2755,13.805063247680664
2756,13.810612678527832
2757,13.351335525512695
2758,13.424985885620117
2759,13.34656810760498
2760,13.304631233215332
2761,12.958989143371582
2762,13.0842866897583
2763,12.85943603515625
2764,13.024041175842285
2765,13.069732666015625
2766,12.898439407348633
2767,12.881413459777832
2768,13.013114929199219
2769,12.77008056640625
2770,13.139813423156738
2771,13.092339515686035
2772,13.144462585449219
2773,13.112218856811523
2774,13.285787582397461
2775,13.5322847366333
2776,14.074731826782227
2777,14.33203125
2778,12.871500015258789
2779,12.913118362426758
2780,13.01626968383789
2781,13.23437213897705
2782,13.069405555725098
2783,13.116950988769531
2784,13.323456764221191
2785,13.408683776855469
2786,13.473377227783203
2787,13.336140632629395
2788,13.486504554748535
2789,13.288000106811523
2790,13.265713691711426
2791,13.113619804382324
2792,13.12032413482666
2793,12.935712814331055
2794,12.902095794677734
2795,12.887860298156738
2796,12.822807312011719
2797,12.81633186340332
2798,12.778388023376465
2799,12.979735374450684
2800,13.163948059082031
2801,13.009288787841797
2802,13.116179466247559
2803,13.02709674835205
2804,13.146492004394531
2805,13.64252758026123
2806,12.975837707519531
2807,14.057012557983398
2808,14.26530933380127
2809,13.355733871459961
2810,13.089619636535645
2811,13.219343185424805
2812,13.32540225982666
2813,13.259809494018555
2814,13.135021209716797
2815,12.952255249023438
2816,13.018028259277344
2817,12.707964897155762
2818,12.564910888671875
2819,12.618640899658203
2820,12.564322471618652
2821,12.445721626281738
2822,12.46541976928711
2823,12.671823501586914
2824,12.572122573852539
2825,12.497153282165527
2826,12.461503982543945
2827,12.659221649169922
2828,12.561576843261719
2829,12.648866653442383
2830,12.718757629394531
2831,12.851102828979492
2832,12.457132339477539
2833,12.678242683410645
2834,13.710240364074707
2835,13.851316452026367
2836,14.483527183532715
2837,14.642854690551758
2838,14.738290786743164
2839,14.580123901367188
2840,14.515828132629395
2841,14.583106994628906
2842,14.712850570678711
2843,14.646392822265625
2844,14.680074691772461
2845,14.62207317352295
2846,14.251992225646973
2847,13.839264869689941
2848,13.543305397033691
2849,13.490880012512207
2850,13.272671699523926
2851,13.214837074279785
2852,13.203781127929688
2853,13.050566673278809
2854,12.922703742980957
2855,13.732990264892578
2856,14.421199798583984
2857,14.702058792114258
2858,14.74427318572998
2859,14.557676315307617
2860,14.591069221496582
2861,14.697672843933105
2862,14.712613105773926
2863,14.814842224121094
2864,14.873924255371094
2865,14.810254096984863
2866,14.75442886352539
2867,14.71440315246582
2868,14.684544563293457
2869,14.621740341186523
2870,14.382847785949707
2871,14.193984985351562
2872,14.186583518981934
2873,14.098478317260742
2874,14.266860961914062
2875,14.14993953704834
2876,14.383207321166992
2877,14.3335542678833
2878,14.453203201293945
2879,14.438836097717285
2880,14.621755599975586
2881,14.594860076904297
2882,14.561842918395996
2883,14.638384819030762
2884,14.614912033081055
2885,14.610374450683594
2886,14.553314208984375
2887,14.681914329528809
2888,14.746251106262207
2889,14.771018028259277
2890,14.653167724609375
2891,14.660083770751953
2892,14.784078598022461
2893,14.762557029724121
2894,14.773733139038086
2895,14.768234252929688
2896,14.71883487701416
2897,14.735784530639648
2898,14.489225387573242
2899,14.386013984680176
2900,14.573254585266113
2901,14.292318344116211
2902,13.64413833618164
2903,13.891032218933105
2904,14.143835067749023
2905,14.251401901245117
2906,14.2080659866333
2907,14.29276180267334
2908,14.11631965637207
2909,13.854714393615723
2910,14.399709701538086
2911,14.663476943969727
2912,14.698019027709961
2913,14.423598289489746
2914,14.53524112701416
2915,14.634725570678711
2916,14.656410217285156
2917,14.713522911071777
2918,14.472061157226562
2919,14.11458969116211
2920,14.110538482666016
2921,13.956364631652832
2922,14.116913795471191
2923,14.228506088256836
2924,14.178240776062012
2925,14.122365951538086
2926,13.983322143554688
2927,13.96766471862793
2928,14.059011459350586
2929,13.807665824890137
2930,14.576976776123047
2931,14.606213569641113
2932,14.620078086853027
2933,14.581415176391602
2934,14.674430847167969
2935,14.676567077636719
2936,14.75796890258789
2937,14.710439682006836
2938,14.605215072631836
2939,14.584402084350586
2940,14.697853088378906
2941,14.79401683807373
2942,14.803285598754883
2943,14.819563865661621
2944,14.794960021972656
2945,14.78205680847168
2946,14.71068000793457
2947,14.745006561279297
2948,14.7894926071167
2949,14.769255638122559
2950,14.710688591003418
2951,14.649012565612793
2952,14.629331588745117
2953,14.386018753051758
2954,14.570817947387695
2955,14.386137962341309
2956,14.301960945129395
2957,14.616303443908691
2958,14.585943222045898
2959,14.48572826385498
2960,14.479351043701172
2961,14.292463302612305
2962,13.904539108276367
2963,13.990924835205078
2964,14.231363296508789
2965,14.69653034210205
2966,14.722429275512695
2967,13.927892684936523
2968,14.202953338623047
2969,14.382010459899902
2970,14.662492752075195
2971,14.660094261169434
2972,14.666690826416016
2973,14.680563926696777
2974,14.439986228942871
2975,14.318467140197754
2976,14.346648216247559
2977,14.178214073181152
2978,14.10024356842041
2979,13.854666709899902
2980,13.79171085357666
2981,13.568312644958496
2982,13.739907264709473
2983,13.568158149719238
2984,14.129738807678223
2985,13.99252986907959
2986,13.722626686096191
2987,13.622212409973145
2988,13.783951759338379
2989,13.913236618041992
2990,13.620916366577148
2991,13.796045303344727
2992,13.883885383605957
2993,13.993042945861816
2994,14.622090339660645
2995,14.55918025970459
2996,14.640060424804688
2997,14.402741432189941
2998,14.181413650512695
2999,13.801207542419434
3000,14.792877197265625
3001,14.796148300170898
3002,14.839446067810059
3003,14.84747314453125
3004,14.802478790283203
3005,14.786689758300781
3006,14.753342628479004
3007,14.752156257629395
3008,14.766860961914062
3009,14.715226173400879
3010,14.72146224975586
3011,14.659295082092285
3012,14.738157272338867
3013,14.596302032470703
3014,14.887256622314453
3015,14.83984375
3016,14.620628356933594
3017,14.822223663330078
3018,14.841724395751953
3019,14.828591346740723
3020,14.655903816223145
3021,14.745268821716309
3022,14.884005546569824
3023,14.855508804321289
3024,14.84411334991455
3025,15.058845520019531
3026,15.028592109680176
3027,15.0032958984375
3028,15.03352165222168
3029,14.870270729064941
3030,14.973200798034668
3031,15.1595458984375
3032,15.14426326751709
3033,15.197330474853516
3034,15.369148254394531
3035,15.2354736328125
3036,15.260886192321777
3037,15.275667190551758
3038,15.330692291259766
3039,15.298223495483398
3040,15.32954216003418
3041,15.236739158630371
3042,15.1626558303833
3043,14.920063018798828
3044,15.142251014709473
3045,15.135746955871582
3046,15.450783729553223
3047,15.459484100341797
3048,15.5018310546875
3049,15.687809944152832
3050,15.754627227783203
3051,15.727190971374512
3052,15.72832202911377
3053,15.69114875793457
3054,15.733550071716309
3055,15.733748435974121
3056,15.72071361541748
3057,15.70559024810791
3058,15.680854797363281
3059,15.62447738647461
3060,15.526016235351562
3061,15.498208045959473
3062,15.462775230407715
3063,15.436290740966797
3064,15.492676734924316
3065,15.510168075561523
3066,15.50312328338623
3067,15.548873901367188
3068,15.539307594299316
3069,15.521209716796875
3070,15.556235313415527
3071,15.434535026550293
3072,15.368501663208008
3073,15.276483535766602
3074,15.169405937194824
3075,15.19746208190918
3076,15.082180976867676
3077,14.989924430847168
3078,15.165440559387207
3079,15.007415771484375
3080,14.913707733154297
3081,14.865078926086426
3082,14.849200248718262
3083,14.783899307250977
3084,14.750426292419434
3085,14.861444473266602
3086,14.89963436126709
3087,14.93832015991211
3088,14.865545272827148
3089,14.824990272521973
3090,14.745898246765137
3091,14.770031929016113
3092,14.887564659118652
3093,14.928430557250977
3094,14.90138053894043
3095,15.052105903625488
3096,14.963394165039062
3097,14.977240562438965
3098,14.997328758239746
3099,14.942989349365234
3100,14.963088989257812
3101,15.050657272338867
3102,15.09349536895752
3103,15.17270565032959
3104,15.173006057739258
3105,15.090521812438965
3106,15.212196350097656
3107,15.18718433380127
3108,15.254831314086914
3109,15.244440078735352
3110,15.312213897705078
3111,15.369590759277344
3112,15.376792907714844
3113,15.55319595336914
3114,15.40368366241455
3115,15.41325569152832
3116,15.39623737335205
3117,15.53742504119873
3118,15.483654975891113
3119,15.191031455993652
3120,15.25201416015625
3121,15.224089622497559
3122,15.326432228088379
3123,15.23698902130127
3124,15.415556907653809
3125,15.50479507446289
3126,15.526817321777344
3127,15.407281875610352
3128,15.503357887268066
3129,15.422871589660645
3130,15.515091896057129
3131,15.521862983703613
3132,15.506135940551758
3133,15.751175880432129
3134,15.725388526916504
3135,15.643336296081543
3136,15.683658599853516
3137,15.64690113067627
3138,15.6531982421875
3139,15.721370697021484
3140,15.661090850830078
3141,15.664835929870605
3142,15.620460510253906
3143,15.525057792663574
3144,15.483112335205078
3145,15.446503639221191
3146,15.364194869995117
3147,15.289777755737305
3148,15.27367115020752
3149,15.4408540725708
3150,15.37002182006836
3151,14.584667205810547
3152,14.429996490478516
3153,14.389355659484863
3154,14.307034492492676
3155,14.231634140014648
3156,14.184094429016113
3157,14.214811325073242
3158,14.214744567871094
3159,14.199224472045898
3160,14.128110885620117
3161,14.109115600585938
3162,14.091583251953125
3163,14.159862518310547
3164,14.211670875549316
3165,14.28978443145752
3166,14.218389511108398
3167,14.259467124938965
3168,14.326715469360352
3169,14.37950611114502
3170,14.312655448913574
3171,14.313860893249512
3172,14.357830047607422
3173,14.428374290466309
3174,14.467206001281738
3175,14.439179420471191
3176,14.462026596069336
3177,14.60437297821045
3178,14.722719192504883
3179,14.664877891540527
3180,14.766251564025879
3181,14.659878730773926
3182,14.704243659973145
3183,14.729519844055176
3184,14.616289138793945
3185,14.484349250793457
3186,14.46110725402832
3187,14.408459663391113
3188,14.323015213012695
3189,14.314230918884277
3190,14.302384376525879
3191,14.348844528198242
3192,14.40848159790039
3193,14.416520118713379
3194,14.378972053527832
3195,14.29780101776123
3196,14.383742332458496
3197,14.408393859863281
3198,14.393538475036621
3199,14.379010200500488
3200,14.381107330322266
3201,14.59068489074707
3202,14.703124046325684
3203,14.651521682739258
3204,14.847110748291016
3205,14.864566802978516
3206,14.941913604736328
3207,14.687382698059082
3208,14.706793785095215
3209,14.766104698181152
3210,14.839383125305176
3211,15.098341941833496
3212,15.149568557739258
3213,15.311481475830078
3214,15.251701354980469
3215,15.185444831848145
3216,15.416827201843262
3217,15.345527648925781
3218,15.404312133789062
3219,15.289254188537598
3220,15.294506072998047
3221,15.34237003326416
3222,15.369649887084961
3223,15.378583908081055
3224,15.136629104614258
3225,15.303099632263184
3226,15.327274322509766
3227,15.312379837036133
3228,14.821481704711914
3229,14.739655494689941
3230,14.839638710021973
3231,14.921893119812012
3232,15.019485473632812
3233,15.092707633972168
3234,15.014071464538574
3235,14.936164855957031
3236,14.751419067382812
3237,14.7211332321167
3238,14.796232223510742
3239,14.843705177307129
3240,14.801219940185547
3241,14.730587005615234
3242,14.799957275390625
3243,14.728495597839355
3244,14.689160346984863
3245,14.677520751953125
3246,14.52135944366455
3247,14.453596115112305
3248,14.434943199157715
3249,14.48806095123291
3250,14.472402572631836
3251,14.408434867858887
3252,14.354708671569824
3253,14.495436668395996
3254,14.46809196472168
3255,14.638816833496094
3256,14.635568618774414
3257,14.514422416687012
3258,14.462907791137695
3259,14.411669731140137
3260,14.293819427490234
3261,14.245986938476562
3262,14.318025588989258
3263,14.409051895141602
3264,14.51956844329834
3265,14.596821784973145
3266,14.617437362670898
3267,14.525565147399902
3268,14.64998722076416
3269,14.500284194946289
3270,14.405071258544922
3271,14.451929092407227
3272,14.488316535949707
3273,14.547855377197266
3274,14.567159652709961
3275,14.543752670288086
3276,14.723029136657715
3277,14.544610977172852
3278,14.563270568847656
3279,14.588570594787598
3280,14.70283317565918
3281,14.612983703613281
3282,14.843466758728027
3283,14.834720611572266
3284,14.859716415405273
3285,15.025410652160645
3286,14.85215950012207
3287,14.918993949890137
3288,14.941360473632812
3289,15.018126487731934
3290,15.07242488861084
3291,14.890758514404297
3292,15.07102108001709
3293,15.12256908416748
3294,15.126330375671387
3295,15.14227294921875
3296,15.150589942932129
3297,15.219391822814941
3298,15.184091567993164
3299,14.990164756774902
3300,15.16989517211914
3301,15.193826675415039
3302,15.232863426208496
3303,15.32548999786377
3304,15.277975082397461
3305,15.163371086120605
3306,15.266901969909668
3307,15.498981475830078
3308,15.413984298706055
3309,15.254244804382324
3310,15.392431259155273
3311,15.505722999572754
3312,15.401862144470215
3313,15.400687217712402
3314,15.417732238769531
3315,15.4762601852417
3316,15.410451889038086
3317,15.462894439697266
3318,15.54054069519043
3319,15.562211036682129
3320,15.65934944152832
3321,15.630069732666016
3322,15.418874740600586
3323,15.661218643188477
3324,15.555136680603027
3325,15.590946197509766
3326,15.589653968811035
3327,15.59593677520752
3328,15.715044021606445
3329,15.633160591125488
3330,15.60816478729248
3331,15.378453254699707
3332,15.471271514892578
3333,15.47145938873291
3334,15.577286720275879
3335,15.213057518005371
3336,15.195760726928711
3337,15.021421432495117
3338,14.928339004516602
3339,15.064131736755371
3340,15.01995849609375
3341,14.882859230041504
3342,14.8140287399292
3343,15.002443313598633
3344,15.057421684265137
3345,14.98865795135498
3346,14.887701034545898
3347,14.845076560974121
3348,14.946307182312012
3349,15.02130126953125
3350,14.904315948486328
3351,14.96754264831543
3352,14.764562606811523
3353,15.08173656463623
3354,14.95938777923584
3355,14.891568183898926
3356,14.962687492370605
3357,14.873169898986816
3358,14.772939682006836
3359,14.861716270446777
3360,14.754354476928711
3361,14.675459861755371
3362,14.29561996459961
3363,14.212181091308594
3364,14.177530288696289
3365,14.17833137512207
3366,14.149042129516602
3367,14.164209365844727
3368,14.182083129882812
3369,14.140737533569336
3370,14.169647216796875
3371,14.148587226867676
3372,13.9678373336792
3373,14.00542163848877
3374,14.031678199768066
3375,14.015495300292969
3376,13.98750114440918
3377,13.977977752685547
3378,14.001691818237305
3379,14.057705879211426
3380,14.064757347106934
3381,14.226237297058105
3382,14.263493537902832
3383,14.150328636169434
3384,14.089642524719238
3385,14.10281753540039
3386,14.124505043029785
3387,14.097197532653809
3388,14.084207534790039
3389,14.093598365783691
3390,14.082280158996582
3391,14.000020027160645
3392,14.009140968322754
3393,14.004207611083984
3394,13.99346923828125
3395,14.019171714782715
3396,13.992213249206543
3397,14.023239135742188
3398,13.970795631408691
3399,13.953878402709961
3400,13.954708099365234
3401,13.955114364624023
3402,13.993146896362305
3403,13.92446517944336
3404,14.021554946899414
3405,13.968061447143555
3406,13.961478233337402
3407,13.952710151672363
3408,13.840073585510254
3409,13.77453327178955
3410,13.828117370605469
3411,13.859992980957031
3412,13.918777465820312
3413,13.890266418457031
3414,13.906269073486328
3415,14.011327743530273
3416,13.92324447631836
3417,13.897342681884766
3418,13.964132308959961
3419,14.099506378173828
3420,14.139304161071777
3421,14.167075157165527
3422,14.197407722473145
3423,14.26869010925293
3424,14.246082305908203
3425,14.266509056091309
3426,14.244027137756348
3427,14.355239868164062
3428,14.348658561706543
3429,14.365483283996582
3430,14.463136672973633
3431,14.438590049743652
3432,14.541488647460938
3433,14.487354278564453
3434,14.5181303024292
3435,14.536026000976562
3436,14.46839427947998
3437,14.457414627075195
3438,14.514140129089355
3439,14.596658706665039
3440,14.586482048034668
3441,14.626482963562012
3442,14.709638595581055
3443,14.882999420166016
3444,14.787030220031738
3445,14.648944854736328
3446,14.66301441192627
3447,14.719574928283691
3448,14.732503890991211
3449,14.717218399047852
3450,14.739690780639648
3451,14.716352462768555
3452,14.634527206420898
3453,14.627408981323242
3454,14.674269676208496
3455,14.657726287841797
3456,14.729873657226562
3457,14.794394493103027
3458,14.786848068237305
3459,14.845253944396973
3460,14.897317886352539
3461,14.879016876220703
3462,14.81166934967041
3463,14.86373233795166
3464,14.808128356933594
3465,14.73239803314209
3466,14.798384666442871
3467,14.846099853515625
3468,14.902642250061035
3469,14.924135208129883
3470,15.110599517822266
3471,14.706846237182617
3472,14.555213928222656
3473,14.578704833984375
3474,14.539655685424805
3475,14.814180374145508
3476,14.71530532836914
3477,14.766410827636719
3478,14.718778610229492
3479,14.573534965515137
3480,14.465463638305664
3481,14.585890769958496
3482,14.57624626159668
3483,14.607495307922363
3484,14.587965965270996
3485,14.44018268585205
3486,14.498564720153809
3487,14.57705020904541
3488,14.543331146240234
3489,14.603157997131348
3490,14.560790061950684
3491,14.550907135009766
3492,14.524346351623535
3493,14.546089172363281
3494,14.564400672912598
3495,14.694487571716309
3496,14.857717514038086
3497,15.010814666748047
3498,15.000125885009766
3499,14.987114906311035
3500,14.896442413330078
3501,14.75271224975586
3502,14.65772533416748
3503,14.6560640335083
3504,14.689696311950684
3505,14.72451114654541
3506,14.741700172424316
3507,14.782574653625488
3508,14.672800064086914
3509,14.469453811645508
3510,14.509637832641602
3511,14.618380546569824
3512,14.644303321838379
3513,14.661272048950195
3514,14.606515884399414
3515,14.728981971740723
3516,14.631258010864258
3517,14.655893325805664
3518,14.722500801086426
3519,14.683748245239258
3520,14.612619400024414
3521,14.61363410949707
3522,14.711461067199707
3523,14.437350273132324
3524,14.410689353942871
3525,14.377144813537598
3526,14.365072250366211
3527,14.309343338012695
3528,14.336980819702148
3529,14.36919116973877
3530,14.399036407470703
3531,14.393420219421387
3532,14.337958335876465
3533,14.138702392578125
3534,14.150094985961914
3535,14.17191219329834
3536,14.119297981262207
3537,14.091485023498535
3538,14.037693977355957
3539,14.019221305847168
3540,14.018264770507812
3541,14.002557754516602
3542,14.038481712341309
3543,14.042179107666016
3544,14.037040710449219
3545,14.043306350708008
3546,14.024961471557617
3547,14.390457153320312
3548,14.306562423706055
3549,14.172719955444336
3550,14.071185111999512
3551,14.04945182800293
3552,14.06006908416748
3553,14.09111213684082
3554,14.082775115966797
3555,14.129247665405273
3556,14.176763534545898
3557,14.163223266601562
3558,14.163864135742188
3559,14.117122650146484
3560,14.155011177062988
3561,14.23922061920166
3562,14.407670021057129
3563,14.391419410705566
3564,14.23641586303711
3565,14.328723907470703
3566,14.321739196777344
3567,14.272336959838867
3568,14.31387710571289
3569,14.163728713989258
3570,14.337018966674805
3571,14.361149787902832
3572,14.421655654907227
3573,14.511038780212402
3574,14.190664291381836
3575,14.18561840057373
3576,14.15792465209961
3577,14.329832077026367
3578,14.422332763671875
3579,14.622177124023438
3580,14.838302612304688
3581,14.732760429382324
3582,14.850579261779785
3583,14.908745765686035
3584,14.964667320251465
3585,15.112345695495605
3586,15.148000717163086
3587,15.150668144226074
3588,15.102368354797363
3589,15.10290813446045
3590,15.108474731445312
3591,14.667862892150879
3592,14.83908462524414
3593,14.791728019714355
3594,14.878911972045898
3595,14.926607131958008
3596,14.845756530761719
3597,14.865071296691895
3598,14.873164176940918
3599,14.94158935546875
3600,14.932428359985352
3601,14.9982271194458
3602,15.012009620666504
3603,15.08508586883545
3604,14.740140914916992
3605,14.907099723815918
3606,14.735505104064941
3607,14.716785430908203
3608,14.655451774597168
3609,14.538777351379395
3610,14.5305757522583
3611,14.489563941955566
3612,14.44930362701416
3613,14.511208534240723
3614,14.283787727355957
3615,14.32827091217041
3616,14.387280464172363
3617,14.441427230834961
3618,14.442949295043945
3619,14.379681587219238
3620,14.320196151733398
3621,14.280577659606934
3622,14.232810020446777
3623,14.23317813873291
3624,14.269820213317871
3625,14.521933555603027
3626,14.527685165405273
3627,14.177192687988281
3628,14.367568969726562
3629,14.149317741394043
3630,14.296916961669922
3631,14.488465309143066
3632,14.485992431640625
3633,14.501020431518555
3634,14.536685943603516
3635,14.4862642288208
3636,14.546218872070312
3637,14.751566886901855
3638,14.82626724243164
3639,14.73344898223877
3640,14.75277328491211
3641,14.86231803894043
3642,14.494985580444336
3643,14.464370727539062
3644,14.394879341125488
3645,14.391020774841309
3646,14.469732284545898
3647,14.531935691833496
3648,14.588547706604004
3649,14.411757469177246
3650,14.527148246765137
3651,14.460264205932617
3652,14.590801239013672
3653,14.579643249511719
3654,14.231182098388672
3655,14.557164192199707
3656,14.506706237792969
3657,14.538707733154297
3658,14.603906631469727
3659,14.667462348937988
3660,14.805530548095703
3661,14.737383842468262
3662,14.715499877929688
3663,14.576942443847656
3664,14.47729778289795
3665,14.754327774047852
3666,14.599632263183594
3667,14.639768600463867
3668,14.6825532913208
3669,14.719260215759277
3670,14.569254875183105
3671,14.550463676452637
3672,14.430604934692383
3673,14.405352592468262
3674,14.4341459274292
3675,14.493911743164062
3676,14.444543838500977
3677,14.380298614501953
3678,14.316417694091797
3679,14.578462600708008
3680,14.604758262634277
3681,14.07513427734375
3682,13.983445167541504
3683,14.002140045166016
3684,13.979299545288086
3685,13.98245906829834
3686,13.978132247924805
3687,14.043746948242188
3688,14.017693519592285
3689,14.016345977783203
3690,14.027246475219727
3691,13.980173110961914
3692,13.975682258605957
3693,13.937893867492676
3694,13.95814037322998
3695,13.97765064239502
3696,13.976348876953125
3697,13.993988037109375
3698,13.99544620513916
3699,14.011981010437012
3700,14.000178337097168
3701,13.960966110229492
3702,14.023750305175781
3703,14.01384449005127
3704,14.00161075592041
3705,13.98180103302002
3706,14.072402954101562
3707,14.064044952392578
3708,13.922802925109863
3709,13.909771919250488
3710,13.929892539978027
3711,13.920708656311035
3712,13.911070823669434
3713,13.950295448303223
3714,13.97285270690918
3715,13.984601974487305
3716,13.999751091003418
3717,13.99199104309082
3718,13.962879180908203
3719,13.922945022583008
3720,13.964851379394531
3721,13.966707229614258
3722,13.97797679901123
3723,14.027593612670898
3724,14.048422813415527
3725,14.027490615844727
3726,14.069477081298828
3727,14.01219654083252
3728,13.991202354431152
3729,13.967838287353516
3730,13.9787015914917
3731,13.968365669250488
3732,13.955113410949707
3733,14.017708778381348
3734,14.001522064208984
3735,13.86847972869873
3736,13.865949630737305
3737,13.85610294342041
3738,13.858592987060547
3739,13.849529266357422
3740,13.896415710449219
3741,13.900540351867676
3742,13.99118423461914
3743,14.06092357635498
3744,14.105725288391113
3745,14.19437313079834
3746,14.218998908996582
3747,14.265153884887695
3748,14.262632369995117
3749,14.268912315368652
3750,14.272615432739258
3751,14.283154487609863
3752,14.128229141235352
3753,14.280808448791504
3754,14.337646484375
3755,14.404417991638184
3756,14.393247604370117
3757,14.376567840576172
3758,14.561471939086914
3759,14.741520881652832
3760,14.828634262084961
3761,14.80717658996582
3762,14.758426666259766
3763,15.303396224975586
3764,15.322394371032715
3765,15.360127449035645
3766,15.40223503112793
3767,15.23514175415039
3768,14.994866371154785
3769,15.154870986938477
3770,15.099455833435059
3771,15.16123104095459
3772,15.214256286621094
3773,15.160269737243652
3774,15.124963760375977
3775,15.116065979003906
3776,15.070469856262207
3777,15.065814018249512
3778,15.083141326904297
3779,14.994327545166016
3780,14.874390602111816
3781,14.816752433776855
3782,14.687643051147461
3783,14.651653289794922
3784,14.594189643859863
3785,14.803089141845703
3786,14.591290473937988
3787,14.883010864257812
3788,14.90743637084961
3789,14.804839134216309
3790,14.640996932983398
3791,14.537808418273926
3792,14.414131164550781
3793,14.5192232131958
3794,14.686182022094727
3795,14.694507598876953
3796,14.63128662109375
3797,14.641483306884766
3798,14.651738166809082
3799,14.569845199584961
3800,14.44409465789795
3801,14.204878807067871
3802,14.453348159790039
3803,14.301182746887207
3804,14.323229789733887
3805,14.223962783813477
3806,14.20451545715332
3807,14.168126106262207
3808,14.121750831604004
3809,14.118748664855957
3810,14.10989761352539
3811,14.128429412841797
3812,14.121163368225098
3813,14.187616348266602
3814,14.397111892700195
3815,14.352713584899902
3816,14.0757417678833
3817,14.105321884155273
3818,14.111257553100586
3819,14.169534683227539
3820,14.17454719543457
3821,14.148704528808594
3822,14.134044647216797
3823,14.080389976501465
3824,14.024892807006836
3825,14.003395080566406
3826,13.992422103881836
3827,13.968234062194824
3828,13.994194984436035
3829,13.99648380279541
3830,14.398918151855469
3831,14.418560028076172
3832,14.531548500061035
3833,14.684477806091309
3834,14.584237098693848
3835,14.937066078186035
3836,14.957304000854492
3837,14.824028015136719
3838,14.936596870422363
3839,15.072538375854492
3840,15.052886009216309
3841,15.049275398254395
3842,15.05899715423584
3843,14.834851264953613
3844,14.641697883605957
3845,14.768856048583984
3846,14.831592559814453
3847,14.627284049987793
3848,14.698704719543457
3849,14.746481895446777
3850,14.743934631347656
3851,14.65994930267334
3852,14.556360244750977
3853,14.452706336975098
3854,14.440766334533691
3855,14.667546272277832
3856,14.54864501953125
3857,14.685868263244629
3858,14.870640754699707
3859,14.880963325500488
3860,14.87303638458252
3861,14.783733367919922
3862,14.843777656555176
3863,14.774282455444336
3864,14.63935375213623
3865,14.828800201416016
3866,14.4849214553833
3867,14.6485595703125
3868,14.700874328613281
3869,14.617837905883789
3870,14.597567558288574
3871,14.679030418395996
3872,14.571721076965332
3873,14.595754623413086
3874,14.502312660217285
3875,14.560086250305176
3876,14.418099403381348
3877,14.69924545288086
3878,14.619331359863281
3879,14.386080741882324
3880,14.708710670471191
3881,14.548604965209961
3882,14.824509620666504
3883,14.822240829467773
3884,14.995787620544434
3885,15.094321250915527
3886,15.288590431213379
3887,15.216047286987305
3888,15.276947021484375
3889,15.342985153198242
3890,15.347705841064453
3891,15.372456550598145
3892,15.337869644165039
3893,15.338493347167969
3894,15.278801918029785
3895,15.267280578613281
3896,15.293257713317871
3897,15.307748794555664
3898,15.300985336303711
3899,15.29843521118164
3900,15.253920555114746
3901,15.175408363342285
3902,15.11843204498291
3903,15.170853614807129
3904,15.101683616638184
3905,15.11229133605957
3906,15.070262908935547
3907,15.111116409301758
3908,15.147878646850586
3909,15.248661994934082
3910,15.284385681152344
3911,15.192469596862793
3912,15.285362243652344
3913,15.381378173828125
3914,15.337201118469238
3915,15.217777252197266
3916,15.150279998779297
3917,15.196575164794922
3918,15.080028533935547
3919,15.1806001663208
3920,15.220824241638184
3921,15.189188957214355
3922,15.21212387084961
3923,15.176800727844238
3924,15.118891716003418
3925,15.143138885498047
3926,15.24608039855957
3927,15.33605670928955
3928,15.33870792388916
3929,15.316768646240234
3930,15.290804862976074
3931,15.287745475769043
3932,15.299087524414062
3933,15.133886337280273
3934,15.327083587646484
3935,15.327208518981934
3936,15.363439559936523
3937,15.377819061279297
3938,15.366862297058105
3939,15.392857551574707
3940,15.423413276672363
3941,15.407546997070312
3942,15.4198637008667
3943,15.388331413269043
3944,15.375092506408691
3945,15.302728652954102
3946,15.166007995605469
3947,15.23559284210205
3948,15.150745391845703
3949,15.183146476745605
3950,15.181370735168457
3951,15.234556198120117
3952,15.240723609924316
3953,15.296323776245117
3954,15.268896102905273
3955,15.267611503601074
3956,15.273896217346191
3957,15.315754890441895
3958,15.32535457611084
3959,15.337004661560059
3960,15.34021282196045
3961,15.319906234741211
3962,15.22583293914795
3963,15.337750434875488
3964,15.332432746887207
3965,15.291244506835938
3966,15.267792701721191
3967,15.413448333740234
3968,15.395978927612305
3969,15.400525093078613
3970,15.439656257629395
3971,15.414568901062012
3972,15.362236022949219
3973,15.299354553222656
3974,15.255339622497559
3975,15.280635833740234
3976,15.2503080368042
3977,15.230484962463379
3978,15.228532791137695
3979,15.198592185974121
3980,15.168410301208496
3981,15.246698379516602
3982,15.23593521118164
3983,15.234173774719238
3984,15.162906646728516
3985,15.221696853637695
3986,15.166104316711426
3987,15.220907211303711
3988,15.159818649291992
3989,15.127280235290527
3990,15.207819938659668
3991,15.271193504333496
3992,14.856739044189453
3993,14.850619316101074
3994,14.845938682556152
3995,14.848620414733887
3996,15.056690216064453
3997,15.026308059692383
3998,14.720749855041504
3999,14.71664047241211
