,0
0,19.513893127441406
1,19.51644515991211
2,19.51632308959961
3,19.520858764648438
4,19.497121810913086
5,19.521156311035156
6,19.450040817260742
7,19.30839729309082
8,19.430240631103516
9,19.482866287231445
10,19.49326515197754
11,19.443735122680664
12,19.498552322387695
13,19.547718048095703
14,19.543378829956055
15,19.52037811279297
16,19.421188354492188
17,19.400827407836914
18,19.383010864257812
19,19.385446548461914
20,19.330623626708984
21,19.305543899536133
22,19.17217254638672
23,19.177255630493164
24,19.198593139648438
25,19.212060928344727
26,19.335086822509766
27,19.34549903869629
28,19.359994888305664
29,19.380687713623047
30,19.402772903442383
31,19.50992202758789
32,19.506296157836914
33,19.515487670898438
34,19.51611328125
35,19.496126174926758
36,19.451566696166992
37,19.371009826660156
38,19.343645095825195
39,19.2850399017334
40,19.291133880615234
41,19.331424713134766
42,19.324281692504883
43,19.322509765625
44,19.323095321655273
45,19.33328628540039
46,19.31871223449707
47,19.273452758789062
48,19.542648315429688
49,19.551666259765625
50,19.549318313598633
51,19.549091339111328
52,19.54483413696289
53,19.55030632019043
54,19.551593780517578
55,19.55982780456543
56,19.51968765258789
57,19.505464553833008
58,19.479398727416992
59,19.471729278564453
60,19.4580078125
61,19.43472671508789
62,19.395551681518555
63,19.402515411376953
64,19.400470733642578
65,19.31993293762207
66,19.343042373657227
67,19.357967376708984
68,19.397493362426758
69,19.418659210205078
70,19.48944664001465
71,19.536109924316406
72,19.433502197265625
73,19.421894073486328
74,19.556644439697266
75,19.55441665649414
76,19.545513153076172
77,19.567413330078125
78,19.564891815185547
79,19.562257766723633
80,19.57094383239746
81,19.580392837524414
82,19.56626319885254
83,19.563735961914062
84,19.59004783630371
85,19.570405960083008
86,19.59229278564453
87,19.564786911010742
88,19.57363510131836
89,19.574960708618164
90,19.554580688476562
91,19.557464599609375
92,19.556360244750977
93,19.560869216918945
94,19.569923400878906
95,19.551603317260742
96,19.526004791259766
97,19.536218643188477
98,19.53885841369629
99,19.539627075195312
100,19.523914337158203
101,19.550445556640625
102,19.529916763305664
103,19.590576171875
104,19.576101303100586
105,19.579681396484375
106,19.54578399658203
107,19.581010818481445
108,19.561662673950195
109,19.558238983154297
110,19.539255142211914
111,19.530881881713867
112,19.515989303588867
113,19.49744987487793
114,19.503177642822266
115,19.50221061706543
116,19.518985748291016
117,19.530906677246094
118,19.524477005004883
119,19.519636154174805
120,19.53377914428711
121,19.520790100097656
122,19.517253875732422
123,19.49709129333496
124,19.482051849365234
125,19.385738372802734
126,19.381549835205078
127,19.42111587524414
128,19.231403350830078
129,19.16499900817871
130,19.17962646484375
131,19.117773056030273
132,19.037857055664062
133,19.00053596496582
134,19.098079681396484
135,19.106590270996094
136,19.117969512939453
137,19.112268447875977
138,19.134963989257812
139,19.075849533081055
140,19.02353286743164
141,18.979772567749023
142,18.972476959228516
143,18.88681983947754
144,18.787511825561523
145,18.7629451751709
146,18.810409545898438
147,18.86374282836914
148,18.86937141418457
149,18.827695846557617
150,18.881898880004883
151,18.935014724731445
152,18.96175193786621
153,19.019290924072266
154,19.225156784057617
155,19.407873153686523
156,18.988100051879883
157,18.817657470703125
158,18.771879196166992
159,18.75817108154297
160,18.72210693359375
161,18.744062423706055
162,18.686710357666016
163,18.68378448486328
164,18.658557891845703
165,18.63877296447754
166,18.625144958496094
167,18.678396224975586
168,18.705934524536133
169,18.76832389831543
170,18.826457977294922
171,19.271638870239258
172,19.314603805541992
173,19.32567596435547
174,19.361530303955078
175,19.370954513549805
176,19.37163543701172
177,19.289915084838867
178,19.391746520996094
179,19.402557373046875
180,19.30953598022461
181,19.229110717773438
182,18.82795524597168
183,18.837064743041992
184,18.945600509643555
185,19.356544494628906
186,19.399538040161133
187,19.406234741210938
188,19.123191833496094
189,19.113895416259766
190,19.315195083618164
191,19.401748657226562
192,19.438997268676758
193,19.376890182495117
194,19.168344497680664
195,19.48995018005371
196,19.53693199157715
197,19.54313850402832
198,19.531639099121094
199,19.535221099853516
200,19.541215896606445
201,19.537363052368164
202,19.5356388092041
203,19.523296356201172
204,19.523456573486328
205,19.537670135498047
206,19.478036880493164
207,19.440696716308594
208,19.435163497924805
209,19.451250076293945
210,19.446474075317383
211,19.44803810119629
212,19.443031311035156
213,19.440109252929688
214,19.429874420166016
215,19.40884780883789
216,19.417142868041992
217,19.430692672729492
218,19.423376083374023
219,19.52183723449707
220,19.44134521484375
221,19.369855880737305
222,19.553871154785156
223,19.572017669677734
224,19.546661376953125
225,19.48172378540039
226,19.445859909057617
227,19.43741798400879
228,19.46646499633789
229,19.454849243164062
230,19.455326080322266
231,19.498138427734375
232,19.533079147338867
233,19.500732421875
234,19.490312576293945
235,19.483388900756836
236,19.478931427001953
237,19.48151206970215
238,19.54862403869629
239,19.553525924682617
240,19.52288818359375
241,19.512170791625977
242,19.540019989013672
243,19.53900718688965
244,19.537015914916992
245,19.556346893310547
246,19.561092376708984
247,19.52566146850586
248,19.520387649536133
249,19.51081657409668
250,19.50562286376953
251,19.52139663696289
252,19.572540283203125
253,19.522201538085938
254,19.468231201171875
255,19.480756759643555
256,19.470802307128906
257,19.448007583618164
258,19.433015823364258
259,19.4312744140625
260,19.428760528564453
261,19.42762565612793
262,19.43234634399414
263,19.410926818847656
264,19.426651000976562
265,19.44846534729004
266,19.437044143676758
267,19.439762115478516
268,19.42799186706543
269,19.53845977783203
270,19.554231643676758
271,19.54240608215332
272,19.567129135131836
273,19.56412124633789
274,19.557769775390625
275,19.48243522644043
276,19.558788299560547
277,19.56439781188965
278,19.53411865234375
279,19.537065505981445
280,19.5239315032959
281,19.48229217529297
282,19.494422912597656
283,19.49793243408203
284,19.50186538696289
285,19.5041446685791
286,19.47137451171875
287,19.45228385925293
288,19.501174926757812
289,19.500368118286133
290,19.507246017456055
291,19.472518920898438
292,19.48403549194336
293,19.50004005432129
294,19.486282348632812
295,19.482099533081055
296,19.468917846679688
297,19.473590850830078
298,19.441221237182617
299,19.447614669799805
300,19.444948196411133
301,19.548709869384766
302,19.55443572998047
303,19.570669174194336
304,19.57003402709961
305,19.571983337402344
306,19.576618194580078
307,19.573410034179688
308,19.545297622680664
309,19.5599365234375
310,19.556549072265625
311,19.557239532470703
312,19.556833267211914
313,19.57870101928711
314,19.595203399658203
315,19.587297439575195
316,19.590375900268555
317,18.870634078979492
318,18.722564697265625
319,18.343639373779297
320,17.861087799072266
321,17.792335510253906
322,17.78083610534668
323,17.78444480895996
324,17.784740447998047
325,18.046592712402344
326,17.844993591308594
327,18.143766403198242
328,18.17021942138672
329,18.131406784057617
330,18.111587524414062
331,18.2158203125
332,18.068531036376953
333,18.06964683532715
334,18.096059799194336
335,18.29138946533203
336,18.307239532470703
337,18.259077072143555
338,18.14739418029785
339,18.127439498901367
340,18.1220760345459
341,18.161827087402344
342,18.165891647338867
343,18.12883949279785
344,18.035053253173828
345,17.99856948852539
346,17.887203216552734
347,17.825124740600586
348,17.819965362548828
349,17.876253128051758
350,17.940553665161133
351,17.893836975097656
352,17.90142822265625
353,17.898895263671875
354,17.90319061279297
355,17.909292221069336
356,17.94058609008789
357,17.951440811157227
358,18.009769439697266
359,18.032062530517578
360,18.05765151977539
361,18.09882354736328
362,18.21913719177246
363,18.128049850463867
364,18.129091262817383
365,18.45326805114746
366,18.550128936767578
367,18.683727264404297
368,18.742900848388672
369,18.80524253845215
370,18.824403762817383
371,18.85750961303711
372,18.86934471130371
373,19.173797607421875
374,18.85451889038086
375,19.120098114013672
376,19.137765884399414
377,19.208988189697266
378,19.23702049255371
379,19.243083953857422
380,19.20738410949707
381,18.930784225463867
382,19.059825897216797
383,18.770858764648438
384,18.77581024169922
385,18.73279571533203
386,18.629629135131836
387,19.049863815307617
388,18.674959182739258
389,19.07033920288086
390,19.21882438659668
391,19.32537841796875
392,19.114620208740234
393,19.078838348388672
394,18.815948486328125
395,19.199872970581055
396,19.227676391601562
397,19.146543502807617
398,18.766691207885742
399,18.70940589904785
400,18.61650276184082
401,18.3829345703125
402,18.26081085205078
403,18.247234344482422
404,18.219507217407227
405,18.164608001708984
406,18.23476219177246
407,18.233367919921875
408,18.2376766204834
409,18.22039031982422
410,18.25887680053711
411,18.232500076293945
412,18.33314323425293
413,18.348430633544922
414,18.472999572753906
415,18.82339859008789
416,18.845212936401367
417,18.896183013916016
418,18.918378829956055
419,18.704570770263672
420,18.426471710205078
421,18.464584350585938
422,18.8008975982666
423,18.771759033203125
424,18.446073532104492
425,18.444395065307617
426,18.45839500427246
427,19.120447158813477
428,18.96957015991211
429,18.537811279296875
430,18.438581466674805
431,18.377723693847656
432,18.380369186401367
433,18.594745635986328
434,18.74401092529297
435,18.602731704711914
436,18.565765380859375
437,18.53219223022461
438,18.925783157348633
439,19.0651798248291
440,18.879169464111328
441,18.784109115600586
442,19.053245544433594
443,18.984586715698242
444,18.944690704345703
445,18.65628433227539
446,18.881071090698242
447,19.06218147277832
448,18.87546730041504
449,19.078144073486328
450,19.084110260009766
451,19.16839599609375
452,19.078834533691406
453,18.92205810546875
454,18.427324295043945
455,18.887035369873047
456,18.61844253540039
457,18.515459060668945
458,18.544540405273438
459,18.91046714782715
460,19.033382415771484
461,19.04922103881836
462,19.052610397338867
463,19.067441940307617
464,19.082040786743164
465,18.934505462646484
466,19.080402374267578
467,19.06635856628418
468,18.75812530517578
469,18.66476821899414
470,18.654380798339844
471,18.656875610351562
472,18.724285125732422
473,18.64226722717285
474,18.8118839263916
475,18.73135757446289
476,18.774412155151367
477,18.709388732910156
478,18.586885452270508
479,18.626605987548828
480,18.60669708251953
481,19.42862319946289
482,19.475671768188477
483,19.405765533447266
484,19.336843490600586
485,19.193012237548828
486,19.19426727294922
487,19.27346420288086
488,19.227455139160156
489,19.158187866210938
490,19.08754539489746
491,18.911144256591797
492,18.88315773010254
493,18.874540328979492
494,18.84674835205078
495,18.8619327545166
496,18.79433822631836
497,18.752437591552734
498,18.712120056152344
499,18.737503051757812
500,17.49854278564453
501,17.435409545898438
502,17.471256256103516
503,17.4024715423584
504,17.275047302246094
505,17.231443405151367
506,17.17286491394043
507,17.148284912109375
508,17.0043888092041
509,17.893089294433594
510,17.402517318725586
511,18.07868003845215
512,18.347488403320312
513,18.443435668945312
514,18.587182998657227
515,18.765605926513672
516,18.61220359802246
517,18.670055389404297
518,18.509872436523438
519,18.334369659423828
520,18.610618591308594
521,18.27740478515625
522,17.830486297607422
523,17.589502334594727
524,17.465560913085938
525,17.518308639526367
526,17.575830459594727
527,17.614755630493164
528,17.626279830932617
529,17.615755081176758
530,18.1751708984375
531,18.340946197509766
532,17.9698429107666
533,17.72958755493164
534,17.643041610717773
535,17.889596939086914
536,17.736732482910156
537,17.67862319946289
538,18.561038970947266
539,18.783079147338867
540,18.67684555053711
541,18.71963119506836
542,18.790456771850586
543,18.797454833984375
544,18.853498458862305
545,18.485246658325195
546,18.82036781311035
547,18.772111892700195
548,18.778966903686523
549,18.84160614013672
550,18.859872817993164
551,18.71732521057129
552,18.87861442565918
553,19.040945053100586
554,19.06157875061035
555,19.044694900512695
556,19.02297019958496
557,18.8673095703125
558,19.083709716796875
559,19.07529640197754
560,18.858856201171875
561,18.75360107421875
562,18.85413360595703
563,19.090850830078125
564,19.069671630859375
565,19.177433013916016
566,19.219112396240234
567,19.2309513092041
568,19.225948333740234
569,19.177961349487305
570,19.020187377929688
571,18.904325485229492
572,19.17249870300293
573,19.276100158691406
574,19.23678970336914
575,19.40178680419922
576,19.39035987854004
577,19.487192153930664
578,19.23724365234375
579,19.191720962524414
580,19.11738395690918
581,19.440677642822266
582,19.14621353149414
583,19.058883666992188
584,19.05085563659668
585,19.250579833984375
586,19.284324645996094
587,19.34040069580078
588,19.3328914642334
589,19.5059871673584
590,19.426532745361328
591,19.34990119934082
592,19.32868766784668
593,19.33266830444336
594,19.349390029907227
595,19.52515411376953
596,19.590620040893555
597,19.577695846557617
598,19.569541931152344
599,19.559839248657227
600,19.559017181396484
601,19.492401123046875
602,19.534656524658203
603,19.528377532958984
604,19.552709579467773
605,19.60120391845703
606,19.536100387573242
607,19.649354934692383
608,19.56865882873535
609,19.601606369018555
610,19.60057830810547
611,19.5938777923584
612,19.56636619567871
613,19.5699520111084
614,19.52121353149414
615,19.50507926940918
616,19.23383331298828
617,18.962251663208008
618,19.290658950805664
619,18.903902053833008
620,18.853641510009766
621,18.842073440551758
622,18.88332748413086
623,18.91973304748535
624,18.996646881103516
625,18.974746704101562
626,18.95946502685547
627,18.962739944458008
628,18.911474227905273
629,18.876628875732422
630,18.88081169128418
631,18.656673431396484
632,18.37447738647461
633,18.36082649230957
634,18.31231117248535
635,18.24097442626953
636,17.768062591552734
637,17.57616424560547
638,17.70184326171875
639,17.600942611694336
640,17.53537368774414
641,17.586069107055664
642,17.584562301635742
643,17.478851318359375
644,17.648033142089844
645,17.91355323791504
646,18.085983276367188
647,18.026752471923828
648,18.107391357421875
649,18.143869400024414
650,17.874719619750977
651,17.7658748626709
652,17.884309768676758
653,17.863006591796875
654,17.804948806762695
655,17.662830352783203
656,17.91411590576172
657,18.000709533691406
658,18.066181182861328
659,18.0768985748291
660,18.323455810546875
661,18.610260009765625
662,18.639606475830078
663,18.465742111206055
664,18.531126022338867
665,18.883764266967773
666,18.90858268737793
667,18.89113998413086
668,18.5562801361084
669,18.65277099609375
670,18.189090728759766
671,18.032806396484375
672,18.040447235107422
673,18.026384353637695
674,17.780216217041016
675,18.033361434936523
676,18.667861938476562
677,18.54768180847168
678,18.494739532470703
679,18.48061752319336
680,18.213308334350586
681,18.373428344726562
682,18.36842155456543
683,18.37897300720215
684,18.11322784423828
685,17.880823135375977
686,17.71950340270996
687,17.607534408569336
688,17.54789161682129
689,17.2901554107666
690,17.260725021362305
691,17.22507667541504
692,17.18567657470703
693,17.119136810302734
694,17.057003021240234
695,17.163253784179688
696,17.135881423950195
697,17.165571212768555
698,17.168031692504883
699,17.221101760864258
700,17.152746200561523
701,17.140457153320312
702,17.01666831970215
703,17.306846618652344
704,17.18163299560547
705,17.121307373046875
706,17.08595848083496
707,17.0726318359375
708,17.05831527709961
709,17.075197219848633
710,17.056575775146484
711,17.00958251953125
712,17.072284698486328
713,17.115272521972656
714,17.05721092224121
715,17.043550491333008
716,17.02766227722168
717,17.01506233215332
718,16.97525978088379
719,16.961647033691406
720,16.97173309326172
721,16.980976104736328
722,17.01445960998535
723,16.978452682495117
724,17.008949279785156
725,16.839487075805664
726,16.835721969604492
727,16.93415069580078
728,16.888370513916016
729,17.625808715820312
730,17.331787109375
731,17.058813095092773
732,17.046613693237305
733,16.986488342285156
734,17.02714729309082
735,16.964265823364258
736,16.980796813964844
737,16.9382381439209
738,16.97582244873047
739,17.077367782592773
740,17.318498611450195
741,17.705520629882812
742,17.82909393310547
743,18.03818130493164
744,18.301687240600586
745,17.63882827758789
746,17.515003204345703
747,17.489238739013672
748,17.233970642089844
749,17.203493118286133
750,17.122875213623047
751,16.98021125793457
752,16.98531723022461
753,16.908376693725586
754,16.88189125061035
755,16.781513214111328
756,16.75521469116211
757,16.863483428955078
758,16.86977767944336
759,16.810951232910156
760,16.765283584594727
761,16.765483856201172
762,16.71202850341797
763,16.657806396484375
764,16.609699249267578
765,16.6702880859375
766,16.67253303527832
767,16.716962814331055
768,16.669187545776367
769,16.679645538330078
770,16.724048614501953
771,16.634122848510742
772,16.67481803894043
773,16.68301010131836
774,16.682941436767578
775,16.539892196655273
776,16.58939552307129
777,16.62259292602539
778,16.8420352935791
779,16.45134925842285
780,16.356420516967773
781,16.460330963134766
782,16.368175506591797
783,16.457138061523438
784,16.51881217956543
785,16.512935638427734
786,16.511478424072266
787,16.490068435668945
788,16.534954071044922
789,16.47150230407715
790,16.49168586730957
791,16.6657772064209
792,16.78522300720215
793,16.630176544189453
794,16.613386154174805
795,17.0419979095459
796,17.254003524780273
797,17.277435302734375
798,17.679765701293945
799,17.636014938354492
800,17.38905906677246
801,16.77715301513672
802,16.70455551147461
803,16.694040298461914
804,16.604793548583984
805,16.780759811401367
806,16.653715133666992
807,16.589075088500977
808,16.56277847290039
809,16.611278533935547
810,16.622722625732422
811,16.640254974365234
812,16.59751319885254
813,16.52448081970215
814,16.503488540649414
815,16.478055953979492
816,16.414457321166992
817,16.45290756225586
818,16.50288963317871
819,16.518339157104492
820,16.432218551635742
821,16.481359481811523
822,16.45081901550293
823,16.491310119628906
824,16.539737701416016
825,16.4742431640625
826,16.77410125732422
827,16.590774536132812
828,16.485877990722656
829,16.51132583618164
830,16.512393951416016
831,16.486217498779297
832,16.833263397216797
833,16.545574188232422
834,16.59290885925293
835,16.457395553588867
836,16.61338996887207
837,16.495601654052734
838,16.534454345703125
839,16.56146240234375
840,16.566280364990234
841,16.545318603515625
842,16.508949279785156
843,16.48931312561035
844,16.37649154663086
845,16.435869216918945
846,16.401681900024414
847,16.40313148498535
848,16.393404006958008
849,16.41716957092285
850,16.443567276000977
851,16.42449951171875
852,16.586332321166992
853,16.456830978393555
854,16.438058853149414
855,16.619487762451172
856,16.4008731842041
857,16.402164459228516
858,16.39033317565918
859,17.242216110229492
860,16.67173194885254
861,17.02574920654297
862,17.40805435180664
863,17.479379653930664
864,17.615591049194336
865,17.64643096923828
866,17.0794734954834
867,16.890548706054688
868,17.142730712890625
869,16.869531631469727
870,17.207263946533203
871,17.093660354614258
872,16.786476135253906
873,16.68000030517578
874,16.701244354248047
875,16.708620071411133
876,16.63313865661621
877,16.613420486450195
878,16.59770965576172
879,16.596908569335938
880,16.65669059753418
881,16.634244918823242
882,16.642295837402344
883,16.57916831970215
884,16.591142654418945
885,16.55406379699707
886,16.860315322875977
887,16.53476333618164
888,16.35363006591797
889,16.342350006103516
890,16.455739974975586
891,16.509706497192383
892,16.598663330078125
893,16.468074798583984
894,16.520832061767578
895,16.481674194335938
896,16.25160789489746
897,16.326021194458008
898,16.344364166259766
899,16.386960983276367
900,16.346458435058594
901,16.266986846923828
902,16.30194091796875
903,16.372365951538086
904,16.258541107177734
905,16.32919692993164
906,16.246612548828125
907,16.420978546142578
908,16.516069412231445
909,16.375272750854492
910,16.52827262878418
911,16.525007247924805
912,16.62760353088379
913,16.50360107421875
914,16.60214614868164
915,16.594247817993164
916,16.61419677734375
917,16.61225128173828
918,16.543439865112305
919,16.533527374267578
920,16.5227108001709
921,16.48480224609375
922,16.484468460083008
923,16.508886337280273
924,16.48592185974121
925,16.488971710205078
926,16.523426055908203
927,16.546184539794922
928,16.557283401489258
929,16.58761215209961
930,16.687957763671875
931,16.654067993164062
932,16.69537925720215
933,16.72967529296875
934,16.639026641845703
935,16.487791061401367
936,16.573617935180664
937,16.404878616333008
938,16.362947463989258
939,16.339866638183594
940,16.470293045043945
941,16.568523406982422
942,16.618825912475586
943,16.690200805664062
944,16.456329345703125
945,16.505599975585938
946,16.313505172729492
947,16.24138069152832
948,16.261709213256836
949,16.218399047851562
950,16.17220115661621
951,16.203359603881836
952,16.284412384033203
953,16.354692459106445
954,16.36260223388672
955,16.39453887939453
956,16.363351821899414
957,16.30917739868164
958,16.212665557861328
959,16.23211097717285
960,16.21780014038086
961,16.17913246154785
962,16.19977378845215
963,16.26791000366211
964,16.29855728149414
965,16.347013473510742
966,16.36197280883789
967,16.129934310913086
968,16.13181495666504
969,16.189516067504883
970,16.138385772705078
971,16.14459991455078
972,16.301349639892578
973,16.398120880126953
974,16.398340225219727
975,16.29238510131836
976,16.257471084594727
977,16.163549423217773
978,16.19567108154297
979,16.143306732177734
980,16.18101692199707
981,16.226627349853516
982,16.149276733398438
983,16.138954162597656
984,16.125198364257812
985,16.14451789855957
986,16.128747940063477
987,16.139177322387695
988,16.128772735595703
989,16.211076736450195
990,16.236677169799805
991,16.2711238861084
992,16.261077880859375
993,16.25753402709961
994,16.129451751708984
995,16.300392150878906
996,16.285615921020508
997,16.317731857299805
998,16.311784744262695
999,16.222314834594727
1000,15.704827308654785
1001,15.70284366607666
1002,15.65378189086914
1003,15.69835376739502
1004,15.665847778320312
1005,15.499115943908691
1006,15.503993034362793
1007,15.654481887817383
1008,15.540925979614258
1009,15.515283584594727
1010,15.504895210266113
1011,15.497739791870117
1012,15.461766242980957
1013,15.650212287902832
1014,15.655747413635254
1015,15.547019004821777
1016,15.519752502441406
1017,15.738245010375977
1018,15.531996726989746
1019,15.524946212768555
1020,15.506315231323242
1021,15.29499626159668
1022,15.35202693939209
1023,15.404422760009766
1024,15.348211288452148
1025,15.376622200012207
1026,15.728915214538574
1027,15.740531921386719
1028,15.738137245178223
1029,15.716784477233887
1030,15.6411771774292
1031,15.757658958435059
1032,15.7341947555542
1033,15.636202812194824
1034,15.645660400390625
1035,15.64478874206543
1036,15.654680252075195
1037,15.525412559509277
1038,15.525765419006348
1039,15.503934860229492
1040,15.382078170776367
1041,15.382150650024414
1042,15.384577751159668
1043,15.363564491271973
1044,15.348807334899902
1045,15.293622970581055
1046,15.253779411315918
1047,15.245354652404785
1048,15.145074844360352
1049,15.055296897888184
1050,15.055524826049805
1051,15.136517524719238
1052,15.140755653381348
1053,15.151862144470215
1054,15.366459846496582
1055,15.332940101623535
1056,15.641488075256348
1057,15.669296264648438
1058,15.637680053710938
1059,15.620800018310547
1060,15.68557357788086
1061,15.708768844604492
1062,15.690489768981934
1063,15.722001075744629
1064,15.704551696777344
1065,15.727840423583984
1066,15.70991039276123
1067,15.659727096557617
1068,15.64038372039795
1069,15.73471450805664
1070,15.722150802612305
1071,15.72020435333252
1072,15.718489646911621
1073,15.763206481933594
1074,15.711806297302246
1075,15.490790367126465
1076,15.548835754394531
1077,15.513734817504883
1078,15.390694618225098
1079,15.549771308898926
1080,15.437867164611816
1081,15.595467567443848
1082,15.582208633422852
1083,15.589015007019043
1084,15.604218482971191
1085,15.588345527648926
1086,15.584065437316895
1087,15.575362205505371
1088,15.439778327941895
1089,15.40311336517334
1090,15.400094032287598
1091,15.37641716003418
1092,15.433162689208984
1093,15.399286270141602
1094,15.34796142578125
1095,15.431344032287598
1096,15.391770362854004
1097,15.261717796325684
1098,15.119133949279785
1099,15.320572853088379
1100,15.339079856872559
1101,15.3292875289917
1102,15.17717170715332
1103,15.096023559570312
1104,15.10386848449707
1105,15.088180541992188
1106,15.172176361083984
1107,15.131749153137207
1108,15.326541900634766
1109,15.27476978302002
1110,15.198442459106445
1111,15.133325576782227
1112,15.253049850463867
1113,15.227126121520996
1114,15.152533531188965
1115,15.07017993927002
1116,14.712005615234375
1117,14.614847183227539
1118,14.726723670959473
1119,14.797645568847656
1120,15.319530487060547
1121,15.37758731842041
1122,15.426697731018066
1123,15.281929016113281
1124,15.354829788208008
1125,15.446831703186035
1126,15.417888641357422
1127,15.426701545715332
1128,15.45468521118164
1129,15.527281761169434
1130,15.074459075927734
1131,15.56116008758545
1132,15.653783798217773
1133,15.628241539001465
1134,15.402542114257812
1135,15.341938018798828
1136,15.323433876037598
1137,15.335760116577148
1138,15.332087516784668
1139,15.328554153442383
1140,15.340333938598633
1141,15.23508071899414
1142,15.175210952758789
1143,15.061917304992676
1144,15.105618476867676
1145,15.060858726501465
1146,15.07828140258789
1147,15.169028282165527
1148,15.241639137268066
1149,15.197280883789062
1150,15.255167007446289
1151,15.251267433166504
1152,15.578570365905762
1153,15.582049369812012
1154,15.640862464904785
1155,15.649574279785156
1156,15.087303161621094
1157,14.913308143615723
1158,14.790940284729004
1159,14.806032180786133
1160,14.916988372802734
1161,14.97011661529541
1162,15.222487449645996
1163,15.604722023010254
1164,15.64377212524414
1165,15.679239273071289
1166,15.64931869506836
1167,15.636387825012207
1168,15.646700859069824
1169,15.664507865905762
1170,15.68188762664795
1171,15.699766159057617
1172,15.633430480957031
1173,15.659193992614746
1174,15.682137489318848
1175,15.641860008239746
1176,15.474132537841797
1177,15.497258186340332
1178,15.515732765197754
1179,15.490926742553711
1180,15.464086532592773
1181,15.331487655639648
1182,15.343671798706055
1183,15.618751525878906
1184,15.783864974975586
1185,15.630509376525879
1186,15.612031936645508
1187,15.610973358154297
1188,15.431763648986816
1189,15.70107364654541
1190,15.71892261505127
1191,15.719239234924316
1192,15.740633010864258
1193,15.753767013549805
1194,15.676627159118652
1195,15.515018463134766
1196,15.564857482910156
1197,15.56791877746582
1198,15.566609382629395
1199,15.46043872833252
1200,15.49700927734375
1201,15.524605751037598
1202,15.5122652053833
1203,15.513912200927734
1204,15.5086030960083
1205,15.418001174926758
1206,15.503204345703125
1207,15.502829551696777
1208,15.503827095031738
1209,15.517561912536621
1210,15.306142807006836
1211,15.285133361816406
1212,15.682894706726074
1213,15.719712257385254
1214,15.727463722229004
1215,15.553654670715332
1216,15.522897720336914
1217,15.620902061462402
1218,15.507990837097168
1219,15.633973121643066
1220,15.639710426330566
1221,15.666617393493652
1222,15.741225242614746
1223,15.681145668029785
1224,15.752835273742676
1225,15.74697208404541
1226,15.596029281616211
1227,15.61786937713623
1228,15.753546714782715
1229,15.762306213378906
1230,15.753936767578125
1231,15.768211364746094
1232,15.764872550964355
1233,15.713041305541992
1234,15.762716293334961
1235,15.621661186218262
1236,15.620131492614746
1237,15.485936164855957
1238,15.40993881225586
1239,15.507603645324707
1240,15.399109840393066
1241,15.353987693786621
1242,15.378762245178223
1243,15.368295669555664
1244,15.40093994140625
1245,15.396720886230469
1246,15.390379905700684
1247,15.390034675598145
1248,15.408522605895996
1249,15.439022064208984
1250,15.400538444519043
1251,15.489899635314941
1252,15.464818000793457
1253,15.395208358764648
1254,15.339571952819824
1255,15.39126968383789
1256,15.232752799987793
1257,15.353461265563965
1258,15.3828706741333
1259,15.357651710510254
1260,15.569418907165527
1261,15.37598991394043
1262,15.579843521118164
1263,15.586427688598633
1264,15.201603889465332
1265,15.197019577026367
1266,15.053655624389648
1267,15.012179374694824
1268,15.099912643432617
1269,15.102465629577637
1270,15.16339111328125
1271,15.169081687927246
1272,15.253273010253906
1273,15.302580833435059
1274,15.345909118652344
1275,15.348159790039062
1276,15.569443702697754
1277,15.584004402160645
1278,15.701336860656738
1279,15.370598793029785
1280,15.365118026733398
1281,15.37723159790039
1282,15.336767196655273
1283,15.287274360656738
1284,15.289705276489258
1285,15.244256973266602
1286,15.238473892211914
1287,15.312990188598633
1288,15.30732536315918
1289,15.290826797485352
1290,15.303279876708984
1291,15.280885696411133
1292,14.996027946472168
1293,15.147072792053223
1294,15.157241821289062
1295,15.185084342956543
1296,15.203452110290527
1297,15.289132118225098
1298,15.253273010253906
1299,15.272391319274902
1300,15.2910737991333
1301,15.3311185836792
1302,15.424946784973145
1303,15.525201797485352
1304,15.31285285949707
1305,15.525524139404297
1306,15.359114646911621
1307,15.72021198272705
1308,15.671034812927246
1309,15.725468635559082
1310,15.72026252746582
1311,15.72008228302002
1312,15.694649696350098
1313,15.6957368850708
1314,15.57490062713623
1315,15.403152465820312
1316,15.423040390014648
1317,15.420426368713379
1318,15.218396186828613
1319,15.07291030883789
1320,15.04383373260498
1321,15.070587158203125
1322,15.12470817565918
1323,15.110530853271484
1324,15.071298599243164
1325,15.058270454406738
1326,14.991032600402832
1327,15.043888092041016
1328,15.057826042175293
1329,15.032567977905273
1330,15.032722473144531
1331,15.017476081848145
1332,15.036176681518555
1333,15.103482246398926
1334,15.181281089782715
1335,15.112188339233398
1336,15.124547958374023
1337,15.02170181274414
1338,15.16627025604248
1339,15.157705307006836
1340,15.40824031829834
1341,15.609845161437988
1342,15.598809242248535
1343,15.560114860534668
1344,15.56579303741455
1345,14.322271347045898
1346,14.625438690185547
1347,14.583630561828613
1348,14.412893295288086
1349,14.429133415222168
1350,14.423991203308105
1351,14.458601951599121
1352,14.399727821350098
1353,14.438965797424316
1354,14.431965827941895
1355,14.389958381652832
1356,14.394357681274414
1357,14.40133285522461
1358,14.402253150939941
1359,14.388778686523438
1360,14.422689437866211
1361,14.49915599822998
1362,14.434059143066406
1363,14.43786907196045
1364,14.401026725769043
1365,14.780962944030762
1366,14.7007474899292
1367,14.697261810302734
1368,14.783536911010742
1369,14.64091968536377
1370,14.652416229248047
1371,14.686127662658691
1372,14.238405227661133
1373,14.26443099975586
1374,14.13970947265625
1375,14.051589965820312
1376,14.51167106628418
1377,14.089643478393555
1378,14.099503517150879
1379,14.113651275634766
1380,14.33645248413086
1381,14.099990844726562
1382,14.300826072692871
1383,14.319055557250977
1384,14.32874584197998
1385,14.277734756469727
1386,14.266992568969727
1387,14.279646873474121
1388,14.37412166595459
1389,14.125829696655273
1390,14.738247871398926
1391,15.293249130249023
1392,15.128543853759766
1393,14.849358558654785
1394,14.501742362976074
1395,14.528462409973145
1396,14.4248628616333
1397,14.433272361755371
1398,14.34194564819336
1399,14.337984085083008
1400,14.042210578918457
1401,14.139277458190918
1402,14.154337882995605
1403,15.137965202331543
1404,15.479835510253906
1405,15.34925365447998
1406,15.386701583862305
1407,15.375556945800781
1408,15.372918128967285
1409,15.381988525390625
1410,15.50400161743164
1411,15.52994155883789
1412,15.54699993133545
1413,15.096102714538574
1414,15.067697525024414
1415,14.735507011413574
1416,14.659577369689941
1417,14.417551040649414
1418,14.400243759155273
1419,14.550189971923828
1420,14.56118392944336
1421,14.423137664794922
1422,14.161979675292969
1423,14.139455795288086
1424,14.125162124633789
1425,14.129071235656738
1426,14.310973167419434
1427,14.309410095214844
1428,14.332361221313477
1429,14.329083442687988
1430,14.102219581604004
1431,14.041092872619629
1432,14.070771217346191
1433,14.065596580505371
1434,14.044106483459473
1435,14.026991844177246
1436,14.055890083312988
1437,14.09500789642334
1438,14.058695793151855
1439,14.113364219665527
1440,14.084468841552734
1441,14.098289489746094
1442,14.05614185333252
1443,13.95833683013916
1444,13.921581268310547
1445,13.961506843566895
1446,13.932778358459473
1447,13.925267219543457
1448,13.949150085449219
1449,13.93519115447998
1450,13.911005020141602
1451,13.928923606872559
1452,13.912199974060059
1453,13.907639503479004
1454,13.848647117614746
1455,13.809371948242188
1456,13.824507713317871
1457,14.007309913635254
1458,13.820688247680664
1459,14.197334289550781
1460,14.438441276550293
1461,14.461766242980957
1462,14.476790428161621
1463,14.647896766662598
1464,14.68612003326416
1465,14.543048858642578
1466,14.963911056518555
1467,14.818220138549805
1468,14.282371520996094
1469,15.021634101867676
1470,14.341126441955566
1471,14.002544403076172
1472,13.874937057495117
1473,13.864481925964355
1474,13.858920097351074
1475,13.982460021972656
1476,13.946739196777344
1477,13.970641136169434
1478,13.987943649291992
1479,14.000957489013672
1480,13.889190673828125
1481,13.892437934875488
1482,13.887956619262695
1483,13.844430923461914
1484,13.81549072265625
1485,13.819552421569824
1486,13.864134788513184
1487,13.837396621704102
1488,13.825693130493164
1489,13.829377174377441
1490,13.805788040161133
1491,13.813119888305664
1492,13.939409255981445
1493,13.860326766967773
1494,13.854339599609375
1495,13.845842361450195
1496,14.14563274383545
1497,14.205098152160645
1498,14.016237258911133
1499,13.857107162475586
1500,14.08697509765625
1501,14.207414627075195
1502,14.16822624206543
1503,14.090875625610352
1504,14.070311546325684
1505,13.995383262634277
1506,13.923554420471191
1507,14.370474815368652
1508,14.476151466369629
1509,14.504229545593262
1510,14.500425338745117
1511,14.610469818115234
1512,14.533560752868652
1513,14.621564865112305
1514,14.60517406463623
1515,14.578368186950684
1516,14.61038589477539
1517,14.580580711364746
1518,14.615662574768066
1519,14.599164962768555
1520,14.604559898376465
1521,14.392268180847168
1522,14.374945640563965
1523,14.449312210083008
1524,14.487849235534668
1525,14.468120574951172
1526,14.379922866821289
1527,14.434879302978516
1528,14.505766868591309
1529,14.545806884765625
1530,14.564966201782227
1531,14.577217102050781
1532,14.566505432128906
1533,14.58131217956543
1534,14.588074684143066
1535,14.366724967956543
1536,14.299813270568848
1537,14.397066116333008
1538,14.569480895996094
1539,14.599066734313965
1540,14.58976936340332
1541,14.492013931274414
1542,14.443260192871094
1543,14.231657028198242
1544,14.194537162780762
1545,14.182028770446777
1546,14.20902156829834
1547,14.336822509765625
1548,14.321487426757812
1549,14.344191551208496
1550,14.367199897766113
1551,14.40174388885498
1552,14.379729270935059
1553,14.378297805786133
1554,14.413228988647461
1555,14.42541217803955
1556,14.416104316711426
1557,14.211606979370117
1558,14.370649337768555
1559,14.177858352661133
1560,14.118193626403809
1561,14.155692100524902
1562,14.156091690063477
1563,14.261713981628418
1564,14.412222862243652
1565,14.520976066589355
1566,14.438736915588379
1567,14.421820640563965
1568,14.477052688598633
1569,14.589527130126953
1570,14.575299263000488
1571,14.596017837524414
1572,14.600720405578613
1573,14.668794631958008
1574,14.673210144042969
1575,14.701947212219238
1576,14.682188987731934
1577,14.786603927612305
1578,14.775873184204102
1579,14.77586841583252
1580,14.77196979522705
1581,14.804178237915039
1582,14.814895629882812
1583,14.858030319213867
1584,14.834880828857422
1585,14.848211288452148
1586,14.8568115234375
1587,14.823226928710938
1588,14.877751350402832
1589,14.890944480895996
1590,14.88169002532959
1591,14.858935356140137
1592,14.847482681274414
1593,14.888299942016602
1594,14.885359764099121
1595,14.860452651977539
1596,14.858633041381836
1597,14.849555969238281
1598,14.85708236694336
1599,14.886100769042969
1600,14.887821197509766
1601,14.888164520263672
1602,14.855755805969238
1603,14.852340698242188
1604,14.849853515625
1605,14.841471672058105
1606,14.898218154907227
1607,14.909350395202637
1608,14.859514236450195
1609,14.851962089538574
1610,14.888810157775879
1611,14.887593269348145
1612,14.89207935333252
1613,14.875619888305664
1614,14.882944107055664
1615,14.71337890625
1616,14.796052932739258
1617,14.790119171142578
1618,14.672306060791016
1619,14.599034309387207
1620,14.568126678466797
1621,14.552788734436035
1622,14.598894119262695
1623,14.653626441955566
1624,14.780767440795898
1625,14.790899276733398
1626,14.79773235321045
1627,14.82064151763916
1628,14.859198570251465
1629,14.831295013427734
1630,14.852424621582031
1631,14.84976863861084
1632,14.829769134521484
1633,14.820625305175781
1634,14.831538200378418
1635,14.840520858764648
1636,14.828630447387695
1637,14.779362678527832
1638,14.73764705657959
1639,14.755126953125
1640,14.80402660369873
1641,14.804830551147461
1642,14.544840812683105
1643,14.535144805908203
1644,14.481921195983887
1645,14.328733444213867
1646,14.338753700256348
1647,14.429792404174805
1648,14.725481033325195
1649,14.752930641174316
1650,14.66224479675293
1651,14.666980743408203
1652,14.677489280700684
1653,14.777220726013184
1654,14.723732948303223
1655,14.774759292602539
1656,14.697789192199707
1657,14.665361404418945
1658,14.624811172485352
1659,14.605734825134277
1660,14.679572105407715
1661,14.730719566345215
1662,14.6654691696167
1663,14.656013488769531
1664,14.480921745300293
1665,14.582589149475098
1666,14.431075096130371
1667,14.47784423828125
1668,14.489296913146973
1669,14.157271385192871
1670,14.129276275634766
1671,14.063441276550293
1672,14.024418830871582
1673,14.012689590454102
1674,14.080794334411621
1675,14.246582984924316
1676,14.257795333862305
1677,14.165885925292969
1678,14.146697044372559
1679,14.190996170043945
1680,14.253873825073242
1681,14.42397403717041
1682,14.440160751342773
1683,14.234075546264648
1684,14.151524543762207
1685,14.18823528289795
1686,14.103706359863281
1687,13.975188255310059
1688,13.940956115722656
1689,13.904006004333496
1690,13.981356620788574
1691,14.01508617401123
1692,13.970685958862305
1693,13.963788986206055
1694,13.944316864013672
1695,13.940468788146973
1696,13.744894981384277
1697,13.789504051208496
1698,13.946601867675781
1699,13.970193862915039
1700,13.997929573059082
1701,14.00351333618164
1702,14.280562400817871
1703,14.276554107666016
1704,14.28759765625
1705,14.274460792541504
1706,14.371785163879395
1707,14.38705825805664
1708,14.377042770385742
1709,14.407328605651855
1710,14.457845687866211
1711,14.478925704956055
1712,14.459223747253418
1713,14.460099220275879
1714,14.292603492736816
1715,14.241841316223145
1716,14.192275047302246
1717,14.08813762664795
1718,14.009424209594727
1719,13.944987297058105
1720,13.910761833190918
1721,13.924455642700195
1722,13.921096801757812
1723,13.765296936035156
1724,13.950084686279297
1725,13.894733428955078
1726,13.78672981262207
1727,13.768001556396484
1728,13.924206733703613
1729,14.070853233337402
1730,14.10733413696289
1731,14.179160118103027
1732,14.131031036376953
1733,14.320199012756348
1734,13.98951530456543
1735,14.086542129516602
1736,14.09598159790039
1737,14.30101203918457
1738,14.114352226257324
1739,14.324201583862305
1740,14.29585075378418
1741,14.310965538024902
1742,14.202886581420898
1743,14.257089614868164
1744,14.216032981872559
1745,14.21088981628418
1746,14.159363746643066
1747,14.133336067199707
1748,14.108190536499023
1749,14.012035369873047
1750,14.662144660949707
1751,14.674846649169922
1752,14.66671085357666
1753,14.68381404876709
1754,14.652098655700684
1755,14.675580024719238
1756,14.712339401245117
1757,14.714895248413086
1758,14.732882499694824
1759,14.70971393585205
1760,14.662020683288574
1761,14.646217346191406
1762,14.684408187866211
1763,14.671525001525879
1764,14.649624824523926
1765,14.6403169631958
1766,14.609736442565918
1767,14.582402229309082
1768,14.593016624450684
1769,14.543457984924316
1770,14.555750846862793
1771,14.63053035736084
1772,14.683141708374023
1773,14.737293243408203
1774,14.761487007141113
1775,14.763383865356445
1776,14.759804725646973
1777,14.696878433227539
1778,14.723006248474121
1779,14.680374145507812
1780,14.786678314208984
1781,14.819356918334961
1782,14.89132022857666
1783,14.929277420043945
1784,14.91735553741455
1785,14.970026016235352
1786,14.957788467407227
1787,14.956260681152344
1788,14.93385124206543
1789,14.984040260314941
1790,14.980545997619629
1791,14.87148666381836
1792,14.84181022644043
1793,14.707422256469727
1794,14.68503189086914
1795,14.696369171142578
1796,14.843130111694336
1797,14.702893257141113
1798,14.835312843322754
1799,14.742928504943848
1800,14.697733879089355
1801,14.630613327026367
1802,14.589024543762207
1803,14.554130554199219
1804,14.534714698791504
1805,14.79694652557373
1806,14.867964744567871
1807,14.822344779968262
1808,14.53577709197998
1809,14.670472145080566
1810,14.782418251037598
1811,14.864381790161133
1812,14.85042953491211
1813,14.857573509216309
1814,14.872400283813477
1815,14.831161499023438
1816,14.8173828125
1817,14.833478927612305
1818,14.854229927062988
1819,14.84955883026123
1820,14.840816497802734
1821,14.873924255371094
1822,14.865507125854492
1823,14.875710487365723
1824,14.870922088623047
1825,14.872662544250488
1826,14.890510559082031
1827,14.871012687683105
1828,14.886469841003418
1829,14.885904312133789
1830,14.880274772644043
1831,14.461091995239258
1832,14.357926368713379
1833,14.283944129943848
1834,14.463085174560547
1835,14.300114631652832
1836,14.213293075561523
1837,14.307793617248535
1838,13.47754955291748
1839,13.013141632080078
1840,12.913701057434082
1841,12.744476318359375
1842,12.614911079406738
1843,12.58113956451416
1844,12.636780738830566
1845,12.650218963623047
1846,12.644867897033691
1847,12.665693283081055
1848,12.532843589782715
1849,12.498604774475098
1850,12.470080375671387
1851,12.558724403381348
1852,12.413080215454102
1853,12.380744934082031
1854,12.405012130737305
1855,12.368307113647461
1856,12.365429878234863
1857,12.323179244995117
1858,12.309494018554688
1859,12.310117721557617
1860,12.296124458312988
1861,12.356953620910645
1862,12.34065055847168
1863,12.339900970458984
1864,12.304408073425293
1865,12.303644180297852
1866,12.327688217163086
1867,12.790149688720703
1868,13.309101104736328
1869,12.783211708068848
1870,12.98320484161377
1871,12.830674171447754
1872,12.878753662109375
1873,13.18300724029541
1874,13.220329284667969
1875,13.428816795349121
1876,12.880988121032715
1877,12.703414916992188
1878,12.707917213439941
1879,12.699860572814941
1880,12.661109924316406
1881,12.7244291305542
1882,12.712848663330078
1883,12.732824325561523
1884,12.812026977539062
1885,12.890008926391602
1886,12.865290641784668
1887,12.801761627197266
1888,12.83435344696045
1889,13.04151439666748
1890,12.865017890930176
1891,13.224772453308105
1892,13.443745613098145
1893,13.73466968536377
1894,13.548656463623047
1895,13.298200607299805
1896,13.228449821472168
1897,12.92685604095459
1898,12.903584480285645
1899,12.849492073059082
1900,12.79088020324707
1901,12.722908020019531
1902,12.742963790893555
1903,12.782193183898926
1904,12.887657165527344
1905,13.235177993774414
1906,13.65450382232666
1907,13.697052955627441
1908,13.467880249023438
1909,13.435093879699707
1910,13.777320861816406
1911,13.800936698913574
1912,13.464407920837402
1913,13.68883991241455
1914,13.893939018249512
1915,14.00987720489502
1916,14.021267890930176
1917,14.011547088623047
1918,13.864960670471191
1919,13.857362747192383
1920,14.277899742126465
1921,13.839768409729004
1922,13.797037124633789
1923,13.985740661621094
1924,14.00367259979248
1925,14.374340057373047
1926,14.478594779968262
1927,14.195419311523438
1928,14.106563568115234
1929,14.687932014465332
1930,14.694204330444336
1931,14.683788299560547
1932,14.650099754333496
1933,14.512033462524414
1934,14.184035301208496
1935,14.282958984375
1936,14.281218528747559
1937,13.613316535949707
1938,13.637933731079102
1939,13.601259231567383
1940,13.441790580749512
1941,13.368718147277832
1942,13.215466499328613
1943,13.151204109191895
1944,13.175850868225098
1945,13.232171058654785
1946,13.24023151397705
1947,13.215797424316406
1948,13.16984748840332
1949,13.09070873260498
1950,13.09604549407959
1951,13.14487075805664
1952,13.300874710083008
1953,13.067448616027832
1954,13.072277069091797
1955,13.053635597229004
1956,13.739047050476074
1957,13.802057266235352
1958,13.57532024383545
1959,13.556761741638184
1960,13.519627571105957
1961,13.494797706604004
1962,13.521477699279785
1963,13.474084854125977
1964,13.524985313415527
1965,13.5530366897583
1966,13.336614608764648
1967,13.347023963928223
1968,13.369274139404297
1969,13.38323974609375
1970,13.347694396972656
1971,13.381731986999512
1972,13.755796432495117
1973,13.75128173828125
1974,13.473369598388672
1975,13.719680786132812
1976,13.505868911743164
1977,13.58222770690918
1978,13.662569999694824
1979,13.793252944946289
1980,13.890738487243652
1981,13.85144329071045
1982,13.29490852355957
1983,13.300556182861328
1984,13.269410133361816
1985,13.765889167785645
1986,13.716772079467773
1987,13.75274658203125
1988,13.481258392333984
1989,13.429457664489746
1990,13.414778709411621
1991,13.366243362426758
1992,13.41750431060791
1993,13.294382095336914
1994,13.17077922821045
1995,13.16767406463623
1996,13.07170581817627
1997,13.060647010803223
1998,13.055840492248535
1999,13.043729782104492
2000,12.409961700439453
2001,12.449456214904785
2002,12.439582824707031
2003,12.43936538696289
2004,12.386874198913574
2005,12.548158645629883
2006,12.70521354675293
2007,12.735761642456055
2008,12.465299606323242
2009,12.884309768676758
2010,12.934414863586426
2011,13.092109680175781
2012,13.00897216796875
2013,12.68883228302002
2014,12.5750732421875
2015,12.568634986877441
2016,12.527776718139648
2017,12.470512390136719
2018,12.46601390838623
2019,12.44655990600586
2020,12.441256523132324
2021,12.469184875488281
2022,12.444961547851562
2023,12.42023754119873
2024,12.383872985839844
2025,12.306657791137695
2026,12.289899826049805
2027,12.333710670471191
2028,12.262110710144043
2029,12.21261978149414
2030,12.239295959472656
2031,12.236472129821777
2032,12.266301155090332
2033,12.245766639709473
2034,12.359705924987793
2035,12.181743621826172
2036,12.132144927978516
2037,12.155538558959961
2038,12.131230354309082
2039,12.087735176086426
2040,12.053149223327637
2041,12.157977104187012
2042,12.150145530700684
2043,12.11502456665039
2044,12.135674476623535
2045,12.039449691772461
2046,12.076581001281738
2047,12.055418014526367
2048,12.006261825561523
2049,12.05334186553955
2050,12.000260353088379
2051,12.05542278289795
2052,11.991312980651855
2053,11.968255996704102
2054,11.9466552734375
2055,11.954030990600586
2056,11.958136558532715
2057,11.924898147583008
2058,11.92965316772461
2059,11.956921577453613
2060,11.893102645874023
2061,12.077774047851562
2062,12.150989532470703
2063,12.219768524169922
2064,12.521795272827148
2065,12.131563186645508
2066,12.088651657104492
2067,12.05291748046875
2068,12.012279510498047
2069,12.086418151855469
2070,12.107259750366211
2071,12.043214797973633
2072,12.045042037963867
2073,12.031929016113281
2074,12.048723220825195
2075,12.037721633911133
2076,12.037904739379883
2077,12.045138359069824
2078,12.005147933959961
2079,12.019937515258789
2080,12.008049964904785
2081,11.957194328308105
2082,12.031207084655762
2083,12.012683868408203
2084,11.95163345336914
2085,11.987579345703125
2086,11.99761962890625
2087,12.079058647155762
2088,12.332347869873047
2089,12.144463539123535
2090,12.374616622924805
2091,12.383079528808594
2092,12.112692832946777
2093,12.149606704711914
2094,12.133914947509766
2095,12.05382251739502
2096,12.082259178161621
2097,12.025191307067871
2098,12.046540260314941
2099,12.048068046569824
2100,12.058420181274414
2101,12.077596664428711
2102,12.170624732971191
2103,12.089471817016602
2104,12.066655158996582
2105,12.141158103942871
2106,12.152471542358398
2107,12.029661178588867
2108,12.011578559875488
2109,12.002068519592285
2110,11.984821319580078
2111,11.994211196899414
2112,11.98751163482666
2113,11.9872407913208
2114,12.746114730834961
2115,12.935068130493164
2116,13.08663558959961
2117,13.309515953063965
2118,13.347763061523438
2119,13.05173110961914
2120,13.142480850219727
2121,13.26436710357666
2122,13.483745574951172
2123,13.518428802490234
2124,13.409566879272461
2125,13.449895858764648
2126,13.560327529907227
2127,13.563666343688965
2128,13.172262191772461
2129,13.157317161560059
2130,12.910840034484863
2131,12.767922401428223
2132,12.7669095993042
2133,12.688612937927246
2134,12.681981086730957
2135,12.790973663330078
2136,13.439661026000977
2137,12.985307693481445
2138,13.061418533325195
2139,13.331572532653809
2140,12.761222839355469
2141,13.032702445983887
2142,12.957683563232422
2143,12.699209213256836
2144,12.622486114501953
2145,12.593942642211914
2146,12.615285873413086
2147,12.573062896728516
2148,12.54419231414795
2149,12.57387924194336
2150,12.477377891540527
2151,12.489825248718262
2152,12.433674812316895
2153,12.397441864013672
2154,12.424055099487305
2155,12.43795108795166
2156,12.449934959411621
2157,12.430609703063965
2158,12.445624351501465
2159,12.404867172241211
2160,12.379201889038086
2161,12.513006210327148
2162,12.753939628601074
2163,12.650452613830566
2164,12.959346771240234
2165,12.70754623413086
2166,12.324417114257812
2167,12.391073226928711
2168,12.347851753234863
2169,12.352726936340332
2170,12.316447257995605
2171,12.27384090423584
2172,12.33111572265625
2173,12.303389549255371
2174,12.372298240661621
2175,12.320852279663086
2176,12.361058235168457
2177,12.33506965637207
2178,12.342925071716309
2179,12.306986808776855
2180,12.29916000366211
2181,12.25739860534668
2182,12.250814437866211
2183,12.272266387939453
2184,12.273224830627441
2185,12.254322052001953
2186,12.217842102050781
2187,12.247678756713867
2188,12.136175155639648
2189,12.141006469726562
2190,12.204007148742676
2191,12.133728981018066
2192,12.189994812011719
2193,12.044402122497559
2194,12.089235305786133
2195,12.62842082977295
2196,12.76943588256836
2197,12.490222930908203
2198,12.882688522338867
2199,12.832720756530762
2200,12.849491119384766
2201,12.828293800354004
2202,13.052961349487305
2203,13.096856117248535
2204,13.10954475402832
2205,13.109674453735352
2206,13.108010292053223
2207,13.157574653625488
2208,13.187651634216309
2209,13.034317970275879
2210,12.804792404174805
2211,12.630182266235352
2212,12.594427108764648
2213,12.575855255126953
2214,12.56248950958252
2215,12.52934455871582
2216,12.50282096862793
2217,12.513151168823242
2218,12.529189109802246
2219,12.665573120117188
2220,12.696630477905273
2221,12.818002700805664
2222,12.824714660644531
2223,13.214887619018555
2224,13.128495216369629
2225,13.138890266418457
2226,13.280302047729492
2227,13.301657676696777
2228,13.197141647338867
2229,13.217049598693848
2230,13.191102027893066
2231,13.186134338378906
2232,13.402421951293945
2233,13.577106475830078
2234,13.43127727508545
2235,12.941832542419434
2236,12.836288452148438
2237,12.913372039794922
2238,12.8258638381958
2239,12.915937423706055
2240,12.799300193786621
2241,12.805142402648926
2242,12.7955904006958
2243,12.774192810058594
2244,12.701739311218262
2245,12.784802436828613
2246,13.111239433288574
2247,13.845293998718262
2248,13.83814525604248
2249,13.283048629760742
2250,13.246672630310059
2251,13.247269630432129
2252,13.229172706604004
2253,13.39714241027832
2254,13.47144889831543
2255,13.882219314575195
2256,13.569662094116211
2257,13.832976341247559
2258,13.453021049499512
2259,13.194802284240723
2260,13.181777000427246
2261,13.25414752960205
2262,13.19861888885498
2263,13.207110404968262
2264,13.153550148010254
2265,13.236711502075195
2266,13.196354866027832
2267,13.174151420593262
2268,13.213947296142578
2269,13.554553031921387
2270,13.413961410522461
2271,13.343009948730469
2272,13.22964096069336
2273,13.293693542480469
2274,13.24625301361084
2275,13.27135944366455
2276,13.319482803344727
2277,13.28392219543457
2278,13.091836929321289
2279,13.129681587219238
2280,13.023914337158203
2281,12.94223403930664
2282,12.891304016113281
2283,12.876775741577148
2284,12.86667251586914
2285,12.908404350280762
2286,12.837820053100586
2287,12.889848709106445
2288,12.878643989562988
2289,12.87435531616211
2290,12.813760757446289
2291,12.751070022583008
2292,12.707536697387695
2293,12.71373176574707
2294,12.643506050109863
2295,12.646055221557617
2296,12.623250007629395
2297,12.584059715270996
2298,12.649381637573242
2299,12.625357627868652
2300,12.345731735229492
2301,12.279520034790039
2302,12.33386516571045
2303,12.269159317016602
2304,12.233434677124023
2305,12.22756290435791
2306,12.306744575500488
2307,12.303129196166992
2308,12.312618255615234
2309,12.311491012573242
2310,12.22145938873291
2311,12.252904891967773
2312,12.187224388122559
2313,12.214113235473633
2314,12.192374229431152
2315,12.28373908996582
2316,12.523895263671875
2317,12.796615600585938
2318,12.805766105651855
2319,12.780194282531738
2320,12.766305923461914
2321,12.709358215332031
2322,12.73990535736084
2323,12.743692398071289
2324,12.875139236450195
2325,12.921640396118164
2326,14.127172470092773
2327,14.391824722290039
2328,14.289327621459961
2329,14.24921703338623
2330,14.341634750366211
2331,14.289883613586426
2332,14.422538757324219
2333,14.464493751525879
2334,14.534680366516113
2335,14.67933177947998
2336,14.597954750061035
2337,14.541691780090332
2338,14.720780372619629
2339,14.716968536376953
2340,14.645020484924316
2341,14.715682983398438
2342,14.748113632202148
2343,14.906867980957031
2344,14.92785930633545
2345,14.78341293334961
2346,14.566125869750977
2347,14.471174240112305
2348,14.393424987792969
2349,14.295707702636719
2350,14.168621063232422
2351,14.176971435546875
2352,14.176365852355957
2353,13.946051597595215
2354,13.935583114624023
2355,14.030800819396973
2356,14.035853385925293
2357,14.200477600097656
2358,14.210079193115234
2359,14.3115816116333
2360,14.137877464294434
2361,14.046326637268066
2362,13.973124504089355
2363,13.940847396850586
2364,13.924481391906738
2365,13.83840274810791
2366,13.766822814941406
2367,13.615133285522461
2368,13.584418296813965
2369,13.57011890411377
2370,13.4677095413208
2371,13.53808307647705
2372,13.572443008422852
2373,13.597458839416504
2374,13.617056846618652
2375,13.613182067871094
2376,13.584994316101074
2377,13.804975509643555
2378,13.853281021118164
2379,14.057686805725098
2380,13.512373924255371
2381,13.756396293640137
2382,14.196406364440918
2383,13.99629020690918
2384,13.849621772766113
2385,14.02146053314209
2386,14.162439346313477
2387,13.87053108215332
2388,13.850581169128418
2389,13.769803047180176
2390,13.643126487731934
2391,13.702567100524902
2392,13.65156078338623
2393,13.694642066955566
2394,13.735610008239746
2395,13.75049877166748
2396,13.663252830505371
2397,13.602066993713379
2398,13.5387601852417
2399,13.467529296875
2400,13.38633918762207
2401,13.291431427001953
2402,13.209053039550781
2403,13.221193313598633
2404,13.221389770507812
2405,13.228888511657715
2406,13.195418357849121
2407,13.50135612487793
2408,14.029719352722168
2409,14.078217506408691
2410,14.0825834274292
2411,13.864485740661621
2412,13.754386901855469
2413,13.85394287109375
2414,14.060820579528809
2415,14.122021675109863
2416,14.01340389251709
2417,13.803523063659668
2418,13.757610321044922
2419,13.747048377990723
2420,13.66574764251709
2421,13.65865421295166
2422,13.588629722595215
2423,13.499399185180664
2424,13.363604545593262
2425,13.282742500305176
2426,13.277509689331055
2427,13.437623977661133
2428,13.524940490722656
2429,13.478852272033691
2430,13.48093032836914
2431,13.728412628173828
2432,14.112557411193848
2433,14.030424118041992
2434,14.196063041687012
2435,14.31249713897705
2436,14.585643768310547
2437,14.478217124938965
2438,14.454551696777344
2439,14.450825691223145
2440,14.437410354614258
2441,14.462163925170898
2442,14.496548652648926
2443,14.487504959106445
2444,14.39246940612793
2445,14.354515075683594
2446,14.315131187438965
2447,14.198515892028809
2448,14.185291290283203
2449,14.15915298461914
2450,14.186057090759277
2451,14.16012191772461
2452,14.14192008972168
2453,14.159770965576172
2454,14.17765998840332
2455,14.127659797668457
2456,14.083123207092285
2457,14.435199737548828
2458,14.167947769165039
2459,14.945358276367188
2460,15.08184814453125
2461,15.11867904663086
2462,14.875922203063965
2463,15.129334449768066
2464,15.164140701293945
2465,15.168525695800781
2466,15.243600845336914
2467,15.215238571166992
2468,15.203874588012695
2469,15.115843772888184
2470,15.098552703857422
2471,15.232303619384766
2472,15.363150596618652
2473,15.367704391479492
2474,15.238746643066406
2475,15.109419822692871
2476,15.125901222229004
2477,15.083373069763184
2478,15.082542419433594
2479,15.040434837341309
2480,15.005826950073242
2481,15.073600769042969
2482,15.084808349609375
2483,15.086201667785645
2484,15.003921508789062
2485,14.92168140411377
2486,15.08454704284668
2487,15.129677772521973
2488,15.142304420471191
2489,15.121163368225098
2490,15.169896125793457
2491,15.083395004272461
2492,15.067615509033203
2493,15.047027587890625
2494,15.018224716186523
2495,14.96737003326416
2496,14.949835777282715
2497,14.949003219604492
2498,14.9504976272583
2499,14.959558486938477
2500,14.553345680236816
2501,14.633394241333008
2502,14.61909008026123
2503,14.801468849182129
2504,14.735156059265137
2505,14.815736770629883
2506,14.876250267028809
2507,14.87897777557373
2508,14.60224437713623
2509,14.713461875915527
2510,14.715324401855469
2511,14.785073280334473
2512,14.698455810546875
2513,14.969985008239746
2514,15.012518882751465
2515,14.932229995727539
2516,14.895899772644043
2517,14.804693222045898
2518,14.816571235656738
2519,14.653279304504395
2520,14.836799621582031
2521,14.846035957336426
2522,14.821353912353516
2523,14.754652976989746
2524,14.763814926147461
2525,14.78968620300293
2526,14.766995429992676
2527,14.765763282775879
2528,14.74393367767334
2529,14.704514503479004
2530,14.632672309875488
2531,14.664483070373535
2532,14.692499160766602
2533,14.65468978881836
2534,14.43684196472168
2535,14.371963500976562
2536,14.384851455688477
2537,14.375679969787598
2538,13.994917869567871
2539,13.788698196411133
2540,13.791404724121094
2541,13.776106834411621
2542,13.70665454864502
2543,13.885693550109863
2544,14.194443702697754
2545,14.320165634155273
2546,14.359492301940918
2547,14.39455509185791
2548,14.434083938598633
2549,14.434929847717285
2550,14.430233001708984
2551,14.435084342956543
2552,14.544456481933594
2553,14.455118179321289
2554,14.456851959228516
2555,14.415894508361816
2556,14.440596580505371
2557,14.247907638549805
2558,14.438508987426758
2559,14.274186134338379
2560,14.54684829711914
2561,14.907200813293457
2562,14.90331745147705
2563,14.726701736450195
2564,14.598005294799805
2565,14.533259391784668
2566,14.554375648498535
2567,14.657501220703125
2568,14.577298164367676
2569,14.884187698364258
2570,14.864013671875
2571,14.937039375305176
2572,14.872530937194824
2573,14.89529800415039
2574,14.89643383026123
2575,14.695775032043457
2576,14.635717391967773
2577,14.527909278869629
2578,14.553788185119629
2579,14.547654151916504
2580,14.426043510437012
2581,14.282288551330566
2582,14.23281192779541
2583,14.255104064941406
2584,14.269018173217773
2585,14.172025680541992
2586,14.04304313659668
2587,13.983658790588379
2588,13.876992225646973
2589,13.770814895629883
2590,13.775038719177246
2591,13.93494701385498
2592,14.116399765014648
2593,14.060676574707031
2594,14.086275100708008
2595,14.25385856628418
2596,14.10979175567627
2597,14.415508270263672
2598,14.415753364562988
2599,14.74675178527832
2600,14.84007453918457
2601,14.877730369567871
2602,14.795412063598633
2603,14.908573150634766
2604,14.75168228149414
2605,14.793343544006348
2606,14.864265441894531
2607,14.635719299316406
2608,14.669161796569824
2609,14.577091217041016
2610,14.564945220947266
2611,14.263978004455566
2612,14.401819229125977
2613,14.58065414428711
2614,14.481722831726074
2615,14.163336753845215
2616,13.764159202575684
2617,13.045112609863281
2618,12.882442474365234
2619,12.955587387084961
2620,12.957576751708984
2621,12.910362243652344
2622,12.961397171020508
2623,13.039962768554688
2624,12.945714950561523
2625,13.09736156463623
2626,13.088150978088379
2627,13.115245819091797
2628,13.194962501525879
2629,13.308788299560547
2630,13.480292320251465
2631,13.57761001586914
2632,13.51005744934082
2633,13.518522262573242
2634,13.247282981872559
2635,13.284489631652832
2636,13.506790161132812
2637,13.555116653442383
2638,13.414643287658691
2639,13.360169410705566
2640,13.266768455505371
2641,13.590600967407227
2642,14.002318382263184
2643,13.741415023803711
2644,14.414630889892578
2645,14.505937576293945
2646,13.97697925567627
2647,14.339937210083008
2648,14.764519691467285
2649,14.902603149414062
2650,14.872588157653809
2651,14.833969116210938
2652,14.57678508758545
2653,14.499165534973145
2654,14.46883487701416
2655,14.222047805786133
2656,14.142547607421875
2657,14.094112396240234
2658,14.065997123718262
2659,13.896988868713379
2660,13.919285774230957
2661,14.090913772583008
2662,13.749837875366211
2663,13.604988098144531
2664,13.624018669128418
2665,13.562179565429688
2666,13.927507400512695
2667,14.237640380859375
2668,14.446606636047363
2669,14.463911056518555
2670,14.322405815124512
2671,13.36851978302002
2672,13.307357788085938
2673,13.74509048461914
2674,13.249617576599121
2675,13.219439506530762
2676,13.319851875305176
2677,13.37818431854248
2678,13.36327838897705
2679,13.303084373474121
2680,13.278831481933594
2681,13.338058471679688
2682,13.325945854187012
2683,13.223319053649902
2684,13.144024848937988
2685,13.414057731628418
2686,13.373332023620605
2687,13.39880084991455
2688,13.61609172821045
2689,14.216959953308105
2690,14.388087272644043
2691,14.497566223144531
2692,14.740084648132324
2693,14.76848316192627
2694,14.813933372497559
2695,14.803973197937012
2696,14.812369346618652
2697,14.908464431762695
2698,14.934792518615723
2699,14.909477233886719
2700,14.746370315551758
2701,14.572897911071777
2702,14.903081893920898
2703,14.672675132751465
2704,14.62557315826416
2705,14.584883689880371
2706,14.598699569702148
2707,14.722796440124512
2708,14.511213302612305
2709,14.397566795349121
2710,14.375240325927734
2711,14.37327766418457
2712,14.333752632141113
2713,14.695169448852539
2714,14.796174049377441
2715,14.808574676513672
2716,14.58734130859375
2717,14.25068473815918
2718,14.184720993041992
2719,13.727081298828125
2720,13.646126747131348
2721,13.634186744689941
2722,13.563307762145996
2723,13.676287651062012
2724,14.427379608154297
2725,14.128203392028809
2726,14.068673133850098
2727,13.89577579498291
2728,13.784307479858398
2729,13.560803413391113
2730,13.52823257446289
2731,13.39247989654541
2732,13.479547500610352
2733,13.770550727844238
2734,13.395318984985352
2735,13.434015274047852
2736,13.301653861999512
2737,13.25672721862793
2738,13.213237762451172
2739,13.17883014678955
2740,13.075393676757812
2741,12.95232105255127
2742,12.960325241088867
2743,13.049964904785156
2744,13.22075366973877
2745,13.278829574584961
2746,13.606507301330566
2747,13.694281578063965
2748,13.566354751586914
2749,13.495615005493164
2750,13.554986000061035
2751,14.84257698059082
2752,14.413951873779297
2753,14.405190467834473
2754,14.034760475158691
2755,13.753433227539062
2756,13.756638526916504
2757,13.425714492797852
2758,13.45363998413086
2759,13.370333671569824
2760,13.322782516479492
2761,13.126928329467773
2762,13.116754531860352
2763,12.986675262451172
2764,13.000509262084961
2765,13.029874801635742
2766,12.964468955993652
2767,12.863747596740723
2768,12.89601993560791
2769,12.78614330291748
2770,12.979095458984375
2771,12.969511032104492
2772,12.976421356201172
2773,12.974193572998047
2774,13.060726165771484
2775,13.255497932434082
2776,13.47593879699707
2777,13.977768898010254
2778,12.751379013061523
2779,12.760201454162598
2780,12.837409019470215
2781,12.99946117401123
2782,12.872893333435059
2783,12.877908706665039
2784,13.125866889953613
2785,13.249725341796875
2786,13.213831901550293
2787,13.140647888183594
2788,13.193942070007324
2789,13.081562995910645
2790,13.054224014282227
2791,12.986334800720215
2792,12.96955680847168
2793,12.846884727478027
2794,12.841331481933594
2795,12.876490592956543
2796,12.786465644836426
2797,12.774694442749023
2798,12.75624942779541
2799,12.896059036254883
2800,13.009665489196777
2801,12.929553031921387
2802,12.97826099395752
2803,12.805523872375488
2804,12.642547607421875
2805,13.405271530151367
2806,12.812544822692871
2807,13.940476417541504
2808,14.368584632873535
2809,13.071168899536133
2810,12.842409133911133
2811,13.025647163391113
2812,13.110801696777344
2813,13.067805290222168
2814,12.980253219604492
2815,12.851913452148438
2816,12.8915433883667
2817,12.725007057189941
2818,12.640456199645996
2819,12.642695426940918
2820,12.620461463928223
2821,12.552045822143555
2822,12.513026237487793
2823,12.622185707092285
2824,12.588071823120117
2825,12.545702934265137
2826,12.511378288269043
2827,12.594154357910156
2828,12.55806827545166
2829,12.58897876739502
2830,12.551370620727539
2831,12.513532638549805
2832,12.434720039367676
2833,12.598714828491211
2834,13.320826530456543
2835,13.809161186218262
2836,14.436925888061523
2837,14.574535369873047
2838,14.665555953979492
2839,14.421229362487793
2840,14.192293167114258
2841,14.22860050201416
2842,14.727435111999512
2843,14.524456024169922
2844,14.62135124206543
2845,14.313477516174316
2846,13.632941246032715
2847,13.353206634521484
2848,13.168706893920898
2849,13.111222267150879
2850,12.916372299194336
2851,12.8643159866333
2852,12.88597297668457
2853,12.807147979736328
2854,12.809744834899902
2855,13.1959810256958
2856,13.95459270477295
2857,14.581730842590332
2858,14.665083885192871
2859,14.453546524047852
2860,14.521485328674316
2861,14.720762252807617
2862,14.687033653259277
2863,14.912571907043457
2864,14.937467575073242
2865,14.872549057006836
2866,14.791574478149414
2867,14.782746315002441
2868,14.602189064025879
2869,14.436558723449707
2870,14.244797706604004
2871,13.769966125488281
2872,13.754149436950684
2873,13.69532299041748
2874,13.805133819580078
2875,13.872812271118164
2876,13.99185848236084
2877,13.974242210388184
2878,14.305634498596191
2879,14.153692245483398
2880,14.619152069091797
2881,14.378458976745605
2882,14.336835861206055
2883,14.634045600891113
2884,14.595487594604492
2885,14.49891471862793
2886,14.571578979492188
2887,14.876157760620117
2888,14.911284446716309
2889,14.921258926391602
2890,14.68432903289795
2891,14.66958999633789
2892,14.915292739868164
2893,14.930795669555664
2894,14.9354887008667
2895,14.930933952331543
2896,14.886165618896484
2897,14.914813041687012
2898,14.524826049804688
2899,14.472570419311523
2900,14.699764251708984
2901,14.431982040405273
2902,13.719213485717773
2903,14.087072372436523
2904,14.266530990600586
2905,14.335391998291016
2906,14.269885063171387
2907,14.31199836730957
2908,14.18426513671875
2909,14.058456420898438
2910,14.341154098510742
2911,14.750802993774414
2912,14.808648109436035
2913,14.540765762329102
2914,14.678263664245605
2915,14.819116592407227
2916,14.816939353942871
2917,14.884111404418945
2918,14.60904312133789
2919,14.412569999694824
2920,14.285567283630371
2921,14.253174781799316
2922,14.295866012573242
2923,14.32004451751709
2924,14.33559513092041
2925,14.293797492980957
2926,14.232038497924805
2927,14.186725616455078
2928,14.242114067077637
2929,14.115694999694824
2930,14.657890319824219
2931,14.711701393127441
2932,14.72680950164795
2933,14.696081161499023
2934,14.80025577545166
2935,14.80468463897705
2936,14.885054588317871
2937,14.84104061126709
2938,14.716181755065918
2939,14.579177856445312
2940,14.875753402709961
2941,14.95777416229248
2942,14.965340614318848
2943,14.970560073852539
2944,14.969393730163574
2945,14.93945026397705
2946,14.832539558410645
2947,14.84363842010498
2948,14.897319793701172
2949,14.859087944030762
2950,14.842556953430176
2951,14.748826026916504
2952,14.741637229919434
2953,14.508584976196289
2954,14.704572677612305
2955,14.547805786132812
2956,14.492345809936523
2957,14.791563034057617
2958,14.73073673248291
2959,14.543318748474121
2960,14.550396919250488
2961,14.464034080505371
2962,14.25444507598877
2963,14.328207015991211
2964,14.410134315490723
2965,14.8403902053833
2966,14.855446815490723
2967,14.337662696838379
2968,14.466760635375977
2969,14.506732940673828
2970,14.886263847351074
2971,14.865201950073242
2972,14.867511749267578
2973,14.873800277709961
2974,14.58682632446289
2975,14.552727699279785
2976,14.548447608947754
2977,14.522955894470215
2978,14.487310409545898
2979,14.349385261535645
2980,14.247371673583984
2981,13.934442520141602
2982,14.210564613342285
2983,13.936185836791992
2984,14.394722938537598
2985,14.333503723144531
2986,13.99656867980957
2987,13.959944725036621
2988,14.190896034240723
2989,14.28585433959961
2990,13.948617935180664
2991,14.193872451782227
2992,14.13248062133789
2993,14.153075218200684
2994,14.836706161499023
2995,14.827554702758789
2996,14.859724044799805
2997,14.677370071411133
2998,14.466062545776367
2999,14.311585426330566
3000,14.757308959960938
3001,14.870203971862793
3002,14.894929885864258
3003,14.826068878173828
3004,14.805292129516602
3005,14.78420352935791
3006,14.82365608215332
3007,14.823142051696777
3008,14.835382461547852
3009,14.819659233093262
3010,14.831015586853027
3011,14.814257621765137
3012,14.826337814331055
3013,14.820329666137695
3014,14.86776351928711
3015,14.87002944946289
3016,14.796281814575195
3017,14.831559181213379
3018,14.871010780334473
3019,14.747526168823242
3020,14.548239707946777
3021,14.679272651672363
3022,14.851653099060059
3023,14.956995964050293
3024,14.968823432922363
3025,14.913811683654785
3026,14.931427001953125
3027,15.001158714294434
3028,15.044660568237305
3029,14.907320022583008
3030,15.03935432434082
3031,15.16727066040039
3032,15.185220718383789
3033,15.193185806274414
3034,15.241414070129395
3035,15.209413528442383
3036,15.296468734741211
3037,15.265935897827148
3038,15.406034469604492
3039,15.289962768554688
3040,15.345260620117188
3041,15.267824172973633
3042,15.306122779846191
3043,14.836137771606445
3044,14.983182907104492
3045,14.974483489990234
3046,15.174785614013672
3047,15.184185981750488
3048,15.208271980285645
3049,15.534942626953125
3050,15.565309524536133
3051,15.614028930664062
3052,15.5585298538208
3053,15.621474266052246
3054,15.589334487915039
3055,15.603728294372559
3056,15.605592727661133
3057,15.602664947509766
3058,15.598233222961426
3059,15.56299877166748
3060,15.56640338897705
3061,15.578882217407227
3062,15.565071105957031
3063,15.53455638885498
3064,15.531370162963867
3065,15.516209602355957
3066,15.486953735351562
3067,15.496783256530762
3068,15.542389869689941
3069,15.500608444213867
3070,15.62314510345459
3071,15.559860229492188
3072,15.484063148498535
3073,15.438614845275879
3074,15.366449356079102
3075,15.345335960388184
3076,15.29570484161377
3077,15.24012279510498
3078,15.259072303771973
3079,15.268295288085938
3080,15.062708854675293
3081,14.973315238952637
3082,14.963010787963867
3083,14.89281177520752
3084,14.860568046569824
3085,14.916345596313477
3086,14.940986633300781
3087,14.942365646362305
3088,14.896326065063477
3089,14.888157844543457
3090,14.80507755279541
3091,14.782678604125977
3092,14.847870826721191
3093,14.853693962097168
3094,14.821905136108398
3095,14.835968017578125
3096,14.817407608032227
3097,14.870896339416504
3098,14.837594985961914
3099,14.942854881286621
3100,14.952654838562012
3101,14.98653793334961
3102,15.057188034057617
3103,15.162607192993164
3104,15.190230369567871
3105,15.064629554748535
3106,15.173333168029785
3107,15.279337882995605
3108,15.227256774902344
3109,15.219862937927246
3110,15.303471565246582
3111,15.329304695129395
3112,15.284554481506348
3113,15.395804405212402
3114,15.334540367126465
3115,15.375624656677246
3116,15.359277725219727
3117,15.415874481201172
3118,15.363263130187988
3119,15.264120101928711
3120,15.327311515808105
3121,15.336551666259766
3122,15.379899978637695
3123,15.413520812988281
3124,15.310585975646973
3125,15.375824928283691
3126,15.406904220581055
3127,15.257369995117188
3128,15.388215065002441
3129,15.288918495178223
3130,15.416410446166992
3131,15.477354049682617
3132,15.43527889251709
3133,15.623661041259766
3134,15.582688331604004
3135,15.485334396362305
3136,15.53651237487793
3137,15.554248809814453
3138,15.562569618225098
3139,15.626725196838379
3140,15.633918762207031
3141,15.565189361572266
3142,15.604863166809082
3143,15.530698776245117
3144,15.488792419433594
3145,15.461053848266602
3146,15.394055366516113
3147,15.329546928405762
3148,15.314620971679688
3149,15.306415557861328
3150,15.265729904174805
3151,14.708093643188477
3152,14.483545303344727
3153,14.386895179748535
3154,14.332452774047852
3155,14.291187286376953
3156,14.2936372756958
3157,14.300274848937988
3158,14.278194427490234
3159,14.25787353515625
3160,14.22731876373291
3161,14.130241394042969
3162,14.121664047241211
3163,14.157938003540039
3164,14.180973052978516
3165,14.256143569946289
3166,14.21304988861084
3167,14.221418380737305
3168,14.294892311096191
3169,14.315760612487793
3170,14.371870994567871
3171,14.243844985961914
3172,14.308160781860352
3173,14.402633666992188
3174,14.323494911193848
3175,14.357378959655762
3176,14.537935256958008
3177,14.622902870178223
3178,14.55923843383789
3179,14.540496826171875
3180,14.648472785949707
3181,14.612785339355469
3182,14.556079864501953
3183,14.599206924438477
3184,14.580851554870605
3185,14.469284057617188
3186,14.441010475158691
3187,14.39841365814209
3188,14.323250770568848
3189,14.319096565246582
3190,14.334059715270996
3191,14.401139259338379
3192,14.423473358154297
3193,14.453142166137695
3194,14.41679573059082
3195,14.3873291015625
3196,14.451872825622559
3197,14.43932056427002
3198,14.420012474060059
3199,14.494291305541992
3200,14.589810371398926
3201,14.603864669799805
3202,14.699763298034668
3203,14.800758361816406
3204,14.804229736328125
3205,14.806513786315918
3206,14.868368148803711
3207,14.86936092376709
3208,14.873291015625
3209,14.92283821105957
3210,14.966976165771484
3211,15.043112754821777
3212,15.111184120178223
3213,15.187749862670898
3214,15.141222953796387
3215,15.170427322387695
3216,15.269800186157227
3217,15.340590476989746
3218,15.308667182922363
3219,15.277231216430664
3220,15.176660537719727
3221,15.19478988647461
3222,15.218759536743164
3223,15.244056701660156
3224,15.160873413085938
3225,15.141351699829102
3226,15.154078483581543
3227,15.168696403503418
3228,14.854771614074707
3229,14.77200984954834
3230,14.790324211120605
3231,14.80156421661377
3232,14.8550443649292
3233,14.901962280273438
3234,14.886571884155273
3235,14.854357719421387
3236,14.684617042541504
3237,14.719175338745117
3238,14.720648765563965
3239,14.75989818572998
3240,14.776103973388672
3241,14.694795608520508
3242,14.75121021270752
3243,14.765195846557617
3244,14.768721580505371
3245,14.692041397094727
3246,14.577881813049316
3247,14.48319149017334
3248,14.519083023071289
3249,14.525690078735352
3250,14.487580299377441
3251,14.413275718688965
3252,14.355486869812012
3253,14.368242263793945
3254,14.341792106628418
3255,14.629312515258789
3256,14.580544471740723
3257,14.478450775146484
3258,14.483208656311035
3259,14.388981819152832
3260,14.259988784790039
3261,14.27636432647705
3262,14.303681373596191
3263,14.391321182250977
3264,14.491778373718262
3265,14.540433883666992
3266,14.549484252929688
3267,14.52861499786377
3268,14.578155517578125
3269,14.515990257263184
3270,14.512267112731934
3271,14.529597282409668
3272,14.59994888305664
3273,14.560120582580566
3274,14.578605651855469
3275,14.59957218170166
3276,14.647933959960938
3277,14.627164840698242
3278,14.717379570007324
3279,14.769067764282227
3280,14.740060806274414
3281,14.626641273498535
3282,14.790266036987305
3283,14.760271072387695
3284,14.771804809570312
3285,14.90085220336914
3286,14.749810218811035
3287,14.851624488830566
3288,14.97155475616455
3289,15.032221794128418
3290,15.091231346130371
3291,14.948128700256348
3292,15.072430610656738
3293,15.11376953125
3294,15.105069160461426
3295,15.181478500366211
3296,15.125500679016113
3297,15.088200569152832
3298,15.152342796325684
3299,15.128238677978516
3300,15.261345863342285
3301,15.25188159942627
3302,15.313352584838867
3303,15.378705024719238
3304,15.30171012878418
3305,15.312512397766113
3306,15.42331600189209
3307,15.36795711517334
3308,15.37349796295166
3309,15.2537260055542
3310,15.338912010192871
3311,15.314903259277344
3312,15.259298324584961
3313,15.319426536560059
3314,15.2835693359375
3315,15.363700866699219
3316,15.283605575561523
3317,15.332052230834961
3318,15.499127388000488
3319,15.447668075561523
3320,15.497339248657227
3321,15.442107200622559
3322,15.352836608886719
3323,15.551874160766602
3324,15.485849380493164
3325,15.490723609924316
3326,15.586827278137207
3327,15.570792198181152
3328,15.590027809143066
3329,15.570571899414062
3330,15.560505867004395
3331,15.471526145935059
3332,15.525163650512695
3333,15.496572494506836
3334,15.513298034667969
3335,15.245925903320312
3336,15.209982872009277
3337,15.129584312438965
3338,15.062200546264648
3339,14.995673179626465
3340,14.974842071533203
3341,14.930429458618164
3342,14.872678756713867
3343,14.934850692749023
3344,14.965559005737305
3345,14.93325424194336
3346,14.880507469177246
3347,14.843169212341309
3348,14.81584358215332
3349,14.859610557556152
3350,14.861952781677246
3351,14.79862117767334
3352,14.811362266540527
3353,15.003164291381836
3354,14.970195770263672
3355,14.957107543945312
3356,14.927385330200195
3357,14.951542854309082
3358,14.87374496459961
3359,14.872749328613281
3360,14.84746265411377
3361,14.769501686096191
3362,14.282024383544922
3363,14.248208999633789
3364,14.222137451171875
3365,14.191755294799805
3366,14.205914497375488
3367,14.185344696044922
3368,14.186848640441895
3369,14.18313980102539
3370,14.191225051879883
3371,14.165678977966309
3372,14.044656753540039
3373,14.068807601928711
3374,14.08939266204834
3375,14.065751075744629
3376,14.03911304473877
3377,14.023924827575684
3378,14.039470672607422
3379,14.083515167236328
3380,14.079535484313965
3381,14.162727355957031
3382,14.14014720916748
3383,14.13072681427002
3384,14.05231761932373
3385,14.136031150817871
3386,14.120719909667969
3387,14.127397537231445
3388,14.114023208618164
3389,14.118736267089844
3390,14.082954406738281
3391,14.018549919128418
3392,14.031922340393066
3393,14.032426834106445
3394,14.031148910522461
3395,14.035709381103516
3396,14.035029411315918
3397,14.052146911621094
3398,14.033302307128906
3399,14.048636436462402
3400,14.04287338256836
3401,14.035938262939453
3402,14.03415584564209
3403,13.99201488494873
3404,14.034730911254883
3405,14.014873504638672
3406,13.992839813232422
3407,13.989812850952148
3408,13.930886268615723
3409,13.885367393493652
3410,13.89767837524414
3411,13.884242057800293
3412,13.931148529052734
3413,13.945963859558105
3414,13.933595657348633
3415,14.094218254089355
3416,14.002405166625977
3417,13.985264778137207
3418,14.02312183380127
3419,14.162508964538574
3420,14.123519897460938
3421,14.2036714553833
3422,14.296318054199219
3423,14.310830116271973
3424,14.19520378112793
3425,14.31059741973877
3426,14.333317756652832
3427,14.380897521972656
3428,14.333707809448242
3429,14.439194679260254
3430,14.462532997131348
3431,14.457818031311035
3432,14.55601692199707
3433,14.520095825195312
3434,14.545644760131836
3435,14.556506156921387
3436,14.624624252319336
3437,14.70621109008789
3438,14.749107360839844
3439,14.80221939086914
3440,14.817071914672852
3441,14.853160858154297
3442,14.656737327575684
3443,14.659322738647461
3444,14.605583190917969
3445,14.594499588012695
3446,14.533340454101562
3447,14.582797050476074
3448,14.60209846496582
3449,14.589990615844727
3450,14.565949440002441
3451,14.573104858398438
3452,14.630156517028809
3453,14.680020332336426
3454,14.759536743164062
3455,14.687627792358398
3456,14.892603874206543
3457,14.910390853881836
3458,14.903799057006836
3459,14.981422424316406
3460,14.937162399291992
3461,14.929656982421875
3462,14.929675102233887
3463,14.957836151123047
3464,14.95822811126709
3465,14.8185453414917
3466,14.86303997039795
3467,14.879654884338379
3468,14.897314071655273
3469,14.809700012207031
3470,14.943881034851074
3471,14.822603225708008
3472,14.643641471862793
3473,14.68036937713623
3474,14.614747047424316
3475,14.692365646362305
3476,14.647244453430176
3477,14.70804214477539
3478,14.721134185791016
3479,14.646328926086426
3480,14.544623374938965
3481,14.591155052185059
3482,14.635916709899902
3483,14.644452095031738
3484,14.609878540039062
3485,14.536023139953613
3486,14.525910377502441
3487,14.57853889465332
3488,14.565114974975586
3489,14.60206127166748
3490,14.705039024353027
3491,14.759788513183594
3492,14.698118209838867
3493,14.698092460632324
3494,14.727842330932617
3495,14.826828956604004
3496,14.906116485595703
3497,14.92236328125
3498,14.908346176147461
3499,14.901490211486816
3500,14.922768592834473
3501,14.726924896240234
3502,14.630416870117188
3503,14.638117790222168
3504,14.609244346618652
3505,14.665494918823242
3506,14.699140548706055
3507,14.688013076782227
3508,14.664177894592285
3509,14.662214279174805
3510,14.640698432922363
3511,14.646327018737793
3512,14.708478927612305
3513,14.72247314453125
3514,14.769331932067871
3515,14.790199279785156
3516,14.77896499633789
3517,14.813886642456055
3518,14.865510940551758
3519,14.881400108337402
3520,14.836783409118652
3521,14.654404640197754
3522,14.746833801269531
3523,14.604021072387695
3524,14.571090698242188
3525,14.389623641967773
3526,14.549229621887207
3527,14.332901954650879
3528,14.517409324645996
3529,14.495285987854004
3530,14.440613746643066
3531,14.410272598266602
3532,14.403097152709961
3533,14.34827995300293
3534,14.324542045593262
3535,14.33463191986084
3536,14.25236701965332
3537,14.238572120666504
3538,14.145928382873535
3539,14.08046817779541
3540,14.118894577026367
3541,14.060356140136719
3542,14.05310344696045
3543,14.047669410705566
3544,14.063024520874023
3545,14.0617094039917
3546,14.022918701171875
3547,14.199945449829102
3548,14.251007080078125
3549,14.148306846618652
3550,14.05571460723877
3551,14.008404731750488
3552,14.003451347351074
3553,14.031782150268555
3554,14.020536422729492
3555,14.088167190551758
3556,14.10894775390625
3557,14.13192367553711
3558,14.110843658447266
3559,14.103521347045898
3560,14.143218994140625
3561,14.159638404846191
3562,14.243009567260742
3563,14.23290729522705
3564,14.187409400939941
3565,14.245002746582031
3566,14.2552490234375
3567,14.227511405944824
3568,14.255719184875488
3569,14.305499076843262
3570,14.252579689025879
3571,14.27275562286377
3572,14.337064743041992
3573,14.532480239868164
3574,14.118226051330566
3575,14.176251411437988
3576,14.14088249206543
3577,14.245890617370605
3578,14.338167190551758
3579,14.512118339538574
3580,14.582825660705566
3581,14.619542121887207
3582,14.684746742248535
3583,14.773451805114746
3584,14.868313789367676
3585,15.018547058105469
3586,15.035696029663086
3587,15.012130737304688
3588,14.995580673217773
3589,15.022174835205078
3590,15.11815071105957
3591,15.041183471679688
3592,14.918634414672852
3593,14.926529884338379
3594,14.903216361999512
3595,14.863574028015137
3596,14.826911926269531
3597,14.864941596984863
3598,14.869391441345215
3599,14.9038724899292
3600,14.710304260253906
3601,14.893111228942871
3602,14.860973358154297
3603,14.947444915771484
3604,14.820150375366211
3605,14.788022994995117
3606,14.875515937805176
3607,14.8248929977417
3608,14.831942558288574
3609,14.756399154663086
3610,14.735676765441895
3611,14.71847915649414
3612,14.53418254852295
3613,14.526698112487793
3614,14.6194429397583
3615,14.594710350036621
3616,14.511651992797852
3617,14.565442085266113
3618,14.535457611083984
3619,14.555428504943848
3620,14.571496963500977
3621,14.371252059936523
3622,14.331537246704102
3623,14.373964309692383
3624,14.421241760253906
3625,14.351958274841309
3626,14.342292785644531
3627,14.36430549621582
3628,14.463459968566895
3629,14.462737083435059
3630,14.288262367248535
3631,14.423043251037598
3632,14.438151359558105
3633,14.408953666687012
3634,14.445104598999023
3635,14.412049293518066
3636,14.341256141662598
3637,14.376989364624023
3638,14.441384315490723
3639,14.543119430541992
3640,14.501008987426758
3641,14.465869903564453
3642,14.659455299377441
3643,14.512399673461914
3644,14.534024238586426
3645,14.531769752502441
3646,14.63464069366455
3647,14.49413776397705
3648,14.499777793884277
3649,14.574885368347168
3650,14.547642707824707
3651,14.636260032653809
3652,14.679105758666992
3653,14.647100448608398
3654,14.410795211791992
3655,14.580119132995605
3656,14.64194107055664
3657,14.66966724395752
3658,14.583162307739258
3659,14.621330261230469
3660,14.640786170959473
3661,14.626681327819824
3662,14.5719633102417
3663,14.607430458068848
3664,14.564493179321289
3665,14.50866985321045
3666,14.466961860656738
3667,14.48226261138916
3668,14.519305229187012
3669,14.523001670837402
3670,14.572799682617188
3671,14.652655601501465
3672,14.598297119140625
3673,14.541642189025879
3674,14.551424026489258
3675,14.600432395935059
3676,14.615413665771484
3677,14.610981941223145
3678,14.316455841064453
3679,14.321253776550293
3680,14.282919883728027
3681,14.225906372070312
3682,14.056867599487305
3683,14.109626770019531
3684,14.053435325622559
3685,14.069653511047363
3686,14.067912101745605
3687,14.052115440368652
3688,14.015398025512695
3689,13.984847068786621
3690,14.015179634094238
3691,13.970932006835938
3692,13.955206871032715
3693,13.90203857421875
3694,13.884383201599121
3695,13.88675594329834
3696,13.889057159423828
3697,13.908441543579102
3698,13.908805847167969
3699,13.912897109985352
3700,13.909701347351074
3701,13.90531063079834
3702,13.932127952575684
3703,13.914499282836914
3704,13.910943031311035
3705,13.902798652648926
3706,13.920116424560547
3707,13.923062324523926
3708,13.882946014404297
3709,13.854829788208008
3710,13.865667343139648
3711,13.870330810546875
3712,13.865034103393555
3713,13.864971160888672
3714,13.890636444091797
3715,13.899306297302246
3716,13.902626037597656
3717,13.905496597290039
3718,13.887553215026855
3719,13.894177436828613
3720,13.918218612670898
3721,13.91601848602295
3722,13.921091079711914
3723,13.923513412475586
3724,13.944744110107422
3725,13.933541297912598
3726,13.959442138671875
3727,13.962995529174805
3728,13.957976341247559
3729,13.93031120300293
3730,13.946324348449707
3731,13.94678020477295
3732,13.930171966552734
3733,13.924599647521973
3734,13.9171142578125
3735,13.851027488708496
3736,13.852781295776367
3737,13.835416793823242
3738,13.845211029052734
3739,13.835638046264648
3740,13.839080810546875
3741,13.837499618530273
3742,13.912260055541992
3743,13.935931205749512
3744,14.012649536132812
3745,14.084819793701172
3746,14.129412651062012
3747,14.16383171081543
3748,14.215835571289062
3749,14.22646427154541
3750,14.264518737792969
3751,14.241583824157715
3752,14.25929069519043
3753,14.277483940124512
3754,14.350704193115234
3755,14.517007827758789
3756,14.433533668518066
3757,14.411486625671387
3758,14.683430671691895
3759,14.855741500854492
3760,14.74135684967041
3761,14.599401473999023
3762,15.169174194335938
3763,15.318840026855469
3764,15.367289543151855
3765,15.388396263122559
3766,15.324889183044434
3767,15.195677757263184
3768,15.176436424255371
3769,15.161901473999023
3770,15.09139347076416
3771,15.10822582244873
3772,15.105216979980469
3773,15.085529327392578
3774,15.008527755737305
3775,14.99445629119873
3776,14.995601654052734
3777,14.990853309631348
3778,14.955955505371094
3779,14.89169692993164
3780,14.866640090942383
3781,14.81670093536377
3782,14.708989143371582
3783,14.696146965026855
3784,14.696303367614746
3785,14.78931713104248
3786,14.797637939453125
3787,14.789466857910156
3788,14.87817668914795
3789,14.814172744750977
3790,14.861244201660156
3791,14.752264022827148
3792,14.62558364868164
3793,14.575822830200195
3794,14.656837463378906
3795,14.668219566345215
3796,14.620187759399414
3797,14.606029510498047
3798,14.5928316116333
3799,14.679572105407715
3800,14.613298416137695
3801,14.56816577911377
3802,14.45281982421875
3803,14.507196426391602
3804,14.496437072753906
3805,14.566362380981445
3806,14.323211669921875
3807,14.286094665527344
3808,14.185084342956543
3809,14.191123962402344
3810,14.157975196838379
3811,14.125186920166016
3812,14.155540466308594
3813,14.208035469055176
3814,14.206094741821289
3815,14.134071350097656
3816,14.027360916137695
3817,14.0625
3818,14.052902221679688
3819,14.100561141967773
3820,14.085440635681152
3821,14.050610542297363
3822,14.054832458496094
3823,14.064129829406738
3824,14.02062702178955
3825,13.985447883605957
3826,13.970992088317871
3827,13.935218811035156
3828,13.944626808166504
3829,13.959830284118652
3830,14.2299165725708
3831,14.415143013000488
3832,14.542919158935547
3833,14.698080062866211
3834,14.826827049255371
3835,14.835396766662598
3836,14.885929107666016
3837,14.90494155883789
3838,14.994561195373535
3839,15.025060653686523
3840,15.019026756286621
3841,14.906708717346191
3842,14.85360336303711
3843,14.764057159423828
3844,14.735969543457031
3845,14.65664291381836
3846,14.697185516357422
3847,14.689216613769531
3848,14.66666030883789
3849,14.709522247314453
3850,14.704490661621094
3851,14.683633804321289
3852,14.633916854858398
3853,14.65922737121582
3854,14.53657054901123
3855,14.59160327911377
3856,14.470744132995605
3857,14.51988697052002
3858,14.572723388671875
3859,14.604475975036621
3860,14.702980041503906
3861,14.632842063903809
3862,14.749373435974121
3863,14.699703216552734
3864,14.755083084106445
3865,14.568540573120117
3866,14.674206733703613
3867,14.760974884033203
3868,14.823187828063965
3869,14.753931999206543
3870,14.812748908996582
3871,14.811493873596191
3872,14.70006275177002
3873,14.689733505249023
3874,14.701799392700195
3875,14.695385932922363
3876,14.659480094909668
3877,14.588457107543945
3878,14.78136920928955
3879,14.616936683654785
3880,14.818642616271973
3881,14.858258247375488
3882,14.803065299987793
3883,14.769182205200195
3884,15.238683700561523
3885,15.313837051391602
3886,15.275553703308105
3887,15.303268432617188
3888,15.401844024658203
3889,15.41247272491455
3890,15.356719017028809
3891,15.35774040222168
3892,15.361188888549805
3893,15.391502380371094
3894,15.349859237670898
3895,15.383431434631348
3896,15.387388229370117
3897,15.393921852111816
3898,15.397419929504395
3899,15.298751831054688
3900,15.275932312011719
3901,15.249863624572754
3902,15.242071151733398
3903,15.220366477966309
3904,15.24450969696045
3905,15.255438804626465
3906,15.205698013305664
3907,15.202481269836426
3908,15.174851417541504
3909,15.195677757263184
3910,15.226836204528809
3911,15.198352813720703
3912,15.345837593078613
3913,15.320891380310059
3914,15.31115436553955
3915,15.319323539733887
3916,15.284374237060547
3917,15.287755012512207
3918,15.289867401123047
3919,15.262837409973145
3920,15.279594421386719
3921,15.268983840942383
3922,15.271586418151855
3923,15.271663665771484
3924,15.258374214172363
3925,15.216543197631836
3926,15.240538597106934
3927,15.287331581115723
3928,15.362546920776367
3929,15.324542045593262
3930,15.302814483642578
3931,15.301016807556152
3932,15.309382438659668
3933,15.338210105895996
3934,15.346622467041016
3935,15.369815826416016
3936,15.321456909179688
3937,15.320924758911133
3938,15.378793716430664
3939,15.398475646972656
3940,15.446308135986328
3941,15.475496292114258
3942,15.434126853942871
3943,15.399914741516113
3944,15.452852249145508
3945,15.377174377441406
3946,15.390562057495117
3947,15.337592124938965
3948,15.318909645080566
3949,15.322404861450195
3950,15.335351943969727
3951,15.330289840698242
3952,15.327651977539062
3953,15.305108070373535
3954,15.322154998779297
3955,15.314144134521484
3956,15.331063270568848
3957,15.304217338562012
3958,15.309416770935059
3959,15.322751998901367
3960,15.317534446716309
3961,15.303850173950195
3962,15.322596549987793
3963,15.309155464172363
3964,15.295267105102539
3965,15.38797378540039
3966,15.273645401000977
3967,15.336616516113281
3968,15.376521110534668
3969,15.389740943908691
3970,15.351799011230469
3971,15.337933540344238
3972,15.370969772338867
3973,15.350733757019043
3974,15.337162017822266
3975,15.325758934020996
3976,15.329288482666016
3977,15.326312065124512
3978,15.330015182495117
3979,15.303506851196289
3980,15.357706069946289
3981,15.392409324645996
3982,15.366297721862793
3983,15.37114429473877
3984,15.293784141540527
3985,15.364727973937988
3986,15.301280975341797
3987,15.352279663085938
3988,15.316659927368164
3989,15.293603897094727
3990,15.142168998718262
3991,15.14663314819336
3992,15.22632122039795
3993,15.06146240234375
3994,15.163634300231934
3995,15.103034019470215
3996,15.203847885131836
3997,15.143122673034668
3998,15.10377025604248
3999,15.112893104553223
