,0
0,12.810138702392578
1,12.805835723876953
2,12.925355911254883
3,12.965570449829102
4,13.066108703613281
5,12.860583305358887
6,12.864718437194824
7,12.833230018615723
8,12.865118980407715
9,12.916006088256836
10,12.91788101196289
11,12.905887603759766
12,12.927295684814453
13,12.955289840698242
14,12.97085952758789
15,12.952106475830078
16,12.935104370117188
17,12.947552680969238
18,12.974950790405273
19,12.947086334228516
20,12.986953735351562
21,12.962313652038574
22,12.927189826965332
23,12.904289245605469
24,12.87243938446045
25,12.836115837097168
26,12.813725471496582
27,12.872074127197266
28,12.99872875213623
29,13.026494026184082
30,13.036185264587402
31,13.060317993164062
32,13.015765190124512
33,13.032923698425293
34,13.12680721282959
35,13.105781555175781
36,13.100800514221191
37,13.086456298828125
38,13.063567161560059
39,13.057151794433594
40,13.028461456298828
41,13.032565116882324
42,13.034027099609375
43,13.063886642456055
44,13.005330085754395
45,12.980732917785645
46,12.952710151672363
47,12.932014465332031
48,12.915457725524902
49,12.968952178955078
50,12.947620391845703
51,12.87337589263916
52,12.91853141784668
53,12.932801246643066
54,12.943891525268555
55,12.937753677368164
56,12.945877075195312
57,12.969099044799805
58,12.995196342468262
59,13.032341957092285
60,13.017037391662598
61,13.015419006347656
62,13.020493507385254
63,13.036506652832031
64,13.032404899597168
65,13.03477954864502
66,13.042519569396973
67,13.015008926391602
68,13.002365112304688
69,12.991065979003906
70,12.972532272338867
71,12.995277404785156
72,12.980143547058105
73,12.999076843261719
74,12.974000930786133
75,12.959166526794434
76,12.91946792602539
77,12.89193058013916
78,12.895869255065918
79,12.9030179977417
80,12.871667861938477
81,12.992006301879883
82,12.966760635375977
83,12.98283576965332
84,12.992077827453613
85,13.00251293182373
86,12.43892765045166
87,12.532013893127441
88,12.540643692016602
89,12.534615516662598
90,12.555899620056152
91,12.50017261505127
92,12.596857070922852
93,12.612445831298828
94,12.53099250793457
95,12.49210262298584
96,12.541711807250977
97,12.544729232788086
98,12.525303840637207
99,12.4828519821167
100,12.434992790222168
101,12.340367317199707
102,12.290281295776367
103,12.306879997253418
104,12.451608657836914
105,12.332195281982422
106,12.367512702941895
107,12.346120834350586
108,12.763520240783691
109,12.64413833618164
110,12.64427661895752
111,12.709707260131836
112,12.525671005249023
113,12.652366638183594
114,11.989151954650879
115,12.04467487335205
116,12.114524841308594
117,12.142068862915039
118,12.210274696350098
119,12.185904502868652
120,12.055523872375488
121,12.00330638885498
122,11.995333671569824
123,11.944068908691406
124,11.986099243164062
125,11.976202964782715
126,11.944754600524902
127,11.819785118103027
128,11.912249565124512
129,11.828625679016113
130,11.872055053710938
131,11.92242431640625
132,11.862824440002441
133,11.913193702697754
134,11.904960632324219
135,12.057404518127441
136,11.918050765991211
137,11.988447189331055
138,11.87251091003418
139,11.916744232177734
140,11.876354217529297
141,11.933852195739746
142,12.065954208374023
143,11.937704086303711
144,12.035895347595215
145,11.90157699584961
146,11.825788497924805
147,12.004964828491211
148,11.95268726348877
149,11.901453018188477
150,11.928946495056152
151,12.212299346923828
152,11.882196426391602
153,11.92808723449707
154,12.013883590698242
155,12.104637145996094
156,12.185050964355469
157,12.121397972106934
158,12.151734352111816
159,12.12215518951416
160,12.198800086975098
161,12.129594802856445
162,12.222004890441895
163,12.238444328308105
164,12.547941207885742
165,12.39527416229248
166,12.472423553466797
167,11.89530086517334
168,11.858617782592773
169,11.979555130004883
170,12.023663520812988
171,11.872831344604492
172,11.89742660522461
173,11.90084457397461
174,11.970368385314941
175,11.841636657714844
176,12.035879135131836
177,12.010699272155762
178,12.121637344360352
179,12.03410816192627
180,11.976224899291992
181,11.828712463378906
182,11.726131439208984
183,11.719521522521973
184,11.721145629882812
185,11.803399085998535
186,11.752614974975586
187,11.653685569763184
188,11.609468460083008
189,11.683112144470215
190,11.786993980407715
191,11.789155006408691
192,11.894366264343262
193,12.368581771850586
194,11.929397583007812
195,11.926118850708008
196,12.049735069274902
197,12.035322189331055
198,12.026596069335938
199,12.074769973754883
200,12.10584545135498
201,12.075674057006836
202,12.09365463256836
203,12.166718482971191
204,12.185914993286133
205,12.326319694519043
206,12.411321640014648
207,12.297941207885742
208,12.267234802246094
209,12.302918434143066
210,12.251447677612305
211,12.216704368591309
212,12.355781555175781
213,12.205330848693848
214,12.130047798156738
215,12.182157516479492
216,12.406133651733398
217,12.271934509277344
218,12.222017288208008
219,12.257434844970703
220,12.32446575164795
221,11.829710960388184
222,11.892923355102539
223,11.81114673614502
224,11.771601676940918
225,11.803592681884766
226,11.8024263381958
227,11.758339881896973
228,11.7477445602417
229,11.74911117553711
230,11.745058059692383
231,11.844225883483887
232,11.745244979858398
233,11.81116008758545
234,11.847471237182617
235,11.779093742370605
236,11.81011962890625
237,11.77878189086914
238,11.797005653381348
239,11.802774429321289
240,11.881467819213867
241,11.85905933380127
242,11.844635009765625
243,11.91115951538086
244,11.878501892089844
245,11.941205024719238
246,12.007887840270996
247,11.909950256347656
248,12.421931266784668
249,12.4013671875
250,12.497440338134766
251,12.503890991210938
252,12.56804370880127
253,12.66157054901123
254,12.711976051330566
255,12.782116889953613
256,12.81013298034668
257,12.844472885131836
258,12.933053016662598
259,12.941214561462402
260,12.907018661499023
261,12.902558326721191
262,12.898241996765137
263,12.884532928466797
264,12.845193862915039
265,12.816377639770508
266,12.758292198181152
267,12.853342056274414
268,12.839166641235352
269,12.826207160949707
270,12.974299430847168
271,12.962130546569824
272,13.0068941116333
273,13.016597747802734
274,13.017271041870117
275,13.032205581665039
276,13.020092010498047
277,13.068647384643555
278,13.007351875305176
279,12.975539207458496
280,12.983319282531738
281,12.954717636108398
282,12.933082580566406
283,13.028812408447266
284,12.988300323486328
285,12.962400436401367
286,13.020071029663086
287,12.918671607971191
288,12.887787818908691
289,12.859755516052246
290,12.896088600158691
291,12.85698127746582
292,12.87986946105957
293,12.949200630187988
294,12.87588119506836
295,12.861672401428223
296,12.773061752319336
297,12.745429039001465
298,12.879024505615234
299,12.815855979919434
300,12.8438720703125
301,12.884489059448242
302,12.783716201782227
303,12.983055114746094
304,13.010363578796387
305,12.98865795135498
306,13.010016441345215
307,13.018957138061523
308,13.037737846374512
309,13.024977684020996
310,13.037057876586914
311,13.060361862182617
312,13.046515464782715
313,13.07925796508789
314,13.066746711730957
315,13.06110954284668
316,13.078914642333984
317,13.072833061218262
318,13.044321060180664
319,13.062605857849121
320,13.085402488708496
321,13.069997787475586
322,13.061225891113281
323,13.064909934997559
324,13.057077407836914
325,13.104463577270508
326,13.093878746032715
327,13.07737922668457
328,13.04675006866455
329,13.027446746826172
330,13.004670143127441
331,13.002379417419434
332,13.051536560058594
333,13.010890007019043
334,12.993090629577637
335,13.006219863891602
336,12.940608978271484
337,13.007386207580566
338,12.970019340515137
339,12.994623184204102
340,12.943241119384766
341,12.930902481079102
342,12.973605155944824
343,12.935571670532227
344,12.985383987426758
345,12.931681632995605
346,12.952184677124023
347,12.977313995361328
348,12.995355606079102
349,13.02262020111084
350,13.034680366516113
351,13.039538383483887
352,13.112458229064941
353,13.06568431854248
354,13.053861618041992
355,13.015608787536621
356,12.98723030090332
357,13.008159637451172
358,13.079695701599121
359,13.185091018676758
360,13.14448356628418
361,13.138718605041504
362,13.150508880615234
363,12.96204948425293
364,12.816919326782227
365,12.865934371948242
366,12.837075233459473
367,12.78686237335205
368,12.807723999023438
369,12.773972511291504
370,12.643898010253906
371,12.813209533691406
372,12.678608894348145
373,12.886063575744629
374,12.843035697937012
375,12.845891952514648
376,12.77304744720459
377,12.720929145812988
378,12.706378936767578
379,12.890697479248047
380,12.897770881652832
381,12.865436553955078
382,12.897066116333008
383,12.950389862060547
384,12.279513359069824
385,12.190966606140137
386,12.244889259338379
387,12.201711654663086
388,12.152399063110352
389,12.03634262084961
390,12.358781814575195
391,12.279280662536621
392,12.16191291809082
393,12.194408416748047
394,12.0675630569458
395,12.031819343566895
396,12.007442474365234
397,11.987503051757812
398,12.009305953979492
399,12.002619743347168
400,12.028145790100098
401,11.989297866821289
402,11.944320678710938
403,11.990913391113281
404,12.013260841369629
405,11.940983772277832
406,12.11819076538086
407,12.148472785949707
408,12.179814338684082
409,12.11293888092041
410,12.090917587280273
411,11.885797500610352
412,11.768582344055176
413,11.844204902648926
414,11.922503471374512
415,12.11684799194336
416,12.105953216552734
417,12.099410057067871
418,12.079179763793945
419,12.04089641571045
420,11.985081672668457
421,11.989163398742676
422,11.987692832946777
423,11.969489097595215
424,11.987259864807129
425,11.918522834777832
426,11.935914993286133
427,11.915427207946777
428,11.850959777832031
429,11.93923568725586
430,11.85781478881836
431,11.836209297180176
432,11.828886985778809
433,12.078248023986816
434,12.078664779663086
435,12.022120475769043
436,12.03023624420166
437,12.107915878295898
438,11.77509593963623
439,11.90045166015625
440,11.978021621704102
441,12.035942077636719
442,11.870721817016602
443,11.920694351196289
444,11.990535736083984
445,11.962386131286621
446,11.953727722167969
447,11.948651313781738
448,12.020576477050781
449,12.23021411895752
450,12.292181015014648
451,12.356425285339355
452,12.403841018676758
453,12.412253379821777
454,12.322389602661133
455,12.317551612854004
456,12.257990837097168
457,12.271720886230469
458,12.30964183807373
459,12.314273834228516
460,12.529034614562988
461,12.682433128356934
462,12.639100074768066
463,12.622146606445312
464,12.287410736083984
465,12.303348541259766
466,12.423742294311523
467,12.184030532836914
468,12.307080268859863
469,12.359524726867676
470,12.440428733825684
471,12.531354904174805
472,12.550256729125977
473,12.54299545288086
474,12.5679349899292
475,12.634177207946777
476,12.654464721679688
477,12.648649215698242
478,12.672979354858398
479,12.575682640075684
480,12.524765014648438
481,12.648641586303711
482,12.671696662902832
483,12.775218963623047
484,12.815929412841797
485,12.88760757446289
486,12.900080680847168
487,12.942708015441895
488,12.923062324523926
489,12.902178764343262
490,12.89742660522461
491,12.872115135192871
492,12.69055461883545
493,12.65590763092041
494,12.376564025878906
495,12.309797286987305
496,12.518014907836914
497,12.353808403015137
498,12.37740421295166
499,12.4336576461792
500,13.482844352722168
501,13.493292808532715
502,13.547035217285156
503,13.445836067199707
504,13.420016288757324
505,13.460625648498535
506,13.486278533935547
507,13.461544036865234
508,13.50954818725586
509,13.508313179016113
510,13.570067405700684
511,13.508790016174316
512,13.483816146850586
513,13.471126556396484
514,13.532175064086914
515,13.541062355041504
516,13.50067138671875
517,13.491281509399414
518,13.438312530517578
519,13.507716178894043
520,13.626948356628418
521,13.639491081237793
522,13.665666580200195
523,13.628483772277832
524,13.648481369018555
525,13.79577922821045
526,14.037276268005371
527,14.042046546936035
528,14.00063705444336
529,13.917298316955566
530,13.919672966003418
531,13.927504539489746
532,13.952971458435059
533,13.983469009399414
534,13.871896743774414
535,13.716773986816406
536,13.899430274963379
537,13.828435897827148
538,13.767664909362793
539,13.75903034210205
540,13.70418643951416
541,13.79184627532959
542,13.865745544433594
543,14.001949310302734
544,14.031939506530762
545,13.958578109741211
546,13.783614158630371
547,13.927837371826172
548,13.791197776794434
549,13.66205883026123
550,13.661016464233398
551,13.706748008728027
552,13.749593734741211
553,13.861262321472168
554,13.82876968383789
555,14.015156745910645
556,13.993898391723633
557,13.937676429748535
558,13.910248756408691
559,13.87519359588623
560,13.913461685180664
561,13.863142967224121
562,13.73891830444336
563,13.764995574951172
564,13.735323905944824
565,13.86146068572998
566,13.954477310180664
567,13.880121231079102
568,13.959531784057617
569,13.900511741638184
570,14.116859436035156
571,13.977571487426758
572,13.924297332763672
573,13.846575736999512
574,14.096455574035645
575,14.185042381286621
576,14.077371597290039
577,14.024994850158691
578,14.105172157287598
579,14.320489883422852
580,14.267205238342285
581,14.045068740844727
582,14.261829376220703
583,14.187602996826172
584,13.94329833984375
585,14.115243911743164
586,14.031356811523438
587,13.879162788391113
588,13.901358604431152
589,13.866756439208984
590,13.922165870666504
591,13.947354316711426
592,13.916716575622559
593,13.911596298217773
594,13.865368843078613
595,14.051385879516602
596,14.059462547302246
597,13.841093063354492
598,13.862154960632324
599,13.93753719329834
600,14.198025703430176
601,14.34492015838623
602,14.558223724365234
603,14.292886734008789
604,14.376323699951172
605,14.344613075256348
606,14.15453815460205
607,14.062399864196777
608,13.96557331085205
609,13.975348472595215
610,14.027371406555176
611,14.329008102416992
612,14.282739639282227
613,13.912518501281738
614,13.906657218933105
615,13.903709411621094
616,13.996603012084961
617,13.982258796691895
618,13.967851638793945
619,13.954950332641602
620,14.465526580810547
621,14.10071849822998
622,14.36768913269043
623,14.625530242919922
624,14.196756362915039
625,14.165973663330078
626,14.266739845275879
627,14.542884826660156
628,14.498531341552734
629,14.52597713470459
630,14.501816749572754
631,14.822383880615234
632,14.91027545928955
633,14.954730033874512
634,14.912437438964844
635,14.818647384643555
636,14.850235939025879
637,14.392132759094238
638,14.747082710266113
639,14.387870788574219
640,14.36332893371582
641,14.212385177612305
642,14.212316513061523
643,14.331727027893066
644,14.427995681762695
645,14.762686729431152
646,14.792966842651367
647,14.76933765411377
648,14.76586627960205
649,15.15595531463623
650,15.249253273010254
651,15.321621894836426
652,15.470701217651367
653,16.20288848876953
654,15.513869285583496
655,15.563024520874023
656,15.985779762268066
657,16.00307273864746
658,16.134611129760742
659,16.218870162963867
660,16.216175079345703
661,16.358097076416016
662,16.30160140991211
663,16.3294620513916
664,16.36187744140625
665,16.392404556274414
666,16.720046997070312
667,16.33058738708496
668,16.36652374267578
669,16.077430725097656
670,15.766810417175293
671,15.621792793273926
672,15.539103507995605
673,15.423840522766113
674,15.462684631347656
675,15.330391883850098
676,15.292440414428711
677,15.534074783325195
678,16.109954833984375
679,15.470455169677734
680,15.456206321716309
681,15.29147720336914
682,15.203381538391113
683,14.927788734436035
684,15.122496604919434
685,15.68961238861084
686,16.01355743408203
687,16.133888244628906
688,16.200895309448242
689,16.28904151916504
690,16.21939468383789
691,16.27602767944336
692,16.432174682617188
693,16.464805603027344
694,16.459033966064453
695,16.4853572845459
696,16.503923416137695
697,16.436365127563477
698,16.04388999938965
699,16.02046012878418
700,15.912177085876465
701,15.859183311462402
702,16.13192367553711
703,16.453449249267578
704,16.310977935791016
705,15.81972599029541
706,16.046205520629883
707,15.99134349822998
708,16.298349380493164
709,16.523958206176758
710,16.613101959228516
711,16.56797981262207
712,16.577411651611328
713,16.74864387512207
714,16.734373092651367
715,16.71808624267578
716,16.754209518432617
717,16.74526596069336
718,16.762414932250977
719,16.833736419677734
720,16.87609100341797
721,16.888395309448242
722,16.75640869140625
723,16.71366310119629
724,16.671276092529297
725,16.618799209594727
726,16.789634704589844
727,16.799196243286133
728,16.796756744384766
729,16.844562530517578
730,16.899381637573242
731,16.877256393432617
732,16.950963973999023
733,16.87668800354004
734,16.804786682128906
735,16.79134750366211
736,17.04332733154297
737,17.05664825439453
738,17.015247344970703
739,17.064756393432617
740,17.079219818115234
741,17.09160804748535
742,17.013545989990234
743,16.96619987487793
744,16.92215347290039
745,17.073101043701172
746,16.987871170043945
747,16.798540115356445
748,16.74637222290039
749,16.942678451538086
750,16.91741943359375
751,16.82021713256836
752,16.714035034179688
753,16.463661193847656
754,16.576017379760742
755,16.4398193359375
756,16.363740921020508
757,16.535247802734375
758,16.44499969482422
759,16.77107048034668
760,16.770740509033203
761,16.321645736694336
762,16.56695556640625
763,16.696619033813477
764,16.76718521118164
765,16.87945556640625
766,16.93117332458496
767,16.903717041015625
768,16.925029754638672
769,16.946014404296875
770,17.012651443481445
771,16.964447021484375
772,16.967422485351562
773,16.84877586364746
774,16.78512191772461
775,16.73476791381836
776,16.661653518676758
777,16.652719497680664
778,16.86767578125
779,16.775720596313477
780,16.468164443969727
781,16.65000343322754
782,16.43767738342285
783,16.276199340820312
784,16.293283462524414
785,16.342529296875
786,16.535429000854492
787,16.490110397338867
788,16.232887268066406
789,16.35013771057129
790,16.524673461914062
791,16.680004119873047
792,16.666431427001953
793,16.47389793395996
794,16.51695442199707
795,16.698698043823242
796,16.708553314208984
797,16.713403701782227
798,16.714624404907227
799,16.623504638671875
800,16.573057174682617
801,16.512088775634766
802,16.168516159057617
803,16.483970642089844
804,16.16973304748535
805,16.3560733795166
806,16.372055053710938
807,16.407155990600586
808,16.480260848999023
809,16.58896827697754
810,16.239730834960938
811,16.372854232788086
812,16.422470092773438
813,16.423377990722656
814,16.63753890991211
815,16.562702178955078
816,16.366836547851562
817,16.442394256591797
818,16.708911895751953
819,16.665538787841797
820,16.298431396484375
821,16.191059112548828
822,16.047727584838867
823,15.846851348876953
824,15.939871788024902
825,15.811690330505371
826,15.827133178710938
827,15.838875770568848
828,15.850884437561035
829,15.821474075317383
830,15.727884292602539
831,15.708723068237305
832,15.041218757629395
833,15.605104446411133
834,15.244400024414062
835,15.253241539001465
836,15.096091270446777
837,15.089705467224121
838,15.492632865905762
839,15.572617530822754
840,15.553129196166992
841,15.542858123779297
842,15.252266883850098
843,15.215779304504395
844,15.837193489074707
845,15.804490089416504
846,15.679309844970703
847,15.642108917236328
848,15.456977844238281
849,15.516242027282715
850,15.87394905090332
851,15.945764541625977
852,16.131000518798828
853,16.178264617919922
854,16.136402130126953
855,15.75653076171875
856,16.035037994384766
857,15.916509628295898
858,15.807869911193848
859,15.682914733886719
860,15.376104354858398
861,15.698387145996094
862,16.27086639404297
863,15.686054229736328
864,15.556445121765137
865,15.665190696716309
866,16.103229522705078
867,16.00342559814453
868,15.979700088500977
869,15.356195449829102
870,16.381208419799805
871,16.314241409301758
872,16.600082397460938
873,16.70988655090332
874,16.69586944580078
875,16.777402877807617
876,16.806106567382812
877,16.77631187438965
878,16.75300407409668
879,16.709707260131836
880,16.985925674438477
881,16.887611389160156
882,16.92582130432129
883,16.970247268676758
884,16.771373748779297
885,16.725435256958008
886,16.636064529418945
887,16.623817443847656
888,16.60047721862793
889,16.51255989074707
890,16.613529205322266
891,16.55045509338379
892,16.881513595581055
893,16.938377380371094
894,16.946346282958984
895,16.903806686401367
896,16.896263122558594
897,16.714448928833008
898,16.606281280517578
899,16.552902221679688
900,16.754270553588867
901,16.233827590942383
902,16.50487518310547
903,16.519046783447266
904,16.766517639160156
905,16.6181583404541
906,16.7134952545166
907,16.35009002685547
908,16.342376708984375
909,16.348329544067383
910,16.348230361938477
911,16.505863189697266
912,16.481365203857422
913,16.453079223632812
914,16.711755752563477
915,16.87645149230957
916,16.855894088745117
917,16.80510711669922
918,16.833681106567383
919,16.826122283935547
920,16.953853607177734
921,16.910219192504883
922,16.877323150634766
923,16.864530563354492
924,17.011323928833008
925,16.866464614868164
926,16.840160369873047
927,16.69509506225586
928,16.66953468322754
929,16.54246711730957
930,16.458261489868164
931,16.537555694580078
932,16.589611053466797
933,16.779441833496094
934,16.42277717590332
935,16.515195846557617
936,16.353290557861328
937,16.198781967163086
938,16.150009155273438
939,16.39883041381836
940,16.086204528808594
941,16.076889038085938
942,16.27985954284668
943,16.569692611694336
944,16.537397384643555
945,15.810327529907227
946,16.53723907470703
947,16.159395217895508
948,16.033145904541016
949,16.39093589782715
950,16.44226837158203
951,16.207536697387695
952,16.25084114074707
953,16.663476943969727
954,16.734024047851562
955,16.701431274414062
956,16.718027114868164
957,16.785810470581055
958,16.8399715423584
959,16.817066192626953
960,16.76386833190918
961,16.75934600830078
962,16.80385398864746
963,16.75885009765625
964,16.761789321899414
965,16.642288208007812
966,16.667308807373047
967,16.615598678588867
968,16.498136520385742
969,16.502023696899414
970,16.45759391784668
971,16.476449966430664
972,16.5555419921875
973,16.552165985107422
974,16.64066505432129
975,16.64224624633789
976,16.620983123779297
977,16.296875
978,16.02166748046875
979,16.206998825073242
980,16.52559471130371
981,16.446876525878906
982,16.50580596923828
983,16.403385162353516
984,16.407896041870117
985,16.263702392578125
986,16.137956619262695
987,16.346105575561523
988,16.480728149414062
989,16.418643951416016
990,16.424497604370117
991,16.318960189819336
992,16.29946517944336
993,15.913564682006836
994,16.244672775268555
995,16.25812339782715
996,15.986557960510254
997,16.189043045043945
998,16.432418823242188
999,16.354915618896484
1000,16.904504776000977
1001,16.981639862060547
1002,17.003509521484375
1003,16.888145446777344
1004,16.837390899658203
1005,17.155607223510742
1006,17.22525978088379
1007,17.279569625854492
1008,17.22954750061035
1009,17.434532165527344
1010,17.43807029724121
1011,17.425457000732422
1012,17.456165313720703
1013,17.421743392944336
1014,17.44411277770996
1015,17.527402877807617
1016,17.472576141357422
1017,17.393476486206055
1018,17.384485244750977
1019,17.379831314086914
1020,17.384050369262695
1021,17.374834060668945
1022,17.2540283203125
1023,17.260234832763672
1024,17.04309844970703
1025,17.19143295288086
1026,17.211456298828125
1027,17.31484031677246
1028,17.286020278930664
1029,17.37291145324707
1030,17.364604949951172
1031,17.48678970336914
1032,17.52682876586914
1033,17.465538024902344
1034,17.498376846313477
1035,17.6124324798584
1036,17.6053409576416
1037,17.62849998474121
1038,17.610485076904297
1039,17.60733413696289
1040,17.622905731201172
1041,17.653722763061523
1042,17.686784744262695
1043,17.689802169799805
1044,17.742191314697266
1045,17.718429565429688
1046,17.704936981201172
1047,17.74616050720215
1048,17.780847549438477
1049,17.73647117614746
1050,17.696144104003906
1051,17.71726417541504
1052,17.685073852539062
1053,17.75794792175293
1054,17.75366973876953
1055,17.78050994873047
1056,17.840251922607422
1057,17.63882827758789
1058,17.67656135559082
1059,17.633201599121094
1060,17.56656265258789
1061,17.533071517944336
1062,17.477142333984375
1063,17.468591690063477
1064,17.540809631347656
1065,17.561260223388672
1066,17.773576736450195
1067,17.789976119995117
1068,17.858572006225586
1069,17.901029586791992
1070,18.057981491088867
1071,18.125661849975586
1072,17.97417640686035
1073,17.973644256591797
1074,17.978960037231445
1075,17.96896743774414
1076,17.923254013061523
1077,18.01793098449707
1078,17.990591049194336
1079,18.008554458618164
1080,17.956893920898438
1081,17.822021484375
1082,17.807533264160156
1083,17.521337509155273
1084,17.821739196777344
1085,17.696136474609375
1086,17.834753036499023
1087,17.945703506469727
1088,17.876598358154297
1089,17.90324592590332
1090,17.80307388305664
1091,17.743881225585938
1092,17.82099151611328
1093,17.845401763916016
1094,17.938339233398438
1095,17.889814376831055
1096,17.91206932067871
1097,17.901559829711914
1098,17.92767333984375
1099,18.02496910095215
1100,17.91181182861328
1101,17.919158935546875
1102,17.9333438873291
1103,17.952510833740234
1104,17.92131805419922
1105,17.904891967773438
1106,17.856922149658203
1107,18.025341033935547
1108,17.952756881713867
1109,17.9348201751709
1110,17.899686813354492
1111,17.91811752319336
1112,17.892229080200195
1113,17.800722122192383
1114,17.779016494750977
1115,17.859695434570312
1116,17.838193893432617
1117,17.880014419555664
1118,17.89543342590332
1119,17.913251876831055
1120,17.870126724243164
1121,17.803081512451172
1122,17.78833770751953
1123,17.918502807617188
1124,17.908876419067383
1125,17.98189926147461
1126,17.961149215698242
1127,17.964622497558594
1128,17.93390655517578
1129,17.93362808227539
1130,17.927385330200195
1131,17.950258255004883
1132,17.983352661132812
1133,17.983238220214844
1134,17.95934295654297
1135,18.00448989868164
1136,17.965496063232422
1137,17.924991607666016
1138,17.43445587158203
1139,17.564054489135742
1140,17.900501251220703
1141,17.673725128173828
1142,17.748607635498047
1143,17.915414810180664
1144,17.9320125579834
1145,17.92026710510254
1146,17.91878890991211
1147,17.886611938476562
1148,17.818891525268555
1149,17.74627685546875
1150,17.747045516967773
1151,17.783613204956055
1152,17.893667221069336
1153,17.843507766723633
1154,17.793018341064453
1155,17.829490661621094
1156,17.881731033325195
1157,17.85005760192871
1158,17.780582427978516
1159,17.919944763183594
1160,17.890647888183594
1161,17.92265510559082
1162,17.869253158569336
1163,17.881032943725586
1164,17.892154693603516
1165,17.76781463623047
1166,17.80590057373047
1167,17.743316650390625
1168,17.825286865234375
1169,17.7315616607666
1170,17.863765716552734
1171,17.87347412109375
1172,17.86540985107422
1173,18.025854110717773
1174,17.988338470458984
1175,18.01667594909668
1176,17.885942459106445
1177,17.87995147705078
1178,17.877574920654297
1179,17.850847244262695
1180,17.90188980102539
1181,17.92751693725586
1182,17.908405303955078
1183,17.937482833862305
1184,17.84894561767578
1185,17.93724822998047
1186,17.799795150756836
1187,17.817018508911133
1188,17.83624267578125
1189,18.031841278076172
1190,17.96588134765625
1191,17.98351287841797
1192,17.758583068847656
1193,17.4464168548584
1194,17.73250961303711
1195,17.675033569335938
1196,17.72423553466797
1197,17.96336555480957
1198,17.875629425048828
1199,17.82465362548828
1200,17.841886520385742
1201,17.808231353759766
1202,17.83818817138672
1203,17.855148315429688
1204,17.858922958374023
1205,17.73271369934082
1206,17.650775909423828
1207,17.626541137695312
1208,17.78425407409668
1209,17.702722549438477
1210,17.628067016601562
1211,17.742136001586914
1212,17.7775821685791
1213,17.910316467285156
1214,17.868968963623047
1215,17.790000915527344
1216,17.88747787475586
1217,17.72894287109375
1218,17.880475997924805
1219,17.740055084228516
1220,17.819337844848633
1221,17.931306838989258
1222,17.8707218170166
1223,17.946500778198242
1224,17.89949607849121
1225,17.661739349365234
1226,17.54823875427246
1227,17.32663917541504
1228,17.14051628112793
1229,17.25200080871582
1230,17.2952823638916
1231,17.04893684387207
1232,17.0915584564209
1233,17.138687133789062
1234,17.000640869140625
1235,16.972305297851562
1236,16.931880950927734
1237,16.942087173461914
1238,16.849071502685547
1239,16.957683563232422
1240,16.859703063964844
1241,16.897205352783203
1242,16.945005416870117
1243,16.88721466064453
1244,16.92487907409668
1245,17.050230026245117
1246,16.906904220581055
1247,16.84037208557129
1248,16.831701278686523
1249,16.847030639648438
1250,16.797487258911133
1251,16.720258712768555
1252,16.72154426574707
1253,16.677692413330078
1254,16.674461364746094
1255,16.659761428833008
1256,16.6247615814209
1257,16.62413215637207
1258,16.643814086914062
1259,16.83402442932129
1260,16.74382972717285
1261,16.716596603393555
1262,16.713171005249023
1263,16.68478012084961
1264,16.715953826904297
1265,16.67514991760254
1266,16.709819793701172
1267,16.750696182250977
1268,16.880727767944336
1269,16.871456146240234
1270,16.855270385742188
1271,16.86737823486328
1272,16.785682678222656
1273,16.821455001831055
1274,16.865365982055664
1275,16.815279006958008
1276,16.806610107421875
1277,16.85753631591797
1278,16.85106658935547
1279,17.14222526550293
1280,17.115379333496094
1281,17.082481384277344
1282,17.09370231628418
1283,17.186981201171875
1284,17.115739822387695
1285,17.205923080444336
1286,16.977474212646484
1287,17.081954956054688
1288,17.073036193847656
1289,17.030237197875977
1290,16.985837936401367
1291,17.060710906982422
1292,16.92574691772461
1293,16.915817260742188
1294,16.9077205657959
1295,16.96527099609375
1296,16.957744598388672
1297,17.061464309692383
1298,17.098459243774414
1299,17.10329246520996
1300,17.40300750732422
1301,17.36658477783203
1302,17.439483642578125
1303,17.370162963867188
1304,17.39545249938965
1305,17.415836334228516
1306,17.473560333251953
1307,17.461177825927734
1308,17.38143539428711
1309,17.395503997802734
1310,17.479808807373047
1311,17.447668075561523
1312,17.444795608520508
1313,17.386537551879883
1314,17.391441345214844
1315,17.47129249572754
1316,17.422147750854492
1317,17.433725357055664
1318,17.38836669921875
1319,17.1701717376709
1320,17.363187789916992
1321,17.353260040283203
1322,17.287208557128906
1323,17.403207778930664
1324,17.39789581298828
1325,17.326929092407227
1326,17.369585037231445
1327,17.648807525634766
1328,17.461814880371094
1329,17.470136642456055
1330,17.497045516967773
1331,17.51801300048828
1332,17.488174438476562
1333,17.539772033691406
1334,17.44286346435547
1335,17.523025512695312
1336,17.476245880126953
1337,17.466882705688477
1338,17.591957092285156
1339,17.24068260192871
1340,17.174829483032227
1341,17.31830596923828
1342,17.44856834411621
1343,17.428300857543945
1344,17.36644744873047
1345,17.349660873413086
1346,17.40648078918457
1347,17.541522979736328
1348,17.40167999267578
1349,17.552776336669922
1350,17.554534912109375
1351,17.291688919067383
1352,17.344547271728516
1353,17.113040924072266
1354,17.186416625976562
1355,17.371545791625977
1356,17.02773094177246
1357,16.94820785522461
1358,17.079410552978516
1359,16.970539093017578
1360,16.9298038482666
1361,17.060731887817383
1362,17.183320999145508
1363,17.385501861572266
1364,17.287841796875
1365,17.205890655517578
1366,17.141542434692383
1367,17.138166427612305
1368,17.182125091552734
1369,17.235076904296875
1370,17.175195693969727
1371,17.184186935424805
1372,17.045549392700195
1373,17.079837799072266
1374,17.019954681396484
1375,16.917198181152344
1376,17.055419921875
1377,16.946102142333984
1378,16.946170806884766
1379,17.072086334228516
1380,17.079177856445312
1381,17.031606674194336
1382,16.829727172851562
1383,16.815641403198242
1384,16.816940307617188
1385,16.801742553710938
1386,16.836618423461914
1387,16.82518196105957
1388,16.8469181060791
1389,16.8292236328125
1390,16.92750358581543
1391,16.795621871948242
1392,16.831998825073242
1393,16.77663803100586
1394,16.734792709350586
1395,16.765573501586914
1396,16.800233840942383
1397,16.79511070251465
1398,16.98096466064453
1399,16.931251525878906
1400,16.930702209472656
1401,17.055278778076172
1402,17.035608291625977
1403,16.962182998657227
1404,16.9390811920166
1405,17.2089900970459
1406,17.294633865356445
1407,17.36674690246582
1408,17.40298080444336
1409,17.275062561035156
1410,17.302043914794922
1411,17.313344955444336
1412,17.353723526000977
1413,17.291709899902344
1414,17.40694236755371
1415,17.364795684814453
1416,17.341938018798828
1417,17.32272720336914
1418,17.461315155029297
1419,17.173664093017578
1420,17.09966468811035
1421,17.13216781616211
1422,17.234683990478516
1423,17.193082809448242
1424,17.126100540161133
1425,17.142990112304688
1426,17.202316284179688
1427,17.14671516418457
1428,17.15204429626465
1429,17.105485916137695
1430,17.30316734313965
1431,17.287670135498047
1432,17.33904457092285
1433,17.08565902709961
1434,16.866640090942383
1435,16.78793716430664
1436,16.922504425048828
1437,16.93584442138672
1438,16.83225440979004
1439,16.835948944091797
1440,16.793415069580078
1441,16.772193908691406
1442,16.80275535583496
1443,16.826684951782227
1444,16.818416595458984
1445,16.7668514251709
1446,16.71637725830078
1447,16.715007781982422
1448,16.736249923706055
1449,16.700664520263672
1450,16.711868286132812
1451,16.926021575927734
1452,16.870105743408203
1453,16.897720336914062
1454,16.904827117919922
1455,16.947032928466797
1456,17.12839126586914
1457,17.147457122802734
1458,17.22698211669922
1459,17.231197357177734
1460,17.379411697387695
1461,17.23601722717285
1462,17.175846099853516
1463,17.22297477722168
1464,17.2415828704834
1465,17.221784591674805
1466,17.286331176757812
1467,17.230789184570312
1468,17.21900749206543
1469,17.115266799926758
1470,17.05838966369629
1471,17.091779708862305
1472,17.05133056640625
1473,17.059993743896484
1474,17.024194717407227
1475,17.031476974487305
1476,17.041767120361328
1477,17.1859130859375
1478,17.250076293945312
1479,17.205068588256836
1480,17.125526428222656
1481,17.10126495361328
1482,17.09038734436035
1483,17.091808319091797
1484,17.14546012878418
1485,17.151838302612305
1486,17.012475967407227
1487,17.024276733398438
1488,16.941287994384766
1489,16.987966537475586
1490,16.900012969970703
1491,17.035444259643555
1492,17.09292984008789
1493,17.09784507751465
1494,17.18585777282715
1495,17.20602035522461
1496,17.346969604492188
1497,17.364620208740234
1498,17.257604598999023
1499,17.332534790039062
1500,17.28731918334961
1501,17.339427947998047
1502,17.375377655029297
1503,17.3175106048584
1504,17.295257568359375
1505,17.28961944580078
1506,17.378131866455078
1507,17.23005485534668
1508,17.07974624633789
1509,17.112686157226562
1510,16.956802368164062
1511,16.97600555419922
1512,17.19835090637207
1513,17.204086303710938
1514,17.204715728759766
1515,17.22950553894043
1516,17.409822463989258
1517,17.355472564697266
1518,17.393741607666016
1519,17.52069854736328
1520,17.481536865234375
1521,17.49112319946289
1522,17.548458099365234
1523,17.4963436126709
1524,17.603321075439453
1525,17.633047103881836
1526,17.780866622924805
1527,17.742050170898438
1528,17.7249698638916
1529,17.6644344329834
1530,17.654260635375977
1531,17.427568435668945
1532,17.538612365722656
1533,17.655986785888672
1534,17.60175895690918
1535,17.631195068359375
1536,17.672441482543945
1537,17.789302825927734
1538,17.751405715942383
1539,17.700687408447266
1540,17.7563533782959
1541,17.71700096130371
1542,17.787799835205078
1543,17.910497665405273
1544,17.717500686645508
1545,17.66205596923828
1546,17.623565673828125
1547,17.70746612548828
1548,17.712522506713867
1549,17.722450256347656
1550,17.713064193725586
1551,17.636064529418945
1552,17.547271728515625
1553,17.4088077545166
1554,17.507015228271484
1555,17.535919189453125
1556,17.545520782470703
1557,17.551088333129883
1558,17.517702102661133
1559,17.386110305786133
1560,17.34896469116211
1561,17.19037628173828
1562,17.15686798095703
1563,17.11398696899414
1564,17.28743553161621
1565,17.475374221801758
1566,17.599143981933594
1567,17.53359603881836
1568,17.476835250854492
1569,17.724788665771484
1570,16.87560272216797
1571,16.799205780029297
1572,16.770999908447266
1573,16.911874771118164
1574,16.894437789916992
1575,16.86673927307129
1576,16.85625648498535
1577,16.848241806030273
1578,16.829252243041992
1579,16.845335006713867
1580,16.878780364990234
1581,16.909395217895508
1582,16.92388343811035
1583,16.958723068237305
1584,16.870193481445312
1585,16.91884994506836
1586,16.941635131835938
1587,16.882097244262695
1588,16.816654205322266
1589,16.821897506713867
1590,16.813215255737305
1591,16.81632423400879
1592,17.047773361206055
1593,17.43547248840332
1594,17.210224151611328
1595,17.013566970825195
1596,16.973447799682617
1597,17.518857955932617
1598,17.52690315246582
1599,17.557844161987305
1600,17.586210250854492
1601,17.5782527923584
1602,17.581329345703125
1603,17.616605758666992
1604,17.634403228759766
1605,17.633806228637695
1606,17.630056381225586
1607,17.67332649230957
1608,17.703754425048828
1609,17.65590476989746
1610,17.627805709838867
1611,17.737707138061523
1612,17.571449279785156
1613,17.548179626464844
1614,17.552534103393555
1615,17.399131774902344
1616,17.37409019470215
1617,17.491500854492188
1618,17.482421875
1619,17.248802185058594
1620,17.546831130981445
1621,17.489227294921875
1622,17.472169876098633
1623,17.46062660217285
1624,17.659439086914062
1625,17.666725158691406
1626,17.684213638305664
1627,17.687049865722656
1628,17.631303787231445
1629,17.634136199951172
1630,17.632593154907227
1631,17.65250587463379
1632,17.66432762145996
1633,17.66042709350586
1634,17.673973083496094
1635,17.64432716369629
1636,17.65220069885254
1637,17.69948387145996
1638,17.650617599487305
1639,17.667015075683594
1640,17.618328094482422
1641,17.642988204956055
1642,17.66094207763672
1643,17.62587547302246
1644,17.81545639038086
1645,17.740276336669922
1646,17.772377014160156
1647,17.807649612426758
1648,17.764480590820312
1649,17.388151168823242
1650,16.995899200439453
1651,17.376495361328125
1652,17.24070167541504
1653,17.255104064941406
1654,16.94559669494629
1655,16.909690856933594
1656,16.85472297668457
1657,17.11910629272461
1658,16.974536895751953
1659,16.7053279876709
1660,16.71211051940918
1661,16.70659637451172
1662,16.715381622314453
1663,16.665019989013672
1664,16.757732391357422
1665,16.601579666137695
1666,16.78159523010254
1667,16.694292068481445
1668,16.499256134033203
1669,16.63397789001465
1670,16.498884201049805
1671,16.583520889282227
1672,16.5985107421875
1673,16.672040939331055
1674,16.78291893005371
1675,16.693340301513672
1676,16.682641983032227
1677,16.71977424621582
1678,16.552032470703125
1679,16.476577758789062
1680,16.49920654296875
1681,16.552947998046875
1682,16.619224548339844
1683,16.574283599853516
1684,16.506994247436523
1685,16.47532081604004
1686,16.4400577545166
1687,16.514142990112305
1688,16.42112922668457
1689,16.39569091796875
1690,16.438987731933594
1691,16.39623260498047
1692,16.39351463317871
1693,16.426477432250977
1694,16.415590286254883
1695,16.43159294128418
1696,16.426105499267578
1697,16.420486450195312
1698,16.416624069213867
1699,16.48025894165039
1700,16.517168045043945
1701,16.612699508666992
1702,16.582839965820312
1703,16.475845336914062
1704,16.439321517944336
1705,16.581478118896484
1706,16.52214813232422
1707,16.509340286254883
1708,16.512311935424805
1709,16.481822967529297
1710,16.4082088470459
1711,16.48712158203125
1712,16.472841262817383
1713,16.471406936645508
1714,16.522539138793945
1715,16.494096755981445
1716,16.515716552734375
1717,16.54015350341797
1718,16.553503036499023
1719,16.492759704589844
1720,16.769847869873047
1721,16.923227310180664
1722,16.918731689453125
1723,16.917505264282227
1724,17.028133392333984
1725,17.010282516479492
1726,16.947755813598633
1727,17.046829223632812
1728,17.20553207397461
1729,17.328866958618164
1730,17.307218551635742
1731,17.39016342163086
1732,17.31930923461914
1733,17.37355613708496
1734,17.42717742919922
1735,17.492490768432617
1736,17.439956665039062
1737,17.470975875854492
1738,17.3927001953125
1739,17.309123992919922
1740,17.376680374145508
1741,17.20526123046875
1742,17.163074493408203
1743,17.154254913330078
1744,17.14079475402832
1745,17.195581436157227
1746,17.324417114257812
1747,17.308963775634766
1748,17.297903060913086
1749,17.34712028503418
1750,17.338027954101562
1751,17.28399658203125
1752,17.300004959106445
1753,17.26552963256836
1754,17.288782119750977
1755,17.29131317138672
1756,17.21582794189453
1757,17.091230392456055
1758,17.011215209960938
1759,17.065519332885742
1760,16.587244033813477
1761,16.518583297729492
1762,16.590566635131836
1763,16.76936912536621
1764,16.581092834472656
1765,16.53864860534668
1766,16.525766372680664
1767,16.534717559814453
1768,16.53815460205078
1769,16.54897117614746
1770,16.497764587402344
1771,16.541223526000977
1772,16.774112701416016
1773,16.988624572753906
1774,16.800167083740234
1775,16.668075561523438
1776,16.76902198791504
1777,16.628366470336914
1778,16.624391555786133
1779,16.70490837097168
1780,16.571088790893555
1781,16.6419677734375
1782,16.599761962890625
1783,16.617664337158203
1784,16.62775421142578
1785,16.851369857788086
1786,16.896921157836914
1787,16.74580192565918
1788,16.652921676635742
1789,16.484010696411133
1790,16.51934242248535
1791,16.494470596313477
1792,16.493839263916016
1793,16.694185256958008
1794,16.676433563232422
1795,16.708736419677734
1796,16.673969268798828
1797,16.5966796875
1798,16.520063400268555
1799,16.581878662109375
1800,16.60547637939453
1801,16.38408851623535
1802,16.35425567626953
1803,16.532072067260742
1804,16.463041305541992
1805,16.398401260375977
1806,16.504920959472656
1807,16.449893951416016
1808,16.542497634887695
1809,16.472307205200195
1810,16.404430389404297
1811,16.42677116394043
1812,16.425552368164062
1813,16.3922176361084
1814,16.415971755981445
1815,16.3751220703125
1816,16.268728256225586
1817,16.29553985595703
1818,16.278444290161133
1819,16.268016815185547
1820,16.275209426879883
1821,16.248741149902344
1822,16.270042419433594
1823,16.238611221313477
1824,16.269668579101562
1825,16.298336029052734
1826,16.324169158935547
1827,16.421405792236328
1828,16.51760482788086
1829,16.463279724121094
1830,16.477699279785156
1831,16.41951560974121
1832,16.45520782470703
1833,16.505393981933594
1834,16.412084579467773
1835,16.41065788269043
1836,16.358251571655273
1837,16.411762237548828
1838,16.488609313964844
1839,16.60340118408203
1840,16.829195022583008
1841,16.938230514526367
1842,16.916587829589844
1843,16.865015029907227
1844,16.9245548248291
1845,16.93305778503418
1846,16.8894100189209
1847,16.78965187072754
1848,16.757186889648438
1849,16.717620849609375
1850,16.81304359436035
1851,16.955854415893555
1852,17.01407241821289
1853,17.01936149597168
1854,16.958683013916016
1855,16.8450927734375
1856,16.881336212158203
1857,16.8963623046875
1858,16.828828811645508
1859,16.928590774536133
1860,17.032127380371094
1861,17.053041458129883
1862,17.06934356689453
1863,17.110748291015625
1864,17.1707763671875
1865,17.173879623413086
1866,17.26365852355957
1867,17.345460891723633
1868,17.41361427307129
1869,17.379108428955078
1870,17.391515731811523
1871,17.378379821777344
1872,17.405094146728516
1873,17.402603149414062
1874,17.385164260864258
1875,17.342491149902344
1876,17.416540145874023
1877,17.276187896728516
1878,17.323108673095703
1879,17.13526725769043
1880,16.992094039916992
1881,17.06550407409668
1882,16.924480438232422
1883,16.837385177612305
1884,16.741640090942383
1885,16.792301177978516
1886,16.678312301635742
1887,16.60601043701172
1888,16.909727096557617
1889,17.021459579467773
1890,16.812896728515625
1891,16.922237396240234
1892,16.848085403442383
1893,17.080224990844727
1894,17.165786743164062
1895,17.367534637451172
1896,17.29349136352539
1897,17.293670654296875
1898,17.418941497802734
1899,17.41644287109375
1900,17.4368839263916
1901,17.447423934936523
1902,17.34176254272461
1903,17.40692710876465
1904,17.459291458129883
1905,17.442045211791992
1906,17.39946937561035
1907,17.32415008544922
1908,17.286584854125977
1909,17.307701110839844
1910,17.257593154907227
1911,17.061172485351562
1912,17.02740478515625
1913,17.068723678588867
1914,17.224712371826172
1915,17.42573356628418
1916,17.37765121459961
1917,17.422842025756836
1918,17.452781677246094
1919,17.416473388671875
1920,17.493619918823242
1921,17.419862747192383
1922,17.4902286529541
1923,17.524673461914062
1924,17.530935287475586
1925,17.548023223876953
1926,17.48284912109375
1927,17.52033805847168
1928,17.525264739990234
1929,17.550865173339844
1930,17.54837989807129
1931,17.517078399658203
1932,17.543455123901367
1933,17.516738891601562
1934,17.363971710205078
1935,17.339990615844727
1936,17.332929611206055
1937,17.325054168701172
1938,17.30080223083496
1939,17.24397087097168
1940,17.268402099609375
1941,17.236665725708008
1942,17.185298919677734
1943,17.269683837890625
1944,16.992328643798828
1945,17.2606143951416
1946,17.226648330688477
1947,17.154273986816406
1948,17.238544464111328
1949,17.328502655029297
1950,17.271501541137695
1951,17.265560150146484
1952,17.268280029296875
1953,17.282785415649414
1954,17.324527740478516
1955,17.339597702026367
1956,17.295459747314453
1957,17.119449615478516
1958,17.135089874267578
1959,17.028091430664062
1960,17.16265869140625
1961,17.207538604736328
1962,17.28306007385254
1963,17.284278869628906
1964,17.350383758544922
1965,17.28043556213379
1966,17.23263168334961
1967,17.302152633666992
1968,17.384048461914062
1969,17.492570877075195
1970,17.48888397216797
1971,17.47624397277832
1972,17.517318725585938
1973,17.499116897583008
1974,17.54606056213379
1975,17.563858032226562
1976,17.621482849121094
1977,17.582441329956055
1978,17.638593673706055
1979,17.547941207885742
1980,17.616928100585938
1981,17.604537963867188
1982,17.621030807495117
1983,17.649343490600586
1984,17.675085067749023
1985,17.695146560668945
1986,17.62217903137207
1987,17.675992965698242
1988,17.70284652709961
1989,17.7087345123291
1990,17.699068069458008
1991,17.66819953918457
1992,17.682846069335938
1993,17.736337661743164
1994,17.759010314941406
1995,17.77865982055664
1996,17.761274337768555
1997,17.75840950012207
1998,17.765697479248047
1999,17.6841983795166
2000,17.73274803161621
2001,17.881122589111328
2002,17.540143966674805
2003,17.622343063354492
2004,17.61107063293457
2005,17.63806915283203
2006,17.685853958129883
2007,17.557167053222656
2008,17.513097763061523
2009,17.569908142089844
2010,17.64348030090332
2011,17.584060668945312
2012,17.563884735107422
2013,17.508085250854492
2014,17.563556671142578
2015,17.518566131591797
2016,17.542097091674805
2017,17.606534957885742
2018,17.532005310058594
2019,17.48811912536621
2020,17.458580017089844
2021,17.49754524230957
2022,17.51202392578125
2023,17.55476951599121
2024,17.78835678100586
2025,17.703641891479492
2026,17.651710510253906
2027,17.6666202545166
2028,17.650598526000977
2029,17.886220932006836
2030,17.96653938293457
2031,18.001562118530273
2032,17.947370529174805
2033,18.109127044677734
2034,18.05425262451172
2035,18.122072219848633
2036,18.039295196533203
2037,17.94181251525879
2038,18.19611358642578
2039,18.178279876708984
2040,18.119247436523438
2041,18.098726272583008
2042,18.137039184570312
2043,18.20319175720215
2044,18.125144958496094
2045,18.118785858154297
2046,18.106521606445312
2047,18.106689453125
2048,18.132118225097656
2049,18.093719482421875
2050,18.179248809814453
2051,18.18451690673828
2052,18.167449951171875
2053,18.18257713317871
2054,18.173110961914062
2055,17.566301345825195
2056,17.55259895324707
2057,17.674468994140625
2058,17.632343292236328
2059,17.523740768432617
2060,17.48805046081543
2061,17.424570083618164
2062,17.605663299560547
2063,17.36136245727539
2064,17.537782669067383
2065,17.179609298706055
2066,17.472251892089844
2067,17.243988037109375
2068,17.23395538330078
2069,17.423721313476562
2070,17.38627052307129
2071,17.486358642578125
2072,17.5150146484375
2073,17.29721450805664
2074,17.461509704589844
2075,17.641002655029297
2076,17.529142379760742
2077,17.934329986572266
2078,17.523313522338867
2079,17.630046844482422
2080,17.677997589111328
2081,17.861127853393555
2082,17.153921127319336
2083,16.931007385253906
2084,16.94113540649414
2085,16.79513168334961
2086,16.7303524017334
2087,16.73525619506836
2088,16.40630531311035
2089,16.775163650512695
2090,16.92500114440918
2091,16.741668701171875
2092,16.565820693969727
2093,16.74033546447754
2094,16.704227447509766
2095,16.5159969329834
2096,16.421125411987305
2097,16.56097984313965
2098,17.061962127685547
2099,16.854806900024414
2100,16.93459129333496
2101,16.733463287353516
2102,16.91969108581543
2103,16.73759651184082
2104,17.011417388916016
2105,16.961151123046875
2106,17.143342971801758
2107,17.310842514038086
2108,17.306232452392578
2109,16.582313537597656
2110,16.51250648498535
2111,16.762727737426758
2112,16.716251373291016
2113,17.221757888793945
2114,17.115354537963867
2115,17.184480667114258
2116,17.083940505981445
2117,17.169666290283203
2118,16.79326629638672
2119,16.82775115966797
2120,17.062074661254883
2121,16.908714294433594
2122,17.16925621032715
2123,17.006980895996094
2124,16.981645584106445
2125,17.167627334594727
2126,17.219802856445312
2127,17.312274932861328
2128,17.348724365234375
2129,17.23371696472168
2130,17.189495086669922
2131,16.631118774414062
2132,16.915767669677734
2133,17.304487228393555
2134,17.026845932006836
2135,17.269468307495117
2136,17.148273468017578
2137,17.205713272094727
2138,17.173513412475586
2139,17.089441299438477
2140,17.122888565063477
2141,17.24125862121582
2142,17.245079040527344
2143,17.24689483642578
2144,17.185623168945312
2145,17.09499740600586
2146,17.29026985168457
2147,17.266498565673828
2148,17.271503448486328
2149,17.017963409423828
2150,17.241865158081055
2151,17.142074584960938
2152,16.97063636779785
2153,16.92949867248535
2154,17.222850799560547
2155,17.144676208496094
2156,16.818326950073242
2157,17.087718963623047
2158,17.2280330657959
2159,17.084970474243164
2160,17.079904556274414
2161,16.750436782836914
2162,16.62824249267578
2163,16.540908813476562
2164,16.659433364868164
2165,16.78359603881836
2166,16.789031982421875
2167,16.560686111450195
2168,16.50462532043457
2169,16.591405868530273
2170,16.729171752929688
2171,16.61374282836914
2172,16.464860916137695
2173,16.866453170776367
2174,16.528636932373047
2175,16.837665557861328
2176,16.899301528930664
2177,16.70644187927246
2178,16.39041519165039
2179,16.413022994995117
2180,16.58245277404785
2181,16.428316116333008
2182,16.368473052978516
2183,16.253559112548828
2184,16.248432159423828
2185,16.74873924255371
2186,16.13181495666504
2187,16.016481399536133
2188,16.119510650634766
2189,15.723913192749023
2190,16.140512466430664
2191,15.730290412902832
2192,15.802773475646973
2193,15.763298988342285
2194,15.749972343444824
2195,15.753971099853516
2196,15.848339080810547
2197,15.841107368469238
2198,15.844253540039062
2199,15.817508697509766
2200,16.043312072753906
2201,15.930652618408203
2202,16.053726196289062
2203,16.011430740356445
2204,15.83475399017334
2205,15.990036010742188
2206,15.946200370788574
2207,15.943188667297363
2208,15.915666580200195
2209,15.974912643432617
2210,16.176185607910156
2211,16.0238094329834
2212,16.166749954223633
2213,16.524385452270508
2214,16.557466506958008
2215,16.518922805786133
2216,16.319307327270508
2217,15.891397476196289
2218,16.00662612915039
2219,16.219640731811523
2220,16.28865623474121
2221,16.189313888549805
2222,16.144561767578125
2223,16.353137969970703
2224,16.159984588623047
2225,16.13778305053711
2226,16.1425838470459
2227,16.27420997619629
2228,16.21664047241211
2229,16.191390991210938
2230,15.970015525817871
2231,15.944031715393066
2232,15.884693145751953
2233,15.895916938781738
2234,15.879164695739746
2235,15.903468132019043
2236,15.899649620056152
2237,15.844011306762695
2238,16.07110595703125
2239,16.099796295166016
2240,15.978821754455566
2241,15.958436965942383
2242,16.054702758789062
2243,15.989197731018066
2244,15.766949653625488
2245,15.76633358001709
2246,15.79868221282959
2247,15.925787925720215
2248,15.835081100463867
2249,15.866482734680176
2250,15.7069673538208
2251,15.687520980834961
2252,15.705045700073242
2253,15.634971618652344
2254,15.52847957611084
2255,15.578171730041504
2256,15.535163879394531
2257,15.49954605102539
2258,15.542691230773926
2259,15.531143188476562
2260,15.610453605651855
2261,15.605428695678711
2262,15.60180950164795
2263,15.52108097076416
2264,15.55733871459961
2265,15.575413703918457
2266,15.767999649047852
2267,15.73133659362793
2268,15.8646821975708
2269,15.854701042175293
2270,15.859270095825195
2271,15.76523208618164
2272,15.73476791381836
2273,15.619797706604004
2274,15.625665664672852
2275,15.815817832946777
2276,15.679807662963867
2277,15.688957214355469
2278,15.707266807556152
2279,15.70138931274414
2280,15.66120719909668
2281,15.596823692321777
2282,15.654276847839355
2283,15.613819122314453
2284,15.690836906433105
2285,15.74978256225586
2286,15.688252449035645
2287,15.56835651397705
2288,15.557854652404785
2289,15.7158203125
2290,15.658522605895996
2291,15.656746864318848
2292,15.580755233764648
2293,15.835490226745605
2294,15.84584903717041
2295,15.765671730041504
2296,15.772672653198242
2297,15.796354293823242
2298,15.6641206741333
2299,15.68016529083252
2300,15.609535217285156
2301,15.596442222595215
2302,15.818804740905762
2303,15.652798652648926
2304,15.611706733703613
2305,15.650467872619629
2306,15.6188383102417
2307,15.602462768554688
2308,15.596430778503418
2309,15.574417114257812
2310,15.567362785339355
2311,15.643250465393066
2312,15.482558250427246
2313,15.527876853942871
2314,15.49830436706543
2315,15.419715881347656
2316,15.553813934326172
2317,15.490314483642578
2318,15.469369888305664
2319,15.439325332641602
2320,15.631492614746094
2321,15.508936882019043
2322,15.558135032653809
2323,15.672504425048828
2324,15.64903450012207
2325,15.608200073242188
2326,15.421799659729004
2327,15.416769027709961
2328,15.530436515808105
2329,15.493358612060547
2330,15.51351547241211
2331,15.52734375
2332,15.497132301330566
2333,15.616693496704102
2334,15.522459030151367
2335,15.527275085449219
2336,15.51770305633545
2337,15.540793418884277
2338,15.553993225097656
2339,15.541374206542969
2340,15.546735763549805
2341,15.64834976196289
2342,15.771080017089844
2343,15.762940406799316
2344,15.687104225158691
2345,15.750289916992188
2346,15.65432357788086
2347,15.974370002746582
2348,15.900313377380371
2349,15.856451034545898
2350,15.931760787963867
2351,16.14155387878418
2352,16.21011734008789
2353,15.663084983825684
2354,15.648529052734375
2355,15.611330032348633
2356,15.65248966217041
2357,15.637290000915527
2358,15.604578018188477
2359,15.558793067932129
2360,15.55281925201416
2361,15.518096923828125
2362,15.49809741973877
2363,15.473419189453125
2364,15.552824974060059
2365,15.465086936950684
2366,15.466833114624023
2367,15.58289909362793
2368,15.546647071838379
2369,15.513341903686523
2370,15.467059135437012
2371,15.532804489135742
2372,15.559649467468262
2373,15.514838218688965
2374,15.54521369934082
2375,15.497355461120605
2376,15.468206405639648
2377,15.515924453735352
2378,15.678187370300293
2379,15.467074394226074
2380,15.444792747497559
2381,15.394967079162598
2382,15.465641975402832
2383,15.489630699157715
2384,15.443814277648926
2385,15.44811725616455
2386,15.46483325958252
2387,15.487411499023438
2388,15.44841194152832
2389,15.63613510131836
2390,15.762394905090332
2391,15.658834457397461
2392,15.55045223236084
2393,15.515005111694336
2394,15.541584968566895
2395,15.512040138244629
2396,15.49657154083252
2397,15.444114685058594
2398,15.558878898620605
2399,15.592801094055176
2400,15.610608100891113
2401,15.495881080627441
2402,15.427460670471191
2403,15.528559684753418
2404,15.541215896606445
2405,15.478926658630371
2406,15.621129035949707
2407,15.554855346679688
2408,15.648839950561523
2409,15.624838829040527
2410,15.608458518981934
2411,15.58020305633545
2412,15.570307731628418
2413,15.517240524291992
2414,15.494531631469727
2415,15.507739067077637
2416,15.457913398742676
2417,15.500490188598633
2418,15.455486297607422
2419,15.469144821166992
2420,15.524114608764648
2421,15.462525367736816
2422,15.491738319396973
2423,15.411918640136719
2424,15.45674991607666
2425,15.439167976379395
2426,15.45473861694336
2427,15.418034553527832
2428,15.520397186279297
2429,15.489962577819824
2430,15.593791007995605
2431,15.493463516235352
2432,15.468414306640625
2433,15.519572257995605
2434,15.57079792022705
2435,15.65390396118164
2436,15.655606269836426
2437,15.625543594360352
2438,15.600491523742676
2439,15.604270935058594
2440,15.562213897705078
2441,15.579717636108398
2442,15.49316692352295
2443,15.680130958557129
2444,15.741782188415527
2445,15.798630714416504
2446,15.695481300354004
2447,15.645515441894531
2448,15.700603485107422
2449,15.624672889709473
2450,15.626994132995605
2451,15.427578926086426
2452,15.689492225646973
2453,15.431323051452637
2454,15.52946662902832
2455,15.585752487182617
2456,15.561766624450684
2457,15.53481388092041
2458,15.494193077087402
2459,15.443864822387695
2460,15.604880332946777
2461,15.612994194030762
2462,15.462985038757324
2463,15.638707160949707
2464,15.392930030822754
2465,15.408428192138672
2466,15.602568626403809
2467,15.479304313659668
2468,15.466155052185059
2469,15.46396255493164
2470,15.406529426574707
2471,15.505257606506348
2472,15.497035026550293
2473,15.462831497192383
2474,15.562400817871094
2475,15.438982963562012
2476,15.45863151550293
2477,15.499476432800293
2478,15.409952163696289
2479,15.419312477111816
2480,15.411229133605957
2481,15.464027404785156
2482,15.552855491638184
2483,15.650764465332031
2484,15.577873229980469
2485,15.641275405883789
2486,15.669864654541016
2487,15.436501502990723
2488,15.5222749710083
2489,15.576987266540527
2490,15.594719886779785
2491,15.49839973449707
2492,15.494930267333984
2493,15.648402214050293
2494,15.477226257324219
2495,15.585121154785156
2496,15.670340538024902
2497,15.617902755737305
2498,15.432211875915527
2499,15.422673225402832
2500,15.060611724853516
2501,15.063375473022461
2502,15.09223747253418
2503,15.06415843963623
2504,15.098708152770996
2505,15.088892936706543
2506,15.064908981323242
2507,15.08505916595459
2508,15.160795211791992
2509,15.14833927154541
2510,15.121150970458984
2511,15.082660675048828
2512,15.077445983886719
2513,15.076371192932129
2514,15.071816444396973
2515,15.095629692077637
2516,15.18917465209961
2517,15.178991317749023
2518,15.183582305908203
2519,15.226940155029297
2520,15.204549789428711
2521,15.231945991516113
2522,15.343399047851562
2523,15.357274055480957
2524,15.574533462524414
2525,15.57730770111084
2526,15.505486488342285
2527,15.487196922302246
2528,15.645464897155762
2529,15.588045120239258
2530,15.649560928344727
2531,15.768298149108887
2532,15.919721603393555
2533,15.675987243652344
2534,15.694314002990723
2535,15.838395118713379
2536,15.9722261428833
2537,15.922245979309082
2538,15.808638572692871
2539,15.994711875915527
2540,15.993983268737793
2541,15.813774108886719
2542,16.10477066040039
2543,16.285675048828125
2544,16.329200744628906
2545,16.264785766601562
2546,16.16519546508789
2547,16.091201782226562
2548,16.035259246826172
2549,16.007923126220703
2550,15.80038070678711
2551,15.85335636138916
2552,16.074066162109375
2553,16.05377197265625
2554,16.01117515563965
2555,16.122638702392578
2556,15.880916595458984
2557,15.873735427856445
2558,15.7974214553833
2559,15.80102825164795
2560,15.810688018798828
2561,16.145736694335938
2562,16.119281768798828
2563,16.185636520385742
2564,16.23025131225586
2565,16.06925392150879
2566,16.03884506225586
2567,16.004777908325195
2568,16.285139083862305
2569,16.359636306762695
2570,16.46537208557129
2571,16.517839431762695
2572,16.46628189086914
2573,16.387266159057617
2574,16.370101928710938
2575,16.350706100463867
2576,16.3858699798584
2577,16.384824752807617
2578,16.276325225830078
2579,16.351505279541016
2580,16.321483612060547
2581,16.371461868286133
2582,16.273805618286133
2583,16.300739288330078
2584,16.32863426208496
2585,16.33663558959961
2586,16.242597579956055
2587,16.28824234008789
2588,16.280012130737305
2589,16.271183013916016
2590,16.34601593017578
2591,16.43590545654297
2592,16.408294677734375
2593,16.396610260009766
2594,16.32886505126953
2595,16.243974685668945
2596,16.24467658996582
2597,16.320661544799805
2598,16.291959762573242
2599,16.28768539428711
2600,16.296716690063477
2601,16.197282791137695
2602,15.984872817993164
2603,15.93175983428955
2604,15.996898651123047
2605,16.103469848632812
2606,16.05332374572754
2607,16.060800552368164
2608,16.081056594848633
2609,16.00699234008789
2610,16.038883209228516
2611,16.06676483154297
2612,15.979949951171875
2613,15.966240882873535
2614,15.91438102722168
2615,15.797456741333008
2616,15.834501266479492
2617,15.96030330657959
2618,15.911425590515137
2619,15.810664176940918
2620,15.835614204406738
2621,15.850059509277344
2622,15.747529983520508
2623,15.759305000305176
2624,15.864778518676758
2625,15.808643341064453
2626,15.871053695678711
2627,15.8486328125
2628,15.755810737609863
2629,15.73031234741211
2630,15.705699920654297
2631,15.693781852722168
2632,15.711947441101074
2633,15.843236923217773
2634,15.899609565734863
2635,15.701770782470703
2636,15.71640396118164
2637,15.696527481079102
2638,15.745903968811035
2639,15.777608871459961
2640,15.78276252746582
2641,15.736780166625977
2642,15.861424446105957
2643,15.636173248291016
2644,15.78005313873291
2645,15.667535781860352
2646,15.806312561035156
2647,15.877245903015137
2648,15.784920692443848
2649,15.87387752532959
2650,15.789275169372559
2651,15.881904602050781
2652,16.044967651367188
2653,16.020835876464844
2654,16.176660537719727
2655,15.900553703308105
2656,15.953418731689453
2657,16.047286987304688
2658,16.08930778503418
2659,16.11814308166504
2660,15.95644760131836
2661,15.933884620666504
2662,15.936243057250977
2663,16.100990295410156
2664,16.06002426147461
2665,15.900665283203125
2666,15.870816230773926
2667,15.895920753479004
2668,15.925419807434082
2669,15.997461318969727
2670,15.958290100097656
2671,16.019638061523438
2672,15.845077514648438
2673,15.72805118560791
2674,15.866680145263672
2675,15.797386169433594
2676,15.479907035827637
2677,15.435784339904785
2678,15.549120903015137
2679,15.548627853393555
2680,15.423142433166504
2681,15.387986183166504
2682,15.336874008178711
2683,15.34380054473877
2684,15.334233283996582
2685,15.33926010131836
2686,15.295734405517578
2687,15.323232650756836
2688,15.329236030578613
2689,15.290066719055176
2690,15.266313552856445
2691,15.268200874328613
2692,15.188996315002441
2693,15.199445724487305
2694,15.269892692565918
2695,15.32616138458252
2696,15.31594181060791
2697,15.356487274169922
2698,15.467350959777832
2699,15.313857078552246
2700,15.596504211425781
2701,15.618840217590332
2702,15.50340747833252
2703,15.946496963500977
2704,15.945079803466797
2705,16.238130569458008
2706,16.362794876098633
2707,16.372053146362305
2708,16.405752182006836
2709,16.36027717590332
2710,16.357406616210938
2711,16.36263084411621
2712,16.36142921447754
2713,16.33346939086914
2714,16.292072296142578
2715,16.34228515625
2716,16.187030792236328
2717,16.289287567138672
2718,16.243064880371094
2719,16.16217803955078
2720,16.14114761352539
2721,16.074220657348633
2722,16.185382843017578
2723,16.25902557373047
2724,16.373550415039062
2725,16.406919479370117
2726,16.32762336730957
2727,16.350900650024414
2728,16.381357192993164
2729,16.3232479095459
2730,16.278913497924805
2731,16.33275604248047
2732,16.228723526000977
2733,16.209537506103516
2734,16.213464736938477
2735,16.071382522583008
2736,16.131301879882812
2737,16.19694709777832
2738,16.12242317199707
2739,16.117849349975586
2740,16.116029739379883
2741,16.10890007019043
2742,16.10862922668457
2743,15.954633712768555
2744,15.919268608093262
2745,15.875009536743164
2746,15.91647720336914
2747,15.912433624267578
2748,15.894293785095215
2749,15.890345573425293
2750,15.918781280517578
2751,15.985416412353516
2752,15.939374923706055
2753,15.954510688781738
2754,15.983025550842285
2755,16.009960174560547
2756,15.665950775146484
2757,15.72313404083252
2758,15.918808937072754
2759,15.794890403747559
2760,15.834651947021484
2761,15.836684226989746
2762,15.8668794631958
2763,15.901123046875
2764,15.816923141479492
2765,15.873114585876465
2766,15.87720775604248
2767,15.759310722351074
2768,15.787260055541992
2769,15.858232498168945
2770,15.825414657592773
2771,15.97195816040039
2772,15.884788513183594
2773,15.881593704223633
2774,16.02825164794922
2775,15.927999496459961
2776,15.792664527893066
2777,15.838763236999512
2778,15.917549133300781
2779,15.958285331726074
2780,15.98045825958252
2781,16.014848709106445
2782,16.066349029541016
2783,15.893224716186523
2784,16.089902877807617
2785,16.12860679626465
2786,16.237825393676758
2787,16.35453987121582
2788,16.369253158569336
2789,16.36640739440918
2790,16.32806968688965
2791,16.208223342895508
2792,16.25237464904785
2793,16.210718154907227
2794,16.1961727142334
2795,16.192420959472656
2796,16.260501861572266
2797,16.206695556640625
2798,16.109487533569336
2799,16.147655487060547
2800,16.13956069946289
2801,16.09837532043457
2802,16.05663299560547
2803,16.05878257751465
2804,16.024633407592773
2805,16.011903762817383
2806,16.074228286743164
2807,16.07520866394043
2808,16.041080474853516
2809,16.076976776123047
2810,16.061798095703125
2811,15.97614860534668
2812,15.654160499572754
2813,15.697744369506836
2814,15.843607902526855
2815,15.789779663085938
2816,15.849569320678711
2817,15.991716384887695
2818,15.916437149047852
2819,15.896750450134277
2820,15.8973970413208
2821,15.998029708862305
2822,16.046051025390625
2823,15.916593551635742
2824,15.882402420043945
2825,16.003063201904297
2826,15.933615684509277
2827,15.911893844604492
2828,15.997718811035156
2829,16.020891189575195
2830,16.013639450073242
2831,16.012481689453125
2832,15.999743461608887
2833,16.052204132080078
2834,16.011510848999023
2835,15.934152603149414
2836,15.89723014831543
2837,15.886301040649414
2838,15.828310012817383
2839,15.948403358459473
2840,15.879701614379883
2841,15.975847244262695
2842,15.889966011047363
2843,15.948457717895508
2844,15.790290832519531
2845,15.821995735168457
2846,15.730073928833008
2847,15.733704566955566
2848,15.884783744812012
2849,15.729399681091309
2850,15.728437423706055
2851,15.703008651733398
2852,15.68694019317627
2853,15.642679214477539
2854,15.674833297729492
2855,15.67464542388916
2856,15.645374298095703
2857,15.629501342773438
2858,15.728959083557129
2859,15.591090202331543
2860,15.667328834533691
2861,15.599601745605469
2862,15.695113182067871
2863,15.759817123413086
2864,15.619234085083008
2865,15.319286346435547
2866,15.300177574157715
2867,15.342597961425781
2868,15.346770286560059
2869,15.337841987609863
2870,15.35361099243164
2871,15.375442504882812
2872,15.366045951843262
2873,15.39438533782959
2874,15.387677192687988
2875,15.207733154296875
2876,15.212382316589355
2877,15.208163261413574
2878,15.281466484069824
2879,15.265398025512695
2880,15.24534797668457
2881,15.244125366210938
2882,15.247420310974121
2883,15.241358757019043
2884,15.245988845825195
2885,15.238325119018555
2886,15.203810691833496
2887,15.249396324157715
2888,15.218448638916016
2889,15.238001823425293
2890,15.254415512084961
2891,15.338818550109863
2892,15.250946044921875
2893,15.45578670501709
2894,15.433302879333496
2895,15.345512390136719
2896,15.310574531555176
2897,15.312640190124512
2898,15.361740112304688
2899,15.342583656311035
2900,15.30893611907959
2901,15.426002502441406
2902,15.476815223693848
2903,15.427842140197754
2904,15.384821891784668
2905,15.363679885864258
2906,15.34706974029541
2907,15.3192720413208
2908,15.316773414611816
2909,15.342580795288086
2910,15.33830738067627
2911,15.239681243896484
2912,15.354564666748047
2913,15.51589584350586
2914,15.696427345275879
2915,15.756196022033691
2916,15.824588775634766
2917,16.00214195251465
2918,15.623353958129883
2919,15.547746658325195
2920,15.65150260925293
2921,15.702372550964355
2922,15.637996673583984
2923,15.782241821289062
2924,15.60355281829834
2925,15.648653030395508
2926,15.759093284606934
2927,15.71323299407959
2928,15.831290245056152
2929,15.781457901000977
2930,15.620218276977539
2931,15.575684547424316
2932,15.747786521911621
2933,15.603885650634766
2934,15.623120307922363
2935,15.497817993164062
2936,15.60384464263916
2937,15.747063636779785
2938,15.825506210327148
2939,15.759937286376953
2940,16.00722885131836
2941,15.975932121276855
2942,15.728379249572754
2943,15.726760864257812
2944,15.717461585998535
2945,15.577590942382812
2946,15.508926391601562
2947,15.582855224609375
2948,15.555514335632324
2949,15.492935180664062
2950,15.481193542480469
2951,15.426712989807129
2952,15.38186264038086
2953,15.407126426696777
2954,15.370647430419922
2955,15.328060150146484
2956,15.36577033996582
2957,15.387517929077148
2958,15.326790809631348
2959,15.335609436035156
2960,15.320141792297363
2961,15.316219329833984
2962,15.334981918334961
2963,15.367210388183594
2964,15.22283935546875
2965,15.16780948638916
2966,15.295425415039062
2967,15.256612777709961
2968,15.29947566986084
2969,15.388461112976074
2970,15.323488235473633
2971,15.345770835876465
2972,16.421287536621094
2973,16.436555862426758
2974,16.44232749938965
2975,16.40135955810547
2976,16.307544708251953
2977,16.194015502929688
2978,16.21071434020996
2979,16.36424446105957
2980,16.351791381835938
2981,16.26398277282715
2982,16.345218658447266
2983,16.314302444458008
2984,16.34883689880371
2985,16.300630569458008
2986,16.25601577758789
2987,16.249404907226562
2988,16.40970802307129
2989,16.38808250427246
2990,16.411670684814453
2991,16.14242172241211
2992,16.234689712524414
2993,16.17598533630371
2994,16.17511558532715
2995,16.09467315673828
2996,15.940837860107422
2997,15.867298126220703
2998,15.692559242248535
2999,15.878034591674805
3000,15.966665267944336
3001,15.934161186218262
3002,16.063709259033203
3003,16.015390396118164
3004,16.061534881591797
3005,16.041893005371094
3006,16.069705963134766
3007,16.10833740234375
3008,16.013675689697266
3009,16.07297706604004
3010,16.07939338684082
3011,16.0582218170166
3012,16.08478546142578
3013,16.153907775878906
3014,16.155593872070312
3015,16.12354850769043
3016,16.10323143005371
3017,16.030838012695312
3018,16.078351974487305
3019,16.05705451965332
3020,16.053571701049805
3021,16.095027923583984
3022,16.21967887878418
3023,16.280181884765625
3024,16.298582077026367
3025,16.24429702758789
3026,16.328960418701172
3027,16.22671890258789
3028,16.278240203857422
3029,16.298181533813477
3030,16.288715362548828
3031,16.3482666015625
3032,16.217500686645508
3033,16.19742202758789
3034,16.19830894470215
3035,16.17315101623535
3036,16.138704299926758
3037,16.185697555541992
3038,16.131103515625
3039,16.147850036621094
3040,16.14548110961914
3041,16.123701095581055
3042,16.157123565673828
3043,16.21881675720215
3044,16.219573974609375
3045,16.23737144470215
3046,16.111265182495117
3047,16.03622055053711
3048,16.160268783569336
3049,16.12876319885254
3050,16.069660186767578
3051,16.083221435546875
3052,16.00603675842285
3053,15.97496509552002
3054,15.918806076049805
3055,15.890040397644043
3056,15.796656608581543
3057,15.695568084716797
3058,15.80467700958252
3059,15.656689643859863
3060,15.591833114624023
3061,15.695517539978027
3062,15.709896087646484
3063,15.662567138671875
3064,15.647026062011719
3065,15.63542366027832
3066,15.593764305114746
3067,15.5693998336792
3068,15.562191009521484
3069,15.5264253616333
3070,15.551724433898926
3071,15.519065856933594
3072,15.537008285522461
3073,15.543611526489258
3074,15.539213180541992
3075,15.588887214660645
3076,15.58469295501709
3077,15.584129333496094
3078,15.60107135772705
3079,15.556998252868652
3080,15.438549041748047
3081,15.460329055786133
3082,15.523984909057617
3083,15.51435375213623
3084,15.65095043182373
3085,15.696578979492188
3086,15.712566375732422
3087,15.698297500610352
3088,15.636408805847168
3089,15.631353378295898
3090,15.565784454345703
3091,15.52631664276123
3092,15.529932022094727
3093,15.585127830505371
3094,15.5308256149292
3095,15.52731704711914
3096,15.531352043151855
3097,15.503205299377441
3098,15.500560760498047
3099,15.51024341583252
3100,15.593690872192383
3101,15.691328048706055
3102,15.703018188476562
3103,15.735260009765625
3104,15.73337459564209
3105,15.67878532409668
3106,15.545621871948242
3107,15.680673599243164
3108,15.584423065185547
3109,15.579636573791504
3110,15.505999565124512
3111,15.501874923706055
3112,15.480364799499512
3113,15.447735786437988
3114,15.471512794494629
3115,15.472429275512695
3116,15.54719352722168
3117,15.517045974731445
3118,15.475638389587402
3119,15.433518409729004
3120,15.388710021972656
3121,15.397223472595215
3122,15.418157577514648
3123,15.361085891723633
3124,15.405346870422363
3125,15.378741264343262
3126,15.398359298706055
3127,15.495855331420898
3128,15.486760139465332
3129,15.534233093261719
3130,15.501193046569824
3131,15.586644172668457
3132,15.53973388671875
3133,15.52413558959961
3134,15.655563354492188
3135,15.646585464477539
3136,15.681654930114746
3137,15.663896560668945
3138,15.654629707336426
3139,15.59490966796875
3140,15.596563339233398
3141,15.582240104675293
3142,15.573162078857422
3143,15.623268127441406
3144,15.627674102783203
3145,15.620758056640625
3146,15.644227981567383
3147,15.656120300292969
3148,15.668299674987793
3149,15.716705322265625
3150,15.725103378295898
3151,15.760820388793945
3152,15.7681245803833
3153,15.775059700012207
3154,15.76443862915039
3155,15.769951820373535
3156,15.824694633483887
3157,15.85361099243164
3158,15.858863830566406
3159,15.861784934997559
3160,15.853886604309082
3161,15.861364364624023
3162,15.798168182373047
3163,15.819600105285645
3164,15.772340774536133
3165,15.75106143951416
3166,15.76581859588623
3167,15.765612602233887
3168,15.77629566192627
3169,15.75821590423584
3170,15.751163482666016
3171,15.759451866149902
3172,15.750036239624023
3173,15.782431602478027
3174,15.819064140319824
3175,15.826308250427246
3176,15.781970977783203
3177,15.837760925292969
3178,15.838457107543945
3179,15.796365737915039
3180,15.80745792388916
3181,15.80167007446289
3182,15.779479026794434
3183,15.847442626953125
3184,15.838857650756836
3185,15.80461597442627
3186,15.84522819519043
3187,15.816300392150879
3188,15.537039756774902
3189,15.523669242858887
3190,15.530146598815918
3191,15.603524208068848
3192,15.557001113891602
3193,15.498801231384277
3194,15.485025405883789
3195,15.489545822143555
3196,15.494318008422852
3197,15.544543266296387
3198,15.50672721862793
3199,15.495196342468262
3200,15.492532730102539
3201,15.424365997314453
3202,15.363746643066406
3203,15.373943328857422
3204,15.408495903015137
3205,15.397788047790527
3206,15.422467231750488
3207,15.43359375
3208,15.397357940673828
3209,15.36270523071289
3210,15.400321960449219
3211,15.462889671325684
3212,15.447378158569336
3213,15.439035415649414
3214,15.445237159729004
3215,15.612089157104492
3216,15.614913940429688
3217,15.63823413848877
3218,15.634027481079102
3219,15.653141975402832
3220,15.661920547485352
3221,15.669692993164062
3222,15.671664237976074
3223,15.651506423950195
3224,15.647157669067383
3225,15.630216598510742
3226,15.622575759887695
3227,15.616789817810059
3228,15.649981498718262
3229,15.63615608215332
3230,15.589167594909668
3231,15.590019226074219
3232,15.60832691192627
3233,15.572633743286133
3234,15.546242713928223
3235,15.5836763381958
3236,15.498942375183105
3237,15.586755752563477
3238,15.538839340209961
3239,15.599944114685059
3240,15.559343338012695
3241,15.600296020507812
3242,15.449492454528809
3243,15.463951110839844
3244,15.41890811920166
3245,15.437512397766113
3246,15.362591743469238
3247,15.460855484008789
3248,15.442377090454102
3249,15.497665405273438
3250,15.47746753692627
3251,15.46127700805664
3252,15.455531120300293
3253,15.430778503417969
3254,15.390079498291016
3255,15.379528999328613
3256,15.37687873840332
3257,15.389627456665039
3258,15.375456809997559
3259,15.459311485290527
3260,15.37668514251709
3261,15.43368148803711
3262,15.440762519836426
3263,15.51555347442627
3264,15.448562622070312
3265,15.489083290100098
3266,15.409010887145996
3267,15.448135375976562
3268,15.377872467041016
3269,15.263931274414062
3270,15.289883613586426
3271,15.30860710144043
3272,15.33394718170166
3273,15.338186264038086
3274,15.365303993225098
3275,15.382444381713867
3276,15.377439498901367
3277,15.387039184570312
3278,15.379591941833496
3279,15.491308212280273
3280,15.453248023986816
3281,15.602534294128418
3282,15.578441619873047
3283,15.526102066040039
3284,15.575345039367676
3285,15.560860633850098
3286,15.529644012451172
3287,15.527789115905762
3288,15.48552417755127
3289,15.526473999023438
3290,15.521401405334473
3291,15.600607872009277
3292,15.62351131439209
3293,15.587648391723633
3294,15.567675590515137
3295,15.737574577331543
3296,15.722029685974121
3297,15.741047859191895
3298,15.74488353729248
3299,15.74250602722168
3300,15.74739933013916
3301,15.737088203430176
3302,15.73359489440918
3303,15.748560905456543
3304,15.717114448547363
3305,15.713074684143066
3306,15.706806182861328
3307,15.718782424926758
3308,15.669219017028809
3309,15.65571117401123
3310,15.63401985168457
3311,15.61322021484375
3312,15.612791061401367
3313,15.560823440551758
3314,15.571436882019043
3315,15.569220542907715
3316,15.570652961730957
3317,15.563506126403809
3318,15.601643562316895
3319,15.521297454833984
3320,15.61436653137207
3321,15.57887077331543
3322,15.607051849365234
3323,15.67730712890625
3324,15.664505958557129
3325,15.64179515838623
3326,15.627159118652344
3327,15.634449005126953
3328,15.623485565185547
3329,15.623956680297852
3330,15.619889259338379
3331,15.612699508666992
3332,15.643203735351562
3333,15.61367130279541
3334,15.619013786315918
3335,15.61329460144043
3336,15.605767250061035
3337,15.588066101074219
3338,15.576672554016113
3339,15.589851379394531
3340,15.606745719909668
3341,15.603952407836914
3342,15.586149215698242
3343,15.573548316955566
3344,15.607428550720215
3345,15.666568756103516
3346,15.651545524597168
3347,15.626855850219727
3348,15.679910659790039
3349,15.513907432556152
3350,15.645011901855469
3351,15.578845024108887
3352,15.558265686035156
3353,15.461599349975586
3354,15.429634094238281
3355,15.479060173034668
3356,15.441810607910156
3357,15.488495826721191
3358,15.414373397827148
3359,15.421859741210938
3360,15.438053131103516
3361,15.490827560424805
3362,15.430302619934082
3363,15.378433227539062
3364,15.425064086914062
3365,15.38175106048584
3366,15.386198043823242
3367,15.396187782287598
3368,15.412421226501465
3369,15.449068069458008
3370,15.481866836547852
3371,15.487030982971191
3372,15.488836288452148
3373,15.485703468322754
3374,15.508726119995117
3375,15.459792137145996
3376,15.435853004455566
3377,15.514476776123047
3378,15.423198699951172
3379,15.484548568725586
3380,15.5072021484375
3381,15.478889465332031
3382,15.489949226379395
3383,15.500932693481445
3384,15.496166229248047
3385,15.495061874389648
3386,15.504263877868652
3387,15.490997314453125
3388,15.49256706237793
3389,15.473764419555664
3390,15.554048538208008
3391,15.584630012512207
3392,15.632718086242676
3393,15.602991104125977
3394,15.596065521240234
3395,15.594011306762695
3396,15.595218658447266
3397,15.570947647094727
3398,15.57055950164795
3399,15.573131561279297
3400,15.607549667358398
3401,15.577792167663574
3402,15.60909652709961
3403,15.593836784362793
3404,15.520759582519531
3405,15.518699645996094
3406,15.521520614624023
3407,15.486802101135254
3408,15.486719131469727
3409,15.47951602935791
3410,15.636261940002441
3411,15.453909873962402
3412,15.41960620880127
3413,15.412230491638184
3414,15.4786376953125
3415,15.441763877868652
3416,15.501829147338867
3417,15.599390029907227
3418,15.612536430358887
3419,15.505248069763184
3420,15.484371185302734
3421,15.472975730895996
3422,15.522871017456055
3423,15.518685340881348
3424,15.427069664001465
3425,15.458869934082031
3426,15.390640258789062
3427,15.38899040222168
3428,15.377994537353516
3429,15.381507873535156
3430,15.388460159301758
3431,15.383537292480469
3432,15.43509578704834
3433,15.444128036499023
3434,15.396279335021973
3435,15.399970054626465
3436,15.401275634765625
3437,15.383753776550293
3438,15.375226020812988
3439,15.374733924865723
3440,15.40214729309082
3441,15.42271900177002
3442,15.421527862548828
3443,15.443071365356445
3444,15.47988224029541
3445,15.417370796203613
3446,15.3518648147583
3447,15.341649055480957
3448,15.377079010009766
3449,15.348034858703613
3450,15.358534812927246
3451,15.349836349487305
3452,15.402934074401855
3453,15.36611557006836
3454,15.425422668457031
3455,15.371225357055664
3456,15.341347694396973
3457,15.334338188171387
3458,15.348429679870605
3459,15.343528747558594
3460,15.349993705749512
3461,15.344549179077148
3462,15.336066246032715
3463,15.345873832702637
3464,15.375543594360352
3465,15.377666473388672
3466,15.373539924621582
3467,15.597005844116211
3468,15.446659088134766
3469,15.591401100158691
3470,15.54735279083252
3471,15.622666358947754
3472,15.597407341003418
3473,15.568987846374512
3474,15.544915199279785
3475,15.526341438293457
3476,15.58077335357666
3477,15.570401191711426
3478,15.551621437072754
3479,15.52907943725586
3480,15.542621612548828
3481,15.599309921264648
3482,15.605666160583496
3483,15.623527526855469
3484,15.606199264526367
3485,15.607929229736328
3486,15.601930618286133
3487,15.605757713317871
3488,15.60746955871582
3489,15.600650787353516
3490,15.59280014038086
3491,15.589447021484375
3492,15.553226470947266
3493,15.539348602294922
3494,15.520450592041016
3495,15.558460235595703
3496,15.517163276672363
3497,15.575287818908691
3498,15.411545753479004
3499,15.493878364562988
