,0
0,19.502748489379883
1,19.501651763916016
2,19.493242263793945
3,19.514923095703125
4,19.526010513305664
5,19.503978729248047
6,19.613475799560547
7,19.625045776367188
8,19.5776309967041
9,19.593303680419922
10,19.60633659362793
11,19.601858139038086
12,19.578781127929688
13,19.607213973999023
14,19.58644676208496
15,19.64571762084961
16,19.72108268737793
17,19.709375381469727
18,19.699045181274414
19,19.680274963378906
20,19.710750579833984
21,19.714405059814453
22,19.681148529052734
23,19.70360565185547
24,19.702842712402344
25,19.683002471923828
26,19.65422248840332
27,19.688884735107422
28,19.65119743347168
29,19.631847381591797
30,19.63447380065918
31,19.641721725463867
32,19.60512924194336
33,19.663679122924805
34,19.673904418945312
35,19.687204360961914
36,19.655153274536133
37,19.68897819519043
38,19.663429260253906
39,19.752197265625
40,19.686738967895508
41,19.677406311035156
42,19.704730987548828
43,19.699445724487305
44,19.688905715942383
45,19.667333602905273
46,19.672882080078125
47,19.475101470947266
48,19.54387664794922
49,19.551347732543945
50,19.562049865722656
51,19.574201583862305
52,19.500425338745117
53,19.50584602355957
54,19.495718002319336
55,19.712549209594727
56,19.742212295532227
57,19.758960723876953
58,19.741239547729492
59,19.759050369262695
60,19.814090728759766
61,19.807540893554688
62,19.782163619995117
63,19.784408569335938
64,19.779714584350586
65,19.77320098876953
66,19.76877784729004
67,19.751279830932617
68,19.766441345214844
69,19.736669540405273
70,19.764230728149414
71,19.71628761291504
72,19.783092498779297
73,19.76620864868164
74,19.526060104370117
75,19.631328582763672
76,19.62870979309082
77,19.571674346923828
78,19.541624069213867
79,19.5083065032959
80,19.552736282348633
81,19.633089065551758
82,19.572097778320312
83,19.70349884033203
84,19.74593162536621
85,19.761943817138672
86,19.742048263549805
87,19.769283294677734
88,19.771560668945312
89,19.778255462646484
90,19.764965057373047
91,19.75502586364746
92,19.752737045288086
93,19.743270874023438
94,19.761348724365234
95,19.73426628112793
96,19.731367111206055
97,19.751522064208984
98,19.784496307373047
99,19.790842056274414
100,19.767696380615234
101,19.823991775512695
102,19.76988983154297
103,19.714998245239258
104,19.766361236572266
105,19.783954620361328
106,19.789278030395508
107,19.849102020263672
108,19.840452194213867
109,19.874643325805664
110,19.86326789855957
111,19.859455108642578
112,19.864482879638672
113,19.857929229736328
114,19.866697311401367
115,19.839479446411133
116,19.828876495361328
117,19.84139633178711
118,19.838092803955078
119,19.805946350097656
120,19.846954345703125
121,19.846567153930664
122,19.88383674621582
123,19.856985092163086
124,19.830211639404297
125,19.826641082763672
126,19.840988159179688
127,19.83530616760254
128,19.76715850830078
129,19.760950088500977
130,19.7695369720459
131,19.725183486938477
132,19.66034507751465
133,19.639488220214844
134,19.67140769958496
135,19.733762741088867
136,19.732147216796875
137,19.723318099975586
138,19.726789474487305
139,19.698989868164062
140,19.642330169677734
141,19.659229278564453
142,19.64501953125
143,19.587358474731445
144,19.510665893554688
145,19.498046875
146,19.562795639038086
147,19.615734100341797
148,19.627105712890625
149,19.638547897338867
150,19.63664436340332
151,19.551902770996094
152,19.53597640991211
153,19.58664321899414
154,19.606075286865234
155,19.377742767333984
156,19.638120651245117
157,19.466705322265625
158,19.342252731323242
159,19.319700241088867
160,19.277374267578125
161,19.280067443847656
162,19.33912467956543
163,19.33968734741211
164,19.298824310302734
165,19.26214027404785
166,19.250659942626953
167,19.276992797851562
168,19.441312789916992
169,19.507301330566406
170,19.44291877746582
171,19.29943084716797
172,19.38832664489746
173,19.404888153076172
174,19.431093215942383
175,19.455347061157227
176,19.511615753173828
177,19.55487060546875
178,19.503847122192383
179,19.546293258666992
180,19.56453514099121
181,19.49540901184082
182,19.30164337158203
183,19.323392868041992
184,19.352415084838867
185,19.22461700439453
186,19.323881149291992
187,19.402416229248047
188,19.541221618652344
189,19.38508415222168
190,19.380163192749023
191,19.47170066833496
192,19.48105239868164
193,19.505290985107422
194,19.676645278930664
195,19.513662338256836
196,19.49888038635254
197,19.591476440429688
198,19.51142120361328
199,19.541175842285156
200,19.5653076171875
201,19.548126220703125
202,19.53847885131836
203,19.578378677368164
204,19.60059928894043
205,19.70124053955078
206,19.711368560791016
207,19.7163143157959
208,19.69734764099121
209,19.71725082397461
210,19.71588134765625
211,19.73212432861328
212,19.710376739501953
213,19.716861724853516
214,19.76214599609375
215,19.729604721069336
216,19.740734100341797
217,19.7418155670166
218,19.748661041259766
219,19.703800201416016
220,19.76844024658203
221,19.7396183013916
222,19.61160659790039
223,19.593669891357422
224,19.761014938354492
225,19.74666976928711
226,19.76726722717285
227,19.740478515625
228,19.790449142456055
229,19.76628303527832
230,19.77791976928711
231,19.720203399658203
232,19.732284545898438
233,19.76877212524414
234,19.74742889404297
235,19.75271224975586
236,19.755231857299805
237,19.753694534301758
238,19.70081329345703
239,19.718542098999023
240,19.698854446411133
241,19.69767951965332
242,19.6771240234375
243,19.70262336730957
244,19.685543060302734
245,19.67264175415039
246,19.681415557861328
247,19.710304260253906
248,19.704721450805664
249,19.682090759277344
250,19.657360076904297
251,19.644922256469727
252,19.611921310424805
253,19.70206642150879
254,19.692108154296875
255,19.735631942749023
256,19.785917282104492
257,19.761613845825195
258,19.756654739379883
259,19.760770797729492
260,19.759990692138672
261,19.7625732421875
262,19.768648147583008
263,19.7712345123291
264,19.708553314208984
265,19.798601150512695
266,19.772563934326172
267,19.776845932006836
268,19.76524543762207
269,19.71908950805664
270,19.706798553466797
271,19.69741439819336
272,19.736433029174805
273,19.723731994628906
274,19.743471145629883
275,19.747636795043945
276,19.64875030517578
277,19.64893913269043
278,19.66129493713379
279,19.66202163696289
280,19.7019100189209
281,19.736644744873047
282,19.74667739868164
283,19.731992721557617
284,19.729215621948242
285,19.803865432739258
286,19.797740936279297
287,19.7913761138916
288,19.7595157623291
289,19.767499923706055
290,19.796627044677734
291,19.820924758911133
292,19.79701042175293
293,19.83028221130371
294,19.834020614624023
295,19.840559005737305
296,19.838401794433594
297,19.839332580566406
298,19.834728240966797
299,19.82670783996582
300,19.818191528320312
301,19.742137908935547
302,19.737342834472656
303,19.68134117126465
304,19.562026977539062
305,19.624956130981445
306,19.63357925415039
307,19.770503997802734
308,19.78537368774414
309,19.78148078918457
310,19.739238739013672
311,19.741613388061523
312,19.727519989013672
313,19.667789459228516
314,19.72568702697754
315,19.711410522460938
316,19.714197158813477
317,19.656641006469727
318,19.64279556274414
319,18.454708099365234
320,18.150110244750977
321,18.023273468017578
322,17.98392105102539
323,17.978822708129883
324,17.985254287719727
325,18.039798736572266
326,18.04492950439453
327,18.504423141479492
328,18.571407318115234
329,18.49941062927246
330,18.470605850219727
331,18.466880798339844
332,18.554412841796875
333,18.5019588470459
334,18.59938621520996
335,18.555395126342773
336,18.525083541870117
337,18.70966339111328
338,18.5221004486084
339,18.41299057006836
340,18.527029037475586
341,18.55242347717285
342,18.626638412475586
343,18.520919799804688
344,18.49452781677246
345,18.51459503173828
346,17.922727584838867
347,17.783592224121094
348,17.778940200805664
349,18.083406448364258
350,18.162399291992188
351,17.96832275390625
352,17.8066349029541
353,17.849594116210938
354,17.858963012695312
355,17.862829208374023
356,17.907100677490234
357,17.960220336914062
358,18.177249908447266
359,18.3056583404541
360,18.2647647857666
361,18.25939178466797
362,18.281784057617188
363,18.291841506958008
364,18.27605438232422
365,18.204483032226562
366,18.240234375
367,18.42496109008789
368,18.432764053344727
369,18.53108787536621
370,18.551986694335938
371,18.61506462097168
372,18.62623405456543
373,18.53850555419922
374,18.610998153686523
375,18.611167907714844
376,18.63707733154297
377,18.711084365844727
378,18.7680721282959
379,18.795522689819336
380,18.86053466796875
381,18.810394287109375
382,18.80376434326172
383,18.72535514831543
384,18.697792053222656
385,18.679561614990234
386,18.706024169921875
387,18.803951263427734
388,18.802120208740234
389,18.8293399810791
390,19.1154727935791
391,19.153850555419922
392,19.197439193725586
393,19.160675048828125
394,19.250164031982422
395,19.1839599609375
396,19.235408782958984
397,19.241674423217773
398,19.150066375732422
399,19.009490966796875
400,19.03823471069336
401,18.762624740600586
402,18.526622772216797
403,18.50714874267578
404,18.431222915649414
405,18.317890167236328
406,18.293148040771484
407,18.4322509765625
408,18.446819305419922
409,18.405046463012695
410,18.555057525634766
411,18.617578506469727
412,18.672990798950195
413,18.84334373474121
414,18.65923500061035
415,18.645736694335938
416,18.532119750976562
417,18.63219451904297
418,18.63726043701172
419,18.736452102661133
420,18.608108520507812
421,18.70404052734375
422,18.71401596069336
423,18.746620178222656
424,18.7135066986084
425,18.608661651611328
426,18.600353240966797
427,18.54061508178711
428,18.698348999023438
429,18.744112014770508
430,18.78009033203125
431,18.649938583374023
432,18.683958053588867
433,18.54375648498535
434,18.652286529541016
435,18.624601364135742
436,18.609241485595703
437,18.649709701538086
438,18.629507064819336
439,18.746768951416016
440,18.972238540649414
441,18.88605499267578
442,18.883495330810547
443,18.939462661743164
444,18.805831909179688
445,18.729541778564453
446,18.865205764770508
447,18.984569549560547
448,19.079036712646484
449,19.132001876831055
450,19.130170822143555
451,19.12319564819336
452,19.096399307250977
453,19.00052261352539
454,18.586198806762695
455,18.5380859375
456,18.811098098754883
457,18.823556900024414
458,18.745643615722656
459,18.592784881591797
460,18.685001373291016
461,18.758092880249023
462,18.760812759399414
463,18.81171226501465
464,18.84752655029297
465,18.747404098510742
466,18.858121871948242
467,19.088611602783203
468,19.009511947631836
469,18.89822006225586
470,18.871578216552734
471,18.794010162353516
472,18.817283630371094
473,18.952852249145508
474,18.839454650878906
475,19.080467224121094
476,19.08757781982422
477,19.0206298828125
478,19.307117462158203
479,19.015615463256836
480,19.201961517333984
481,19.051015853881836
482,19.226882934570312
483,19.309724807739258
484,19.319847106933594
485,19.33365821838379
486,19.339702606201172
487,19.304065704345703
488,19.34526824951172
489,19.305259704589844
490,19.40329933166504
491,19.281082153320312
492,19.42012596130371
493,19.400392532348633
494,19.501808166503906
495,19.45909881591797
496,19.43559455871582
497,19.396902084350586
498,19.408279418945312
499,19.417739868164062
500,18.02734375
501,18.0028076171875
502,18.00075340270996
503,18.109548568725586
504,17.84827423095703
505,17.724748611450195
506,17.650468826293945
507,17.60449981689453
508,16.99297332763672
509,16.576412200927734
510,17.654829025268555
511,16.884368896484375
512,17.170555114746094
513,17.153162002563477
514,17.63747787475586
515,17.668249130249023
516,17.6739559173584
517,17.741975784301758
518,17.74150848388672
519,17.387462615966797
520,17.432018280029297
521,17.35847282409668
522,18.240083694458008
523,18.138076782226562
524,17.994171142578125
525,17.903728485107422
526,18.025394439697266
527,17.736337661743164
528,18.081750869750977
529,17.817493438720703
530,17.621578216552734
531,17.6821346282959
532,17.94284439086914
533,18.258752822875977
534,17.816614151000977
535,17.7064266204834
536,17.79308319091797
537,18.029497146606445
538,17.650306701660156
539,18.050006866455078
540,18.680519104003906
541,18.61509895324707
542,18.39573097229004
543,18.36566162109375
544,18.39142417907715
545,18.238048553466797
546,17.88568687438965
547,18.212356567382812
548,18.33150863647461
549,17.810165405273438
550,18.428987503051758
551,18.22015953063965
552,18.67041778564453
553,18.91471290588379
554,18.921966552734375
555,18.609397888183594
556,18.841087341308594
557,18.898351669311523
558,19.103355407714844
559,19.123598098754883
560,18.92058753967285
561,18.759469985961914
562,18.73773193359375
563,18.548795700073242
564,18.681360244750977
565,18.94638442993164
566,18.950735092163086
567,18.948875427246094
568,18.994766235351562
569,19.15377426147461
570,19.304012298583984
571,19.47625160217285
572,19.423946380615234
573,19.322031021118164
574,19.29684829711914
575,19.360614776611328
576,19.31942367553711
577,19.05438804626465
578,19.05532455444336
579,18.909114837646484
580,18.634279251098633
581,18.448955535888672
582,18.800758361816406
583,18.835309982299805
584,18.91670799255371
585,19.112804412841797
586,18.98531723022461
587,18.944013595581055
588,18.926240921020508
589,19.43545150756836
590,19.28830909729004
591,19.103090286254883
592,19.15513801574707
593,19.157978057861328
594,19.203126907348633
595,19.328235626220703
596,19.451068878173828
597,19.421802520751953
598,19.411283493041992
599,19.295772552490234
600,19.33043098449707
601,19.30766487121582
602,19.415382385253906
603,19.40831756591797
604,19.50694465637207
605,19.456907272338867
606,19.553699493408203
607,19.455446243286133
608,19.238595962524414
609,19.41813850402832
610,19.374404907226562
611,19.471599578857422
612,19.516572952270508
613,19.317344665527344
614,19.37999153137207
615,19.364072799682617
616,18.849451065063477
617,18.550243377685547
618,18.85112953186035
619,18.48283576965332
620,18.514373779296875
621,18.519983291625977
622,18.37904167175293
623,18.49822998046875
624,18.579383850097656
625,18.562414169311523
626,18.50486183166504
627,18.55716896057129
628,18.455429077148438
629,18.709836959838867
630,18.80362892150879
631,18.544771194458008
632,18.27385139465332
633,18.282928466796875
634,17.98328971862793
635,17.932849884033203
636,17.76458168029785
637,17.835065841674805
638,17.838836669921875
639,17.85539436340332
640,17.731372833251953
641,17.869997024536133
642,17.860193252563477
643,17.439451217651367
644,17.786163330078125
645,18.270322799682617
646,18.427724838256836
647,18.343852996826172
648,18.34199333190918
649,18.058021545410156
650,17.889122009277344
651,17.706209182739258
652,17.912311553955078
653,17.878828048706055
654,17.76637077331543
655,17.695919036865234
656,18.088642120361328
657,18.19953727722168
658,18.342300415039062
659,18.357080459594727
660,18.431169509887695
661,18.82750701904297
662,18.71097183227539
663,18.560949325561523
664,18.976665496826172
665,19.063236236572266
666,18.999462127685547
667,18.533586502075195
668,18.777427673339844
669,18.849021911621094
670,18.03490447998047
671,17.94228744506836
672,17.88005828857422
673,17.912202835083008
674,18.173946380615234
675,18.31891441345215
676,18.365474700927734
677,18.320960998535156
678,18.29621696472168
679,18.260208129882812
680,18.3100528717041
681,18.43616485595703
682,18.3963680267334
683,18.155569076538086
684,18.279613494873047
685,18.023340225219727
686,17.768516540527344
687,17.587783813476562
688,17.49833869934082
689,17.359575271606445
690,17.308334350585938
691,17.400875091552734
692,17.299285888671875
693,17.27859878540039
694,17.43686294555664
695,17.45805549621582
696,17.449934005737305
697,17.17225456237793
698,17.436973571777344
699,17.43787384033203
700,17.363216400146484
701,17.171966552734375
702,17.167875289916992
703,17.447256088256836
704,17.367725372314453
705,17.208938598632812
706,17.110639572143555
707,17.158588409423828
708,17.052827835083008
709,17.033689498901367
710,17.228864669799805
711,17.452844619750977
712,17.66200828552246
713,17.32202911376953
714,17.31680679321289
715,17.296022415161133
716,17.261268615722656
717,17.227256774902344
718,17.32439422607422
719,17.33880615234375
720,17.3463134765625
721,17.44016456604004
722,17.344078063964844
723,17.357158660888672
724,16.900867462158203
725,17.010547637939453
726,17.290830612182617
727,17.356412887573242
728,17.353525161743164
729,17.321985244750977
730,17.408832550048828
731,17.574594497680664
732,17.36798858642578
733,17.319358825683594
734,17.258913040161133
735,17.14169692993164
736,17.00208854675293
737,17.199085235595703
738,17.22020149230957
739,17.561689376831055
740,17.43140411376953
741,17.15694808959961
742,17.382999420166016
743,17.804685592651367
744,17.853500366210938
745,18.320701599121094
746,18.22064971923828
747,18.255233764648438
748,18.080671310424805
749,17.975818634033203
750,17.79673194885254
751,16.767614364624023
752,16.498090744018555
753,16.487754821777344
754,16.522768020629883
755,16.615507125854492
756,16.67984390258789
757,16.667673110961914
758,16.600404739379883
759,16.600587844848633
760,16.649667739868164
761,16.718244552612305
762,16.666006088256836
763,16.63235092163086
764,16.951322555541992
765,16.991249084472656
766,17.005264282226562
767,16.77236557006836
768,16.691192626953125
769,16.696006774902344
770,16.64466667175293
771,16.73952865600586
772,16.901962280273438
773,16.865169525146484
774,16.78909683227539
775,16.937063217163086
776,17.10565757751465
777,17.014171600341797
778,16.230695724487305
779,16.11480712890625
780,16.39198875427246
781,16.283720016479492
782,16.46858787536621
783,16.6357421875
784,16.55939292907715
785,16.590665817260742
786,16.56143569946289
787,16.58293914794922
788,16.56801414489746
789,16.694599151611328
790,16.6805477142334
791,17.121084213256836
792,16.52984046936035
793,17.10715675354004
794,17.107690811157227
795,16.846284866333008
796,17.07012367248535
797,17.020599365234375
798,16.992238998413086
799,17.431015014648438
800,17.348987579345703
801,17.37635612487793
802,17.07992935180664
803,17.33924674987793
804,17.170576095581055
805,16.554946899414062
806,16.25794219970703
807,16.2227725982666
808,16.320253372192383
809,16.252490997314453
810,16.228504180908203
811,16.21637535095215
812,16.35870361328125
813,16.30486488342285
814,16.440279006958008
815,16.55197525024414
816,16.597599029541016
817,16.706932067871094
818,16.806903839111328
819,16.67495346069336
820,16.6453914642334
821,16.6507511138916
822,16.586999893188477
823,16.783971786499023
824,16.775096893310547
825,16.74913215637207
826,16.817298889160156
827,17.089801788330078
828,17.172693252563477
829,16.930185317993164
830,16.806060791015625
831,16.8044376373291
832,16.364730834960938
833,16.7232608795166
834,16.51251983642578
835,16.454463958740234
836,16.247705459594727
837,16.259014129638672
838,16.25990104675293
839,16.274797439575195
840,16.2460994720459
841,16.23348617553711
842,16.241992950439453
843,16.24464225769043
844,16.47098159790039
845,16.46080780029297
846,16.422008514404297
847,16.424373626708984
848,16.487707138061523
849,16.511066436767578
850,16.67723846435547
851,16.654098510742188
852,16.277891159057617
853,16.940589904785156
854,16.88461685180664
855,16.377973556518555
856,16.903541564941406
857,16.790691375732422
858,16.72687530517578
859,16.503795623779297
860,16.72008514404297
861,16.636167526245117
862,16.851978302001953
863,16.990861892700195
864,17.058679580688477
865,17.074474334716797
866,17.18931770324707
867,17.062021255493164
868,17.041845321655273
869,17.007699966430664
870,16.751602172851562
871,16.827571868896484
872,17.473983764648438
873,17.21161460876465
874,17.039628982543945
875,16.74181365966797
876,16.700740814208984
877,16.642576217651367
878,16.624658584594727
879,16.572097778320312
880,16.725130081176758
881,16.623079299926758
882,16.564504623413086
883,16.53265953063965
884,16.540740966796875
885,16.52710723876953
886,16.11029052734375
887,16.043781280517578
888,16.156587600708008
889,16.271162033081055
890,16.201499938964844
891,16.079143524169922
892,16.0406551361084
893,16.081811904907227
894,16.047101974487305
895,16.086761474609375
896,16.12110137939453
897,16.12659454345703
898,16.154930114746094
899,16.22323226928711
900,16.213253021240234
901,16.27692985534668
902,16.21129608154297
903,16.127710342407227
904,16.19719123840332
905,16.12723731994629
906,16.274559020996094
907,16.377967834472656
908,16.45588493347168
909,16.768375396728516
910,16.564006805419922
911,16.556171417236328
912,16.502378463745117
913,16.476688385009766
914,16.545637130737305
915,16.51299476623535
916,16.627046585083008
917,16.605873107910156
918,16.6004695892334
919,16.593589782714844
920,16.691204071044922
921,16.726673126220703
922,16.63595199584961
923,16.332805633544922
924,16.27179718017578
925,16.23185157775879
926,16.219074249267578
927,16.17477035522461
928,16.160877227783203
929,16.121742248535156
930,16.088008880615234
931,16.040973663330078
932,16.023500442504883
933,16.014022827148438
934,16.00407600402832
935,16.015825271606445
936,15.999738693237305
937,16.013622283935547
938,16.04372215270996
939,16.050735473632812
940,15.94887638092041
941,15.929340362548828
942,15.9000825881958
943,15.910735130310059
944,15.831513404846191
945,15.864341735839844
946,15.826945304870605
947,15.884944915771484
948,15.917908668518066
949,15.963189125061035
950,16.055023193359375
951,16.13863182067871
952,16.168325424194336
953,16.313243865966797
954,16.22113609313965
955,16.232601165771484
956,16.245697021484375
957,16.22595977783203
958,16.284791946411133
959,16.245948791503906
960,16.19793128967285
961,16.28133773803711
962,16.251564025878906
963,16.141355514526367
964,16.080366134643555
965,16.054777145385742
966,16.027843475341797
967,15.99697494506836
968,16.0872802734375
969,16.065223693847656
970,16.069355010986328
971,16.07338523864746
972,15.942176818847656
973,15.899272918701172
974,15.884761810302734
975,15.866506576538086
976,15.904162406921387
977,15.965421676635742
978,15.983267784118652
979,16.012760162353516
980,16.042089462280273
981,16.035188674926758
982,16.038759231567383
983,16.06239128112793
984,16.08701515197754
985,16.012479782104492
986,16.017240524291992
987,16.017972946166992
988,16.069305419921875
989,16.016624450683594
990,16.006160736083984
991,15.950047492980957
992,15.95080852508545
993,15.9498872756958
994,15.916000366210938
995,16.083723068237305
996,16.12725257873535
997,16.11699676513672
998,16.125391006469727
999,16.20123291015625
1000,15.608416557312012
1001,15.66647720336914
1002,15.624300956726074
1003,15.62377643585205
1004,15.603608131408691
1005,15.546205520629883
1006,15.571744918823242
1007,15.592748641967773
1008,15.562078475952148
1009,15.514573097229004
1010,15.299076080322266
1011,15.224780082702637
1012,15.372095108032227
1013,15.543665885925293
1014,15.561299324035645
1015,15.52624797821045
1016,15.576953887939453
1017,15.650749206542969
1018,15.58538818359375
1019,15.576815605163574
1020,15.589030265808105
1021,15.096303939819336
1022,15.338371276855469
1023,15.16248893737793
1024,15.363527297973633
1025,15.446534156799316
1026,15.538070678710938
1027,15.528139114379883
1028,15.558597564697266
1029,15.519707679748535
1030,15.502899169921875
1031,15.603962898254395
1032,15.599064826965332
1033,15.544350624084473
1034,15.527132034301758
1035,15.52210807800293
1036,15.501800537109375
1037,15.479997634887695
1038,15.445716857910156
1039,15.154276847839355
1040,15.03203296661377
1041,15.009173393249512
1042,15.059534072875977
1043,15.062226295471191
1044,15.053202629089355
1045,14.991158485412598
1046,14.966967582702637
1047,14.960268020629883
1048,14.578149795532227
1049,14.51644515991211
1050,14.707119941711426
1051,14.83674430847168
1052,14.606650352478027
1053,14.885298728942871
1054,14.85618782043457
1055,15.342835426330566
1056,15.546494483947754
1057,15.540830612182617
1058,15.624948501586914
1059,15.583969116210938
1060,15.643762588500977
1061,15.702360153198242
1062,15.714484214782715
1063,15.716399192810059
1064,15.706233978271484
1065,15.721817970275879
1066,15.697854042053223
1067,15.660629272460938
1068,15.613914489746094
1069,15.73645305633545
1070,15.751176834106445
1071,15.703232765197754
1072,15.694458961486816
1073,15.701969146728516
1074,15.69491195678711
1075,15.501520156860352
1076,15.5975980758667
1077,15.173596382141113
1078,15.127373695373535
1079,15.116443634033203
1080,15.03636646270752
1081,14.999153137207031
1082,15.109230041503906
1083,15.090858459472656
1084,15.09499454498291
1085,15.011116027832031
1086,15.08893871307373
1087,15.175237655639648
1088,15.049575805664062
1089,15.190744400024414
1090,15.04151725769043
1091,15.238142013549805
1092,15.320034980773926
1093,15.116270065307617
1094,15.340713500976562
1095,15.329853057861328
1096,15.303153038024902
1097,15.060863494873047
1098,14.879720687866211
1099,15.2525053024292
1100,15.299874305725098
1101,15.306086540222168
1102,14.87913990020752
1103,14.82199478149414
1104,14.765745162963867
1105,14.873966217041016
1106,14.911643981933594
1107,14.820639610290527
1108,14.817054748535156
1109,14.624411582946777
1110,14.57406997680664
1111,14.530631065368652
1112,14.891663551330566
1113,14.581740379333496
1114,14.533086776733398
1115,14.469527244567871
1116,14.405431747436523
1117,14.372687339782715
1118,14.44334888458252
1119,14.741848945617676
1120,15.215720176696777
1121,15.427400588989258
1122,15.303849220275879
1123,15.32203483581543
1124,15.48699951171875
1125,15.472474098205566
1126,15.524152755737305
1127,15.534994125366211
1128,15.536706924438477
1129,15.500489234924316
1130,15.242416381835938
1131,15.495424270629883
1132,15.583697319030762
1133,15.524147987365723
1134,15.38023853302002
1135,15.247017860412598
1136,15.303808212280273
1137,15.24316692352295
1138,15.174668312072754
1139,15.216938018798828
1140,15.16858196258545
1141,14.84889030456543
1142,14.771294593811035
1143,14.739445686340332
1144,14.776759147644043
1145,14.769597053527832
1146,14.772047996520996
1147,14.801700592041016
1148,15.21245288848877
1149,15.305450439453125
1150,15.442666053771973
1151,15.396018028259277
1152,15.513664245605469
1153,15.554449081420898
1154,15.590264320373535
1155,15.591340065002441
1156,14.792620658874512
1157,14.545831680297852
1158,14.474631309509277
1159,14.493013381958008
1160,14.755668640136719
1161,14.896924018859863
1162,15.198546409606934
1163,15.459977149963379
1164,15.540095329284668
1165,15.61226749420166
1166,15.636286735534668
1167,15.63951301574707
1168,15.64705753326416
1169,15.692468643188477
1170,15.700627326965332
1171,15.703902244567871
1172,15.701292991638184
1173,15.697810173034668
1174,15.688653945922852
1175,15.586568832397461
1176,15.49877643585205
1177,15.593088150024414
1178,15.534626007080078
1179,15.41894245147705
1180,15.259001731872559
1181,15.215614318847656
1182,15.230189323425293
1183,15.559124946594238
1184,15.590381622314453
1185,15.47458267211914
1186,15.604236602783203
1187,15.554322242736816
1188,15.563949584960938
1189,15.58200454711914
1190,15.661030769348145
1191,15.687088966369629
1192,15.637641906738281
1193,15.598353385925293
1194,15.576258659362793
1195,15.564085960388184
1196,15.557708740234375
1197,15.520594596862793
1198,15.531155586242676
1199,15.168588638305664
1200,15.356575012207031
1201,15.34817886352539
1202,15.385576248168945
1203,15.373390197753906
1204,15.466620445251465
1205,15.19797134399414
1206,15.198626518249512
1207,15.546504020690918
1208,15.452153205871582
1209,15.482684135437012
1210,14.909905433654785
1211,15.102540969848633
1212,15.54676628112793
1213,15.618407249450684
1214,15.605443000793457
1215,15.585834503173828
1216,15.555389404296875
1217,15.577292442321777
1218,15.569035530090332
1219,15.575997352600098
1220,15.612887382507324
1221,15.638937950134277
1222,15.603289604187012
1223,15.605542182922363
1224,15.602484703063965
1225,15.590197563171387
1226,15.481939315795898
1227,15.477492332458496
1228,15.623884201049805
1229,15.583687782287598
1230,15.624265670776367
1231,15.663811683654785
1232,15.614267349243164
1233,15.572068214416504
1234,15.60678768157959
1235,15.572265625
1236,15.570094108581543
1237,15.106977462768555
1238,15.000279426574707
1239,15.001882553100586
1240,14.95494270324707
1241,14.947281837463379
1242,14.90457820892334
1243,14.916703224182129
1244,14.918378829956055
1245,14.908838272094727
1246,14.867058753967285
1247,14.927245140075684
1248,14.966437339782715
1249,14.925204277038574
1250,14.984145164489746
1251,15.136041641235352
1252,15.015597343444824
1253,15.166363716125488
1254,14.99460220336914
1255,15.064834594726562
1256,14.898923873901367
1257,15.130348205566406
1258,15.218179702758789
1259,15.29483699798584
1260,15.505898475646973
1261,15.424086570739746
1262,15.509793281555176
1263,15.508142471313477
1264,14.811432838439941
1265,14.766311645507812
1266,14.597179412841797
1267,14.536176681518555
1268,14.571474075317383
1269,14.689712524414062
1270,14.704065322875977
1271,14.792815208435059
1272,14.976943016052246
1273,15.012897491455078
1274,15.161346435546875
1275,15.182220458984375
1276,15.467324256896973
1277,15.53802490234375
1278,15.541192054748535
1279,15.418379783630371
1280,15.409035682678223
1281,15.392762184143066
1282,15.125628471374512
1283,15.140938758850098
1284,15.080253601074219
1285,14.956286430358887
1286,15.006818771362305
1287,15.118895530700684
1288,15.187305450439453
1289,15.213627815246582
1290,15.215461730957031
1291,14.85172176361084
1292,14.659366607666016
1293,14.881160736083984
1294,15.23382568359375
1295,15.197178840637207
1296,15.187257766723633
1297,14.900456428527832
1298,15.059122085571289
1299,15.010319709777832
1300,15.007406234741211
1301,15.178184509277344
1302,15.411911964416504
1303,15.389702796936035
1304,15.21898365020752
1305,15.475578308105469
1306,15.397942543029785
1307,15.582605361938477
1308,15.577860832214355
1309,15.632561683654785
1310,15.582587242126465
1311,15.614649772644043
1312,15.644416809082031
1313,15.645085334777832
1314,15.590895652770996
1315,15.573914527893066
1316,15.502881050109863
1317,15.470166206359863
1318,14.810914993286133
1319,14.654619216918945
1320,14.580598831176758
1321,14.684938430786133
1322,14.751731872558594
1323,14.571978569030762
1324,14.528276443481445
1325,14.53011703491211
1326,14.55272102355957
1327,14.528204917907715
1328,14.512953758239746
1329,14.504721641540527
1330,14.51523208618164
1331,14.579154968261719
1332,14.567858695983887
1333,14.861218452453613
1334,14.99019718170166
1335,14.800481796264648
1336,14.70324993133545
1337,14.577202796936035
1338,14.957228660583496
1339,15.191912651062012
1340,15.303655624389648
1341,15.411589622497559
1342,15.51480770111084
1343,15.430962562561035
1344,15.424519538879395
1345,14.359798431396484
1346,14.347469329833984
1347,14.31303596496582
1348,14.34169864654541
1349,14.314884185791016
1350,14.285272598266602
1351,14.2909574508667
1352,14.291633605957031
1353,14.289789199829102
1354,14.291333198547363
1355,14.299897193908691
1356,14.309115409851074
1357,14.358879089355469
1358,14.42696475982666
1359,14.426691055297852
1360,14.557920455932617
1361,14.73636531829834
1362,14.632204055786133
1363,14.431416511535645
1364,14.658967971801758
1365,14.794149398803711
1366,14.645645141601562
1367,14.615171432495117
1368,14.931218147277832
1369,14.622681617736816
1370,14.804302215576172
1371,14.771408081054688
1372,14.224817276000977
1373,14.191462516784668
1374,14.212634086608887
1375,14.382915496826172
1376,14.722259521484375
1377,14.464406967163086
1378,14.345054626464844
1379,14.645297050476074
1380,14.501357078552246
1381,14.453266143798828
1382,14.714690208435059
1383,14.715914726257324
1384,14.599346160888672
1385,14.550504684448242
1386,14.487652778625488
1387,14.526338577270508
1388,14.513659477233887
1389,14.310216903686523
1390,14.847553253173828
1391,15.351927757263184
1392,15.343334197998047
1393,15.093061447143555
1394,15.073809623718262
1395,14.922990798950195
1396,14.784296989440918
1397,14.780409812927246
1398,14.639634132385254
1399,14.270394325256348
1400,14.17469596862793
1401,14.256599426269531
1402,14.505977630615234
1403,15.237724304199219
1404,15.301064491271973
1405,15.326408386230469
1406,15.367881774902344
1407,15.333841323852539
1408,15.34923267364502
1409,15.3825044631958
1410,15.390586853027344
1411,15.396523475646973
1412,15.476181030273438
1413,15.35548210144043
1414,15.266250610351562
1415,15.243144989013672
1416,14.978654861450195
1417,14.475419998168945
1418,14.403435707092285
1419,14.506911277770996
1420,14.802560806274414
1421,14.528963088989258
1422,14.478759765625
1423,14.444967269897461
1424,14.445391654968262
1425,14.428112030029297
1426,14.31258487701416
1427,14.565210342407227
1428,14.411845207214355
1429,14.321845054626465
1430,14.20238208770752
1431,14.170760154724121
1432,14.155454635620117
1433,14.149177551269531
1434,14.154528617858887
1435,14.151915550231934
1436,14.15425968170166
1437,14.17068862915039
1438,14.156905174255371
1439,14.204389572143555
1440,14.18985366821289
1441,14.207515716552734
1442,14.118489265441895
1443,14.110433578491211
1444,14.132200241088867
1445,14.107397079467773
1446,14.128754615783691
1447,14.22795295715332
1448,14.198821067810059
1449,14.219903945922852
1450,14.2949800491333
1451,14.320566177368164
1452,14.290836334228516
1453,14.066567420959473
1454,14.089561462402344
1455,14.148192405700684
1456,14.146682739257812
1457,14.675993919372559
1458,14.477570533752441
1459,14.517253875732422
1460,14.651679992675781
1461,14.699023246765137
1462,14.58546257019043
1463,14.870574951171875
1464,14.8519287109375
1465,14.787546157836914
1466,15.017667770385742
1467,14.86423397064209
1468,14.944561004638672
1469,15.106040000915527
1470,14.764162063598633
1471,14.33552074432373
1472,14.17314624786377
1473,14.106257438659668
1474,14.273829460144043
1475,14.293099403381348
1476,14.47915267944336
1477,14.527876853942871
1478,14.455765724182129
1479,14.418450355529785
1480,14.112323760986328
1481,14.107490539550781
1482,14.10499382019043
1483,14.058027267456055
1484,14.026392936706543
1485,14.029155731201172
1486,14.041736602783203
1487,14.037681579589844
1488,14.045520782470703
1489,14.048543930053711
1490,14.04500675201416
1491,14.112603187561035
1492,14.267852783203125
1493,14.226831436157227
1494,14.147244453430176
1495,14.425002098083496
1496,14.79422378540039
1497,14.619128227233887
1498,14.483598709106445
1499,14.481785774230957
1500,14.392428398132324
1501,14.730598449707031
1502,14.545894622802734
1503,14.455138206481934
1504,14.438096046447754
1505,14.33244800567627
1506,14.250374794006348
1507,14.519417762756348
1508,14.545074462890625
1509,14.536966323852539
1510,14.541911125183105
1511,14.561835289001465
1512,14.514166831970215
1513,14.53361988067627
1514,14.544747352600098
1515,14.556140899658203
1516,14.540456771850586
1517,14.529091835021973
1518,14.493714332580566
1519,14.530269622802734
1520,14.596022605895996
1521,14.44170093536377
1522,14.391823768615723
1523,14.5523099899292
1524,14.533123970031738
1525,14.492406845092773
1526,14.340160369873047
1527,14.536581039428711
1528,14.693262100219727
1529,14.734718322753906
1530,14.75249195098877
1531,14.755191802978516
1532,14.76159954071045
1533,14.736659049987793
1534,14.477211952209473
1535,14.203786849975586
1536,14.144463539123535
1537,14.336138725280762
1538,14.56161880493164
1539,14.559591293334961
1540,14.566713333129883
1541,14.338057518005371
1542,14.279434204101562
1543,14.17239761352539
1544,14.131217002868652
1545,14.106196403503418
1546,14.134062767028809
1547,14.25373363494873
1548,14.243683815002441
1549,14.264179229736328
1550,14.383828163146973
1551,14.3887357711792
1552,14.358098983764648
1553,14.382499694824219
1554,14.496020317077637
1555,14.628445625305176
1556,14.687143325805664
1557,14.4700927734375
1558,14.590526580810547
1559,14.43517017364502
1560,14.397936820983887
1561,13.999664306640625
1562,14.092039108276367
1563,14.327848434448242
1564,14.522045135498047
1565,14.550567626953125
1566,14.362056732177734
1567,14.467738151550293
1568,14.537636756896973
1569,14.586793899536133
1570,14.620457649230957
1571,14.611409187316895
1572,14.606026649475098
1573,14.595147132873535
1574,14.729883193969727
1575,14.676718711853027
1576,14.599923133850098
1577,14.726573944091797
1578,14.690938949584961
1579,14.67901611328125
1580,14.65949821472168
1581,14.73644733428955
1582,14.76409912109375
1583,14.823563575744629
1584,14.810100555419922
1585,14.822699546813965
1586,14.818520545959473
1587,14.820321083068848
1588,14.694925308227539
1589,14.761604309082031
1590,14.743743896484375
1591,14.73377513885498
1592,14.730112075805664
1593,14.712724685668945
1594,14.710932731628418
1595,14.677080154418945
1596,14.699653625488281
1597,14.707749366760254
1598,14.700738906860352
1599,14.7628812789917
1600,14.757164001464844
1601,14.825847625732422
1602,14.786252975463867
1603,14.796538352966309
1604,14.778858184814453
1605,14.764436721801758
1606,14.841320991516113
1607,14.850712776184082
1608,14.813596725463867
1609,14.830143928527832
1610,14.855391502380371
1611,14.847402572631836
1612,14.824377059936523
1613,14.815834045410156
1614,14.821907997131348
1615,14.521720886230469
1616,14.591552734375
1617,14.589587211608887
1618,14.558815956115723
1619,14.54506778717041
1620,14.519572257995605
1621,14.507054328918457
1622,14.52517318725586
1623,14.567161560058594
1624,14.599444389343262
1625,14.644547462463379
1626,14.654582023620605
1627,14.678841590881348
1628,14.872005462646484
1629,14.90571117401123
1630,14.894424438476562
1631,14.877333641052246
1632,14.840853691101074
1633,14.867810249328613
1634,14.883988380432129
1635,14.841119766235352
1636,14.905596733093262
1637,14.800254821777344
1638,14.80020523071289
1639,14.808958053588867
1640,14.899629592895508
1641,14.897113800048828
1642,14.53443717956543
1643,14.414009094238281
1644,14.392898559570312
1645,14.256332397460938
1646,14.28593921661377
1647,14.411519050598145
1648,14.477228164672852
1649,14.61043643951416
1650,14.572744369506836
1651,14.574167251586914
1652,14.595911026000977
1653,14.730733871459961
1654,14.716268539428711
1655,14.857187271118164
1656,14.86346435546875
1657,14.744868278503418
1658,14.716132164001465
1659,14.690065383911133
1660,14.73716926574707
1661,14.713269233703613
1662,14.62480640411377
1663,14.768887519836426
1664,14.68313217163086
1665,14.693339347839355
1666,14.620920181274414
1667,14.643024444580078
1668,14.64894962310791
1669,14.010175704956055
1670,13.950047492980957
1671,13.860251426696777
1672,13.807347297668457
1673,13.848092079162598
1674,13.998744010925293
1675,14.042569160461426
1676,14.13874340057373
1677,14.154704093933105
1678,14.149691581726074
1679,14.222352027893066
1680,14.28806209564209
1681,14.351008415222168
1682,14.599987030029297
1683,14.520709037780762
1684,14.34857177734375
1685,14.491761207580566
1686,14.26195240020752
1687,13.9772310256958
1688,13.956612586975098
1689,13.996861457824707
1690,14.338176727294922
1691,14.353411674499512
1692,14.273662567138672
1693,14.278688430786133
1694,14.257059097290039
1695,14.250649452209473
1696,13.55412769317627
1697,13.83044719696045
1698,14.010804176330566
1699,14.141557693481445
1700,14.115313529968262
1701,14.156852722167969
1702,14.333805084228516
1703,14.532591819763184
1704,14.563680648803711
1705,14.400896072387695
1706,14.486961364746094
1707,14.506715774536133
1708,14.551131248474121
1709,14.684951782226562
1710,14.678409576416016
1711,14.705719947814941
1712,14.705778121948242
1713,14.67349910736084
1714,14.429170608520508
1715,14.400482177734375
1716,14.311163902282715
1717,14.336060523986816
1718,14.281466484069824
1719,14.188627243041992
1720,14.130014419555664
1721,14.167768478393555
1722,14.167882919311523
1723,13.628700256347656
1724,13.966059684753418
1725,13.814516067504883
1726,13.724064826965332
1727,13.697478294372559
1728,13.964654922485352
1729,14.0169095993042
1730,14.152006149291992
1731,14.307860374450684
1732,14.317238807678223
1733,14.362518310546875
1734,14.084053039550781
1735,14.267378807067871
1736,14.395276069641113
1737,14.561429977416992
1738,14.431974411010742
1739,14.66892147064209
1740,14.689172744750977
1741,14.549885749816895
1742,14.502546310424805
1743,14.644261360168457
1744,14.697463035583496
1745,14.697110176086426
1746,14.524022102355957
1747,14.59972095489502
1748,14.480880737304688
1749,14.366092681884766
1750,14.5520601272583
1751,14.564958572387695
1752,14.616779327392578
1753,14.629936218261719
1754,14.594555854797363
1755,14.604997634887695
1756,14.635778427124023
1757,14.645612716674805
1758,14.659407615661621
1759,14.647623062133789
1760,14.548905372619629
1761,14.582517623901367
1762,14.628561019897461
1763,14.642547607421875
1764,14.580424308776855
1765,14.584065437316895
1766,14.607547760009766
1767,14.597674369812012
1768,14.577516555786133
1769,14.522417068481445
1770,14.680193901062012
1771,14.757723808288574
1772,14.772049903869629
1773,14.713794708251953
1774,14.734333038330078
1775,14.73427963256836
1776,14.736605644226074
1777,14.523776054382324
1778,14.518111228942871
1779,14.449592590332031
1780,14.551016807556152
1781,14.591323852539062
1782,14.65605354309082
1783,14.748002052307129
1784,14.740981101989746
1785,14.821423530578613
1786,14.806035041809082
1787,14.791877746582031
1788,14.783646583557129
1789,14.799677848815918
1790,14.807591438293457
1791,14.722219467163086
1792,14.696883201599121
1793,14.670740127563477
1794,14.638850212097168
1795,14.640602111816406
1796,14.687393188476562
1797,14.656071662902832
1798,14.791306495666504
1799,14.776588439941406
1800,14.754965782165527
1801,14.717856407165527
1802,14.671348571777344
1803,14.631641387939453
1804,14.453959465026855
1805,14.741721153259277
1806,14.80294132232666
1807,14.72490119934082
1808,14.503049850463867
1809,14.464874267578125
1810,14.627145767211914
1811,14.802255630493164
1812,14.820915222167969
1813,14.820634841918945
1814,14.822946548461914
1815,14.699655532836914
1816,14.679937362670898
1817,14.83576774597168
1818,14.848809242248535
1819,14.884360313415527
1820,14.847773551940918
1821,14.883322715759277
1822,14.876477241516113
1823,14.885149002075195
1824,14.900456428527832
1825,14.901577949523926
1826,14.942748069763184
1827,14.882906913757324
1828,14.902719497680664
1829,14.89881420135498
1830,14.897041320800781
1831,14.421369552612305
1832,14.286459922790527
1833,14.19084358215332
1834,14.2014741897583
1835,14.185595512390137
1836,14.077043533325195
1837,14.049675941467285
1838,13.089241981506348
1839,12.992667198181152
1840,12.92611026763916
1841,12.8643798828125
1842,12.815074920654297
1843,12.799908638000488
1844,12.808263778686523
1845,12.819999694824219
1846,12.827510833740234
1847,12.840766906738281
1848,12.95482063293457
1849,12.9252290725708
1850,12.909822463989258
1851,13.108681678771973
1852,12.923371315002441
1853,12.964394569396973
1854,12.841150283813477
1855,12.818389892578125
1856,12.814929008483887
1857,12.78260612487793
1858,12.819814682006836
1859,12.877099990844727
1860,13.06692886352539
1861,13.180672645568848
1862,13.086869239807129
1863,12.938828468322754
1864,12.922487258911133
1865,13.044841766357422
1866,13.362605094909668
1867,13.886262893676758
1868,13.97817325592041
1869,13.805776596069336
1870,13.826272010803223
1871,13.72368335723877
1872,13.80445671081543
1873,13.864301681518555
1874,13.87611198425293
1875,13.98727798461914
1876,13.836552619934082
1877,13.679410934448242
1878,13.577489852905273
1879,13.547218322753906
1880,13.401427268981934
1881,13.309365272521973
1882,13.210367202758789
1883,13.337895393371582
1884,13.619871139526367
1885,13.705896377563477
1886,13.668533325195312
1887,13.512726783752441
1888,13.808959007263184
1889,13.930641174316406
1890,13.932441711425781
1891,14.006852149963379
1892,14.204111099243164
1893,14.243378639221191
1894,14.207253456115723
1895,14.15935230255127
1896,14.191521644592285
1897,13.801384925842285
1898,13.772492408752441
1899,13.567535400390625
1900,13.322503089904785
1901,13.222254753112793
1902,13.411298751831055
1903,13.547446250915527
1904,13.755829811096191
1905,13.929251670837402
1906,14.098089218139648
1907,14.098742485046387
1908,14.077290534973145
1909,14.062254905700684
1910,14.084805488586426
1911,14.102031707763672
1912,14.065898895263672
1913,14.078699111938477
1914,14.175622940063477
1915,14.347772598266602
1916,14.399864196777344
1917,14.394963264465332
1918,14.352278709411621
1919,14.385414123535156
1920,14.389418601989746
1921,14.416008949279785
1922,14.342220306396484
1923,14.473397254943848
1924,14.504599571228027
1925,14.541377067565918
1926,14.57359504699707
1927,14.59215259552002
1928,14.555622100830078
1929,14.50707721710205
1930,14.539183616638184
1931,14.488003730773926
1932,14.48714542388916
1933,14.441238403320312
1934,14.15956974029541
1935,14.204092979431152
1936,14.104455947875977
1937,14.00928783416748
1938,14.062241554260254
1939,13.834824562072754
1940,13.732216835021973
1941,13.599350929260254
1942,13.452579498291016
1943,13.537313461303711
1944,13.64858341217041
1945,13.65475845336914
1946,13.659075736999512
1947,13.646337509155273
1948,13.509300231933594
1949,13.413212776184082
1950,13.71080207824707
1951,13.756754875183105
1952,13.909749984741211
1953,13.669771194458008
1954,13.693071365356445
1955,13.698872566223145
1956,14.1758451461792
1957,14.283350944519043
1958,14.164754867553711
1959,14.122457504272461
1960,14.102849006652832
1961,14.056767463684082
1962,13.830243110656738
1963,13.79920768737793
1964,13.932372093200684
1965,13.969523429870605
1966,13.82568359375
1967,13.816994667053223
1968,13.922901153564453
1969,13.998263359069824
1970,13.893903732299805
1971,14.005961418151855
1972,14.231584548950195
1973,14.22888469696045
1974,14.094629287719727
1975,14.322429656982422
1976,14.092279434204102
1977,14.478506088256836
1978,14.488797187805176
1979,14.48295783996582
1980,14.49537467956543
1981,14.451926231384277
1982,13.770008087158203
1983,13.673452377319336
1984,13.671371459960938
1985,14.191633224487305
1986,14.143522262573242
1987,14.070497512817383
1988,13.801321983337402
1989,13.766496658325195
1990,13.699234962463379
1991,13.645983695983887
1992,13.657780647277832
1993,13.31128215789795
1994,13.225197792053223
1995,13.186381340026855
1996,13.118988037109375
1997,13.128731727600098
1998,13.14188289642334
1999,13.18513298034668
2000,12.36132526397705
2001,12.396522521972656
2002,12.395940780639648
2003,12.443587303161621
2004,12.414629936218262
2005,12.52849292755127
2006,12.611578941345215
2007,12.687201499938965
2008,12.365435600280762
2009,12.395100593566895
2010,12.423807144165039
2011,12.457966804504395
2012,12.485267639160156
2013,12.465533256530762
2014,12.425153732299805
2015,12.406181335449219
2016,12.418289184570312
2017,12.359740257263184
2018,12.38419246673584
2019,12.393922805786133
2020,12.376046180725098
2021,12.425983428955078
2022,12.419158935546875
2023,12.421065330505371
2024,12.421979904174805
2025,12.367259979248047
2026,12.321231842041016
2027,12.347612380981445
2028,12.338478088378906
2029,12.379124641418457
2030,12.381230354309082
2031,12.394149780273438
2032,12.397329330444336
2033,12.494050025939941
2034,12.499780654907227
2035,12.411934852600098
2036,12.373275756835938
2037,12.425246238708496
2038,12.423091888427734
2039,12.400423049926758
2040,12.363536834716797
2041,12.400769233703613
2042,12.411473274230957
2043,12.3843412399292
2044,12.390019416809082
2045,12.306117057800293
2046,12.333126068115234
2047,12.319418907165527
2048,12.291614532470703
2049,12.348997116088867
2050,12.292563438415527
2051,12.349115371704102
2052,12.338431358337402
2053,12.309457778930664
2054,12.315691947937012
2055,12.324934005737305
2056,12.365975379943848
2057,12.337491989135742
2058,12.343859672546387
2059,12.378726959228516
2060,12.274277687072754
2061,12.185047149658203
2062,12.219880104064941
2063,12.213509559631348
2064,12.239343643188477
2065,12.275012016296387
2066,12.254711151123047
2067,12.266523361206055
2068,12.249598503112793
2069,12.218499183654785
2070,12.228731155395508
2071,12.231189727783203
2072,12.236172676086426
2073,12.252205848693848
2074,12.298301696777344
2075,12.279905319213867
2076,12.279097557067871
2077,12.310872077941895
2078,12.286564826965332
2079,12.31056022644043
2080,12.332634925842285
2081,12.256921768188477
2082,12.353520393371582
2083,12.358807563781738
2084,12.287307739257812
2085,12.32468318939209
2086,12.341567039489746
2087,12.19697093963623
2088,12.209659576416016
2089,12.222410202026367
2090,12.215275764465332
2091,12.23112964630127
2092,12.245656967163086
2093,12.237661361694336
2094,12.235373497009277
2095,12.279289245605469
2096,12.23127555847168
2097,12.230338096618652
2098,12.229247093200684
2099,12.236175537109375
2100,12.245485305786133
2101,12.253615379333496
2102,12.24702262878418
2103,12.271354675292969
2104,12.278099060058594
2105,12.2836275100708
2106,12.302626609802246
2107,12.254999160766602
2108,12.296542167663574
2109,12.287626266479492
2110,12.276022911071777
2111,12.299749374389648
2112,12.325448989868164
2113,12.30007266998291
2114,12.292776107788086
2115,12.526080131530762
2116,12.698344230651855
2117,12.7760648727417
2118,12.922128677368164
2119,13.00533390045166
2120,12.926876068115234
2121,12.903115272521973
2122,13.02132797241211
2123,13.117049217224121
2124,12.84546947479248
2125,12.852437019348145
2126,12.86871337890625
2127,13.04659366607666
2128,12.809000015258789
2129,12.978110313415527
2130,12.695061683654785
2131,12.614299774169922
2132,12.592649459838867
2133,12.538406372070312
2134,12.555302619934082
2135,12.71860122680664
2136,12.968749046325684
2137,12.993097305297852
2138,13.045332908630371
2139,13.004730224609375
2140,12.620954513549805
2141,12.587502479553223
2142,12.723675727844238
2143,12.562971115112305
2144,12.479476928710938
2145,12.46263313293457
2146,12.445893287658691
2147,12.424447059631348
2148,12.41282844543457
2149,12.442756652832031
2150,12.409932136535645
2151,12.42953872680664
2152,12.389613151550293
2153,12.360058784484863
2154,12.369616508483887
2155,12.38613224029541
2156,12.38315200805664
2157,12.3937349319458
2158,12.386443138122559
2159,12.372859001159668
2160,12.475449562072754
2161,12.542542457580566
2162,12.500978469848633
2163,12.575838088989258
2164,12.611654281616211
2165,12.599690437316895
2166,12.337847709655762
2167,12.370697021484375
2168,12.348973274230957
2169,12.349281311035156
2170,12.37547779083252
2171,12.37772274017334
2172,12.358990669250488
2173,12.304203033447266
2174,12.359244346618652
2175,12.321332931518555
2176,12.33579158782959
2177,12.327132225036621
2178,12.354816436767578
2179,12.346363067626953
2180,12.341497421264648
2181,12.327392578125
2182,12.318428993225098
2183,12.327348709106445
2184,12.351785659790039
2185,12.368022918701172
2186,12.3758544921875
2187,12.42669677734375
2188,12.376041412353516
2189,12.356091499328613
2190,12.401517868041992
2191,12.385865211486816
2192,12.406416893005371
2193,12.290879249572754
2194,12.315350532531738
2195,12.25575065612793
2196,12.314207077026367
2197,12.354813575744629
2198,12.373556137084961
2199,12.42915153503418
2200,12.411561012268066
2201,12.397217750549316
2202,12.579862594604492
2203,12.465508460998535
2204,12.465556144714355
2205,12.64110279083252
2206,12.64857006072998
2207,12.71753978729248
2208,12.72367000579834
2209,12.709705352783203
2210,12.73499870300293
2211,12.554104804992676
2212,12.49980640411377
2213,12.657477378845215
2214,12.628230094909668
2215,12.557887077331543
2216,12.557502746582031
2217,12.566118240356445
2218,12.55666732788086
2219,12.474828720092773
2220,12.503569602966309
2221,12.515835762023926
2222,12.51810359954834
2223,12.504098892211914
2224,12.516290664672852
2225,12.496312141418457
2226,12.561225891113281
2227,12.577399253845215
2228,12.596267700195312
2229,12.616659164428711
2230,12.608635902404785
2231,12.60026741027832
2232,12.834332466125488
2233,12.888713836669922
2234,12.843280792236328
2235,12.717639923095703
2236,12.685641288757324
2237,12.626741409301758
2238,12.633082389831543
2239,12.652539253234863
2240,12.841731071472168
2241,12.789078712463379
2242,12.763240814208984
2243,12.760152816772461
2244,12.762107849121094
2245,12.807294845581055
2246,12.447537422180176
2247,12.793807983398438
2248,12.748056411743164
2249,12.811942100524902
2250,12.763509750366211
2251,12.747811317443848
2252,12.716142654418945
2253,12.719741821289062
2254,12.70197868347168
2255,12.795751571655273
2256,12.788177490234375
2257,12.75198745727539
2258,12.831842422485352
2259,12.94726276397705
2260,13.119850158691406
2261,13.23764705657959
2262,13.15635871887207
2263,12.962682723999023
2264,12.893003463745117
2265,12.935579299926758
2266,12.948822975158691
2267,13.289290428161621
2268,13.219947814941406
2269,13.223766326904297
2270,13.2023344039917
2271,13.385191917419434
2272,13.223031044006348
2273,13.005304336547852
2274,12.865159034729004
2275,12.935077667236328
2276,12.991545677185059
2277,12.801359176635742
2278,12.619565963745117
2279,12.584953308105469
2280,12.598052024841309
2281,12.556825637817383
2282,12.54166316986084
2283,12.52094554901123
2284,12.518905639648438
2285,12.524561882019043
2286,12.590717315673828
2287,12.608367919921875
2288,12.591547966003418
2289,12.581443786621094
2290,12.556675910949707
2291,12.531494140625
2292,12.519362449645996
2293,12.526543617248535
2294,12.59130573272705
2295,12.606379508972168
2296,12.593240737915039
2297,12.605948448181152
2298,12.63386058807373
2299,12.664177894592285
2300,12.424059867858887
2301,12.361810684204102
2302,12.39907169342041
2303,12.379841804504395
2304,12.363585472106934
2305,12.360167503356934
2306,12.371661186218262
2307,12.371464729309082
2308,12.373650550842285
2309,12.368797302246094
2310,12.286407470703125
2311,12.310361862182617
2312,12.302629470825195
2313,12.319270133972168
2314,12.3056058883667
2315,12.338525772094727
2316,12.398107528686523
2317,12.410331726074219
2318,12.438454627990723
2319,12.440888404846191
2320,12.471870422363281
2321,12.497186660766602
2322,12.576704978942871
2323,12.568032264709473
2324,12.572282791137695
2325,12.75527286529541
2326,14.119659423828125
2327,14.446587562561035
2328,14.395895957946777
2329,14.397348403930664
2330,14.475889205932617
2331,14.506793022155762
2332,14.470595359802246
2333,14.609721183776855
2334,14.650895118713379
2335,14.690211296081543
2336,14.476543426513672
2337,14.370026588439941
2338,14.372941017150879
2339,14.643366813659668
2340,14.57441520690918
2341,14.624860763549805
2342,14.567899703979492
2343,14.559331893920898
2344,14.512941360473633
2345,14.36417293548584
2346,14.455286979675293
2347,14.463536262512207
2348,14.364507675170898
2349,14.112287521362305
2350,14.067432403564453
2351,14.08749771118164
2352,14.037612915039062
2353,13.348968505859375
2354,13.575504302978516
2355,13.594934463500977
2356,13.706167221069336
2357,13.789462089538574
2358,13.844108581542969
2359,13.800578117370605
2360,13.90372085571289
2361,13.715252876281738
2362,13.568317413330078
2363,13.545111656188965
2364,13.429621696472168
2365,13.279631614685059
2366,13.335091590881348
2367,13.187899589538574
2368,13.168599128723145
2369,13.059307098388672
2370,13.008854866027832
2371,13.126750946044922
2372,13.129132270812988
2373,13.224135398864746
2374,13.621892929077148
2375,13.57017707824707
2376,13.484557151794434
2377,13.502689361572266
2378,13.396818161010742
2379,13.503822326660156
2380,12.973593711853027
2381,12.937397956848145
2382,13.43238639831543
2383,13.50503158569336
2384,13.646749496459961
2385,13.432408332824707
2386,13.566615104675293
2387,13.503332138061523
2388,13.474889755249023
2389,13.223461151123047
2390,13.159042358398438
2391,13.152359008789062
2392,13.031299591064453
2393,13.39137077331543
2394,13.428156852722168
2395,13.461556434631348
2396,13.319355964660645
2397,13.207321166992188
2398,13.074763298034668
2399,12.97799301147461
2400,12.894989967346191
2401,13.022436141967773
2402,12.969794273376465
2403,12.943013191223145
2404,13.109197616577148
2405,13.184510231018066
2406,13.117358207702637
2407,12.752018928527832
2408,12.952779769897461
2409,13.233104705810547
2410,13.261286735534668
2411,13.532835006713867
2412,13.36727237701416
2413,13.403146743774414
2414,13.239997863769531
2415,13.10335922241211
2416,13.343052864074707
2417,13.384209632873535
2418,13.290021896362305
2419,13.26374340057373
2420,13.50017261505127
2421,13.485392570495605
2422,13.392078399658203
2423,13.038305282592773
2424,12.894091606140137
2425,12.867927551269531
2426,12.896479606628418
2427,13.134533882141113
2428,13.552597999572754
2429,13.523443222045898
2430,13.576654434204102
2431,13.277355194091797
2432,13.689266204833984
2433,13.817765235900879
2434,13.526144981384277
2435,13.656865119934082
2436,13.744695663452148
2437,13.986108779907227
2438,13.724023818969727
2439,13.689705848693848
2440,13.911360740661621
2441,13.900944709777832
2442,13.884260177612305
2443,13.79925537109375
2444,13.91769027709961
2445,13.835311889648438
2446,14.260054588317871
2447,14.006175994873047
2448,14.058549880981445
2449,13.949289321899414
2450,13.953962326049805
2451,13.959908485412598
2452,13.760798454284668
2453,14.011238098144531
2454,14.062152862548828
2455,14.047085762023926
2456,13.894200325012207
2457,14.050018310546875
2458,14.074949264526367
2459,14.428093910217285
2460,14.515524864196777
2461,14.600425720214844
2462,14.577733993530273
2463,14.461530685424805
2464,14.528014183044434
2465,14.809381484985352
2466,14.89736270904541
2467,14.720053672790527
2468,14.703349113464355
2469,14.513118743896484
2470,14.443557739257812
2471,14.582834243774414
2472,14.781428337097168
2473,14.786226272583008
2474,14.74259090423584
2475,14.545153617858887
2476,14.482683181762695
2477,14.659467697143555
2478,14.462393760681152
2479,14.583577156066895
2480,14.66586971282959
2481,14.524408340454102
2482,14.701756477355957
2483,14.688680648803711
2484,14.486101150512695
2485,14.302165031433105
2486,14.604011535644531
2487,14.63693904876709
2488,14.641721725463867
2489,14.575091361999512
2490,14.63720703125
2491,14.52685260772705
2492,14.512017250061035
2493,14.510031700134277
2494,14.467859268188477
2495,14.400506973266602
2496,14.280505180358887
2497,14.330953598022461
2498,14.381267547607422
2499,14.41679859161377
2500,15.066143035888672
2501,15.141622543334961
2502,15.104619026184082
2503,15.195708274841309
2504,15.196905136108398
2505,15.179086685180664
2506,15.315332412719727
2507,15.309833526611328
2508,15.235347747802734
2509,15.274227142333984
2510,15.345136642456055
2511,15.301101684570312
2512,15.081770896911621
2513,15.182936668395996
2514,15.181692123413086
2515,15.32607650756836
2516,15.293222427368164
2517,15.276360511779785
2518,15.274649620056152
2519,15.015800476074219
2520,15.268631935119629
2521,15.299333572387695
2522,15.277835845947266
2523,15.171000480651855
2524,15.225310325622559
2525,15.310879707336426
2526,15.295002937316895
2527,15.314085006713867
2528,15.293578147888184
2529,15.300078392028809
2530,15.073247909545898
2531,15.095527648925781
2532,15.142809867858887
2533,15.266660690307617
2534,15.084182739257812
2535,15.071625709533691
2536,15.087214469909668
2537,15.086742401123047
2538,14.50941276550293
2539,14.426350593566895
2540,14.39547348022461
2541,14.372594833374023
2542,14.31158447265625
2543,14.353821754455566
2544,14.51166820526123
2545,14.696807861328125
2546,14.734601974487305
2547,14.836935997009277
2548,14.876441955566406
2549,14.890161514282227
2550,14.891663551330566
2551,15.07141399383545
2552,15.197915077209473
2553,15.136652946472168
2554,15.057699203491211
2555,14.97978687286377
2556,15.04201889038086
2557,14.721674919128418
2558,14.966545104980469
2559,15.032790184020996
2560,15.145468711853027
2561,15.287018775939941
2562,15.319223403930664
2563,15.240680694580078
2564,15.210904121398926
2565,14.937813758850098
2566,15.002615928649902
2567,15.078624725341797
2568,15.03109359741211
2569,15.048789978027344
2570,15.073142051696777
2571,15.095239639282227
2572,15.136229515075684
2573,15.145344734191895
2574,15.139015197753906
2575,15.128543853759766
2576,15.048212051391602
2577,14.932536125183105
2578,14.978121757507324
2579,14.980876922607422
2580,14.848649024963379
2581,14.725859642028809
2582,14.750036239624023
2583,14.762347221374512
2584,14.79349422454834
2585,14.712196350097656
2586,14.8428316116333
2587,14.797560691833496
2588,14.698569297790527
2589,14.715311050415039
2590,14.709260940551758
2591,14.359638214111328
2592,14.474982261657715
2593,14.473033905029297
2594,14.505446434020996
2595,14.581648826599121
2596,14.466839790344238
2597,14.692715644836426
2598,14.783467292785645
2599,14.948155403137207
2600,14.9148530960083
2601,14.944605827331543
2602,14.935856819152832
2603,14.971245765686035
2604,15.200244903564453
2605,15.176923751831055
2606,15.156959533691406
2607,15.176899909973145
2608,15.162763595581055
2609,15.109127044677734
2610,15.067017555236816
2611,14.859517097473145
2612,15.08116626739502
2613,15.13807201385498
2614,15.10527229309082
2615,14.799678802490234
2616,14.648402214050293
2617,13.696629524230957
2618,13.491287231445312
2619,13.389167785644531
2620,13.365034103393555
2621,13.265510559082031
2622,13.253823280334473
2623,13.265945434570312
2624,13.226444244384766
2625,13.232134819030762
2626,13.250515937805176
2627,13.174699783325195
2628,13.153566360473633
2629,13.25489616394043
2630,13.55686092376709
2631,13.579075813293457
2632,13.592698097229004
2633,13.617225646972656
2634,13.497623443603516
2635,13.542963981628418
2636,13.585460662841797
2637,13.789344787597656
2638,13.958734512329102
2639,13.922371864318848
2640,13.873708724975586
2641,13.970930099487305
2642,14.146533012390137
2643,14.145145416259766
2644,13.687986373901367
2645,13.968300819396973
2646,13.959028244018555
2647,14.016676902770996
2648,14.233379364013672
2649,14.42121696472168
2650,14.438566207885742
2651,14.518655776977539
2652,14.502528190612793
2653,14.425357818603516
2654,14.462056159973145
2655,14.254524230957031
2656,14.281846046447754
2657,14.366415977478027
2658,14.380107879638672
2659,14.273104667663574
2660,14.29477596282959
2661,14.387422561645508
2662,14.223196029663086
2663,14.124229431152344
2664,14.065863609313965
2665,14.316390991210938
2666,14.464024543762207
2667,14.639631271362305
2668,14.622428894042969
2669,14.74171257019043
2670,14.208860397338867
2671,13.795828819274902
2672,13.666747093200684
2673,13.871750831604004
2674,13.607975006103516
2675,13.532469749450684
2676,13.502272605895996
2677,13.591109275817871
2678,13.585111618041992
2679,13.556306838989258
2680,13.512457847595215
2681,13.558175086975098
2682,13.505760192871094
2683,13.616216659545898
2684,13.54684829711914
2685,13.647098541259766
2686,13.687891006469727
2687,13.749990463256836
2688,13.870909690856934
2689,13.79951000213623
2690,14.192174911499023
2691,14.466531753540039
2692,14.581514358520508
2693,14.625015258789062
2694,14.689905166625977
2695,14.731752395629883
2696,14.728936195373535
2697,14.529179573059082
2698,14.708069801330566
2699,14.567999839782715
2700,14.60193157196045
2701,14.593271255493164
2702,14.658514022827148
2703,14.664632797241211
2704,14.665221214294434
2705,14.660665512084961
2706,14.635804176330566
2707,14.667659759521484
2708,14.618840217590332
2709,14.555045127868652
2710,14.714553833007812
2711,14.795865058898926
2712,14.667285919189453
2713,14.767057418823242
2714,14.858148574829102
2715,14.89836311340332
2716,14.838027954101562
2717,14.648789405822754
2718,14.788270950317383
2719,14.628746032714844
2720,14.52254581451416
2721,14.505366325378418
2722,14.446307182312012
2723,14.436300277709961
2724,14.200944900512695
2725,14.310287475585938
2726,14.257258415222168
2727,14.039074897766113
2728,13.959111213684082
2729,13.894596099853516
2730,13.77586555480957
2731,13.714853286743164
2732,13.706756591796875
2733,13.802492141723633
2734,13.685531616210938
2735,13.656399726867676
2736,13.631505966186523
2737,13.724174499511719
2738,13.671201705932617
2739,13.629258155822754
2740,13.530984878540039
2741,13.401573181152344
2742,13.352088928222656
2743,13.413232803344727
2744,13.529446601867676
2745,13.868907928466797
2746,14.061039924621582
2747,14.129666328430176
2748,14.10669231414795
2749,14.044663429260254
2750,14.025091171264648
2751,14.182225227355957
2752,14.078352928161621
2753,14.004420280456543
2754,14.049849510192871
2755,13.950279235839844
2756,13.801023483276367
2757,13.576114654541016
2758,13.603388786315918
2759,13.587462425231934
2760,13.503678321838379
2761,13.419806480407715
2762,13.353028297424316
2763,13.232034683227539
2764,13.336578369140625
2765,13.336360931396484
2766,13.307160377502441
2767,13.155851364135742
2768,13.104177474975586
2769,13.048990249633789
2770,13.082259178161621
2771,13.10021686553955
2772,13.296351432800293
2773,13.298852920532227
2774,13.401400566101074
2775,13.520082473754883
2776,13.695815086364746
2777,13.903288841247559
2778,12.896732330322266
2779,12.795638084411621
2780,12.815777778625488
2781,12.88128662109375
2782,12.852176666259766
2783,12.84840202331543
2784,12.914091110229492
2785,13.037630081176758
2786,13.075027465820312
2787,13.027841567993164
2788,13.102801322937012
2789,13.007041931152344
2790,12.96524429321289
2791,13.074289321899414
2792,13.038198471069336
2793,13.011402130126953
2794,13.005911827087402
2795,13.021759986877441
2796,12.981383323669434
2797,12.972813606262207
2798,12.961467742919922
2799,13.208433151245117
2800,13.295673370361328
2801,13.271710395812988
2802,13.249691009521484
2803,13.196121215820312
2804,13.14983081817627
2805,12.713502883911133
2806,12.773001670837402
2807,13.041112899780273
2808,13.29976749420166
2809,12.989069938659668
2810,12.832515716552734
2811,12.851225852966309
2812,12.929736137390137
2813,12.935922622680664
2814,12.87772274017334
2815,12.810138702392578
2816,12.819549560546875
2817,12.751642227172852
2818,12.78149127960205
2819,12.728322982788086
2820,12.687135696411133
2821,12.62842845916748
2822,12.585318565368652
2823,12.602621078491211
2824,12.628960609436035
2825,12.583638191223145
2826,12.66344165802002
2827,12.677186965942383
2828,12.665616989135742
2829,12.660948753356934
2830,12.664402961730957
2831,12.618460655212402
2832,12.251859664916992
2833,12.360596656799316
2834,12.65075397491455
2835,12.731123924255371
2836,13.250592231750488
2837,13.725049018859863
2838,13.862640380859375
2839,13.466922760009766
2840,13.396517753601074
2841,13.69713020324707
2842,13.89306926727295
2843,13.892929077148438
2844,13.713481903076172
2845,14.023189544677734
2846,13.602411270141602
2847,13.470938682556152
2848,13.301336288452148
2849,13.214317321777344
2850,13.11276626586914
2851,13.022676467895508
2852,13.03335952758789
2853,13.151863098144531
2854,13.123946189880371
2855,13.285923957824707
2856,13.839115142822266
2857,14.15151596069336
2858,14.270452499389648
2859,13.606236457824707
2860,13.627571105957031
2861,14.11817741394043
2862,14.123087882995605
2863,14.270354270935059
2864,14.455855369567871
2865,14.508732795715332
2866,14.27720832824707
2867,14.349212646484375
2868,14.229063987731934
2869,14.199405670166016
2870,13.959314346313477
2871,13.78306770324707
2872,13.970876693725586
2873,13.951312065124512
2874,14.070375442504883
2875,14.090012550354004
2876,14.405845642089844
2877,14.246777534484863
2878,14.262514114379883
2879,14.16433334350586
2880,14.632488250732422
2881,14.626079559326172
2882,14.540468215942383
2883,14.596226692199707
2884,14.575739860534668
2885,14.549440383911133
2886,14.387466430664062
2887,14.34721851348877
2888,14.479253768920898
2889,14.498387336730957
2890,14.473865509033203
2891,14.44819450378418
2892,14.536749839782715
2893,14.595463752746582
2894,14.598531723022461
2895,14.616236686706543
2896,14.582992553710938
2897,14.598957061767578
2898,14.544450759887695
2899,14.549598693847656
2900,14.722646713256836
2901,14.569157600402832
2902,14.30542278289795
2903,14.333542823791504
2904,14.369915962219238
2905,14.451895713806152
2906,14.394471168518066
2907,14.637439727783203
2908,14.617825508117676
2909,14.558553695678711
2910,14.615914344787598
2911,14.801655769348145
2912,14.831299781799316
2913,14.424419403076172
2914,14.33680248260498
2915,14.49003791809082
2916,14.566656112670898
2917,14.625561714172363
2918,14.590434074401855
2919,14.49402904510498
2920,14.318965911865234
2921,14.283981323242188
2922,14.318598747253418
2923,14.351547241210938
2924,14.336385726928711
2925,14.319639205932617
2926,14.471128463745117
2927,14.443181037902832
2928,14.46423625946045
2929,14.435033798217773
2930,14.698192596435547
2931,14.869885444641113
2932,14.884703636169434
2933,14.870588302612305
2934,14.925827980041504
2935,14.933937072753906
2936,14.951807022094727
2937,14.997322082519531
2938,15.07159423828125
2939,14.995198249816895
2940,14.709680557250977
2941,14.814842224121094
2942,14.853658676147461
2943,14.885891914367676
2944,14.933688163757324
2945,14.873939514160156
2946,14.925882339477539
2947,14.897521018981934
2948,14.93441390991211
2949,14.939173698425293
2950,14.935323715209961
2951,14.893549919128418
2952,14.883401870727539
2953,14.944162368774414
2954,14.923147201538086
2955,14.936016082763672
2956,14.914299964904785
2957,14.932024955749512
2958,14.932564735412598
2959,14.937864303588867
2960,14.910423278808594
2961,14.998516082763672
2962,14.921475410461426
2963,14.917586326599121
2964,14.934229850769043
2965,15.081377029418945
2966,15.104792594909668
2967,14.64771842956543
2968,14.77877140045166
2969,14.758197784423828
2970,14.864286422729492
2971,14.892303466796875
2972,14.884053230285645
2973,14.89098072052002
2974,14.963605880737305
2975,14.867740631103516
2976,14.862210273742676
2977,14.808807373046875
2978,14.788431167602539
2979,14.695682525634766
2980,14.7315092086792
2981,14.685115814208984
2982,14.632116317749023
2983,14.628002166748047
2984,14.74670124053955
2985,14.765517234802246
2986,14.657272338867188
2987,14.60027027130127
2988,14.88477897644043
2989,14.915739059448242
2990,14.828514099121094
2991,14.861468315124512
2992,14.827144622802734
2993,14.839142799377441
2994,14.864145278930664
2995,14.892879486083984
2996,14.860822677612305
2997,14.930109024047852
2998,14.839548110961914
2999,14.64549732208252
3000,14.68043327331543
3001,14.790628433227539
3002,14.813780784606934
3003,14.758379936218262
3004,14.696054458618164
3005,14.69606876373291
3006,14.706048965454102
3007,14.830820083618164
3008,14.898962020874023
3009,14.979315757751465
3010,14.899168968200684
3011,14.822624206542969
3012,14.661977767944336
3013,14.829902648925781
3014,14.959555625915527
3015,15.066080093383789
3016,14.940930366516113
3017,15.00908374786377
3018,15.124090194702148
3019,14.85861873626709
3020,14.750046730041504
3021,14.440814018249512
3022,14.650667190551758
3023,14.801873207092285
3024,14.874062538146973
3025,15.078062057495117
3026,15.065738677978516
3027,15.064453125
3028,15.134895324707031
3029,15.023214340209961
3030,15.048446655273438
3031,15.194860458374023
3032,15.246599197387695
3033,15.248642921447754
3034,15.348041534423828
3035,15.279006004333496
3036,15.393818855285645
3037,15.416828155517578
3038,15.573078155517578
3039,15.464803695678711
3040,15.457862854003906
3041,15.333646774291992
3042,15.349876403808594
3043,15.080606460571289
3044,15.180458068847656
3045,15.174671173095703
3046,15.355741500854492
3047,15.334741592407227
3048,15.37829303741455
3049,15.544722557067871
3050,15.513456344604492
3051,15.360610961914062
3052,15.435185432434082
3053,15.41363525390625
3054,15.383086204528809
3055,15.537354469299316
3056,15.54068660736084
3057,15.550889015197754
3058,15.563882827758789
3059,15.591063499450684
3060,15.623740196228027
3061,15.610572814941406
3062,15.567224502563477
3063,15.617630004882812
3064,15.559578895568848
3065,15.687108039855957
3066,15.601934432983398
3067,15.6072359085083
3068,15.549273490905762
3069,15.568218231201172
3070,15.355925559997559
3071,15.303871154785156
3072,15.242366790771484
3073,15.21200942993164
3074,15.144364356994629
3075,15.129128456115723
3076,15.092845916748047
3077,15.088251113891602
3078,15.124815940856934
3079,15.113654136657715
3080,14.98735237121582
3081,14.936495780944824
3082,14.930758476257324
3083,14.928266525268555
3084,14.8989896774292
3085,14.938090324401855
3086,14.963708877563477
3087,14.966292381286621
3088,14.949954986572266
3089,14.942036628723145
3090,14.841869354248047
3091,15.016058921813965
3092,15.151911735534668
3093,15.231657981872559
3094,15.197943687438965
3095,15.110382080078125
3096,15.22292709350586
3097,14.664410591125488
3098,14.934768676757812
3099,14.805037498474121
3100,14.960506439208984
3101,15.01548957824707
3102,15.203376770019531
3103,15.198121070861816
3104,15.229484558105469
3105,15.042922019958496
3106,15.12626838684082
3107,15.278509140014648
3108,15.2394380569458
3109,15.218409538269043
3110,15.514406204223633
3111,15.496912956237793
3112,15.417210578918457
3113,15.556708335876465
3114,15.53683853149414
3115,15.497795104980469
3116,15.525671005249023
3117,15.535892486572266
3118,15.584463119506836
3119,15.540643692016602
3120,15.624692916870117
3121,15.543557167053223
3122,15.449004173278809
3123,15.46288013458252
3124,15.244040489196777
3125,15.467402458190918
3126,15.502676963806152
3127,15.329071044921875
3128,15.336548805236816
3129,15.281716346740723
3130,15.453190803527832
3131,15.537611961364746
3132,15.558324813842773
3133,15.376834869384766
3134,15.480426788330078
3135,15.556915283203125
3136,15.525593757629395
3137,15.587140083312988
3138,15.604623794555664
3139,15.60396957397461
3140,15.429512977600098
3141,15.555496215820312
3142,15.466076850891113
3143,15.351252555847168
3144,15.29592514038086
3145,15.455896377563477
3146,15.384917259216309
3147,15.35482120513916
3148,15.330055236816406
3149,15.32579231262207
3150,15.308931350708008
3151,14.700261116027832
3152,14.45676326751709
3153,14.35539436340332
3154,14.267314910888672
3155,14.239226341247559
3156,14.224984169006348
3157,14.23416519165039
3158,14.199331283569336
3159,14.173542022705078
3160,14.165907859802246
3161,14.165933609008789
3162,14.201144218444824
3163,14.463454246520996
3164,14.527115821838379
3165,14.521221160888672
3166,14.451138496398926
3167,14.527132034301758
3168,14.554362297058105
3169,14.636385917663574
3170,14.667346954345703
3171,14.685412406921387
3172,14.574169158935547
3173,14.6113920211792
3174,14.484068870544434
3175,14.516072273254395
3176,14.517969131469727
3177,14.57807445526123
3178,14.72818374633789
3179,14.662378311157227
3180,14.554574966430664
3181,14.568684577941895
3182,14.5689115524292
3183,14.600272178649902
3184,14.539026260375977
3185,14.359374046325684
3186,14.345806121826172
3187,14.404244422912598
3188,14.281760215759277
3189,14.27745246887207
3190,14.29539680480957
3191,14.31604290008545
3192,14.428643226623535
3193,14.52619743347168
3194,14.51628589630127
3195,14.6049222946167
3196,14.667673110961914
3197,14.738299369812012
3198,14.743331909179688
3199,14.534838676452637
3200,14.56999397277832
3201,14.539941787719727
3202,14.635875701904297
3203,14.682390213012695
3204,14.766011238098145
3205,14.786284446716309
3206,14.8120756149292
3207,14.783437728881836
3208,14.84482479095459
3209,14.893610000610352
3210,14.92274284362793
3211,15.019397735595703
3212,15.044107437133789
3213,15.131272315979004
3214,15.248108863830566
3215,15.351286888122559
3216,15.400311470031738
3217,15.191951751708984
3218,15.162161827087402
3219,15.152706146240234
3220,15.124068260192871
3221,15.129624366760254
3222,15.350688934326172
3223,15.358065605163574
3224,15.232213973999023
3225,15.309344291687012
3226,15.323394775390625
3227,15.373252868652344
3228,14.715723991394043
3229,14.605813980102539
3230,14.6392822265625
3231,14.652661323547363
3232,14.745760917663574
3233,14.715288162231445
3234,14.675714492797852
3235,14.701948165893555
3236,14.594855308532715
3237,14.549516677856445
3238,14.595419883728027
3239,14.652602195739746
3240,14.623737335205078
3241,14.65112018585205
3242,14.718064308166504
3243,14.782560348510742
3244,14.78402042388916
3245,14.782608985900879
3246,14.576111793518066
3247,14.493229866027832
3248,14.496720314025879
3249,14.763638496398926
3250,14.704059600830078
3251,14.592239379882812
3252,14.532222747802734
3253,14.529974937438965
3254,14.509952545166016
3255,14.447093963623047
3256,14.599523544311523
3257,14.422935485839844
3258,14.344632148742676
3259,14.303503036499023
3260,14.190074920654297
3261,14.151729583740234
3262,14.236806869506836
3263,14.447362899780273
3264,14.55405044555664
3265,14.519551277160645
3266,14.57789134979248
3267,14.573345184326172
3268,14.68796443939209
3269,14.609045028686523
3270,14.631950378417969
3271,14.490030288696289
3272,14.535093307495117
3273,14.515182495117188
3274,14.530475616455078
3275,14.616897583007812
3276,14.956273078918457
3277,14.667552947998047
3278,14.659778594970703
3279,14.68133544921875
3280,14.775964736938477
3281,14.733135223388672
3282,14.894291877746582
3283,14.835164070129395
3284,14.846513748168945
3285,14.953357696533203
3286,14.82909107208252
3287,14.796042442321777
3288,14.980281829833984
3289,15.04739761352539
3290,15.111209869384766
3291,14.935341835021973
3292,15.035295486450195
3293,15.071027755737305
3294,14.989792823791504
3295,15.383295059204102
3296,15.117060661315918
3297,15.094748497009277
3298,15.14385986328125
3299,15.152687072753906
3300,15.279967308044434
3301,15.259148597717285
3302,15.293500900268555
3303,15.451157569885254
3304,15.374960899353027
3305,15.335471153259277
3306,15.484797477722168
3307,15.60534381866455
3308,15.517186164855957
3309,15.131549835205078
3310,15.344597816467285
3311,15.41290283203125
3312,15.383420944213867
3313,15.33769702911377
3314,15.274867057800293
3315,15.337579727172852
3316,15.280702590942383
3317,15.39637279510498
3318,15.523456573486328
3319,15.445859909057617
3320,15.418898582458496
3321,15.430898666381836
3322,15.535228729248047
3323,15.638602256774902
3324,15.537701606750488
3325,15.591107368469238
3326,15.590831756591797
3327,15.568888664245605
3328,15.46181869506836
3329,15.615666389465332
3330,15.723928451538086
3331,15.684213638305664
3332,15.638521194458008
3333,15.516562461853027
3334,15.627887725830078
3335,15.131707191467285
3336,15.055535316467285
3337,14.987715721130371
3338,14.933309555053711
3339,14.953352928161621
3340,14.927434921264648
3341,14.884644508361816
3342,14.827143669128418
3343,14.912324905395508
3344,14.901529312133789
3345,14.81567668914795
3346,14.790027618408203
3347,14.754157066345215
3348,14.813870429992676
3349,14.846424102783203
3350,14.78461742401123
3351,14.993274688720703
3352,15.174579620361328
3353,15.19758129119873
3354,15.152332305908203
3355,14.962769508361816
3356,15.169795036315918
3357,14.906111717224121
3358,14.879136085510254
3359,15.032191276550293
3360,14.991189002990723
3361,14.924939155578613
3362,14.217751502990723
3363,14.151175498962402
3364,14.117574691772461
3365,14.082738876342773
3366,14.0969820022583
3367,14.07162094116211
3368,14.06403923034668
3369,14.063275337219238
3370,14.062347412109375
3371,14.034923553466797
3372,13.967011451721191
3373,13.991971015930176
3374,14.003778457641602
3375,13.984216690063477
3376,14.004366874694824
3377,14.035517692565918
3378,14.143111228942871
3379,14.185782432556152
3380,14.376887321472168
3381,14.45355224609375
3382,14.4529390335083
3383,14.353851318359375
3384,14.411633491516113
3385,14.422719955444336
3386,14.306122779846191
3387,14.322422981262207
3388,14.29288101196289
3389,14.094528198242188
3390,14.010143280029297
3391,13.966830253601074
3392,13.975430488586426
3393,13.979032516479492
3394,14.014275550842285
3395,13.994792938232422
3396,14.006884574890137
3397,13.986656188964844
3398,13.978215217590332
3399,13.978341102600098
3400,13.964604377746582
3401,13.943053245544434
3402,13.950677871704102
3403,13.910661697387695
3404,13.936152458190918
3405,13.916094779968262
3406,13.929325103759766
3407,13.934186935424805
3408,13.904048919677734
3409,13.949043273925781
3410,14.010650634765625
3411,14.104211807250977
3412,14.220227241516113
3413,14.108467102050781
3414,14.331404685974121
3415,14.152389526367188
3416,14.092391967773438
3417,14.084688186645508
3418,14.18254280090332
3419,14.33230972290039
3420,14.342917442321777
3421,14.381867408752441
3422,14.392888069152832
3423,14.4035062789917
3424,14.410909652709961
3425,14.382577896118164
3426,14.416498184204102
3427,14.446200370788574
3428,14.45561695098877
3429,14.47789478302002
3430,14.515182495117188
3431,14.520339012145996
3432,14.614524841308594
3433,14.583131790161133
3434,14.578883171081543
3435,14.571000099182129
3436,14.576391220092773
3437,14.599649429321289
3438,14.658879280090332
3439,14.70141887664795
3440,14.765411376953125
3441,14.780036926269531
3442,14.7064847946167
3443,14.651092529296875
3444,14.566650390625
3445,14.529705047607422
3446,14.498353958129883
3447,14.499215126037598
3448,14.491676330566406
3449,14.474676132202148
3450,14.534293174743652
3451,14.540878295898438
3452,14.535115242004395
3453,14.528301239013672
3454,14.580255508422852
3455,14.531139373779297
3456,14.588462829589844
3457,14.625926971435547
3458,14.611161231994629
3459,14.746684074401855
3460,14.853594779968262
3461,14.8242769241333
3462,14.922430992126465
3463,14.835420608520508
3464,14.921265602111816
3465,14.8668212890625
3466,14.848475456237793
3467,14.814598083496094
3468,14.832940101623535
3469,14.722362518310547
3470,14.833324432373047
3471,14.62935733795166
3472,14.57536506652832
3473,14.526021957397461
3474,14.549224853515625
3475,14.552155494689941
3476,14.569151878356934
3477,14.51065731048584
3478,14.533498764038086
3479,14.525056838989258
3480,14.47470474243164
3481,14.424564361572266
3482,14.522475242614746
3483,14.49333667755127
3484,14.526382446289062
3485,14.414410591125488
3486,14.582053184509277
3487,14.612348556518555
3488,14.57574462890625
3489,14.704446792602539
3490,14.631863594055176
3491,14.617253303527832
3492,14.713150024414062
3493,14.621988296508789
3494,14.745241165161133
3495,14.68707275390625
3496,14.764435768127441
3497,14.894161224365234
3498,14.952921867370605
3499,14.914640426635742
3500,14.744975090026855
3501,14.628914833068848
3502,14.554299354553223
3503,14.519883155822754
3504,14.478422164916992
3505,14.50544261932373
3506,14.5407075881958
3507,14.546074867248535
3508,14.52282428741455
3509,14.5181884765625
3510,14.47153377532959
3511,14.498052597045898
3512,14.682893753051758
3513,14.733652114868164
3514,14.73089599609375
3515,14.701560974121094
3516,14.726357460021973
3517,14.75795841217041
3518,14.806488990783691
3519,14.856093406677246
3520,14.835949897766113
3521,14.510201454162598
3522,14.505228042602539
3523,14.348677635192871
3524,14.301438331604004
3525,14.233262062072754
3526,14.218636512756348
3527,14.203498840332031
3528,14.217403411865234
3529,14.217489242553711
3530,14.22618293762207
3531,14.233894348144531
3532,14.225854873657227
3533,14.192737579345703
3534,14.197891235351562
3535,14.202075958251953
3536,14.150406837463379
3537,14.129579544067383
3538,14.120613098144531
3539,14.073780059814453
3540,14.06920051574707
3541,14.056979179382324
3542,14.052952766418457
3543,14.058417320251465
3544,14.06287956237793
3545,14.056982040405273
3546,14.078372955322266
3547,14.126121520996094
3548,14.109227180480957
3549,14.07492446899414
3550,14.022212028503418
3551,13.979830741882324
3552,13.982123374938965
3553,14.006031036376953
3554,13.995302200317383
3555,14.006904602050781
3556,14.020735740661621
3557,14.06674861907959
3558,14.055749893188477
3559,14.046760559082031
3560,14.048274040222168
3561,14.085587501525879
3562,14.263350486755371
3563,14.122626304626465
3564,14.23855972290039
3565,14.225971221923828
3566,14.198128700256348
3567,14.242506980895996
3568,14.22624683380127
3569,14.222012519836426
3570,14.297667503356934
3571,14.25625991821289
3572,14.346424102783203
3573,14.316680908203125
3574,14.076153755187988
3575,14.074203491210938
3576,14.06065845489502
3577,14.13497257232666
3578,14.256935119628906
3579,14.398299217224121
3580,14.544182777404785
3581,14.496196746826172
3582,14.570771217346191
3583,14.617925643920898
3584,14.68910026550293
3585,14.76430892944336
3586,14.901843070983887
3587,14.962172508239746
3588,14.861360549926758
3589,14.921542167663574
3590,14.95736312866211
3591,14.905258178710938
3592,14.832669258117676
3593,14.721846580505371
3594,14.856053352355957
3595,14.911452293395996
3596,14.900747299194336
3597,14.949524879455566
3598,14.893332481384277
3599,14.978013038635254
3600,14.67512035369873
3601,14.759881973266602
3602,14.734408378601074
3603,14.796316146850586
3604,14.656170845031738
3605,14.630691528320312
3606,14.601736068725586
3607,14.597912788391113
3608,14.584714889526367
3609,14.494620323181152
3610,14.473859786987305
3611,14.381378173828125
3612,14.386638641357422
3613,14.438535690307617
3614,14.423917770385742
3615,14.420888900756836
3616,14.46831226348877
3617,14.455070495605469
3618,14.437955856323242
3619,14.443098068237305
3620,14.355688095092773
3621,14.372849464416504
3622,14.355485916137695
3623,14.393462181091309
3624,14.422283172607422
3625,14.404291152954102
3626,14.391092300415039
3627,14.173534393310547
3628,14.282071113586426
3629,14.187315940856934
3630,14.147943496704102
3631,14.269437789916992
3632,14.272357940673828
3633,14.189465522766113
3634,14.335611343383789
3635,14.295283317565918
3636,14.270072937011719
3637,14.253544807434082
3638,14.375981330871582
3639,14.377829551696777
3640,14.464193344116211
3641,14.500726699829102
3642,14.548633575439453
3643,14.541330337524414
3644,14.584010124206543
3645,14.527719497680664
3646,14.52538013458252
3647,14.47707462310791
3648,14.744682312011719
3649,14.582700729370117
3650,14.692283630371094
3651,14.67856216430664
3652,14.61424732208252
3653,14.642539978027344
3654,14.267438888549805
3655,14.240915298461914
3656,14.374197959899902
3657,14.490889549255371
3658,14.387332916259766
3659,14.246973991394043
3660,14.448217391967773
3661,14.402572631835938
3662,14.399481773376465
3663,14.49330997467041
3664,14.386828422546387
3665,14.405130386352539
3666,14.331095695495605
3667,14.481232643127441
3668,14.403778076171875
3669,14.379311561584473
3670,14.459132194519043
3671,14.592552185058594
3672,14.52786636352539
3673,14.512248039245605
3674,14.37941837310791
3675,14.65040111541748
3676,14.605144500732422
3677,14.428564071655273
3678,14.33242130279541
3679,14.290716171264648
3680,14.260542869567871
3681,14.081001281738281
3682,14.02946949005127
3683,14.04506778717041
3684,14.027204513549805
3685,14.030035972595215
3686,14.030759811401367
3687,14.009061813354492
3688,13.997684478759766
3689,13.976511001586914
3690,13.993280410766602
3691,13.967939376831055
3692,13.96939468383789
3693,13.934602737426758
3694,13.921379089355469
3695,13.9163818359375
3696,13.895938873291016
3697,13.909551620483398
3698,13.9021577835083
3699,13.932499885559082
3700,13.917474746704102
3701,13.894530296325684
3702,13.957350730895996
3703,13.968742370605469
3704,13.946965217590332
3705,13.94039249420166
3706,13.971226692199707
3707,13.96215534210205
3708,13.92337417602539
3709,13.870033264160156
3710,13.858787536621094
3711,13.911462783813477
3712,13.912676811218262
3713,13.86001205444336
3714,13.864642143249512
3715,13.866674423217773
3716,13.884604454040527
3717,13.892742156982422
3718,13.870705604553223
3719,13.8697509765625
3720,13.881279945373535
3721,13.915081024169922
3722,13.948433876037598
3723,13.895065307617188
3724,13.920136451721191
3725,13.949238777160645
3726,13.990220069885254
3727,13.946673393249512
3728,13.95595932006836
3729,13.97623062133789
3730,13.997661590576172
3731,13.996665954589844
3732,13.983711242675781
3733,14.004345893859863
3734,13.998559951782227
3735,13.930291175842285
3736,13.934098243713379
3737,13.870887756347656
3738,13.91860580444336
3739,13.910765647888184
3740,13.916799545288086
3741,13.837554931640625
3742,13.849196434020996
3743,13.871932983398438
3744,13.973895072937012
3745,14.041030883789062
3746,14.126839637756348
3747,14.157452583312988
3748,14.241886138916016
3749,14.31010913848877
3750,14.394329071044922
3751,14.341443061828613
3752,14.225135803222656
3753,14.412384033203125
3754,14.481154441833496
3755,14.555051803588867
3756,14.595430374145508
3757,14.637049674987793
3758,14.86374282836914
3759,14.876517295837402
3760,14.750158309936523
3761,14.757682800292969
3762,14.972145080566406
3763,14.892985343933105
3764,14.812501907348633
3765,14.92505931854248
3766,14.831995964050293
3767,14.928008079528809
3768,14.823881149291992
3769,14.840895652770996
3770,14.812773704528809
3771,14.809499740600586
3772,14.976217269897461
3773,14.92934513092041
3774,14.84519100189209
3775,14.918795585632324
3776,14.896955490112305
3777,14.99099349975586
3778,14.846935272216797
3779,14.821895599365234
3780,14.698596000671387
3781,14.718047142028809
3782,14.717316627502441
3783,14.907224655151367
3784,14.88901138305664
3785,14.802233695983887
3786,14.867288589477539
3787,14.765271186828613
3788,14.758722305297852
3789,14.6389741897583
3790,14.529520988464355
3791,14.395600318908691
3792,14.339851379394531
3793,14.380902290344238
3794,14.462638854980469
3795,14.472558975219727
3796,14.478839874267578
3797,14.464072227478027
3798,14.459068298339844
3799,14.407917022705078
3800,14.359911918640137
3801,14.290417671203613
3802,14.376775741577148
3803,14.391823768615723
3804,14.367793083190918
3805,14.29788875579834
3806,14.208431243896484
3807,14.17351245880127
3808,14.14599895477295
3809,14.137466430664062
3810,14.184730529785156
3811,14.205326080322266
3812,14.215960502624512
3813,14.232084274291992
3814,14.22811508178711
3815,14.183170318603516
3816,13.979686737060547
3817,14.00751781463623
3818,13.987605094909668
3819,14.019100189208984
3820,14.013717651367188
3821,14.020279884338379
3822,14.002250671386719
3823,14.027939796447754
3824,13.997404098510742
3825,13.983109474182129
3826,13.975438117980957
3827,13.93899154663086
3828,13.959169387817383
3829,13.98256778717041
3830,14.145278930664062
3831,14.31758975982666
3832,14.399787902832031
3833,14.48108196258545
3834,14.543037414550781
3835,14.583730697631836
3836,14.577249526977539
3837,14.90005111694336
3838,14.95765209197998
3839,14.970638275146484
3840,14.6647367477417
3841,14.513080596923828
3842,14.662888526916504
3843,14.711408615112305
3844,14.596184730529785
3845,14.612563133239746
3846,14.643136024475098
3847,14.586540222167969
3848,14.566492080688477
3849,14.619378089904785
3850,14.609435081481934
3851,14.709900856018066
3852,14.706408500671387
3853,14.625279426574707
3854,14.624520301818848
3855,14.513843536376953
3856,14.556357383728027
3857,14.319123268127441
3858,14.326064109802246
3859,14.367591857910156
3860,14.52372932434082
3861,14.376626968383789
3862,14.515252113342285
3863,14.5487642288208
3864,14.46202278137207
3865,14.403103828430176
3866,14.410367965698242
3867,14.530207633972168
3868,14.562488555908203
3869,14.573007583618164
3870,14.646934509277344
3871,14.702333450317383
3872,14.609502792358398
3873,14.750616073608398
3874,14.662027359008789
3875,14.573257446289062
3876,14.527915954589844
3877,14.628293991088867
3878,14.823183059692383
3879,14.714900016784668
3880,14.752096176147461
3881,14.860074043273926
3882,14.762343406677246
3883,14.70845890045166
3884,14.786782264709473
3885,14.936691284179688
3886,14.87978744506836
3887,14.942474365234375
3888,15.024791717529297
3889,15.043559074401855
3890,15.027563095092773
3891,15.093279838562012
3892,15.094001770019531
3893,15.099589347839355
3894,15.021085739135742
3895,14.982648849487305
3896,15.04709243774414
3897,15.271903038024902
3898,15.173164367675781
3899,15.210721969604492
3900,15.218273162841797
3901,15.217601776123047
3902,15.150129318237305
3903,15.15413761138916
3904,15.125421524047852
3905,15.145559310913086
3906,15.160811424255371
3907,15.181668281555176
3908,15.196246147155762
3909,15.15351390838623
3910,15.17783260345459
3911,15.03926944732666
3912,15.200224876403809
3913,15.261114120483398
3914,15.192231178283691
3915,15.195003509521484
3916,15.116997718811035
3917,15.13266658782959
3918,15.152249336242676
3919,15.158834457397461
3920,15.172208786010742
3921,15.1334810256958
3922,15.163614273071289
3923,15.107198715209961
3924,15.086799621582031
3925,15.11376953125
3926,15.293758392333984
3927,15.092470169067383
3928,15.283882141113281
3929,15.246909141540527
3930,15.106149673461914
3931,15.163570404052734
3932,15.40637493133545
3933,15.39037799835205
3934,15.391084671020508
3935,15.361170768737793
3936,15.368875503540039
3937,15.364923477172852
3938,15.276844024658203
3939,15.258868217468262
3940,15.218107223510742
3941,15.221721649169922
3942,15.415032386779785
3943,15.30643367767334
3944,15.121505737304688
3945,15.14810848236084
3946,15.08167839050293
3947,15.017999649047852
3948,15.116694450378418
3949,15.103264808654785
3950,15.116148948669434
3951,15.168457984924316
3952,15.171794891357422
3953,15.235455513000488
3954,15.22110366821289
3955,15.246240615844727
3956,15.254834175109863
3957,15.179977416992188
3958,15.112915992736816
3959,15.199167251586914
3960,15.188833236694336
3961,15.308085441589355
3962,15.307634353637695
3963,15.159180641174316
3964,15.140497207641602
3965,15.087544441223145
3966,15.126801490783691
3967,15.142923355102539
3968,15.225510597229004
3969,15.236860275268555
3970,15.175487518310547
3971,15.151314735412598
3972,15.244951248168945
3973,15.23211669921875
3974,15.218496322631836
3975,15.215998649597168
3976,15.175477981567383
3977,15.154176712036133
3978,15.198497772216797
3979,15.16428279876709
3980,15.092119216918945
3981,14.973526000976562
3982,14.864629745483398
3983,14.77920150756836
3984,14.842723846435547
3985,14.757354736328125
3986,14.895092964172363
3987,14.788481712341309
3988,14.688939094543457
3989,14.655096054077148
3990,14.761176109313965
3991,14.796847343444824
3992,14.536911964416504
3993,14.643555641174316
3994,14.660909652709961
3995,14.6498441696167
3996,14.537763595581055
3997,14.494684219360352
3998,14.49446964263916
3999,14.512535095214844
