,0
0,118.15
1,118.55
2,118.55
3,118.94
4,118.71
5,119.0
6,119.09
7,118.91
8,118.8999
9,119.74
10,119.61
11,119.32
12,119.29
13,119.22
14,119.26
15,118.955
16,119.29
17,119.05
18,119.17
19,119.43
20,119.6
21,119.42
22,119.37000000000002
23,119.22
24,119.23
25,119.08000000000001
26,119.21
27,118.96
28,119.54
29,119.3
30,119.05
31,118.71
32,118.095
33,117.06
34,117.15
35,117.16
36,117.83
37,116.72
38,116.83
39,117.02
40,117.16
41,117.28
42,118.06
43,118.07
44,118.24
45,117.92
46,117.56
47,117.68
48,117.69
49,117.04
50,117.17
51,117.37
52,116.71
53,116.95
54,117.25
55,117.59
56,117.43
57,117.09
58,117.41
59,117.84
60,118.38
61,118.6
62,118.63
63,118.74
64,118.85
65,118.75
66,118.97
67,118.53
68,118.13
69,118.15
70,117.96
71,118.29
72,117.84
73,117.94
74,117.85
75,118.05
76,118.19
77,118.25
78,118.34
79,118.15
80,118.42
81,118.16
82,118.19
83,118.37
84,118.42
85,118.29
86,118.33
87,118.54
88,118.57
89,118.77
90,119.56999999999998
91,119.63
92,119.77
93,119.84
94,119.74
95,120.13
96,120.095
97,120.21
98,119.97
99,119.98
100,119.87
101,119.46
102,119.82
103,119.92
104,120.2
105,120.21
106,120.18
107,119.84
108,120.09
109,120.02
110,120.1
111,120.14
112,120.34999999999998
113,119.75
114,119.55
115,119.56
116,119.98
117,119.75
118,119.51
119,119.5
120,119.69
121,119.67
122,119.92
123,119.99
124,119.95
125,119.86000000000001
126,119.72
127,119.73
128,119.81
129,119.76000000000002
130,119.87
131,119.86000000000001
132,119.87
133,119.74
134,119.82
135,119.74
136,119.52
137,119.56999999999998
138,119.35
139,119.7
140,119.925
141,119.9
142,119.94
143,119.71
144,119.79
145,119.95
146,119.85
147,120.15000000000002
148,120.12
149,120.11
150,120.11
151,120.12
152,120.22
153,120.17
154,120.07
155,119.8
156,119.83
157,119.59
158,118.99
159,119.31
160,119.42
161,119.35
162,119.56
163,119.55
164,119.17
165,118.99
166,118.68
167,118.57
168,118.92
169,118.93
170,119.0
171,118.79
172,119.06
173,118.98000000000002
174,119.08000000000001
175,118.89
176,119.09
177,119.38
178,119.47000000000001
179,119.35
180,119.41
181,119.46
182,119.5
183,119.55
184,119.71
185,119.46
186,119.39
187,119.58
188,119.545
189,119.77
190,119.78
191,119.43
192,119.33
193,119.58
194,119.61
195,119.68
196,120.82
197,120.88
198,121.06
199,120.79
200,120.71
201,120.75
202,121.04
203,121.18
204,121.165
205,121.18
206,121.36
207,121.39
208,121.49
209,121.72
210,121.77
211,121.55
212,121.55
213,121.55
214,121.66
215,121.72
216,121.94
217,122.065
218,122.03
219,122.085
220,122.13
221,122.01
222,122.02
223,123.36
224,123.68
225,123.43
226,123.78
227,124.07
228,123.85
229,123.92
230,123.95
231,124.01
232,124.3
233,124.38
234,124.29
235,124.115
236,124.17
237,123.77
238,124.0
239,124.15
240,124.23
241,124.49
242,124.53
243,124.56
244,124.71
245,124.54
246,124.87
247,124.905
248,124.87
249,124.88
250,126.73
251,127.15
252,127.18
253,126.855
254,126.92
255,126.95
256,126.83
257,126.4
258,125.78
259,126.16
260,126.38
261,126.59
262,126.6
263,126.41
264,126.29000000000002
265,126.12
266,126.48
267,126.525
268,126.43
269,126.35
270,126.57
271,126.44
272,126.33
273,126.39000000000001
274,126.33
275,126.42
276,126.51
277,126.59
278,126.44
279,126.31
280,125.86
281,126.08
282,126.17
283,125.895
284,126.17
285,126.25
286,126.10000000000001
287,126.25
288,126.26
289,126.17
290,126.41
291,126.03
292,125.91
293,125.95
294,125.87
295,126.02
296,126.19
297,126.26
298,126.555
299,126.68000000000002
300,127.12
301,127.06
302,127.08
303,127.04
304,127.65
305,128.39
306,128.42
307,128.79
308,128.52
309,128.18
310,128.46
311,128.26
312,128.44
313,128.24
314,128.09
315,127.705
316,127.44
317,127.69
318,127.81
319,127.63
320,127.64
321,127.44
322,127.64
323,127.62
324,127.67
325,127.84
326,127.97
327,127.75
328,127.74
329,128.14
330,128.03
331,127.92
332,127.7
333,128.03
334,128.18
335,128.0
336,128.0
337,128.0
338,127.91
339,127.91
340,128.0
341,127.79
342,127.72
343,127.81
344,127.75
345,127.74
346,127.7
347,127.945
348,127.745
349,127.96
350,127.98
351,128.3
352,128.65
353,128.58
354,128.71
355,128.71
356,128.78
357,128.66
358,128.845
359,128.82
360,128.875
361,128.725
362,128.6
363,128.7
364,128.64
365,128.72
366,128.74
367,128.69
368,128.7
369,128.72
370,128.72
371,128.7
372,128.68
373,128.69
374,128.64
375,128.515
376,128.57
377,128.67
378,128.865
379,128.85
380,128.6
381,128.45
382,128.45
383,128.53
384,128.42
385,128.47
386,128.61
387,128.75
388,128.76
389,128.64
390,128.66
391,128.66
392,128.65
393,128.6
394,128.5
395,128.45
396,128.55
397,128.62
398,128.69
399,128.74
400,128.81
401,128.92
402,128.92
403,128.96
404,129.19
405,129.4
406,129.39
407,129.38
408,129.5
409,129.4899
410,130.28
411,130.49
412,130.62
413,130.76
414,131.2
415,131.33
416,131.47
417,131.88
418,131.58
419,131.72
420,131.64
421,131.79
422,131.82
423,132.14
424,132.09
425,132.04
426,131.9
427,132.075
428,132.24
429,132.45
430,132.52
431,132.39
432,132.21
433,132.49
434,132.7
435,132.99
436,133.0
437,131.87
438,131.72
439,132.09
440,132.62
441,132.91
442,133.2
443,133.48
444,133.48
445,133.18
446,132.85
447,132.84
448,132.57
449,132.06
450,132.07
451,132.4
452,132.33
453,132.72
454,132.5
455,132.79
456,132.63
457,132.65
458,132.7
459,132.74
460,132.89
461,132.8
462,132.18
463,132.17
464,131.42
465,131.04
466,131.22
467,130.29
468,130.73
469,130.88
470,130.87
471,131.23
472,131.125
473,130.86
474,130.96
475,130.87
476,130.94
477,130.96
478,130.98
479,130.88
480,130.86
481,130.28
482,130.02
483,130.14
484,128.79
485,129.15
486,129.23
487,128.38
488,128.68
489,128.73
490,128.73
491,128.14
492,126.83
493,126.96
494,127.5
495,127.645
496,127.68
497,128.22
498,128.16
499,128.72
500,129.33
501,129.1
502,129.66
503,129.86
504,129.9
505,130.59
506,130.37
507,130.7
508,130.31
509,130.08
510,129.33
511,129.44
512,129.64
513,130.03
514,130.2
515,130.205
516,130.42
517,130.415
518,129.01
519,129.9
520,129.5
521,130.15
522,130.15
523,129.78
524,129.87
525,129.62
526,129.88
527,129.91
528,129.98
529,129.945
530,129.98
531,129.71
532,129.835
533,129.75
534,129.53
535,129.61
536,129.24
537,128.985
538,128.86
539,129.07
540,128.78
541,128.96
542,128.555
543,128.47
544,128.48
545,129.51
546,129.97
547,129.84
548,129.95
549,129.58
550,129.44
551,129.36
552,129.51
553,129.61
554,129.57
555,129.32
556,129.22
557,128.72
558,128.89
559,128.8
560,128.57
561,128.87
562,128.92
563,128.59
564,128.66
565,128.66
566,128.75
567,128.86
568,129.09
569,128.99
570,129.08
571,129.09
572,129.02
573,128.91
574,128.99
575,128.83
576,128.92
577,128.5
578,128.485
579,128.6
580,128.46
581,128.61
582,128.46
583,128.31
584,128.4
585,128.83
586,128.92
587,128.85
588,128.82
589,128.9
590,129.14
591,129.48
592,129.06
593,129.05
594,129.03
595,129.28
596,129.27
597,129.38
598,129.3699
599,128.42
600,128.69
601,128.77
602,128.69
603,128.97
604,129.02
605,129.29
606,128.91
607,128.9
608,128.95
609,129.02
610,129.0
611,129.1
612,128.98
613,129.03
614,129.07
615,128.88
616,128.84
617,128.66
618,128.83
619,128.99
620,128.83
621,128.85
622,128.68
623,128.68
624,128.55
625,128.54
626,128.265
627,127.83
628,127.63
629,127.26
630,127.22
631,127.11
632,126.55
633,126.96
634,126.77000000000001
635,126.94
636,126.65
637,126.72
638,126.36
639,125.91
640,126.11
641,126.4
642,126.14
643,126.32
644,126.65
645,126.76
646,126.57
647,126.72
648,126.34
649,126.44
650,126.24
651,126.39
652,126.3882
653,127.98
654,129.2
655,128.89
656,128.65
657,128.76
658,128.61
659,128.1
660,127.85
661,127.56
662,127.79
663,128.14
664,127.64
665,127.7
666,127.48
667,127.44
668,127.11
669,127.13
670,127.09
671,127.37
672,127.045
673,126.99
674,126.78
675,126.91
676,126.58
677,126.44
678,126.6
679,126.6
680,127.56
681,127.53
682,127.81
683,127.54
684,127.88
685,127.95
686,127.93
687,127.86
688,127.81
689,127.59
690,127.39
691,127.5
692,127.435
693,127.17
694,127.945
695,127.71
696,128.97
697,128.57
698,127.91
699,126.98
700,125.69
701,126.45
702,127.39
703,127.04
704,126.87000000000002
705,127.08
706,127.089
707,126.13000000000001
708,126.0
709,125.58
710,125.4
711,124.82
712,124.96
713,125.53
714,125.18
715,125.04
716,124.59
717,124.59
718,124.15
719,124.30999999999999
720,124.25
721,124.25
722,124.62
723,125.1
724,125.05
725,125.09
726,124.7
727,124.97
728,124.91
729,125.09
730,124.84999999999998
731,125.125
732,124.53
733,124.557
734,123.3
735,122.98
736,122.9
737,122.82
738,122.36
739,122.61
740,123.01
741,123.2
742,123.49
743,123.7
744,123.38
745,123.4
746,123.59
747,123.6
748,123.82
749,123.7
750,123.25
751,123.15
752,123.25
753,123.23000000000002
754,123.005
755,123.255
756,122.67
757,122.43
758,122.75
759,122.25
760,122.24
761,122.72
762,123.6
763,123.77
764,124.16
765,123.93999999999998
766,124.05
767,124.15
768,124.18
769,123.93999999999998
770,123.82
771,124.12
772,124.25
773,123.96
774,124.05
775,124.20999999999998
776,124.2
777,124.26
778,124.57999999999998
779,124.83
780,124.77
781,124.47
782,124.62
783,124.33
784,124.46
785,124.46
786,124.44
787,124.45
788,125.1
789,124.78
790,124.55
791,124.4
792,124.53
793,123.8
794,124.13
795,123.72
796,123.93999999999998
797,123.77
798,123.26
799,123.42
800,123.46
801,123.36
802,123.27
803,122.77
804,122.99
805,123.04
806,122.8
807,123.04
808,122.87
809,123.24
810,123.18
811,123.24
812,123.07
813,123.57
814,123.54
815,123.16
816,123.64
817,124.11
818,124.14
819,124.11
820,124.1
821,124.15
822,124.37
823,124.35
824,124.32
825,124.08
826,124.12
827,124.14
828,124.135
829,124.01
830,124.18
831,124.16
832,124.28
833,124.4
834,124.43
835,124.5
836,124.48
837,124.75
838,124.66
839,124.77
840,124.93
841,124.94999999999999
842,126.43
843,126.44
844,126.46
845,126.93
846,126.87000000000002
847,127.02
848,126.47
849,126.45
850,126.65
851,126.83
852,126.71
853,126.77000000000001
854,126.96
855,127.01
856,127.08
857,127.21
858,127.22
859,127.27
860,127.24
861,127.16
862,127.02
863,127.1
864,127.22
865,127.09
866,127.13
867,127.05500000000002
868,126.62
869,126.97
870,127.22
871,127.88
872,127.59
873,127.68
874,127.79
875,127.51000000000002
876,127.48
877,127.25
878,127.14000000000001
879,126.92
880,127.0
881,126.77000000000001
882,126.58
883,126.66
884,126.54
885,127.06
886,128.18
887,128.2
888,128.38
889,128.38
890,128.96
891,128.84
892,128.83
893,128.47
894,128.5
895,128.74
896,128.52
897,128.45
898,128.3
899,128.34
900,128.37
901,128.11
902,128.05
903,128.03
904,128.185
905,128.0
906,128.02
907,127.84
908,127.5
909,127.6
910,128.03
911,127.93
912,127.69
913,127.87
914,127.87
915,128.05
916,128.19
917,128.04
918,127.84
919,127.67
920,127.53
921,127.495
922,127.81
923,127.98
924,127.84
925,127.82
926,127.75
927,127.89
928,127.92
929,127.78000000000002
930,127.6
931,127.73
932,127.71
933,127.8
934,127.74
935,127.85
936,127.98
937,128.03
938,127.94
939,127.83
940,127.89
941,128.06
942,128.07
943,127.995
944,127.79
945,127.79
946,126.56
947,127.01
948,126.65
949,127.12
950,127.21
951,127.35
952,127.255
953,126.92
954,126.98
955,127.16
956,127.27
957,127.25
958,127.24
959,127.46
960,127.44
961,127.49
962,127.6
963,127.66
964,127.62
965,127.83
966,127.73
967,127.79
968,127.63
969,127.37
970,127.19
971,127.22
972,127.27
973,126.74
974,127.08
975,127.52
976,127.83
977,127.63
978,127.6
979,127.75
980,127.79
981,127.67
982,127.61
983,127.69
984,127.56
985,127.42
986,127.14000000000001
987,127.38
988,127.13
989,127.21
990,127.16
991,126.87000000000002
992,126.95
993,126.875
994,126.89
995,127.05
996,126.8
997,126.73
998,126.68
999,126.69
1000,126.38
1001,125.75000000000001
1002,125.61
1003,125.93000000000002
1004,125.62
1005,125.98
1006,125.81999999999998
1007,125.59000000000002
1008,124.95
1009,125.12
1010,124.995
1011,124.64
1012,124.5
1013,124.87
1014,124.63
1015,124.56
1016,124.81
1017,124.74
1018,124.42
1019,124.54
1020,124.34999999999998
1021,124.24
1022,124.25
1023,123.56
1024,123.75
1025,123.47
1026,123.76
1027,123.93999999999998
1028,123.61999999999999
1029,123.51
1030,124.07
1031,124.265
1032,123.9
1033,124.21
1034,124.60000000000001
1035,124.77000000000001
1036,124.63
1037,124.43
1038,124.22
1039,124.5
1040,124.12000000000002
1041,124.05
1042,124.36000000000001
1043,124.46
1044,124.18999999999998
1045,124.29000000000002
1046,124.72
1047,124.43
1048,124.15
1049,124.10999999999999
1050,124.37000000000002
1051,124.26999999999998
1052,124.13
1053,124.02999999999999
1054,123.66
1055,123.76
1056,123.84
1057,124.21
1058,124.24
1059,123.77
1060,123.9
1061,123.73
1062,123.53999999999999
1063,123.45
1064,123.42
1065,123.48
1066,123.49
1067,123.61
1068,123.43
1069,123.46
1070,123.34
1071,123.32
1072,123.2
1073,123.04
1074,123.255
1075,123.035
1076,123.39
1077,123.11
1078,124.95
1079,125.37
1080,125.40999999999998
1081,125.21
1082,125.33999999999999
1083,125.41999999999999
1084,125.40999999999998
1085,125.13
1086,125.14
1087,125.06
1088,125.29
1089,125.36
1090,125.41999999999999
1091,125.46
1092,125.63
1093,125.69
1094,125.77
1095,125.79
1096,125.8
1097,125.72
1098,125.73
1099,125.7
1100,125.87
1101,126.06
1102,126.22
1103,126.32000000000001
1104,125.56999999999998
1105,125.63
1106,125.16999999999999
1107,125.3
1108,125.19
1109,125.0
1110,125.54
1111,125.545
1112,125.11
1113,125.06
1114,125.325
1115,125.19
1116,125.22
1117,125.17999999999999
1118,125.37
1119,125.3
1120,125.48999999999998
1121,125.3
1122,125.40999999999998
1123,125.35
1124,125.25999999999999
1125,125.35
1126,125.0
1127,124.62
1128,124.61000000000001
1129,124.67
1130,124.43
1131,124.14
1132,123.49
1133,123.69999999999999
1134,123.74
1135,123.8
1136,123.93999999999998
1137,124.44000000000001
1138,124.12000000000002
1139,124.04000000000002
1140,124.08
1141,123.93
1142,124.08
1143,123.94999999999999
1144,123.85
1145,123.89
1146,124.06
1147,124.43
1148,124.44000000000001
1149,124.10999999999999
1150,123.93999999999998
1151,123.94999999999999
1152,124.09
1153,123.9
1154,123.81
1155,123.69999999999999
1156,124.13
1157,124.52000000000001
1158,124.75
1159,124.68
1160,124.5
1161,124.36000000000001
1162,124.54
1163,124.46
1164,124.52000000000001
1165,124.7
1166,124.82
1167,124.71
1168,124.84
1169,125.02
1170,124.83
1171,124.93
1172,124.88
1173,124.83
1174,124.9
1175,124.88
1176,124.96
1177,124.86
1178,124.88
1179,124.97
1180,125.0
1181,125.47
1182,125.32
1183,125.16999999999999
1184,125.78
1185,126.32000000000001
1186,126.88999999999999
1187,126.96999999999998
1188,126.99
1189,126.82
1190,126.76
1191,127.01
1192,127.13999999999999
1193,127.2
1194,127.17
1195,127.15000000000002
1196,127.13999999999999
1197,127.23000000000002
1198,127.285
1199,127.13999999999999
1200,127.19
1201,127.11
1202,127.15000000000002
1203,127.195
1204,127.24
1205,127.29
1206,127.355
1207,127.47000000000001
1208,127.31000000000002
1209,127.35
1210,127.71000000000001
1211,127.21999999999998
1212,127.35
1213,127.49
1214,127.27
1215,127.16
1216,127.13999999999999
1217,126.92
1218,127.02
1219,127.02
1220,127.16
1221,127.1
1222,126.85
1223,126.86
1224,126.76
1225,126.76
1226,126.72999999999999
1227,126.71
1228,126.83
1229,126.85
1230,126.99
1231,126.79
1232,126.72
1233,126.47
1234,126.2
1235,126.00000000000001
1236,126.01
1237,125.47
1238,125.96
1239,126.02
1240,125.83000000000001
1241,125.16999999999999
1242,125.32999999999998
1243,125.44
1244,125.56
1245,125.61
1246,125.67000000000002
1247,125.94
1248,125.77
1249,125.75000000000001
1250,125.49999999999999
1251,125.3
1252,125.48
1253,125.40999999999998
1254,125.65999999999998
1255,125.81
1256,125.78
1257,125.64
1258,125.47
1259,125.3
1260,125.3
1261,125.32999999999998
1262,125.59000000000002
1263,125.6
1264,125.32999999999998
1265,125.4
1266,125.47
1267,125.46
1268,125.22
1269,125.27
1270,125.115
1271,125.04
1272,125.25999999999999
1273,125.28
1274,125.35
1275,125.55
1276,125.55
1277,125.45
1278,125.44
1279,125.35
1280,125.3
1281,125.28
1282,125.32
1283,125.32999999999998
1284,125.53
1285,125.9
1286,126.36
1287,126.43
1288,126.27
1289,126.54
1290,125.48
1291,126.03
1292,126.32000000000001
1293,126.35
1294,126.57
1295,126.8
1296,126.79
1297,126.76
1298,126.66
1299,126.38
1300,126.23
1301,126.52
1302,126.54
1303,126.62
1304,126.63
1305,126.72
1306,126.84
1307,127.0
1308,126.96
1309,126.88999999999999
1310,127.15000000000002
1311,127.09
1312,127.03
1313,127.05999999999999
1314,127.12
1315,127.1
1316,127.1
1317,128.12
1318,128.06
1319,128.12
1320,128.065
1321,127.94
1322,127.87
1323,128.06
1324,127.47000000000001
1325,127.32
1326,127.45999999999998
1327,127.34
1328,127.43
1329,127.32
1330,127.32
1331,126.99
1332,127.085
1333,126.97999999999999
1334,126.93
1335,126.85
1336,126.93
1337,127.04999999999998
1338,126.96999999999998
1339,127.175
1340,126.88
1341,126.93
1342,126.88999999999999
1343,126.8501
1344,126.77
1345,126.24000000000001
1346,126.32000000000001
1347,126.29
1348,126.23
1349,126.19
1350,126.51
1351,126.3
1352,126.27
1353,126.25
1354,126.41
1355,126.42
1356,126.57
1357,126.42
1358,126.53
1359,126.49
1360,126.45
1361,126.45
1362,126.33
1363,126.35
1364,126.16000000000001
1365,126.43
1366,126.49500000000002
1367,126.28
1368,126.36
1369,126.25
1370,126.3
1371,126.28
1372,126.34
1373,126.37
1374,126.37
1375,126.26
1376,126.3
1377,126.39499999999998
1378,126.19
1379,126.22
1380,126.28
1381,126.2
1382,126.15
1383,126.1
1384,126.18
1385,126.24000000000001
1386,126.45
1387,126.51
1388,126.48
1389,126.67
1390,126.72999999999999
1391,126.97999999999999
1392,127.1
1393,126.89999999999999
1394,126.95
1395,126.74
1396,126.78
1397,126.7701
1398,126.97999999999999
1399,126.61
1400,126.53
1401,126.51
1402,126.64999999999999
1403,126.49
1404,126.46
1405,126.48
1406,126.54
1407,126.64999999999999
1408,126.55
1409,126.48
1410,126.47499999999998
1411,126.47
1412,126.38
1413,126.45
1414,126.7
1415,126.88
1416,126.61
1417,126.635
1418,126.49500000000002
1419,126.32000000000001
1420,126.4
1421,126.34
1422,126.33
1423,126.2
1424,126.17
1425,125.4
1426,125.24999999999999
1427,124.95
1428,124.96
1429,125.13
1430,125.23
1431,125.64
1432,125.44
1433,125.40999999999998
1434,125.42999999999999
1435,125.57999999999998
1436,125.59000000000002
1437,125.28
1438,125.31
1439,125.32
1440,125.24
1441,125.13
1442,125.0
1443,124.76
1444,124.69000000000001
1445,124.695
1446,124.68
1447,124.86
1448,124.74
1449,124.87
1450,124.75
1451,124.75
1452,125.53
1453,126.38
1454,126.53
1455,126.86
1456,126.89999999999999
1457,127.13999999999999
1458,127.25
1459,127.48000000000002
1460,127.49
1461,127.57
1462,127.68
1463,127.77
1464,127.82
1465,127.71000000000001
1466,128.02
1467,127.9
1468,127.985
1469,128.01
1470,127.80000000000001
1471,127.93
1472,127.88000000000001
1473,127.82
1474,127.77
1475,127.47000000000001
1476,127.345
1477,127.59
1478,127.6
1479,127.34
1480,127.015
1481,126.96
1482,127.15000000000002
1483,126.71
1484,126.82
1485,126.95
1486,127.035
1487,126.99
1488,126.96999999999998
1489,127.20999999999998
1490,127.29999999999998
1491,127.185
1492,127.125
1493,127.36
1494,127.45
1495,127.20999999999998
1496,127.12999999999998
1497,127.04999999999998
1498,127.17
1499,127.04
1500,127.01
1501,126.985
1502,126.83000000000001
1503,126.94
1504,126.86
1505,126.76
1506,126.71
1507,126.61
1508,126.72999999999999
1509,126.8
1510,126.91
1511,127.15
1512,127.2
1513,127.09
1514,127.22
1515,127.25
1516,127.56
1517,127.62
1518,127.61
1519,127.58
1520,127.58
1521,127.81
1522,127.86
1523,127.89
1524,128.04
1525,128.3
1526,128.31
1527,128.7
1528,128.65
1529,128.57
1530,128.6
1531,128.62
1532,128.77
1533,129.28
1534,129.63
1535,129.24
1536,129.17
1537,128.89
1538,129.2
1539,129.37
1540,129.15
1541,129.51
1542,129.58
1543,129.63
1544,129.74
1545,129.88
1546,129.83
1547,129.76
1548,129.61
1549,129.85
1550,129.97
1551,129.98
1552,129.91
1553,130.09
1554,130.335
1555,130.08
1556,129.91
1557,129.68
1558,129.67
1559,130.3
1560,130.15
1561,129.86
1562,129.84
1563,129.43
1564,129.42
1565,129.43
1566,129.79
1567,129.83
1568,129.82
1569,130.16
1570,130.19
1571,129.93
1572,129.82
1573,129.95
1574,130.09
1575,129.99
1576,129.91
1577,129.85
1578,129.97
1579,130.01
1580,129.98
1581,130.01
1582,130.04
1583,130.17
1584,130.26
1585,132.82
1586,132.98
1587,132.64
1588,132.765
1589,132.89
1590,132.69
1591,132.56
1592,132.73
1593,132.72
1594,132.57
1595,132.76
1596,132.77
1597,132.83
1598,132.76
1599,132.61
1600,132.71
1601,132.48
1602,132.25
1603,131.5
1604,131.53
1605,131.57
1606,131.59
1607,131.445
1608,132.0
1609,132.53
1610,132.42
1611,131.64
1612,131.16
1613,129.6
1614,130.92
1615,130.92
1616,130.86
1617,131.67
1618,131.44
1619,131.86
1620,132.6
1621,132.94
1622,132.8
1623,132.75
1624,132.87
1625,132.68
1626,132.44
1627,132.27
1628,132.01
1629,131.45
1630,131.29
1631,131.27
1632,130.89
1633,131.07
1634,130.5
1635,130.83
1636,130.49
1637,131.44
1638,130.66
1639,130.45
1640,130.05
1641,130.32
1642,129.72
1643,129.87
1644,130.03
1645,129.79
1646,129.79
1647,128.98
1648,128.76
1649,128.69
1650,128.98
1651,128.88
1652,128.83
1653,129.0
1654,129.37
1655,128.66
1656,129.2
1657,129.47
1658,129.0
1659,128.86
1660,128.52
1661,128.71
1662,128.61
1663,128.64
1664,127.72
1665,126.31
1666,126.43
1667,125.695
1668,126.02999999999999
1669,126.06
1670,126.49
1671,126.42
1672,126.25
1673,125.85
1674,125.89
1675,125.87999999999998
1676,125.79000000000002
1677,125.68
1678,125.84
1679,125.59
1680,125.58
1681,125.61
1682,125.71
1683,125.32
1684,125.45
1685,125.16
1686,124.85
1687,125.09000000000002
1688,125.03
1689,125.32
1690,125.15
1691,126.22
1692,126.18
1693,126.8
1694,126.65
1695,126.35
1696,126.32999999999998
1697,126.54
1698,126.47999999999999
1699,126.27999999999999
1700,126.19
1701,125.78
1702,126.1
1703,126.32
1704,126.42
1705,126.26
1706,126.52999999999999
1707,126.84
1708,127.17999999999999
1709,127.25
1710,127.68000000000002
1711,127.8
1712,127.92
1713,127.94
1714,128.03
1715,128.41
1716,128.96
1717,128.95
1718,130.48
1719,130.29
1720,130.16
1721,130.09
1722,129.83
1723,129.71
1724,129.78
1725,129.75
1726,129.6
1727,129.73
1728,129.57
1729,129.36
1730,128.78
1731,128.71
1732,128.43
1733,128.6
1734,129.11
1735,129.28
1736,129.07
1737,128.86
1738,128.99
1739,129.03
1740,128.75
1741,128.635
1742,128.83
1743,128.7
1744,128.7
1745,127.81999999999998
1746,126.82
1747,127.06
1748,127.15
1749,126.97
1750,127.25
1751,126.84
1752,126.5
1753,126.62
1754,126.57
1755,126.68
1756,126.76
1757,126.55
1758,126.46
1759,126.07999999999998
1760,126.18
1761,126.18
1762,126.3
1763,126.4
1764,126.27999999999999
1765,126.015
1766,126.2
1767,126.24
1768,126.3
1769,126.27999999999999
1770,125.82999999999998
1771,125.8
1772,124.91
1773,124.53
1774,123.79
1775,124.08
1776,124.59000000000002
1777,125.29000000000002
1778,125.01
1779,125.26
1780,125.32
1781,125.18
1782,124.57
1783,124.62
1784,124.49
1785,124.37
1786,124.28999999999999
1787,124.03
1788,123.88
1789,124.0
1790,123.72
1791,123.94000000000001
1792,123.74000000000001
1793,124.02
1794,124.16
1795,124.53999999999999
1796,124.7
1797,125.1
1798,125.21
1799,124.68
1800,125.31
1801,124.9
1802,125.37999999999998
1803,125.19
1804,125.11
1805,125.28
1806,125.29000000000002
1807,125.17
1808,125.35
1809,125.8
1810,125.84
1811,125.93
1812,125.72
1813,125.51
1814,125.72
1815,125.33
1816,125.89
1817,125.78
1818,125.78
1819,125.79000000000002
1820,125.68
1821,125.5
1822,125.21
1823,125.19
1824,126.64
1825,126.95
1826,126.64
1827,126.57
1828,126.85
1829,126.85
1830,127.04
1831,127.08000000000001
1832,127.25
1833,127.35
1834,127.26
1835,127.27
1836,127.07
1837,127.22
1838,127.41
1839,127.37
1840,127.57
1841,127.25
1842,127.26
1843,127.27
1844,127.25
1845,127.37
1846,127.39
1847,127.27
1848,127.42999999999999
1849,127.55
1850,126.26
1851,126.21
1852,126.37
1853,125.82999999999998
1854,125.95
1855,126.12999999999998
1856,126.315
1857,126.1
1858,126.32999999999998
1859,126.7
1860,126.56
1861,126.52
1862,126.47
1863,126.49
1864,126.63000000000001
1865,126.79
1866,126.82
1867,126.65
1868,126.47999999999999
1869,126.74
1870,126.82
1871,126.51
1872,126.54
1873,126.44
1874,126.56
1875,126.32999999999998
1876,126.32
1877,125.02
1878,125.11
1879,125.07
1880,125.13
1881,125.62999999999998
1882,125.67
1883,125.93
1884,126.09
1885,126.3
1886,126.25500000000001
1887,126.04
1888,126.05
1889,126.23
1890,126.34
1891,126.79
1892,126.70500000000001
1893,126.61
1894,126.5
1895,126.54
1896,126.56
1897,126.59
1898,126.24
1899,126.38000000000001
1900,126.2
1901,126.07999999999998
1902,125.92
1903,125.865
1904,127.06
1905,126.77999999999999
1906,126.8
1907,126.61
1908,126.5
1909,126.47999999999999
1910,126.52999999999999
1911,126.44
1912,126.645
1913,126.6
1914,126.52
1915,126.27
1916,126.42
1917,126.43
1918,126.63000000000001
1919,126.65499999999999
1920,126.635
1921,126.74
1922,126.54
1923,126.32999999999998
1924,126.39
1925,126.315
1926,126.12999999999998
1927,126.15
1928,126.09
1929,125.99
1930,127.33000000000001
1931,127.7
1932,127.95
1933,127.995
1934,128.06
1935,128.235
1936,128.28
1937,128.25
1938,128.35
1939,128.385
1940,128.3
1941,128.375
1942,128.33
1943,128.51
1944,128.58
1945,128.69
1946,128.61
1947,128.67
1948,128.715
1949,128.82
1950,128.775
1951,128.91
1952,128.89
1953,128.83
1954,128.775
1955,128.94
1956,128.95
1957,129.07
1958,128.61
1959,128.3
1960,128.42
1961,128.46
1962,128.75
1963,128.6
1964,128.295
1965,128.48
1966,128.54
1967,128.6
1968,128.56
1969,128.74
1970,128.55
1971,128.62
1972,128.49
1973,128.48
1974,128.44
1975,128.35
1976,128.6
1977,128.83
1978,128.87
1979,128.8
1980,128.56
1981,128.64
1982,128.765
1983,129.4
1984,129.24
1985,129.17
1986,129.17
1987,129.09
1988,128.77
1989,129.82
1990,130.08
1991,130.25
1992,130.28
1993,130.08
1994,130.1
1995,130.22
1996,130.36
1997,130.71
1998,130.58
1999,130.46
2000,130.54
2001,130.51
2002,130.43
2003,130.57
2004,130.58
2005,130.53
2006,130.405
2007,130.455
2008,130.16
2009,130.29
2010,130.4
2011,130.18
2012,130.2
2013,130.48
2014,130.39
2015,130.32
2016,130.34
2017,130.24
2018,130.4
2019,130.3
2020,130.18
2021,130.31
2022,130.34
2023,130.32
2024,130.46
2025,130.73
2026,130.69
2027,130.7
2028,130.66
2029,130.49
2030,130.38
2031,130.06
2032,129.79
2033,129.88
2034,130.11
2035,129.34
2036,129.71
2037,130.075
2038,130.04
2039,130.24
2040,130.04
2041,130.17
2042,129.9
2043,129.99
2044,129.96
2045,129.95
2046,129.95
2047,129.795
2048,129.86
2049,129.86
2050,129.89
2051,129.72
2052,129.92
2053,130.22
2054,130.9
2055,130.67
2056,130.65
2057,130.58
2058,130.22
2059,130.1
2060,130.13
2061,130.114
2062,130.06
2063,130.3
2064,130.55
2065,130.71
2066,130.8
2067,130.98
2068,131.245
2069,131.27
2070,131.18
2071,131.29
2072,131.31
2073,131.38
2074,131.42
2075,131.425
2076,131.37
2077,131.44
2078,131.265
2079,131.16
2080,131.32
2081,131.45
2082,131.45
2083,131.44
2084,131.26
2085,131.34
2086,131.58
2087,131.4
2088,131.39
2089,132.02
2090,132.36
2091,132.65
2092,132.53
2093,132.81
2094,132.79
2095,132.345
2096,132.37
2097,132.27
2098,132.43
2099,132.395
2100,132.425
2101,132.55
2102,132.4
2103,132.76
2104,132.83
2105,132.86
2106,132.79
2107,132.68
2108,132.66
2109,132.6
2110,132.8
2111,132.745
2112,132.78
2113,132.725
2114,132.55
2115,132.54
2116,131.855
2117,131.37
2118,131.25
2119,131.02
2120,130.96
2121,130.79
2122,130.55
2123,130.48
2124,130.72
2125,130.64
2126,130.58
2127,130.71
2128,130.59
2129,130.31
2130,130.17
2131,130.22
2132,130.03
2133,129.8
2134,129.74
2135,129.7
2136,129.53
2137,129.23
2138,129.3
2139,129.46
2140,129.78
2141,129.66
2142,129.62
2143,130.74
2144,130.98
2145,131.16
2146,131.03
2147,131.32
2148,131.46
2149,131.56
2150,131.46
2151,131.68
2152,131.85
2153,131.83
2154,131.82
2155,131.74
2156,131.79
2157,132.02
2158,132.14
2159,132.12
2160,132.095
2161,131.88
2162,131.99
2163,131.98
2164,132.11
2165,132.15
2166,132.17
2167,132.18
2168,132.01
2169,132.045
2170,131.4
2171,131.25
2172,131.45
2173,131.65
2174,131.5
2175,131.39
2176,131.56
2177,131.63
2178,131.62
2179,131.44
2180,131.565
2181,131.64
2182,131.6
2183,131.465
2184,131.49
2185,131.47
2186,131.5
2187,131.46
2188,131.48
2189,131.685
2190,131.7
2191,131.74
2192,131.86
2193,131.68
2194,131.68
2195,131.77
2196,131.78
2197,131.22
2198,131.24
2199,130.9
2200,130.54
2201,130.32
2202,130.17
2203,130.24
2204,130.315
2205,130.65
2206,130.64
2207,130.79
2208,130.81
2209,131.17
2210,130.99
2211,130.99
2212,131.15
2213,130.99
2214,130.89
2215,130.83
2216,130.6
2217,130.49
2218,130.59
2219,130.8
2220,130.72
2221,130.71
2222,130.6
2223,130.3201
2224,130.61
2225,130.71
2226,130.13
2227,130.54
2228,130.25
2229,130.53
2230,130.59
2231,130.36
2232,130.49
2233,130.365
2234,130.42
2235,130.98
2236,130.91
2237,130.94
2238,130.75
2239,130.78
2240,130.82
2241,130.78
2242,130.705
2243,130.82
2244,130.73
2245,130.78
2246,130.81
2247,130.68
2248,130.57
2249,130.53
2250,130.535
2251,129.77
2252,129.7
2253,129.85
2254,129.87
2255,130.25
2256,130.03
2257,130.15
2258,129.88
2259,129.99
2260,130.07
2261,130.09
2262,130.09
2263,130.11
2264,130.32
2265,130.32
2266,130.42
2267,130.46
2268,130.56
2269,130.35
2270,130.28
2271,130.12
2272,130.05
2273,129.85
2274,129.97
2275,129.95
2276,129.95
2277,129.959
2278,130.68
2279,130.68
2280,130.77
2281,130.78
2282,130.73
2283,130.83
2284,130.73
2285,130.49
2286,130.47
2287,130.46
2288,130.43
2289,130.18
2290,130.09
2291,130.14
2292,130.1
2293,130.075
2294,130.08
2295,130.23
2296,130.27
2297,130.325
2298,130.28
2299,130.14
2300,130.2
2301,130.055
2302,130.065
2303,130.17
2304,130.12
2305,130.32
2306,130.26
2307,130.27
2308,130.2
2309,130.2
2310,129.84
2311,129.98
2312,129.83
2313,129.68
2314,129.62
2315,129.57
2316,129.69
2317,129.73
2318,129.68
2319,129.54
2320,129.34
2321,129.37
2322,129.25
2323,129.19
2324,129.15
2325,129.11
2326,129.2
2327,129.38
2328,129.18
2329,129.27
2330,129.45
2331,128.58
2332,128.96
2333,129.21
2334,129.14
2335,129.21
2336,128.915
2337,128.95
2338,129.06
2339,128.78
2340,128.73
2341,128.65
2342,128.51
2343,128.65
2344,128.83
2345,128.71
2346,128.83
2347,128.7
2348,128.75
2349,128.8
2350,128.79
2351,128.73
2352,128.85
2353,128.83
2354,128.66
2355,128.69
2356,128.66
2357,128.65
2358,128.24
2359,128.37
2360,128.67
2361,129.11
2362,128.92
2363,128.45
2364,128.44
2365,128.37
2366,128.35
2367,128.13
2368,127.91999999999999
2369,127.89
2370,127.72
2371,127.37
2372,127.42
2373,127.00999999999999
2374,127.37
2375,127.41
2376,127.39000000000001
2377,127.56
2378,128.06
2379,128.41
2380,128.1
2381,128.0
2382,128.0
2383,127.77
2384,127.79999999999998
2385,126.32
2386,126.54
2387,126.26000000000002
2388,125.83
2389,126.06999999999998
2390,126.22
2391,126.33
2392,126.38
2393,126.45
2394,126.53000000000002
2395,126.39
2396,126.53000000000002
2397,127.19
2398,127.53
2399,127.57
2400,128.04
2401,127.69999999999999
2402,127.48
2403,127.47
2404,127.68
2405,127.84
2406,127.67
2407,127.41
2408,127.21000000000001
2409,127.24
2410,127.41
2411,127.42
2412,128.19
2413,128.57
2414,128.75
2415,128.74
2416,128.71
2417,128.67
2418,128.94
2419,128.86
2420,128.91
2421,128.92
2422,128.785
2423,128.86
2424,128.79
2425,128.96
2426,128.93
2427,128.87
2428,128.81
2429,128.95
2430,129.11
2431,129.24
2432,129.28
2433,129.21
2434,129.0
2435,129.06
2436,129.005
2437,128.91
2438,128.88
2439,129.58
2440,130.08
2441,129.76
2442,129.59
2443,129.52
2444,129.28
2445,129.5
2446,129.31
2447,129.37
2448,129.3
2449,129.35
2450,129.15
2451,129.41
2452,129.34
2453,129.09
2454,129.19
2455,129.18
2456,129.26
2457,129.23
2458,128.96
2459,128.97
2460,128.7
2461,128.865
2462,128.685
2463,128.735
2464,128.59
2465,128.59
2466,127.79999999999998
2467,127.91999999999999
2468,128.12
2469,127.92999999999999
2470,127.83
2471,127.45000000000002
2472,127.89
2473,127.84
2474,127.68
2475,127.58999999999999
2476,127.52
2477,127.63
2478,127.58
2479,127.57
2480,127.775
2481,127.61
2482,127.6
2483,127.66
2484,127.45000000000002
2485,127.47
2486,127.41
2487,127.29000000000002
2488,127.49000000000001
2489,127.58999999999999
2490,127.47
2491,127.15
2492,127.17000000000002
2493,126.16
2494,126.26000000000002
2495,126.52000000000001
2496,126.31000000000002
2497,126.32
2498,126.29
2499,126.72
2500,126.62
2501,126.75
2502,126.81
2503,126.86
2504,126.66
2505,126.47000000000001
2506,126.69
2507,126.77
2508,126.65
2509,126.6
2510,126.73
2511,127.11
2512,127.09
2513,126.99
2514,126.93000000000002
2515,126.94000000000001
2516,126.73
2517,127.045
2518,126.97
2519,126.92
2520,127.03
2521,126.81
2522,126.43
2523,126.71999999999998
2524,126.8
2525,126.83
2526,127.23
2527,127.06
2528,127.09
2529,127.11
2530,127.18999999999998
2531,127.22
2532,127.36
2533,127.40000000000002
2534,127.38
2535,127.45
2536,127.55
2537,127.61
2538,127.61
2539,127.73
2540,127.7
2541,127.7
2542,127.55
2543,127.62
2544,127.465
2545,127.58
2546,127.6
2547,127.41999999999999
2548,127.43
2549,127.38
2550,127.18999999999998
2551,127.34
2552,127.41000000000001
2553,127.3
2554,127.06
2555,127.15000000000002
2556,127.20999999999998
2557,127.03
2558,126.97
2559,126.87
2560,126.82
2561,126.97
2562,126.89
2563,126.89
2564,126.97
2565,127.36
2566,127.05
2567,127.52
2568,127.7
2569,127.56
2570,127.61
2571,127.47
2572,127.34
2573,127.3
2574,127.88000000000001
2575,128.06
2576,128.27
2577,128.18
2578,128.16
2579,128.13
2580,128.19
2581,128.11
2582,128.055
2583,127.87000000000002
2584,127.96
2585,128.01
2586,127.96
2587,127.9
2588,127.96
2589,127.73
2590,127.74
2591,127.68
2592,127.81
2593,127.8
2594,127.88999999999999
2595,128.125
2596,127.99
2597,128.145
2598,127.98
2599,127.83
2600,127.855
2601,127.51
2602,127.55
2603,127.34
2604,127.33
2605,127.265
2606,127.37
2607,127.25
2608,127.25
2609,127.01
2610,126.86
2611,126.81
2612,126.72500000000001
2613,126.78
2614,126.86
2615,127.12
2616,126.97
2617,127.03
2618,127.05
2619,126.93500000000002
2620,126.93000000000002
2621,126.89
2622,126.83
2623,126.8
2624,126.63
2625,126.73999999999998
2626,126.53
2627,127.39
2628,127.38
2629,127.53
2630,127.36
2631,127.51
2632,127.47
2633,127.58
2634,127.91
2635,127.95
2636,127.97
2637,127.785
2638,127.55
2639,127.58
2640,127.63
2641,127.43
2642,127.3
2643,127.27
2644,127.54
2645,127.47
2646,127.45
2647,127.47
2648,127.58
2649,127.63
2650,127.54
2651,127.52
2652,127.51
2653,127.61
2654,127.34
2655,127.365
2656,127.47
2657,127.08
2658,127.12
2659,127.29
2660,127.20999999999998
2661,127.15000000000002
2662,127.17000000000002
2663,127.22
2664,127.11
2665,127.13
2666,127.13
2667,127.06
2668,127.18999999999998
2669,127.14
2670,127.23
2671,127.24
2672,127.35
2673,127.27
2674,127.29
2675,127.35
2676,127.16
2677,127.23
2678,127.13
2679,127.03
2680,127.03
2681,128.36
2682,128.46
2683,128.69
2684,128.81
2685,129.44
2686,129.39
2687,129.16
2688,129.45
2689,129.41
2690,129.26
2691,128.89
2692,128.93
2693,129.22
2694,128.98
2695,129.21
2696,129.02
2697,128.52
2698,128.7
2699,128.57
2700,128.3
2701,128.39
2702,128.45
2703,128.4
2704,128.41
2705,128.345
2706,128.16
2707,128.18
2708,128.78
2709,128.78
2710,128.67
2711,128.85
2712,128.67
2713,128.74
2714,128.82
2715,128.68
2716,128.67
2717,128.72
2718,128.58
2719,128.47
2720,128.285
2721,128.24
2722,128.27
2723,128.22
2724,128.04
2725,128.08
2726,127.61
2727,127.67
2728,127.78
2729,127.67
2730,127.77
2731,127.755
2732,127.665
2733,127.5
2734,127.5
2735,127.32
2736,127.87000000000002
2737,127.58
2738,127.49
2739,127.28
2740,127.07
2741,127.26
2742,127.11
2743,127.09
2744,126.92
2745,126.9
2746,127.03
2747,126.82
2748,126.6
2749,126.565
2750,126.75
2751,126.93000000000002
2752,126.805
2753,126.555
2754,126.635
2755,126.69
2756,126.76
2757,126.87
2758,127.0
2759,126.83
2760,126.76
2761,126.79200000000002
2762,126.18
2763,126.14
2764,126.09
2765,125.88
2766,125.97
2767,125.74
2768,125.62
2769,125.76000000000002
2770,125.51
2771,125.71
2772,125.72
2773,125.56
2774,125.49
2775,125.5
2776,125.27
2777,125.45
2778,125.35
2779,125.38
2780,125.12
2781,125.14
2782,125.24
2783,124.91
2784,124.91
2785,124.82
2786,124.695
2787,124.52
2788,125.0
2789,125.02
2790,125.385
2791,125.69
2792,125.45
2793,125.49
2794,125.5
2795,125.515
2796,125.47
2797,125.48
2798,125.63
2799,125.29000000000002
2800,125.25
2801,125.355
2802,125.22
2803,125.45
2804,125.71
2805,125.81
2806,126.00999999999999
2807,125.82
2808,125.73
2809,125.58
2810,125.48
2811,125.53999999999999
2812,125.47
2813,125.64
2814,126.55
2815,126.75
2816,126.77
2817,126.71999999999998
2818,126.59
2819,126.5
2820,126.34
2821,126.42
2822,126.21
2823,126.24999999999999
2824,126.35
2825,126.29
2826,126.1
2827,126.18
2828,126.12
2829,126.3
2830,126.29
2831,126.15
2832,126.22
2833,126.12
2834,126.07
2835,126.12
2836,126.23000000000002
2837,126.37
2838,126.42
2839,126.56
2840,126.52
2841,126.22
2842,126.15
2843,126.24999999999999
2844,126.17
2845,126.18
2846,125.98
2847,125.97
2848,125.96
2849,125.97
2850,126.02000000000001
2851,125.87
2852,125.94
2853,126.02000000000001
2854,125.89
2855,126.00999999999999
2856,126.04
2857,126.085
2858,126.06
2859,126.06
2860,126.04
2861,126.22
2862,126.22
2863,126.39
2864,126.44
2865,126.36
2866,126.44
2867,125.56999999999998
2868,125.68
2869,125.81
2870,125.61
2871,126.06
2872,126.00000000000001
2873,125.9
2874,125.72
2875,125.79999999999998
2876,125.73
2877,125.73
2878,125.68
2879,125.77000000000001
2880,125.87
2881,125.86
2882,125.66
2883,125.61
2884,125.52
2885,125.58
2886,125.41
2887,125.38
2888,125.48
2889,125.6
2890,125.72
2891,125.81
2892,125.92
2893,125.59
2894,124.42
2895,124.64
2896,124.60999999999999
2897,124.2
2898,124.29
2899,124.52
2900,124.2
2901,124.3
2902,124.62999999999998
2903,124.83999999999999
2904,125.22
2905,125.07
2906,125.02
2907,124.91
2908,125.04
2909,124.93
2910,125.51
2911,125.7
2912,125.56999999999998
2913,125.65
2914,125.38
2915,125.56999999999998
2916,125.64200000000001
2917,124.21
2918,123.68
2919,123.37
2920,123.37
2921,123.44000000000001
2922,124.15
2923,123.76
2924,123.56
2925,123.66
2926,123.24
2927,123.42999999999999
2928,123.49
2929,123.3
2930,123.51
2931,123.27
2932,123.45
2933,123.62
2934,123.88
2935,123.75
2936,123.45
2937,123.09
2938,122.98
2939,123.21999999999998
2940,122.91
2941,123.01
2942,122.58
2943,122.5979
2944,123.62
2945,123.92
2946,123.82
2947,123.36
2948,123.61
2949,123.5
2950,123.33
2951,123.09
2952,123.07
2953,122.91
2954,122.97000000000001
2955,122.83
2956,122.68
2957,122.7
2958,122.31
2959,121.75
2960,121.66
2961,121.46
2962,120.89
2963,120.46
2964,120.34
2965,120.5
2966,120.79
2967,120.4
2968,120.25
2969,120.06
2970,120.07
2971,121.34
2972,122.04
2973,122.79
2974,122.88
2975,122.50500000000001
2976,122.9
2977,122.98999999999998
2978,123.08
2979,123.26
2980,123.09
2981,122.92
2982,123.02
2983,122.82
2984,123.04
2985,122.98999999999998
2986,122.94
2987,123.14
2988,123.125
2989,123.45
2990,123.44000000000001
2991,123.63
2992,123.65000000000002
2993,123.73
2994,123.54
2995,123.5
2996,123.29
2997,124.64
2998,124.54
2999,124.68
3000,124.53000000000002
3001,124.53999999999999
3002,124.56
3003,124.68
3004,124.9
3005,125.18
3006,125.2
3007,125.39
3008,125.41
3009,125.28
3010,125.29
3011,125.49
3012,125.55
3013,125.58
3014,125.49
3015,125.51999999999998
3016,125.61
3017,125.565
3018,125.61
3019,125.635
3020,125.72999999999999
3021,125.6
3022,125.71
3023,125.2
3024,125.62
3025,125.48000000000002
3026,125.51999999999998
3027,125.78
3028,125.68
3029,125.95000000000002
3030,125.89
3031,125.72999999999999
3032,125.825
3033,125.87
3034,125.91
3035,126.035
3036,126.16
3037,126.13
3038,126.3
3039,126.18000000000002
3040,126.19
3041,126.23999999999998
3042,126.20000000000002
3043,125.74000000000001
3044,125.79
3045,125.6
3046,125.66
3047,125.74999999999999
3048,126.0
3049,126.51
3050,126.36
3051,126.745
3052,126.93
3053,127.02
3054,126.86
3055,126.87
3056,126.70999999999998
3057,126.77
3058,126.79
3059,126.87
3060,126.69999999999999
3061,126.77
3062,126.79500000000002
3063,126.61
3064,126.78
3065,126.98
3066,126.95999999999998
3067,126.62
3068,126.63
3069,126.62
3070,126.81
3071,126.69999999999999
3072,126.83
3073,127.62000000000002
3074,127.95
3075,127.72
3076,127.52
3077,127.45
3078,127.76
3079,127.74
3080,127.79
3081,127.99
3082,127.90999999999998
3083,127.90999999999998
3084,128.04
3085,128.04
3086,128.04
3087,127.96
3088,127.88999999999999
3089,127.92
3090,127.98
3091,128.04
3092,128.14
3093,128.33
3094,128.43
3095,128.4
3096,128.54
3097,128.46
3098,128.42
3099,128.53
3100,128.68
3101,128.51
3102,128.59
3103,129.26
3104,129.39
3105,129.38
3106,129.3
3107,129.31
3108,129.01
3109,128.99
3110,128.98
3111,128.92
3112,128.93
3113,128.96
3114,129.05
3115,129.24
3116,129.27
3117,129.28
3118,129.43
3119,129.38
3120,129.48
3121,129.27
3122,129.265
3123,129.365
3124,129.56
3125,131.41
3126,131.69
3127,131.465
3128,131.51
3129,131.73
3130,131.935
3131,132.06
3132,131.96
3133,131.97
3134,132.095
3135,132.14
3136,132.11
3137,132.175
3138,132.06
3139,132.14
3140,132.19
3141,132.33
3142,132.19
3143,132.4
3144,132.65
3145,132.7
3146,132.74
3147,132.84
3148,132.65
3149,131.95
3150,132.045
3151,131.53
3152,131.71
3153,131.26
3154,131.07
3155,131.045
3156,130.57
3157,130.7
3158,130.91
3159,131.07
3160,131.09
3161,131.58
3162,131.61
3163,131.25
3164,131.27
3165,131.13
3166,131.24
3167,131.21
3168,131.25
3169,130.76
3170,131.17
3171,131.14
3172,131.05
3173,130.9
3174,130.76
3175,130.9
3176,130.68
3177,124.0
3178,124.755
3179,124.24
3180,124.61
3181,124.25
3182,124.815
3183,124.36
3184,123.93
3185,124.09
3186,123.86
3187,124.2
3188,124.585
3189,124.64
3190,124.72
3191,124.91
3192,124.79999999999998
3193,124.97
3194,124.88
3195,124.81999999999998
3196,124.84
3197,124.81
3198,125.13
3199,124.74
3200,125.00999999999999
3201,124.79999999999998
3202,125.12
3203,126.08
3204,125.97999999999999
3205,126.48
3206,126.92000000000002
3207,126.51
3208,126.88
3209,126.74
3210,126.6
3211,126.58
3212,126.41
3213,126.34
3214,126.18000000000002
3215,126.0
3216,125.96
3217,125.795
3218,125.71
3219,125.47
3220,125.89
3221,125.76
3222,125.77
3223,125.96
3224,125.63
3225,125.27000000000001
3226,125.32
3227,125.4
3228,125.13
3229,124.88
3230,125.4
3231,125.505
3232,125.18
3233,125.17
3234,125.36
3235,125.19
3236,125.34
3237,125.23000000000002
3238,125.13
3239,124.94
3240,124.87
3241,124.83
3242,124.43
3243,124.46
3244,124.41
3245,124.05
3246,124.30999999999999
3247,124.09
3248,124.14
3249,124.17500000000001
3250,124.44
3251,124.75
3252,124.66
3253,124.47
3254,124.38
3255,122.63000000000001
3256,123.2
3257,122.72
3258,122.79
3259,123.41
3260,123.35000000000001
3261,123.27
3262,122.94
3263,122.86000000000001
3264,123.02
3265,122.86999999999999
3266,122.91
3267,122.78
3268,122.74
3269,123.0
3270,122.93
3271,122.74499999999999
3272,123.01
3273,123.1
3274,123.07
3275,122.93
3276,122.83
3277,122.91
3278,122.72
3279,122.57
3280,122.9
3281,123.18
3282,123.28
3283,123.02
3284,122.7
3285,123.09000000000002
3286,123.24
3287,123.43
3288,123.32
3289,123.245
3290,123.27
3291,123.23
3292,123.47
3293,123.26
3294,123.22
3295,123.5
3296,123.4
3297,123.5
3298,123.54
3299,123.79
3300,123.83000000000001
3301,123.75
3302,123.88
3303,123.58999999999999
3304,123.275
3305,123.32
3306,123.37999999999998
3307,122.97
3308,122.71
3309,122.34
3310,122.71
3311,122.92
3312,122.72
3313,122.67
3314,122.56
3315,122.73
3316,122.76
3317,122.63999999999999
3318,122.58
3319,122.5
3320,122.58
3321,122.68
3322,122.73
3323,122.88000000000001
3324,122.735
3325,122.8
3326,122.94
3327,123.16
3328,123.12999999999998
3329,122.86999999999999
3330,122.88999999999999
3331,122.76
3332,122.83
3333,122.2
3334,121.85
3335,122.12
3336,122.075
3337,122.335
3338,122.1
3339,121.88
3340,122.13
3341,122.23
3342,122.26
3343,122.22
3344,122.29
3345,122.255
3346,122.31
3347,122.22
3348,122.25
3349,122.05
3350,121.97
3351,121.99
3352,122.06
3353,122.14000000000001
3354,122.14000000000001
3355,122.19
3356,122.38
3357,122.37000000000002
3358,122.46
3359,121.68999999999998
3360,121.55
3361,121.39
3362,121.3
3363,121.29
3364,121.48
3365,121.18000000000002
3366,121.34
3367,121.31
3368,121.42000000000002
3369,121.61
3370,121.53
3371,121.38
3372,121.29
3373,121.35
3374,121.37
3375,121.28
3376,121.27
3377,121.3
3378,121.31
3379,121.25
3380,121.1
3381,121.19999999999999
3382,121.07500000000002
3383,121.35
3384,121.4
3385,122.18
3386,121.78
3387,121.52
3388,120.98999999999998
3389,120.86
3390,120.65
3391,121.03
3392,120.98999999999998
3393,120.81
3394,120.48000000000002
3395,120.02000000000001
3396,120.17
3397,119.82
3398,118.0
3399,117.93
3400,118.37
3401,118.55
3402,118.73
3403,118.56000000000002
3404,118.635
3405,118.76
3406,118.74
3407,118.60000000000001
3408,118.04
3409,118.15
3410,118.41
3411,118.435
3412,116.39
3413,115.98
3414,115.00000000000001
3415,114.8
3416,114.31
3417,113.59999999999998
3418,114.455
3419,114.87
3420,115.02000000000001
3421,115.13
3422,115.035
3423,114.43
3424,114.58
3425,114.49
3426,114.72
3427,115.02000000000001
3428,115.02000000000001
3429,114.72
3430,114.89
3431,115.32
3432,115.37
3433,115.61
3434,115.29
3435,114.85
3436,114.49
3437,114.64
3438,113.54
3439,115.81
3440,115.34
3441,116.5
3442,116.52
3443,117.12
3444,116.98
3445,117.37000000000002
3446,116.79
3447,116.67000000000002
3448,116.75
3449,116.55
3450,116.32
3451,116.65000000000002
3452,116.09
3453,115.67
3454,115.16
3455,114.97
3456,115.00000000000001
3457,115.02000000000001
3458,115.72000000000001
3459,115.72999999999999
3460,115.72000000000001
3461,115.755
3462,115.51
3463,115.35
3464,115.16
3465,114.99
3466,114.9
3467,114.49
3468,114.81
3469,114.45
3470,114.22
3471,114.49
3472,114.8
3473,114.61
3474,114.59
3475,114.66
3476,114.45
3477,114.85
3478,114.87
3479,115.15
3480,114.95
3481,114.85
3482,115.24
3483,115.72999999999999
3484,115.26
3485,115.24
3486,115.05
3487,114.935
3488,115.07
3489,115.16
3490,115.72000000000001
3491,116.08
3492,116.035
3493,115.33
3494,115.43
3495,115.24999999999999
3496,115.1
3497,114.91
3498,114.97
3499,115.2
3500,115.18
3501,115.0
3502,115.04
3503,114.91999999999999
3504,114.96
3505,115.0
3506,115.25
3507,115.04
3508,115.16
3509,115.08
3510,115.08
3511,115.18
3512,115.13
3513,115.48
3514,115.37999999999998
3515,115.54
3516,117.78
3517,117.41
3518,117.95
3519,118.2
3520,118.55
3521,118.4
3522,118.38
3523,118.74000000000001
3524,118.76999999999998
3525,119.04
3526,119.23
3527,119.05
3528,119.22
3529,119.42000000000002
3530,119.49
3531,119.39
3532,119.58
3533,119.63
3534,119.78999999999999
3535,119.785
3536,119.81
3537,119.75
3538,119.64
3539,119.74
3540,119.68
3541,119.68
3542,118.04
3543,117.29
3544,116.7
3545,116.61
3546,116.87
3547,116.35
3548,116.38
3549,115.9
3550,115.67
3551,115.5
3552,115.42
3553,115.34
3554,115.24
3555,114.85
3556,114.35
3557,114.29
3558,113.95
3559,113.89
3560,113.56
3561,113.67
3562,113.6
3563,114.04
3564,114.29
3565,113.94
3566,113.67
3567,113.56
3568,110.81
3569,110.925
3570,110.94
3571,113.49
3572,113.7
3573,114.08
3574,114.19
3575,114.56
3576,114.59
3577,114.81
3578,115.0
3579,115.03
3580,114.71
3581,115.03
3582,115.18
3583,114.94
3584,115.33
3585,115.08
3586,115.23000000000002
3587,115.24
3588,115.53
3589,114.91999999999999
3590,114.845
3591,115.13
3592,115.89
3593,115.40999999999998
3594,115.66000000000001
3595,115.66000000000001
3596,115.8
3597,115.9
3598,115.65
3599,115.8
3600,115.74999999999999
3601,115.74
3602,116.07
3603,116.03000000000002
3604,115.93
3605,115.94
3606,116.1
3607,116.29
3608,116.225
3609,116.19
3610,115.89
3611,115.61
3612,115.21
3613,115.2
3614,114.99
3615,115.06999999999998
3616,114.96
3617,115.1
3618,115.19
3619,115.03
3620,114.945
3621,115.06
3622,115.27
3623,115.22
3624,115.03
3625,115.06999999999998
3626,115.06
3627,114.84
3628,115.16
3629,115.21
3630,115.27499999999999
3631,115.28999999999999
3632,115.55
3633,115.49
3634,115.48
3635,115.565
3636,115.94
3637,116.13
3638,116.1
3639,115.96
3640,116.34000000000002
3641,116.03000000000002
3642,116.42
3643,116.65
3644,116.77
3645,117.19999999999999
3646,117.22999999999999
3647,117.05
3648,117.33
3649,117.42
3650,117.38
3651,117.28
3652,117.19
3653,117.38
3654,117.33
3655,117.56
3656,117.46
3657,117.42
3658,117.47
3659,117.41
3660,117.31999999999998
3661,117.28
3662,117.265
3663,117.16
3664,117.18
3665,117.16
3666,117.16
3667,116.26
3668,116.51
3669,116.56
3670,116.75
3671,116.87
3672,117.13
3673,117.15
3674,117.02
3675,116.85999999999999
3676,117.1
3677,117.3
3678,117.235
3679,117.21
3680,117.17000000000002
3681,117.01
3682,117.05
3683,116.95
3684,116.75
3685,116.92
3686,116.97
3687,116.74
3688,116.42
3689,116.51
3690,116.48
3691,116.36
3692,116.51999999999998
3693,116.20999999999998
3694,115.58
3695,115.93
3696,115.79
3697,115.61
3698,115.27
3699,115.14
3700,114.82
3701,114.85
3702,114.94999999999999
3703,114.93
3704,114.93
3705,115.11
3706,115.06
3707,115.28999999999999
3708,115.01
3709,115.15
3710,115.28
3711,116.08999999999999
3712,115.87
3713,115.54
3714,115.1
3715,115.13
3716,115.28999999999999
3717,115.25999999999999
3718,115.02
3719,114.19
3720,113.3
3721,112.91
3722,112.08
3723,112.24
3724,112.6
3725,112.24
3726,112.11
3727,112.05
3728,112.58
3729,112.5
3730,112.38
3731,112.41
3732,112.35
3733,112.53
3734,112.79
3735,112.8
3736,113.06
3737,112.76
3738,112.74
3739,112.55
3740,112.675
3741,112.9
3742,113.12
3743,113.16
3744,112.87
3745,111.13000000000001
3746,111.49
3747,110.84999999999998
3748,110.79
3749,110.15
3750,107.78
3751,108.01
3752,107.9
3753,107.76
3754,101.26
3755,101.61000000000001
3756,103.29999999999998
3757,104.45
3758,104.42
3759,104.45
3760,103.99
3761,104.62
3762,106.62
3763,107.82
3764,108.2
3765,107.84
3766,107.61
3767,107.71
3768,108.15
3769,107.11
3770,105.88
3771,105.25
3772,104.57
3773,104.8
3774,104.12
3775,102.62
3776,103.11
3777,102.42
3778,104.74
3779,104.99
3780,106.49
3781,107.15
3782,107.27
3783,106.4
3784,106.75
3785,106.63000000000001
3786,106.33
3787,106.3
3788,105.94
3789,105.98
3790,106.0
3791,105.53
3792,105.16
3793,105.95
3794,106.13
3795,106.97000000000001
3796,107.65000000000002
3797,107.4499
3798,106.78
3799,106.7
3800,107.75
3801,107.42
3802,108.44
3803,108.35
3804,109.53
3805,109.69
3806,109.625
3807,111.45
3808,111.05
3809,110.805
3810,111.17
3811,111.27
3812,111.98
3813,112.48
3814,112.18000000000002
3815,111.65
3816,112.1
3817,112.32
3818,113.0
3819,112.95000000000002
3820,113.03
3821,113.0
3822,112.8
3823,112.75
3824,112.84
3825,112.64000000000001
3826,111.65
3827,111.63
3828,110.72
3829,110.28
3830,111.45
3831,112.07
3832,112.84
3833,112.35999999999999
3834,112.11
3835,111.84000000000002
3836,112.27000000000001
3837,112.12
3838,112.08
3839,112.37
3840,112.94
3841,112.69
3842,112.38
3843,112.66999999999999
3844,112.66999999999999
3845,112.86
3846,112.76
3847,112.74
3848,112.34
3849,112.30000000000001
3850,112.4
3851,112.705
3852,112.74
3853,112.69
3854,112.76
3855,112.62
3856,112.49
3857,112.62
3858,113.26
3859,112.38
3860,112.37
3861,112.37
3862,112.96
3863,113.23
3864,112.87
3865,112.9
3866,113.18
3867,113.62
3868,113.79
3869,113.88
3870,114.44
3871,114.26999999999998
3872,114.07
3873,114.02
3874,113.77
3875,113.65
3876,113.44000000000001
3877,113.12
3878,113.00999999999999
3879,112.81
3880,112.5
3881,113.03999999999999
3882,112.765
3883,113.08
3884,112.73
3885,111.3
3886,110.89
3887,110.95
3888,111.09
3889,111.075
3890,110.94
3891,111.13000000000001
3892,110.97
3893,111.1
3894,111.12
3895,110.95
3896,110.51
3897,110.31
3898,110.06
3899,109.90000000000002
3900,110.11
3901,110.16
3902,110.24
3903,109.73
3904,109.37
3905,109.36
3906,108.96
3907,108.66
3908,108.26
3909,107.61
3910,107.96
3911,109.72
3912,109.68
3913,110.14
3914,110.15
3915,110.01
3916,109.82
3917,109.79
3918,110.34
3919,110.87999999999998
3920,110.82000000000001
3921,111.17
3922,110.99
3923,110.75
3924,111.16000000000001
3925,111.15
3926,110.55
3927,111.04000000000002
3928,110.82000000000001
3929,111.08
3930,111.1
3931,112.04
3932,112.30000000000001
3933,111.59
3934,111.79
3935,112.18000000000002
3936,112.09
3937,112.14
3938,112.2
3939,111.83
3940,111.72
3941,111.71
3942,111.64
3943,111.75
3944,111.32
3945,111.2
3946,110.66
3947,110.93
3948,110.53
3949,110.07
3950,110.2
3951,110.75
3952,111.08
3953,110.765
3954,110.84
3955,110.6
3956,110.27
3957,110.35
3958,110.43
3959,109.72
3960,109.69
3961,109.67
3962,109.73
3963,109.45
3964,109.24
3965,109.41
3966,109.22000000000001
3967,109.22000000000001
3968,109.05
3969,108.8
3970,108.7
3971,108.72
3972,108.61
3973,109.085
3974,108.96
3975,108.98
3976,109.0
3977,108.77
3978,108.845
3979,109.09
3980,108.98
3981,109.23500000000001
3982,109.27999999999999
3983,109.24
3984,112.53
3985,112.12
3986,112.17
3987,112.05
3988,111.83
3989,111.84000000000002
3990,111.85
3991,111.47000000000001
3992,111.66
3993,111.83
3994,111.69
3995,111.08
3996,110.83
3997,110.61
3998,110.75
3999,110.83500000000001
4000,110.99
4001,111.17
4002,111.24
4003,111.04
4004,111.13
4005,111.61
4006,111.88
4007,112.26
4008,112.21
4009,112.63
4010,111.94
4011,112.49
4012,112.49
4013,112.29
4014,112.615
4015,112.17
4016,112.28
4017,112.55
4018,112.60000000000001
4019,112.905
4020,113.03
4021,112.81
4022,113.14
4023,112.72
4024,112.53
4025,112.11999999999999
4026,112.27
4027,111.62
4028,110.82
4029,111.59
4030,111.33
4031,111.02
4032,110.12
4033,110.15
4034,110.15
4035,111.21
4036,111.18
4037,110.83
4038,111.44999999999999
4039,112.11
4040,112.35
4041,112.11
4042,112.11
4043,112.49
4044,112.43
4045,112.60000000000001
4046,112.34
4047,112.45
4048,112.465
4049,112.26
4050,112.91
4051,112.98999999999998
4052,112.83
4053,112.76
4054,112.65
4055,112.98499999999999
4056,112.54
4057,112.66
4058,112.48
4059,112.27
4060,112.475
4061,112.01
4062,112.01
4063,111.96
4064,112.01
4065,112.50000000000001
4066,112.31999999999998
4067,112.095
4068,112.21
4069,112.26
4070,112.53
4071,112.9
4072,112.95
4073,113.07
4074,113.22
4075,113.17000000000002
4076,112.93
4077,113.06
4078,113.28
4079,113.24
4080,113.65999999999998
4081,113.94000000000001
4082,113.8
4083,114.05
4084,114.02
4085,113.99
4086,114.09
4087,115.995
4088,115.92
4089,116.23
4090,116.27
4091,116.01
4092,115.76999999999998
4093,115.89
4094,115.39
4095,115.5
4096,115.46
4097,115.04
4098,115.09999999999998
4099,115.12
4100,115.09999999999998
4101,115.09999999999998
4102,115.26
4103,115.625
4104,115.725
4105,115.42
4106,115.42
4107,115.61
4108,115.44
4109,115.6
4110,115.4
4111,115.28
4112,115.33
4113,115.3
4114,115.03
4115,114.89
4116,115.26
4117,115.6
4118,115.87
4119,115.95
4120,116.04
4121,115.935
4122,115.71
4123,115.745
4124,115.695
4125,115.97
4126,116.015
4127,115.94
4128,115.93
4129,116.04
4130,116.24
4131,116.1
4132,116.21
4133,116.09
4134,116.19
4135,116.37
4136,116.43000000000002
4137,116.42
4138,116.34999999999998
4139,116.23
4140,115.66
4141,115.82
4142,116.02
4143,116.135
4144,116.04
4145,115.87
4146,116.14
4147,116.43999999999998
4148,116.38
4149,116.3
4150,116.14999999999999
4151,116.275
4152,116.22
4153,116.21
4154,116.14999999999999
4155,115.86000000000001
4156,116.01
4157,116.04
4158,115.995
4159,115.9
4160,115.89
4161,115.97
4162,116.05
4163,116.23
4164,116.33999999999999
4165,116.34999999999998
4166,116.34999999999998
4167,115.43
4168,115.32
4169,115.33
4170,115.32
4171,115.3
4172,115.46
4173,115.44
4174,115.57999999999998
4175,115.46
4176,115.54
4177,115.52
4178,115.59
4179,115.54
4180,115.45
4181,115.3
4182,115.44
4183,115.17
4184,115.28
4185,115.28
4186,115.09999999999998
4187,115.68
4188,116.21
4189,115.45
4190,115.13
4191,114.89
4192,114.02
4193,114.01
4194,113.79
4195,113.7
4196,113.45
4197,113.51
4198,113.75000000000001
4199,113.86
4200,113.84000000000002
4201,113.4
4202,113.53
4203,113.86
4204,113.99
4205,113.95
4206,113.87
4207,113.815
4208,113.55499999999999
4209,113.48
4210,113.45
4211,114.11
4212,114.28
4213,114.26
4214,114.19
4215,114.75
4216,114.7
4217,114.7
4218,114.79
4219,114.49
4220,114.29
4221,114.05
4222,114.19
4223,114.18
4224,113.87
4225,114.0
4226,114.16
4227,114.79
4228,114.46
4229,114.7
4230,114.82
4231,115.04
4232,115.245
4233,115.26
4234,115.32
4235,114.97
4236,115.22
4237,115.21
4238,113.97
4239,113.68
4240,113.72
4241,113.71
4242,113.46
4243,113.24
4244,113.38
4245,113.03
4246,112.8
4247,113.02
4248,113.04
4249,112.88999999999999
4250,112.98999999999998
4251,112.64
4252,112.74
4253,112.57
4254,112.97
4255,113.1
4256,112.93
4257,113.08000000000001
4258,113.13
4259,113.21
4260,112.92
4261,113.11
4262,113.34
4263,113.39
4264,113.69
4265,113.85000000000001
4266,113.95
4267,113.95
4268,114.06
4269,114.12
4270,113.89
4271,113.71
4272,113.51
4273,113.53
4274,113.53
4275,113.81
4276,113.79
4277,113.95
4278,113.96
4279,113.74
4280,114.2
4281,114.19
4282,114.47
4283,114.32999999999998
4284,114.22999999999999
4285,114.18
4286,114.22999999999999
4287,114.38
4288,114.58
4289,114.32999999999998
4290,114.32
4291,113.15
4292,113.03
4293,113.23
4294,112.87
4295,112.57
4296,112.55
4297,112.66
4298,112.62
4299,113.03
4300,113.19
4301,113.24
4302,113.54
4303,113.57
4304,113.41
4305,113.55
4306,113.36
4307,113.41
4308,113.7
4309,113.92
4310,114.39
4311,114.6
4312,115.26
4313,114.85
4314,115.07
4315,115.02
4316,115.235
4317,116.07
4318,116.08
4319,115.86000000000001
4320,115.57
4321,115.365
4322,115.76000000000002
4323,115.89
4324,115.87
4325,115.42
4326,115.43
4327,115.05
4328,114.86
4329,115.3
4330,115.41
4331,115.92
4332,115.515
4333,115.3
4334,115.225
4335,115.09999999999998
4336,114.93
4337,114.62
4338,114.85
4339,114.12
4340,114.855
4341,115.19000000000001
4342,114.86
4343,114.72
4344,113.75000000000001
4345,112.66
4346,112.76
4347,113.24
4348,113.48
4349,113.64
4350,113.57
4351,113.11
4352,113.32
4353,113.04
4354,113.14
4355,113.16
4356,112.97
4357,113.15
4358,113.37
4359,113.25
4360,113.4
4361,113.15
4362,112.92
4363,113.19
4364,113.15
4365,112.60000000000001
4366,112.685
4367,112.45
4368,112.95
4369,113.1
4370,113.18
4371,113.47
4372,112.94
4373,112.88999999999999
4374,112.67
4375,112.40000000000002
4376,111.93
4377,111.18
4378,110.795
4379,111.17
4380,110.83
4381,110.29500000000002
4382,110.33
4383,110.67999999999999
4384,110.93
4385,110.87999999999998
4386,110.155
4387,110.09
4388,109.89
4389,109.42999999999999
4390,108.98
4391,108.0
4392,108.42
4393,109.19
4394,109.06
4395,110.19
4396,110.09
4397,110.74
4398,111.31
4399,111.28
4400,111.15
4401,111.11
4402,110.95
4403,110.135
4404,110.09
4405,109.22
4406,109.71
4407,109.45
4408,109.2
4409,109.22
4410,109.69
4411,109.74
4412,109.67
4413,109.22
4414,109.27
4415,109.09
4416,109.62999999999998
4417,109.52
4418,109.52
4419,109.86
4420,109.96
4421,108.14
4422,107.94
4423,107.93
4424,107.98
4425,107.61000000000001
4426,107.51000000000002
4427,107.82
4428,107.73
4429,108.4
4430,108.24
4431,108.18000000000002
4432,108.68
4433,108.91
4434,108.6
4435,108.17
4436,108.01
4437,108.01
4438,108.46
4439,108.7
4440,108.52
4441,108.61
4442,109.16
4443,109.285
4444,109.3
4445,109.03
4446,109.52999999999999
4447,108.33
4448,108.17
4449,107.88
4450,107.94
4451,108.49
4452,108.85
4453,108.72
4454,108.75999999999999
4455,108.87
4456,109.03
4457,109.5
4458,109.37
4459,109.66
4460,109.78
4461,110.06
4462,109.71
4463,109.64
4464,109.56
4465,109.97
4466,110.34
4467,110.19999999999999
4468,109.94
4469,110.34
4470,110.95
4471,110.6
4472,110.32
4473,110.38
4474,112.25
4475,111.885
4476,111.96
4477,112.24
4478,112.06
4479,112.04
4480,111.93
4481,111.93
4482,112.03
4483,111.81
4484,111.82
4485,111.81
4486,111.83000000000001
4487,111.5
4488,111.455
4489,111.66
4490,111.77
4491,111.78
4492,111.92
4493,111.88
4494,111.86
4495,111.73999999999998
4496,111.73999999999998
4497,111.86
4498,111.71
4499,111.57
4500,111.34
4501,111.74000000000001
4502,111.52999999999999
4503,111.99999999999999
4504,112.07
4505,112.40000000000002
4506,112.19
4507,111.99
4508,111.89999999999999
4509,111.82000000000001
4510,111.69000000000001
4511,111.94
4512,111.99999999999999
4513,111.72499999999998
4514,111.69000000000001
4515,111.85
4516,111.81
4517,111.86
4518,111.97
4519,111.88
4520,111.99500000000002
4521,112.21000000000001
4522,111.91
4523,111.825
4524,111.57999999999998
4525,111.77000000000001
4526,111.31999999999998
4527,110.76999999999998
4528,110.16
4529,110.16
4530,110.05000000000001
4531,110.21
4532,110.05000000000001
4533,110.01
4534,110.27999999999999
4535,110.05000000000001
4536,109.75
4537,109.88
4538,110.22
4539,110.49000000000001
4540,110.61999999999999
4541,110.52
4542,110.45
4543,110.47
4544,110.515
4545,110.24
4546,109.92000000000002
4547,109.98999999999998
4548,110.17
4549,110.35999999999999
4550,110.30999999999999
4551,110.19
4552,111.50999999999999
4553,112.02
4554,111.68
4555,111.34
4556,111.68
4557,111.45
4558,111.29
4559,111.23
4560,110.79999999999998
4561,110.64999999999999
4562,110.69
4563,110.92
4564,111.21
4565,111.25000000000001
4566,111.415
4567,111.68
4568,111.52999999999999
4569,111.55999999999999
4570,111.88
4571,111.69000000000001
4572,111.67000000000002
4573,111.685
4574,111.65999999999998
4575,111.845
4576,111.72000000000001
4577,111.85
4578,111.29
4579,111.55
4580,111.44
4581,111.28
4582,111.18999999999998
4583,111.47
4584,111.50999999999999
4585,111.46
4586,111.31999999999998
4587,111.57
4588,111.21999999999998
4589,111.01
4590,110.87
4591,111.06
4592,110.99
4593,111.02
4594,110.9
4595,110.69999999999999
4596,110.81999999999998
4597,110.71
4598,110.78000000000002
4599,110.755
4600,110.95
4601,110.97
4602,111.02
4603,110.98
4604,110.40999999999998
4605,110.79999999999998
4606,110.83000000000001
4607,111.31999999999998
4608,111.31
4609,111.46
4610,111.31
4611,111.0
4612,111.0
4613,111.18
4614,111.13999999999999
4615,111.21999999999998
4616,111.16
4617,111.1
4618,111.02
4619,110.9
4620,111.01
4621,111.13999999999999
4622,111.35000000000001
4623,111.21500000000002
4624,111.29
4625,111.57
4626,111.33
4627,111.42
4628,111.39
4629,111.735
4630,111.1
4631,112.14
4632,112.88999999999999
4633,113.49000000000001
4634,113.55
4635,113.71999999999998
4636,113.49000000000001
4637,113.68499999999999
4638,113.76
4639,113.64999999999999
4640,113.95
4641,113.94
4642,113.79
4643,114.05
4644,113.78000000000002
4645,113.58
4646,113.64
4647,113.69
4648,113.825
4649,113.84
4650,113.68000000000002
4651,113.69999999999999
4652,113.71999999999998
4653,113.84999999999998
4654,113.79999999999998
4655,113.78000000000002
4656,114.32000000000001
4657,114.26
4658,114.02
4659,113.9
4660,114.23999999999998
4661,114.27000000000001
4662,114.13999999999999
4663,114.30000000000001
4664,114.86
4665,115.13000000000001
4666,115.11000000000001
4667,115.46
4668,115.45000000000002
4669,115.09999999999998
4670,114.99999999999999
4671,114.78
4672,114.96999999999998
4673,114.74000000000001
4674,114.73
4675,114.6
4676,114.81
4677,114.57
4678,114.44
4679,114.41
4680,114.145
4681,113.84
4682,114.81
4683,114.7
4684,114.68
4685,114.55999999999999
4686,114.81
4687,115.06000000000002
4688,115.03000000000002
4689,114.59000000000002
4690,114.6
4691,114.70999999999998
4692,114.85
4693,115.01999999999998
4694,115.01000000000002
4695,115.01000000000002
4696,115.04
4697,114.77
4698,114.89999999999999
4699,114.86
4700,114.7
4701,114.805
4702,115.03499999999998
4703,115.41999999999999
4704,115.3
4705,115.46
4706,115.38999999999999
4707,115.445
4708,117.1
4709,118.35999999999999
4710,118.03000000000002
4711,118.21
4712,118.19
4713,118.42000000000002
4714,118.63
4715,118.52000000000001
4716,118.38999999999999
4717,118.2
4718,118.25
4719,118.55000000000001
4720,118.52000000000001
4721,118.62
4722,118.57000000000001
4723,118.58500000000001
4724,118.69
4725,118.7
4726,118.61
4727,118.87
4728,118.98
4729,119.02
4730,118.89000000000001
4731,118.71
4732,118.95
4733,119.1
4734,116.75000000000001
4735,115.95
4736,115.63
4737,115.7
4738,115.82
4739,116.04
4740,115.85
4741,115.33
4742,115.36999999999999
4743,115.18
4744,115.50000000000001
4745,115.63
4746,115.85
4747,115.46999999999998
4748,115.41
4749,115.54
4750,115.33999999999999
4751,115.09999999999998
4752,115.16000000000001
4753,115.09999999999998
4754,115.09
4755,115.33999999999999
4756,115.24
4757,115.62
4758,115.41
4759,115.26
4760,115.89000000000001
4761,116.1
4762,115.77499999999999
4763,116.03
4764,116.53
4765,116.19999999999999
4766,115.98
4767,115.74
4768,115.67
4769,115.67999999999999
4770,115.3
4771,114.89999999999999
4772,115.01999999999998
4773,115.26
4774,115.51
4775,115.16000000000001
4776,115.48
4777,115.09999999999998
4778,115.01999999999998
4779,115.22
4780,115.04999999999998
4781,114.91499999999999
4782,114.86
4783,114.70999999999998
4784,114.42
4785,114.57999999999998
4786,117.89
4787,116.9
4788,116.24999999999999
4789,116.66
4790,116.81999999999998
4791,116.86
4792,116.79
4793,117.1
4794,117.26
4795,117.44
4796,117.69000000000001
4797,117.94
4798,117.47999999999999
4799,117.73
4800,117.83
4801,117.96
4802,117.85
4803,117.65
4804,117.23999999999998
4805,117.56000000000002
4806,117.64000000000001
4807,118.11
4808,118.57000000000001
4809,118.79000000000002
4810,119.01
4811,119.155
4812,118.52000000000001
4813,118.45999999999998
4814,118.75
4815,118.69
4816,118.98
4817,118.64
4818,118.65
4819,118.61
4820,118.72
4821,118.87
4822,118.87
4823,119.24
4824,119.46000000000001
4825,119.79
4826,119.76
4827,119.63999999999999
4828,119.61999999999999
4829,119.78
4830,119.99
4831,120.29
4832,120.46
4833,120.47999999999999
4834,120.44999999999999
4835,120.42999999999999
4836,120.67
4837,120.52
4838,120.49999999999999
4839,120.93999999999998
4840,120.82
4841,120.83
4842,120.7
4843,120.57
4844,120.20999999999998
4845,120.04000000000002
4846,120.1
4847,120.35
4848,120.31
4849,120.49
4850,120.66000000000001
4851,120.67
4852,120.57
4853,120.36
4854,120.47
4855,120.39999999999999
4856,120.275
4857,119.97
4858,119.745
4859,119.63
4860,119.70000000000002
4861,119.61
4862,119.78
4863,119.5
4864,119.9
4865,120.24000000000001
4866,120.52
4867,120.78
4868,120.8
4869,120.93000000000002
4870,120.945
4871,120.78
4872,120.71000000000001
4873,120.91999999999999
4874,120.8
4875,120.90000000000002
4876,120.83999999999999
4877,120.88999999999999
4878,120.8
4879,120.88999999999999
4880,120.88999999999999
4881,120.93999999999998
4882,120.90000000000002
4883,120.91999999999999
4884,120.83999999999999
4885,120.91999999999999
4886,120.96999999999998
4887,121.15
4888,121.30999999999999
4889,121.15
4890,121.76000000000002
4891,121.55
4892,122.02
4893,122.29
4894,122.47
4895,122.53
4896,122.52
4897,122.26999999999998
4898,122.43
4899,122.47
4900,122.46
4901,122.58999999999999
4902,122.50999999999999
4903,122.55
4904,122.63
4905,122.72000000000001
4906,122.97
4907,123.15999999999998
4908,123.39
4909,123.32
4910,123.15999999999998
4911,123.34
4912,123.315
4913,122.88
4914,122.68
4915,122.55
4916,123.41
4917,123.25
4918,122.86
4919,122.70999999999998
4920,122.4
4921,122.1
4922,122.08
4923,122.6
4924,122.67000000000002
4925,122.4
4926,122.73500000000001
4927,122.53999999999999
4928,122.28000000000002
4929,122.24999999999999
4930,122.11999999999999
4931,122.09
4932,121.94000000000001
4933,122.21
4934,122.4
4935,122.23000000000002
4936,122.37
4937,122.18000000000002
4938,122.03
4939,122.1
4940,121.87999999999998
4941,121.97
4942,122.58
4943,122.45
4944,121.87999999999998
4945,121.11
4946,121.01
4947,121.13000000000001
4948,120.98000000000002
4949,121.06
4950,120.86999999999999
4951,120.93000000000002
4952,120.36
4953,120.56000000000002
4954,120.73
4955,120.78
4956,120.74
4957,120.68
4958,120.91
4959,120.71000000000001
4960,120.61000000000001
4961,120.49
4962,120.49
4963,120.44
4964,120.35
4965,120.78999999999999
4966,120.96999999999998
4967,120.90000000000002
4968,121.59
4969,121.01
4970,121.13000000000001
4971,121.2
4972,121.67999999999999
4973,121.48
4974,121.69999999999999
4975,121.4
4976,121.4
4977,121.4
4978,121.42000000000002
4979,121.09
4980,120.90000000000002
4981,120.96999999999998
4982,121.00000000000001
4983,120.98000000000002
4984,121.03000000000002
4985,121.06
4986,121.18
4987,120.98999999999998
4988,120.93999999999998
4989,120.88
4990,120.945
4991,120.845
4992,120.96
4993,120.98000000000002
4994,121.30999999999999
4995,121.28999999999999
4996,121.33
4997,121.03000000000002
4998,121.08000000000001
4999,121.23
5000,120.88
5001,120.23
5002,120.3
5003,120.36
5004,120.43
5005,120.54
5006,120.63
5007,120.61
5008,120.55
5009,120.55999999999999
5010,120.69
5011,120.48
5012,120.29
5013,120.33
5014,120.245
5015,120.26
5016,120.33
5017,120.36
5018,120.65
5019,120.83
5020,117.22
5021,117.41
5022,117.33
5023,117.465
5024,117.35
5025,117.81
5026,117.67
5027,117.79
5028,117.82
5029,117.49
5030,117.15
5031,117.27
5032,117.06
5033,116.93
5034,116.79
5035,116.79
5036,116.68
5037,116.38
5038,116.36
5039,116.22
5040,116.63
5041,116.75
5042,116.95
5043,116.78
5044,116.85
5045,116.52
5046,115.88
5047,115.43
5048,115.61
5049,115.95
5050,115.83
5051,115.51
5052,115.69
5053,116.35
5054,116.4
5055,116.39
5056,116.965
5057,117.11
5058,117.25000000000001
5059,117.1
5060,117.02999999999999
5061,116.55
5062,116.94
5063,116.57
5064,116.91
5065,117.16
5066,116.80999999999999
5067,116.57
5068,116.58999999999999
5069,116.67
5070,116.43
5071,116.15
5072,115.83
5073,116.34
5074,116.5
5075,116.16
5076,116.33
5077,116.36
5078,116.31
5079,116.07
5080,116.1
5081,116.09
5082,115.98
5083,115.86
5084,115.86
5085,115.85
5086,115.79
5087,115.9
5088,115.97
5089,115.91
5090,115.85
5091,116.14
5092,116.01
5093,115.81
5094,115.84
5095,116.07
5096,115.95
5097,115.8
5098,114.63
5099,114.26
5100,113.93
5101,113.76
5102,113.9
5103,113.59
5104,112.81
5105,113.43
5106,113.28000000000002
5107,113.69
5108,113.96
5109,113.775
5110,113.46
5111,113.32
5112,113.18
5113,113.29
5114,113.23
5115,113.34
5116,113.37
5117,113.21
5118,113.15
5119,112.93
5120,113.02
5121,112.76
5122,112.91
5123,112.28
5124,112.44
5125,112.91
5126,112.98
5127,113.45
5128,113.1
5129,112.82
5130,112.65
5131,112.65
5132,112.67
5133,112.86
5134,113.04
5135,113.41
5136,113.51
5137,113.37
5138,113.51
5139,113.52
5140,113.68
5141,113.85
5142,114.03
5143,114.05
5144,114.1
5145,113.89
5146,114.0
5147,114.16
5148,114.035
5149,114.17
5150,114.31
5151,114.04
5152,113.85
5153,114.16
5154,114.32
5155,114.5
5156,114.32
5157,114.57
5158,114.48
5159,114.4
5160,114.58
5161,114.19
5162,114.03
5163,114.29
5164,114.28
5165,114.02
5166,114.16
5167,114.35
5168,114.36
5169,113.92
5170,113.6
5171,113.89
5172,113.54
5173,113.7
5174,113.74
5175,113.55
5176,116.69999999999999
5177,117.15
5178,116.99
5179,116.96
5180,117.09
5181,117.0
5182,117.15
5183,117.0
5184,117.005
5185,116.9
5186,116.77
5187,116.63
5188,116.445
5189,116.5
5190,116.55
5191,116.56
5192,116.55
5193,116.45
5194,116.93
5195,116.69999999999999
5196,116.73
5197,116.85
5198,116.73
5199,116.79
5200,117.06
5201,117.28
5202,117.61
5203,117.37
5204,117.52
5205,117.9
5206,118.22
5207,118.52
5208,118.78
5209,118.90999999999998
5210,118.85
5211,118.79000000000002
5212,119.29
5213,119.34999999999998
5214,119.31
5215,119.5
5216,119.69
5217,119.22
5218,119.04
5219,119.12000000000002
5220,118.79000000000002
5221,119.0
5222,119.01999999999998
5223,119.29
5224,118.90000000000002
5225,119.15
5226,118.89
5227,118.83
5228,119.55
5229,119.58
5230,119.78
5231,119.87
5232,119.52
5233,119.34999999999998
5234,119.495
5235,119.58
5236,119.36
5237,119.16
5238,119.32
5239,119.48
5240,119.47
5241,119.325
5242,119.49
5243,119.28
5244,119.16
5245,119.26
5246,119.185
5247,119.26
5248,119.355
5249,119.17
5250,119.28
5251,119.18
5252,119.195
5253,119.19
5254,119.45999999999998
5255,119.47
5256,119.21
5257,119.27
5258,119.01999999999998
5259,118.95
5260,118.65
5261,118.33
5262,118.285
5263,118.235
5264,118.16
5265,118.13
5266,118.34
5267,118.31
5268,118.03
5269,118.1
5270,118.185
5271,117.79
5272,117.76
5273,117.65
5274,117.52
5275,117.69000000000001
5276,118.0
5277,117.92
5278,117.85
5279,117.76
5280,118.55
5281,119.0
5282,118.73
5283,118.34
5284,117.67
5285,117.92
5286,118.16
5287,118.62
5288,118.63
5289,119.03
5290,118.8
5291,118.8
5292,118.87
5293,118.71
5294,118.74
5295,118.79000000000002
5296,118.95
5297,118.77
5298,118.71
5299,118.62
5300,118.775
5301,119.01999999999998
5302,119.0
5303,118.87
5304,118.81
5305,118.89
5306,118.6
5307,118.57
5308,118.56
5309,118.24
5310,118.35
5311,118.25
5312,118.09
5313,118.12
5314,118.23
5315,118.26
5316,118.11
5317,118.3
5318,118.37
5319,118.27
5320,118.27
5321,118.205
5322,118.3
5323,118.32
5324,118.32
5325,118.42
5326,118.345
5327,118.37
5328,118.29
5329,118.27
5330,118.14
5331,118.05
5332,117.71
5333,117.92
5334,117.86
5335,117.9
5336,117.87
5337,117.72
5338,117.82
5339,118.12
5340,117.91
5341,117.92
5342,118.1
5343,117.99
5344,117.97
5345,117.82
5346,117.81
5347,119.01999999999998
5348,118.81
5349,119.05
5350,119.28
5351,119.19
5352,118.98
5353,118.99
5354,118.45
5355,118.34
5356,118.22
5357,118.36
5358,118.55
5359,118.52
5360,118.62
5361,118.48
5362,118.84
5363,118.69
5364,118.93
5365,119.065
5366,118.93
5367,118.87
5368,118.66
5369,118.71
5370,118.49
5371,118.51
5372,118.36
5373,118.24
5374,118.65
5375,118.6
5376,118.17
5377,118.2
5378,118.31
5379,118.37
5380,118.24
5381,118.05
5382,118.07
5383,118.15
5384,118.17
5385,117.91
5386,117.84
5387,117.61
5388,117.35
5389,117.41
5390,117.36000000000001
5391,117.21
5392,117.13500000000002
5393,117.06
5394,117.14000000000001
5395,117.23
5396,117.07
5397,117.23
5398,117.31
5399,117.66
5400,117.62
5401,117.51
5402,117.54
5403,118.04
5404,117.88
5405,117.96
5406,117.83
5407,117.84
5408,117.76
5409,117.89
5410,118.03
5411,117.91
5412,117.93
5413,117.83
5414,117.72
5415,117.53
5416,117.31
5417,117.08
5418,116.98
5419,116.71
5420,116.51
5421,116.56
5422,116.53
5423,116.45
5424,116.3
5425,115.95
5426,116.41
5427,116.09
5428,115.92
5429,115.95
5430,116.04
5431,116.44
5432,116.5
5433,116.11
5434,116.2
5435,115.77
5436,115.34
5437,115.61
5438,115.26999999999998
5439,115.33
5440,115.37500000000001
5441,115.36
5442,114.82
5443,114.95
5444,114.59
5445,114.44
5446,114.88
5447,114.65
5448,114.66
5449,114.96
5450,115.01
5451,116.51
5452,117.43
5453,117.7
5454,118.1
5455,118.41
5456,118.275
5457,118.34
5458,118.03
5459,118.23
5460,118.39
5461,118.34
5462,118.69
5463,118.6
5464,118.74
5465,118.64
5466,118.76
5467,118.92
5468,119.09
5469,119.04
5470,119.06
5471,119.11
5472,119.12000000000002
5473,119.0
5474,119.03
5475,119.01999999999998
5476,119.3
5477,119.1
5478,118.81
5479,118.89
5480,118.73
5481,118.53
5482,118.39
5483,118.07
5484,118.41
5485,118.39
5486,118.3
5487,118.13
5488,118.02
5489,118.03
5490,118.05
5491,118.22
5492,118.07
5493,118.3
5494,118.32
5495,118.18
5496,117.96
5497,118.03
5498,117.91
5499,118.17
