,0
0,204.515
1,204.35
2,203.66
3,203.93
4,203.12300000000002
5,203.6
6,203.22
7,203.29
8,203.104
9,204.605
10,205.08
11,204.62
12,201.597
13,200.92
14,203.11
15,202.7
16,204.15
17,206.93
18,209.4005
19,209.67
20,207.44
21,207.36
22,208.48
23,207.97000000000003
24,207.5
25,207.23
26,208.37000000000003
27,207.85
28,207.86
29,201.87
30,202.23999999999998
31,200.75
32,200.40599999999998
33,201.35
34,200.1
35,200.1
36,200.207
37,200.52
38,200.58
39,200.45
40,199.67
41,199.28
42,199.9901
43,199.01
44,199.535
45,199.54
46,199.74
47,199.16
48,199.81
49,200.04
50,200.691
51,200.75
52,200.93
53,200.36
54,199.3
55,200.85
56,200.96999999999997
57,200.3513
58,199.02
59,199.3
60,200.5
61,200.75
62,199.04
63,200.16400000000002
64,198.88999999999996
65,198.24
66,196.1601
67,195.09
68,195.30000000000004
69,195.01099999999997
70,195.83
71,195.74
72,195.2715
73,195.21010000000004
74,195.09
75,194.97
76,192.69
77,192.74
78,192.7519
79,192.23
80,191.73
81,190.83000000000004
82,190.59
83,191.64
84,193.09
85,192.12
86,190.49
87,191.544
88,193.07
89,192.21
90,192.12
91,194.16
92,194.19
93,194.3102
94,194.3
95,192.53
96,192.17
97,193.09
98,194.07
99,194.0499
100,192.95
101,193.1
102,193.37
103,194.197
104,194.13
105,194.38999999999996
106,194.40810000000002
107,193.85
108,194.48
109,193.7
110,193.77
111,194.00499999999997
112,193.35
113,192.96
114,193.83
115,194.41
116,194.705
117,192.97
118,193.85
119,194.38999999999996
120,194.6
121,194.6
122,195.28000000000003
123,194.73
124,194.3426
125,195.05
126,194.3996
127,193.91
128,194.334
129,194.54
130,194.66
131,194.9299
132,194.85500000000002
133,195.1319
134,195.0619
135,195.38
136,194.9901
137,195.21
138,195.72
139,195.44799999999998
140,195.47
141,195.31000000000003
142,195.048
143,195.348
144,195.7399
145,195.81
146,195.88
147,195.82
148,195.65999999999997
149,195.8399
150,195.84
151,195.7
152,195.82
153,197.0
154,197.66999999999996
155,198.22
156,197.70000000000002
157,197.37
158,197.71
159,198.85
160,198.95000000000002
161,198.64
162,198.34
163,199.24
164,198.91
165,199.5
166,199.15
167,199.655
168,199.7084
169,199.92
170,199.79
171,199.4505
172,199.2219
173,199.26
174,199.69
175,199.82
176,199.23
177,199.66
178,199.22
179,199.82
180,199.21
181,199.69
182,199.2
183,199.23
184,197.412
185,195.55
186,195.37
187,195.30000000000004
188,195.37
189,194.67
190,195.05
191,194.76
192,193.14
193,193.03
194,193.18999999999997
195,193.4
196,193.79
197,193.54
198,193.81
199,194.0
200,193.46
201,193.37
202,193.31
203,193.81
204,193.65000000000003
205,193.668
206,192.88
207,192.32
208,192.1
209,192.00000000000003
210,192.9101
211,192.29
212,191.98000000000002
213,191.98999999999998
214,192.01000000000002
215,192.25
216,192.54
217,192.26
218,194.71
219,194.3905
220,193.81
221,193.11
222,193.42
223,192.714
224,193.31
225,193.51
226,193.93
227,193.74
228,193.84900000000002
229,193.23999999999998
230,192.55
231,191.82299999999998
232,191.69
233,191.92
234,192.4501
235,192.56
236,193.49
237,195.8
238,195.13009999999997
239,195.32
240,195.30000000000004
241,195.628
242,195.06
243,195.37
244,195.75990000000002
245,195.51
246,196.48999999999998
247,196.3124
248,196.95
249,196.61
250,196.4901
251,196.93000000000004
252,197.6
253,197.14
254,197.36500000000004
255,196.98
256,196.7
257,197.23199999999997
258,197.0
259,196.87999999999997
260,196.2595
261,196.18
262,195.9007
263,195.91
264,196.48000000000002
265,196.23
266,195.97
267,195.96
268,195.7251
269,195.4876
270,195.67999999999998
271,194.00999999999996
272,195.69400000000002
273,195.32
274,195.58
275,194.02999999999997
276,194.06000000000003
277,196.3
278,196.27
279,196.532
280,196.95
281,196.50000000000003
282,196.03
283,195.37
284,194.98
285,195.938
286,196.56
287,196.92
288,197.0824
289,196.24
290,196.6681
291,196.75
292,196.44
293,196.6
294,196.78
295,196.62
296,196.64
297,196.59
298,196.10999999999999
299,196.58
300,196.71
301,196.40200000000002
302,196.19
303,196.58
304,196.66
305,196.27
306,196.22
307,196.15
308,195.41
309,195.82
310,194.9199
311,194.71599999999998
312,194.76
313,194.85000000000002
314,194.97
315,195.32
316,195.22
317,195.1
318,195.035
319,195.74
320,195.81
321,195.9
322,195.96
323,196.4999
324,195.99
325,195.8201
326,195.87
327,195.9
328,195.48
329,195.5
330,195.72
331,195.63
332,194.9682
333,195.24999999999997
334,195.65
335,195.63
336,194.96
337,195.12
338,195.11599999999999
339,194.92
340,194.83
341,194.92
342,195.18
343,195.01
344,194.89
345,195.74
346,197.45
347,197.49
348,198.0201
349,198.5
350,198.44
351,198.54000000000002
352,198.77
353,198.736
354,199.19
355,199.5201
356,199.4437
357,199.35000000000002
358,199.498
359,199.442
360,199.2
361,199.28799999999998
362,198.86
363,198.9
364,198.72
365,199.28
366,198.9
367,198.91
368,198.75
369,198.73
370,197.4
371,197.46
372,197.54
373,198.02
374,197.32999999999998
375,197.5199
376,197.87
377,198.54999999999998
378,198.69
379,199.51
380,201.01999999999998
381,201.00799999999995
382,200.66
383,200.9
384,200.38
385,199.6
386,200.07
387,200.0775
388,200.696
389,201.01999999999998
390,200.7001
391,200.72
392,200.6819
393,200.4599
394,200.56999999999996
395,200.60000000000002
396,200.68
397,200.44
398,200.77
399,200.67
400,200.62000000000003
401,202.05
402,202.38
403,202.21999999999997
404,202.549
405,203.2
406,202.82
407,202.8
408,203.18
409,203.45999999999998
410,203.29
411,203.54
412,203.37400000000005
413,203.33969999999997
414,203.1
415,202.946
416,203.2901
417,203.25
418,203.11
419,203.02999999999997
420,203.14
421,203.04999999999998
422,203.27
423,203.2795
424,203.48
425,203.54
426,203.41999999999996
427,203.28
428,203.49000000000004
429,203.53
430,203.35
431,203.4
432,203.09
433,203.33
434,203.85000000000002
435,203.3
436,203.15
437,203.26
438,202.46
439,201.61
440,201.7
441,201.80499999999998
442,201.48
443,201.87
444,201.93
445,202.23000000000002
446,202.3515
447,202.71
448,202.35
449,202.56
450,202.4699
451,202.21999999999997
452,202.18
453,202.48
454,202.57
455,202.29
456,202.1
457,202.54
458,202.58
459,202.29
460,202.08
461,202.4
462,202.45
463,201.42
464,201.8
465,201.7
466,201.54
467,202.1
468,203.08000000000004
469,203.658
470,203.1705
471,203.3901
472,203.13
473,202.9
474,203.07
475,202.78
476,202.74990000000003
477,202.56099999999998
478,202.79
479,202.87
480,202.76
481,202.67
482,203.24200000000002
483,203.6
484,203.69
485,203.42849999999999
486,203.36
487,203.43999999999997
488,203.04000000000002
489,203.41809999999998
490,203.4
491,203.43999999999997
492,202.9
493,202.92
494,201.75
495,201.58
496,201.18
497,201.94
498,201.983
499,201.84000000000003
500,202.47
501,202.74
502,202.57
503,202.989
504,202.67
505,202.73
506,202.574
507,202.74
508,202.59
509,202.14
510,202.35
511,202.15
512,202.12
513,202.04
514,202.03
515,201.83
516,201.21
517,201.29
518,201.54
519,201.64
520,201.22
521,201.28
522,201.52
523,201.39
524,201.56
525,201.45
526,200.23
527,199.92
528,199.99
529,200.3501
530,200.04
531,199.59
532,199.9
533,199.72
534,199.5
535,199.5
536,199.52
537,199.89
538,200.01
539,199.9324
540,200.30900000000003
541,200.6
542,200.55
543,200.46
544,200.52
545,200.615
546,201.01
547,201.13
548,200.81
549,200.21
550,200.44
551,201.1
552,200.81
553,200.26
554,200.3663
555,200.39
556,199.72
557,201.08
558,198.75
559,198.5
560,198.39
561,198.46
562,198.0401
563,197.64
564,197.89
565,197.65
566,197.08
567,196.19
568,196.37
569,196.761
570,196.49
571,197.16
572,196.83
573,196.78
574,197.18
575,196.8881
576,197.0999
577,197.28
578,197.33
579,197.43
580,197.3
581,196.98
582,197.34
583,197.44
584,197.39
585,196.9701
586,196.98
587,198.9092
588,199.61
589,199.36
590,199.4
591,200.21
592,200.6699
593,200.38
594,200.11
595,200.22
596,200.22
597,200.19
598,200.48
599,200.65
600,200.5
601,201.00099999999998
602,201.16
603,200.9751
604,201.31
605,201.1
606,200.8906
607,200.335
608,199.75
609,200.0
610,199.83
611,200.122
612,200.55
613,199.9501
614,199.8364
615,200.14
616,200.71
617,200.55
618,197.6563
619,197.71200000000002
620,197.94
621,197.9
622,197.52
623,197.7592
624,197.99
625,197.89
626,197.67
627,197.46
628,197.68
629,197.7
630,198.19
631,197.96
632,197.8046
633,197.76
634,198.09
635,199.5
636,199.94
637,200.07
638,200.4532
639,200.52
640,201.1424
641,201.445
642,202.363
643,202.0
644,201.15
645,201.4594
646,202.3899
647,202.18
648,202.0
649,202.6
650,202.72
651,204.25
652,204.7099
653,205.12
654,204.38
655,204.55
656,204.7
657,204.61
658,204.53
659,204.33
660,204.43
661,204.38
662,204.46
663,204.49
664,204.74
665,204.6975
666,204.9
667,204.83
668,204.8951
669,204.79
670,204.9701
671,204.95
672,205.06099999999998
673,204.63
674,204.64
675,204.95
676,205.06099999999998
677,204.67
678,204.68
679,204.64
680,206.98
681,207.08
682,208.18
683,208.45
684,208.49
685,208.62
686,208.79
687,208.7
688,208.641
689,208.57
690,208.76
691,208.76
692,208.8
693,208.5101
694,208.7246
695,208.88
696,209.08
697,209.08
698,208.986
699,209.0497
700,208.98
701,208.86
702,209.02
703,209.27
704,208.75
705,209.01
706,209.04
707,209.28
708,208.76
709,208.79
710,209.03
711,210.75
712,210.1494
713,209.16
714,209.48
715,209.73
716,209.22
717,209.69
718,210.13
719,209.78
720,210.11
721,209.92
722,209.91
723,209.9498
724,209.8
725,209.7
726,209.7119
727,210.05
728,210.03
729,209.63
730,209.29
731,208.9837
732,208.03
733,208.6
734,208.05200000000002
735,207.861
736,208.8
737,208.59
738,208.08
739,207.86
740,208.59
741,208.8
742,208.46
743,209.33
744,209.0401
745,209.1212
746,209.27
747,209.63
748,209.3537
749,209.73
750,209.59400000000002
751,209.69
752,209.37
753,209.46
754,209.26
755,209.514
756,209.62099999999998
757,209.3764
758,209.41
759,209.52
760,209.65
761,209.3101
762,208.7498
763,208.67
764,209.01
765,208.81
766,209.26
767,209.33
768,209.04
769,208.81
770,209.24
771,209.24
772,209.27
773,209.18
774,210.7
775,210.14
776,210.09
777,209.61
778,209.701
779,210.048
780,210.15
781,209.86599999999999
782,210.33
783,210.0
784,210.19
785,210.09
786,210.1
787,210.25
788,210.1681
789,209.9899
790,209.95
791,210.2
792,210.27599999999998
793,210.55
794,210.64
795,210.18
796,210.4701
797,210.7999
798,210.75
799,210.16
800,210.48
801,210.8
802,210.6701
803,210.71
804,216.97
805,217.31
806,217.2
807,217.3
808,217.47
809,217.7703
810,218.3
811,218.11
812,218.16
813,218.59
814,218.48
815,218.35
816,218.718
817,219.23
818,219.5999
819,219.38
820,218.61599999999999
821,218.9706
822,218.94400000000002
823,219.1
824,219.39
825,219.07
826,218.67
827,218.74
828,218.89
829,219.0
830,218.628
831,218.736
832,218.88
833,218.9181
834,218.9
835,219.578
836,218.45
837,219.02
838,219.06
839,219.59
840,219.75
841,219.6475
842,218.8995
843,219.35
844,219.3014
845,219.21
846,219.28
847,219.145
848,219.3001
849,219.19
850,219.3
851,219.29
852,219.34
853,219.3299
854,219.03
855,219.245
856,219.0901
857,218.89
858,218.99
859,219.0751
860,219.03
861,218.89
862,219.0201
863,219.095
864,218.93
865,218.94
866,219.25
867,219.47
868,219.95
869,221.45
870,222.87
871,223.7
872,222.9
873,223.26
874,223.43
875,223.7
876,224.0
877,224.1
878,224.22
879,224.34
880,224.17
881,224.38
882,224.72
883,224.76
884,224.87
885,224.8
886,224.24
887,223.36
888,222.65
889,222.41
890,222.99
891,223.17
892,222.9
893,222.4438
894,223.0
895,223.1415
896,223.02
897,224.15
898,223.8801
899,224.26
900,224.41
901,224.68
902,224.52
903,224.67
904,224.73
905,224.48
906,224.62
907,224.13
908,224.1
909,224.4
910,224.72
911,224.82
912,224.5799
913,224.78599999999997
914,224.26
915,224.63
916,224.83
917,225.2
918,224.98
919,225.15
920,224.33
921,224.655
922,224.84
923,225.15
924,224.39
925,224.66
926,224.82
927,224.8401
928,224.45
929,223.88
930,223.94
931,224.115
932,224.32
933,224.52
934,224.416
935,224.28599999999997
936,224.15099999999998
937,224.62
938,224.208
939,223.92
940,224.278
941,224.36
942,224.39
943,224.385
944,224.33
945,224.35
946,224.24
947,224.0259
948,224.0001
949,224.3
950,224.58
951,225.16
952,224.88400000000001
953,225.5
954,224.58
955,225.1999
956,224.91
957,225.425
958,225.41
959,226.104
960,227.6
961,226.4797
962,226.63
963,226.575
964,226.66
965,226.95
966,227.01
967,226.94
968,226.68
969,226.8
970,226.94
971,226.732
972,226.84
973,226.812
974,226.56
975,226.53
976,226.6819
977,226.98
978,226.82
979,226.75
980,226.88400000000001
981,226.76
982,225.85
983,226.71
984,226.62
985,226.75
986,225.84
987,226.69
988,226.55
989,226.6
990,224.68
991,223.43
992,223.06799999999998
993,223.535
994,222.94
995,222.0
996,220.64
997,221.22
998,221.7726
999,221.8
1000,221.86000000000004
1001,222.08499999999998
1002,222.3
1003,222.08
1004,222.04
1005,221.80999999999997
1006,222.05630000000002
1007,222.0649
1008,221.87
1009,221.9315
1010,222.15
1011,222.52
1012,222.36000000000004
1013,223.22000000000003
1014,223.54
1015,223.89999999999998
1016,222.36900000000003
1017,223.2
1018,223.5501
1019,223.81990000000002
1020,223.88
1021,224.24
1022,223.648
1023,223.24
1024,223.29
1025,223.3854
1026,224.31930000000003
1027,224.2
1028,224.78
1029,224.46
1030,224.56000000000003
1031,224.6
1032,224.64
1033,224.41
1034,224.24
1035,224.18
1036,224.10400000000004
1037,224.07
1038,223.9799
1039,224.5
1040,224.55
1041,223.55999999999997
1042,224.14
1043,224.261
1044,224.3
1045,224.33
1046,224.55
1047,224.28
1048,224.34
1049,224.36
1050,224.47400000000002
1051,224.49
1052,226.15000000000003
1053,226.15000000000003
1054,225.79
1055,225.94
1056,226.0401
1057,226.03
1058,225.89
1059,225.90000000000003
1060,225.83
1061,225.93
1062,225.98
1063,225.93
1064,225.8
1065,225.89
1066,225.674
1067,225.75999999999996
1068,225.78
1069,225.46
1070,225.40400000000002
1071,224.93
1072,224.37
1073,223.55
1074,224.06000000000003
1075,223.88400000000001
1076,223.66999999999996
1077,224.07
1078,223.98
1079,223.88
1080,223.71
1081,224.12
1082,224.07
1083,223.80999999999997
1084,223.04
1085,222.93
1086,223.29
1087,223.36
1088,223.8506
1089,224.1
1090,224.05
1091,223.91
1092,223.38
1093,223.30999999999997
1094,223.52
1095,223.37
1096,223.46
1097,223.91
1098,223.68
1099,223.64
1100,223.644
1101,223.69
1102,223.66999999999996
1103,223.60500000000002
1104,223.58
1105,223.45
1106,224.1501
1107,224.692
1108,224.75
1109,223.51
1110,224.16999999999996
1111,224.7099
1112,224.61
1113,224.75
1114,222.95
1115,223.29
1116,222.30999999999997
1117,222.25
1118,222.2
1119,221.96999999999997
1120,221.9003
1121,221.916
1122,222.1
1123,222.42
1124,222.2825
1125,222.19
1126,222.21599999999998
1127,222.04
1128,222.15
1129,221.83
1130,221.99
1131,222.22059999999996
1132,222.18
1133,222.39010000000002
1134,222.29
1135,222.0801
1136,222.2
1137,222.02
1138,221.50599999999997
1139,222.21
1140,222.22000000000003
1141,222.05010000000001
1142,221.46999999999997
1143,222.05999999999997
1144,222.14
1145,223.11000000000004
1146,223.48
1147,223.30999999999997
1148,223.6
1149,224.11
1150,224.36
1151,224.57220000000004
1152,224.7
1153,224.18
1154,224.68
1155,224.46
1156,224.62
1157,224.9375
1158,225.35
1159,225.64999999999998
1160,225.28
1161,225.33
1162,225.1901
1163,225.1
1164,225.5019
1165,225.68
1166,225.57
1167,225.66999999999996
1168,225.55
1169,225.4399
1170,224.88
1171,225.64999999999998
1172,225.59
1173,225.43
1174,224.76
1175,224.82
1176,225.71809999999996
1177,225.56000000000003
1178,225.75999999999996
1179,225.61
1180,225.315
1181,224.81000000000003
1182,225.03
1183,224.87
1184,224.91999999999996
1185,225.21
1186,225.46
1187,225.47
1188,225.64
1189,225.77
1190,225.71
1191,226.59999999999997
1192,226.44
1193,226.14
1194,226.495
1195,227.82999999999998
1196,227.97
1197,228.06
1198,228.52
1199,228.43
1200,228.26000000000002
1201,228.39
1202,228.59999999999997
1203,228.51000000000002
1204,228.2599
1205,228.46
1206,228.40000000000003
1207,228.55
1208,228.99799999999996
1209,229.142
1210,229.7201
1211,229.99000000000004
1212,229.9019
1213,229.2462
1214,229.35000000000002
1215,229.68
1216,229.83000000000004
1217,229.71
1218,229.75
1219,229.60000000000002
1220,229.68
1221,229.60000000000002
1222,229.64
1223,229.65
1224,229.60000000000002
1225,229.76000000000002
1226,229.68
1227,229.58000000000004
1228,229.23
1229,229.42
1230,229.62
1231,229.8
1232,229.36
1233,229.42
1234,229.62
1235,229.76000000000002
1236,229.60000000000002
1237,229.36
1238,230.4925
1239,229.88
1240,230.08000000000004
1241,229.7
1242,229.93
1243,229.9
1244,230.653
1245,230.61
1246,230.75
1247,230.88199999999998
1248,230.45
1249,230.26
1250,230.46
1251,230.2
1252,230.36
1253,230.33000000000004
1254,229.71
1255,229.47
1256,229.21
1257,227.78
1258,228.53
1259,228.49000000000004
1260,229.0699
1261,228.23
1262,227.826
1263,226.73
1264,229.104
1265,228.25
1266,227.8699
1267,226.54
1268,226.5
1269,229.00050000000002
1270,230.49
1271,231.27999999999997
1272,231.39
1273,231.35000000000002
1274,230.82
1275,231.16
1276,231.56400000000002
1277,231.49
1278,231.02030000000002
1279,230.99
1280,230.18
1281,230.60000000000002
1282,229.68999999999997
1283,229.82
1284,230.01000000000002
1285,230.17
1286,229.7
1287,229.88
1288,230.27999999999997
1289,230.364
1290,230.21
1291,230.43999999999997
1292,230.13
1293,230.74
1294,230.91
1295,230.39
1296,230.08000000000004
1297,230.75
1298,230.99
1299,230.93999999999997
1300,233.31
1301,233.36
1302,233.36
1303,233.13999999999996
1304,233.1892
1305,233.19000000000003
1306,232.99
1307,233.36
1308,233.26
1309,233.18
1310,232.95
1311,232.8128
1312,232.73
1313,232.73
1314,233.04
1315,232.54
1316,232.06
1317,232.38999999999996
1318,232.28400000000002
1319,231.75
1320,232.16
1321,232.16
1322,232.365
1323,232.26
1324,232.36
1325,232.45
1326,232.35
1327,232.2485
1328,232.32
1329,232.38999999999996
1330,232.41
1331,236.6263
1332,236.81999999999996
1333,236.679
1334,236.3796
1335,235.59
1336,235.658
1337,234.7899
1338,235.86
1339,236.11
1340,236.04
1341,235.865
1342,236.02
1343,235.93
1344,235.69
1345,235.7
1346,235.36
1347,235.3
1348,235.79
1349,235.78
1350,235.81
1351,235.97999999999996
1352,236.145
1353,235.94
1354,235.93
1355,235.972
1356,235.83
1357,235.95
1358,235.93
1359,235.9901
1360,235.9
1361,235.85
1362,235.86
1363,235.76
1364,235.53000000000003
1365,235.79
1366,235.43
1367,235.72
1368,235.54999999999998
1369,235.58
1370,235.67
1371,235.7501
1372,235.74239999999998
1373,235.75
1374,235.7681
1375,235.7401
1376,235.7819
1377,236.1699
1378,236.0193
1379,236.0099
1380,236.04
1381,236.24400000000003
1382,235.79
1383,235.41
1384,235.36399999999998
1385,235.27
1386,235.04
1387,234.92
1388,235.3403
1389,235.26
1390,234.93
1391,234.97999999999996
1392,235.0
1393,238.30000000000004
1394,238.06
1395,237.64989999999997
1396,237.4
1397,237.3725
1398,237.1968
1399,236.75
1400,237.0581
1401,237.04
1402,237.1525
1403,237.19
1404,236.83
1405,236.95
1406,237.0899
1407,237.047
1408,236.81999999999996
1409,236.17
1410,235.45999999999998
1411,235.27400000000003
1412,234.27
1413,233.5976
1414,234.27
1415,234.31
1416,234.32
1417,234.9101
1418,235.97
1419,234.29
1420,234.29
1421,234.92
1422,235.81
1423,235.89000000000001
1424,237.48000000000002
1425,236.37000000000003
1426,235.75
1427,235.94
1428,236.6
1429,237.14000000000001
1430,237.2901
1431,237.1772
1432,237.21000000000004
1433,237.1328
1434,237.06
1435,237.43200000000002
1436,237.76
1437,237.5637
1438,237.49
1439,237.71200000000002
1440,237.5501
1441,237.4
1442,237.34
1443,237.68
1444,238.049
1445,237.88
1446,237.8379
1447,237.81999999999996
1448,237.646
1449,238.5
1450,237.832
1451,237.9
1452,237.64
1453,238.47
1454,238.5
1455,237.23000000000002
1456,237.56999999999996
1457,237.47
1458,238.08
1459,237.8408
1460,238.06999999999996
1461,238.08009999999996
1462,238.64
1463,238.56
1464,238.69099999999997
1465,238.58
1466,238.6
1467,238.48989999999998
1468,238.64
1469,238.64
1470,238.72799999999998
1471,238.895
1472,238.9603
1473,239.6999
1474,239.90999999999997
1475,240.08
1476,240.03
1477,239.88
1478,239.51
1479,239.79
1480,239.65999999999997
1481,239.88
1482,239.52
1483,239.7799
1484,239.6124
1485,239.65
1486,240.56
1487,240.2124
1488,240.83939999999998
1489,241.03
1490,240.6876
1491,240.76
1492,241.18
1493,241.05
1494,240.99
1495,241.012
1496,241.0499
1497,240.87
1498,241.1
1499,241.24999999999997
1500,241.5828
1501,241.73
1502,241.575
1503,241.73
1504,241.54
1505,240.91
1506,240.64
1507,240.4494
1508,239.31
1509,239.76
1510,240.04
1511,240.54
1512,239.27
1513,239.765
1514,240.01
1515,240.4119
1516,240.5195
1517,238.89
1518,238.2772
1519,238.19
1520,239.13
1521,238.88
1522,239.07
1523,239.25
1524,238.90400000000002
1525,239.175
1526,239.35
1527,239.4785
1528,240.19
1529,240.0299
1530,240.58
1531,240.41
1532,240.815
1533,240.34
1534,240.15
1535,239.92
1536,240.23
1537,240.08
1538,240.09
1539,239.7304
1540,240.37
1541,239.985
1542,239.95
1543,239.88
1544,240.39
1545,239.9799
1546,239.91
1547,239.97
1548,241.06
1549,241.27
1550,241.35
1551,240.92
1552,241.21
1553,240.91
1554,241.18
1555,241.2996
1556,241.3099
1557,241.03
1558,241.1775
1559,241.15
1560,241.08
1561,240.94
1562,240.7862
1563,240.76999999999998
1564,241.1099
1565,240.65000000000003
1566,240.84099999999998
1567,241.08849999999998
1568,240.98
1569,241.166
1570,241.1099
1571,241.748
1572,241.49
1573,241.87999999999997
1574,241.1
1575,241.72000000000003
1576,241.4899
1577,241.72000000000003
1578,241.79
1579,242.61
1580,241.94
1581,242.6599
1582,242.8
1583,242.6
1584,242.6999
1585,242.79000000000002
1586,242.58
1587,242.535
1588,242.7
1589,242.68
1590,242.555
1591,242.68
1592,242.58
1593,242.75000000000003
1594,242.84
1595,242.88
1596,242.56
1597,242.47
1598,242.62
1599,242.73
1600,242.81
1601,242.68
1602,242.51
1603,242.209
1604,242.31
1605,242.69
1606,242.51
1607,242.13
1608,242.31400000000002
1609,242.25
1610,242.47
1611,242.44099999999997
1612,242.6
1613,241.67
1614,241.66
1615,241.58
1616,241.42
1617,241.97
1618,241.79
1619,241.8399
1620,241.59
1621,241.86700000000002
1622,241.82
1623,242.19
1624,242.43
1625,242.158
1626,242.5
1627,242.6999
1628,242.5
1629,242.48
1630,242.3399
1631,242.3
1632,242.4
1633,242.49
1634,242.47
1635,242.34
1636,242.46
1637,242.52
1638,242.47
1639,242.37
1640,242.34
1641,244.58
1642,244.72
1643,245.0
1644,245.52
1645,245.17
1646,245.16
1647,245.01
1648,245.3
1649,245.48
1650,245.38
1651,245.25900000000001
1652,245.3125
1653,245.37400000000002
1654,245.43
1655,245.36
1656,245.48
1657,245.13
1658,245.03
1659,245.3
1660,245.45
1661,245.38
1662,245.4
1663,245.419
1664,245.51
1665,245.61
1666,245.63
1667,245.419
1668,245.52
1669,245.64
1670,245.56
1671,245.69
1672,246.25
1673,246.315
1674,246.47
1675,246.51
1676,246.96
1677,247.0
1678,247.57
1679,247.25
1680,247.37
1681,247.12
1682,247.51
1683,247.25
1684,247.29
1685,247.63
1686,247.6
1687,247.89999999999998
1688,247.83
1689,247.85
1690,248.3
1691,248.44
1692,248.35
1693,248.67
1694,248.36
1695,248.44
1696,248.46
1697,248.92
1698,248.33
1699,248.36
1700,248.47
1701,248.96999999999997
1702,248.95
1703,248.91
1704,249.34
1705,250.4
1706,250.31
1707,250.084
1708,248.81000000000003
1709,248.673
1710,248.22
1711,248.89000000000001
1712,247.364
1713,246.14
1714,246.04
1715,245.644
1716,246.19
1717,246.94999999999996
1718,246.52200000000002
1719,246.2
1720,246.51
1721,247.53
1722,247.68
1723,248.04
1724,246.74
1725,246.89
1726,246.6851
1727,247.4249
1728,247.44
1729,246.94999999999996
1730,246.66
1731,247.39
1732,247.605
1733,247.52
1734,247.33
1735,247.35
1736,247.37
1737,246.7
1738,246.38
1739,245.58
1740,245.9
1741,245.83999999999997
1742,245.77
1743,243.57
1744,243.24
1745,243.7
1746,244.24
1747,244.07
1748,242.71000000000004
1749,242.98
1750,243.016
1751,242.26
1752,243.1768
1753,243.47
1754,243.97
1755,245.4995
1756,245.69
1757,246.4299
1758,246.0399
1759,247.08
1760,245.74
1761,246.54
1762,246.09
1763,246.86
1764,247.0
1765,246.5
1766,245.32
1767,244.7
1768,244.13
1769,244.227
1770,244.8
1771,244.7376
1772,245.16
1773,245.1899
1774,245.45
1775,246.2043
1776,246.44
1777,246.55
1778,246.0
1779,245.76
1780,246.22
1781,245.95
1782,245.225
1783,244.71
1784,245.28
1785,245.16
1786,245.83999999999997
1787,245.045
1788,245.1599
1789,245.46
1790,244.61
1791,245.01
1792,245.14
1793,245.4865
1794,244.19
1795,244.6
1796,258.38
1797,259.77299999999997
1798,259.653
1799,258.0
1800,258.97
1801,258.56
1802,258.96
1803,257.91
1804,258.2301
1805,258.45
1806,258.14
1807,258.25
1808,258.68
1809,258.17
1810,258.0387
1811,258.1999
1812,258.14
1813,258.91
1814,259.46
1815,258.55
1816,258.1
1817,258.755
1818,258.93
1819,258.8
1820,259.7
1821,259.24
1822,258.94
1823,258.87
1824,259.75
1825,259.47
1826,259.39
1827,256.43
1828,257.75
1829,257.2614
1830,258.14
1831,258.65
1832,258.27
1833,258.112
1834,258.05
1835,258.24
1836,258.06
1837,258.52
1838,258.85
1839,258.81
1840,258.7
1841,259.59
1842,259.6301
1843,260.89
1844,262.7801
1845,263.28
1846,264.22
1847,264.14
1848,265.17
1849,265.8201
1850,265.84
1851,265.97
1852,266.33
1853,265.78
1854,265.868
1855,265.85
1856,266.47
1857,266.47
1858,271.03
1859,271.57509999999996
1860,271.21
1861,270.49
1862,270.78
1863,270.24
1864,270.06
1865,269.87
1866,269.91
1867,269.38
1868,269.28
1869,269.32
1870,269.65
1871,270.68
1872,270.4893
1873,270.03
1874,269.57
1875,270.0565
1876,270.0101
1877,270.545
1878,271.23
1879,271.5793
1880,271.24
1881,270.785
1882,270.38
1883,270.85
1884,271.26
1885,270.7981
1886,270.36
1887,270.73
1888,270.71
1889,270.9
1890,268.66
1891,269.935
1892,269.37
1893,269.4899
1894,270.1146
1895,270.6663
1896,269.96
1897,269.77
1898,269.43
1899,269.47
1900,269.06
1901,269.18
1902,269.49
1903,269.68
1904,269.4501
1905,269.439
1906,269.39
1907,269.45
1908,269.85
1909,269.39
1910,269.06
1911,268.68
1912,268.7
1913,269.17
1914,269.5
1915,268.73
1916,268.7525
1917,269.29
1918,269.3
1919,269.29
1920,267.06
1921,266.99
1922,266.77
1923,266.89
1924,266.9499
1925,267.3801
1926,266.12
1927,262.0
1928,262.7
1929,262.73
1930,261.6
1931,262.027
1932,262.64
1933,262.803
1934,263.57599999999996
1935,264.44
1936,264.2
1937,264.6875
1938,263.98
1939,263.314
1940,263.44
1941,263.11
1942,263.49
1943,263.12
1944,262.09
1945,262.23
1946,263.4838
1947,263.08
1948,261.97
1949,261.99
1950,262.14
1951,261.808
1952,260.54
1953,257.7507
1954,258.823
1955,257.89
1956,258.72
1957,259.692
1958,259.0
1959,258.55
1960,259.3276
1961,259.2599
1962,260.82
1963,259.906
1964,260.6
1965,261.7599
1966,261.464
1967,261.93
1968,261.75
1969,261.1
1970,261.92
1971,262.41
1972,262.12
1973,261.992
1974,261.9
1975,261.72
1976,261.61
1977,261.9625
1978,261.93
1979,261.59
1980,261.62
1981,261.6
1982,264.3501
1983,265.8899
1984,265.49
1985,267.113
1986,267.29
1987,267.345
1988,267.3134999999999
1989,268.1
1990,268.45599999999996
1991,268.06
1992,268.25
1993,268.638
1994,269.32
1995,269.33
1996,269.64
1997,269.21
1998,269.26
1999,269.72
2000,269.745
2001,269.12
2002,268.79
2003,268.4999
2004,268.835
2005,269.264
2006,269.17
2007,268.6
2008,268.81
2009,269.23
2010,269.17
2011,268.68
2012,268.6
2013,268.8
2014,266.9
2015,265.76
2016,266.72
2017,266.66
2018,267.08
2019,266.8
2020,266.42
2021,266.05
2022,266.45
2023,265.7
2024,264.09
2025,264.16
2026,262.9126
2027,262.877
2028,263.877
2029,263.593
2030,263.07
2031,263.2222
2032,263.02
2033,262.19
2034,262.45
2035,262.26
2036,262.48
2037,261.44
2038,261.01
2039,262.32
2040,262.33
2041,261.34
2042,261.09
2043,261.09
2044,264.09
2045,264.15
2046,266.31
2047,266.2944
2048,266.15
2049,266.11400000000003
2050,265.56
2051,266.15
2052,266.17
2053,266.43
2054,266.37
2055,267.44
2056,267.11
2057,267.59
2058,267.43
2059,267.37
2060,267.622
2061,267.66
2062,266.62
2063,267.43
2064,266.99
2065,267.34
2066,266.48
2067,266.145
2068,266.375
2069,266.36
2070,266.4
2071,266.15
2072,266.4099
2073,266.13
2074,266.08
2075,261.04
2076,261.14
2077,260.33
2078,258.1
2079,258.03
2080,258.3
2081,257.75
2082,257.87
2083,259.1319
2084,259.44
2085,258.3999
2086,257.55
2087,258.27
2088,258.5
2089,258.65
2090,258.43
2091,259.21
2092,259.4
2093,259.34
2094,258.085
2095,257.89
2096,258.0
2097,258.29
2098,258.49
2099,257.18
2100,258.66
2101,258.395
2102,258.4999
2103,257.11
2104,258.2199
2105,258.48
2106,251.83
2107,251.46
2108,251.94
2109,252.15400000000002
2110,254.2701
2111,254.87
2112,254.9755
2113,255.6001
2114,256.1
2115,257.72
2116,256.54900000000004
2117,255.328
2118,254.53
2119,255.4899
2120,255.61
2121,256.11
2122,256.1001
2123,256.12
2124,255.73
2125,255.4006
2126,254.55999999999997
2127,255.08
2128,255.05
2129,254.9
2130,254.85999999999999
2131,256.12
2132,254.92
2133,254.96000000000004
2134,254.85299999999998
2135,255.9739
2136,256.0
2137,257.0
2138,256.9601
2139,257.42
2140,256.57099999999997
2141,255.97
2142,255.73
2143,254.5
2144,255.15
2145,254.64
2146,255.16
2147,255.5
2148,254.51189999999997
2149,253.28
2150,253.16
2151,251.57000000000002
2152,251.9
2153,251.69
2154,251.3
2155,250.44
2156,247.84
2157,234.06
2158,243.01
2159,244.59
2160,243.69
2161,245.63000000000002
2162,246.05
2163,244.5699
2164,244.46
2165,245.88
2166,246.61000000000004
2167,246.7
2168,245.24
2169,242.35
2170,239.06
2171,229.77000000000004
2172,232.24
2173,234.82299999999998
2174,236.75
2175,237.25
2176,240.02
2177,240.25
2178,242.09900000000002
2179,239.98
2180,238.26
2181,237.88
2182,236.86
2183,236.15200000000002
2184,238.60000000000002
2185,237.09
2186,235.17
2187,234.25999999999996
2188,235.95
2189,235.59
2190,232.75
2191,234.102
2192,235.00000000000003
2193,235.81999999999996
2194,232.64
2195,233.9899
2196,235.07400000000004
2197,236.11
2198,235.86
2199,250.24
2200,250.44
2201,252.36
2202,251.57000000000002
2203,252.63
2204,253.14500000000004
2205,253.465
2206,253.59
2207,253.6099
2208,253.919
2209,254.06
2210,253.34400000000002
2211,252.99200000000002
2212,253.11
2213,252.17
2214,252.73
2215,252.538
2216,253.095
2217,253.09999999999997
2218,253.07
2219,252.81
2220,253.52
2221,252.88
2222,253.1699
2223,253.026
2224,253.89
2225,252.93
2226,253.15
2227,253.02
2228,253.95810000000003
2229,253.99
2230,251.24
2231,252.2555
2232,252.3
2233,252.29
2234,253.6301
2235,253.6
2236,255.94
2237,256.6738
2238,257.85
2239,257.91
2240,258.968
2241,258.445
2242,259.45
2243,259.49
2244,259.28
2245,259.2
2246,259.32
2247,259.67
2248,259.0996
2249,257.68
2250,257.18
2251,257.04
2252,256.55
2253,256.36
2254,257.35
2255,256.57
2256,256.39
2257,256.43
2258,257.39
2259,256.35
2260,256.52
2261,261.01599999999996
2262,261.5
2263,261.81
2264,262.19
2265,262.33
2266,262.63
2267,262.83
2268,261.87
2269,261.9
2270,261.931
2271,262.4
2272,262.44
2273,262.6391
2274,262.1513
2275,262.0
2276,261.99
2277,261.7743
2278,260.829
2279,260.835
2280,261.73
2281,261.97
2282,261.98
2283,261.7797
2284,261.37
2285,261.5195
2286,262.08
2287,261.8
2288,261.37
2289,261.52
2290,261.79400000000004
2291,262.09
2292,262.9
2293,264.375
2294,264.67
2295,264.7
2296,264.32
2297,263.52
2298,263.3
2299,263.53
2300,262.98
2301,262.409
2302,262.34
2303,262.2
2304,262.3284
2305,262.0675
2306,262.7299
2307,263.11
2308,262.5
2309,262.5
2310,262.87
2311,262.19
2312,262.09
2313,261.81
2314,259.71
2315,259.2
2316,257.47
2317,258.27
2318,259.959
2319,259.248
2320,257.469
2321,258.27
2322,258.25
2323,254.10199999999998
2324,253.09
2325,253.53990000000002
2326,253.5205
2327,253.5
2328,253.40000000000003
2329,252.6126
2330,251.808
2331,251.8
2332,251.34400000000002
2333,250.1501
2334,250.79000000000002
2335,251.50000000000003
2336,252.6
2337,252.92
2338,252.24999999999997
2339,251.23000000000002
2340,250.885
2341,250.94
2342,251.19999999999996
2343,252.00099999999998
2344,251.7899
2345,251.83
2346,251.21
2347,253.08
2348,254.0
2349,251.80999999999997
2350,251.36000000000004
2351,253.19
2352,253.97
2353,253.82
2354,255.47
2355,254.2292
2356,254.225
2357,255.1662
2358,254.52000000000004
2359,254.07
2360,252.65900000000002
2361,251.23000000000002
2362,251.50000000000003
2363,250.2401
2364,249.49999999999997
2365,250.0
2366,249.97
2367,249.22
2368,249.58
2369,250.45749999999998
2370,249.58
2371,250.5699
2372,250.855
2373,250.5
2374,251.65
2375,252.37
2376,251.97799999999998
2377,251.61
2378,253.66
2379,254.14999999999998
2380,251.965
2381,251.48
2382,253.29999999999998
2383,253.9
2384,253.94999999999996
2385,257.99
2386,257.23
2387,257.17
2388,255.82
2389,253.85
2390,253.6
2391,254.59000000000003
2392,254.67
2393,253.02999999999997
2394,253.0
2395,253.06000000000003
2396,253.95820000000003
2397,254.18000000000004
2398,254.08900000000003
2399,252.94
2400,253.27
2401,252.21900000000002
2402,251.56
2403,252.58999999999997
2404,251.79
2405,251.49
2406,251.04
2407,252.0
2408,250.7752
2409,252.433
2410,252.33
2411,251.97999999999996
2412,250.66099999999997
2413,252.43
2414,252.19
2415,252.36
2416,251.77000000000004
2417,249.2
2418,247.07
2419,247.033
2420,247.07
2421,248.07
2422,245.98
2423,245.89999999999998
2424,245.33
2425,246.15
2426,246.55
2427,247.37
2428,246.56
2429,247.93999999999997
2430,247.81
2431,248.0822
2432,248.6
2433,248.32
2434,248.54
2435,248.2
2436,248.32
2437,248.1
2438,246.62
2439,248.24000000000004
2440,249.03
2441,248.31000000000003
2442,246.66889999999998
2443,248.32
2444,249.03
2445,247.98
2446,248.34
2447,241.47
2448,241.92999999999998
2449,241.19
2450,239.9299
2451,239.5
2452,239.51599999999996
2453,240.0864
2454,241.12
2455,241.24999999999997
2456,240.63
2457,240.043
2458,240.0399
2459,239.27
2460,236.42999999999998
2461,238.09000000000003
2462,239.66
2463,240.59
2464,239.75999999999996
2465,240.39999999999998
2466,240.73
2467,242.36999999999998
2468,241.75
2469,241.4
2470,241.03
2471,240.07
2472,237.57
2473,241.29
2474,241.31
2475,240.06000000000003
2476,237.5
2477,237.56
2478,234.88
2479,237.37
2480,238.36000000000004
2481,237.78999999999996
2482,239.95989999999998
2483,240.25
2484,240.39999999999998
2485,242.32
2486,243.84900000000005
2487,242.85
2488,242.89
2489,243.2
2490,243.081
2491,242.09999999999997
2492,242.15
2493,241.209
2494,241.92999999999998
2495,241.64899999999997
2496,240.59
2497,240.517
2498,240.13000000000002
2499,239.29
2500,239.01
2501,239.73999999999998
2502,240.25
2503,242.33
2504,239.0
2505,239.73999999999998
2506,240.24
2507,242.32000000000002
2508,242.32000000000002
2509,246.57000000000002
2510,248.22
2511,249.29
2512,249.73
2513,249.86
2514,249.57000000000002
2515,249.28
2516,249.14000000000001
2517,249.38
2518,249.56000000000003
2519,250.0
2520,249.96649999999997
2521,249.76000000000002
2522,250.68
2523,250.51
2524,250.5599
2525,250.0301
2526,250.0
2527,250.33190000000002
2528,250.35999999999999
2529,250.11999999999998
2530,250.25
2531,249.15
2532,249.25
2533,249.56000000000003
2534,246.74999999999997
2535,249.12149999999997
2536,249.25
2537,249.5249
2538,246.89
2539,246.75999999999996
2540,239.0
2541,238.73
2542,240.11
2543,240.17
2544,238.74
2545,239.68
2546,240.85
2547,239.92
2548,238.99
2549,240.7606
2550,241.9499
2551,240.34
2552,239.55000000000004
2553,240.26999999999998
2554,239.29999999999998
2555,239.68
2556,239.10550000000003
2557,239.058
2558,240.1301
2559,241.08
2560,241.76999999999998
2561,242.475
2562,242.78
2563,244.69
2564,244.83
2565,245.2
2566,242.78
2567,244.69
2568,244.81999999999996
2569,245.04999999999998
2570,245.22
2571,251.18999999999997
2572,251.31
2573,251.84
2574,251.59
2575,251.36
2576,250.76
2577,250.86
2578,249.34
2579,249.39
2580,249.74000000000004
2581,249.84599999999995
2582,249.39999999999998
2583,249.22000000000003
2584,250.39000000000001
2585,250.013
2586,249.74000000000004
2587,250.7145
2588,250.19000000000003
2589,249.57000000000002
2590,249.52
2591,247.88
2592,248.33999999999997
2593,248.70000000000002
2594,245.30000000000004
2595,245.66280000000003
2596,244.11
2597,248.74
2598,245.30000000000004
2599,245.66280000000003
2600,244.19999999999996
2601,244.109
2602,250.4
2603,250.13999999999996
2604,250.88
2605,251.09999999999997
2606,250.34
2607,250.20000000000002
2608,250.46999999999997
2609,250.96
2610,250.82000000000002
2611,250.89
2612,250.8199
2613,250.76
2614,250.42
2615,250.65999999999997
2616,250.59
2617,250.97
2618,251.18999999999997
2619,251.17999999999998
2620,251.61009999999996
2621,251.8
2622,252.05999999999997
2623,251.57500000000002
2624,252.30000000000004
2625,251.6319
2626,252.29
2627,253.49
2628,252.30000000000004
2629,251.636
2630,252.27989999999997
2631,253.62
2632,253.35
2633,256.478
2634,257.825
2635,257.97
2636,257.55
2637,257.0464
2638,256.28
2639,255.43999999999997
2640,255.15000000000003
2641,255.47
2642,255.41
2643,255.66
2644,256.47
2645,253.71
2646,254.86000000000004
2647,255.0
2648,255.25999999999996
2649,255.12
2650,254.789
2651,254.7122
2652,255.76
2653,256.65
2654,257.17
2655,257.4601
2656,258.7001
2657,258.88
2658,256.99
2659,257.4601
2660,258.7001
2661,258.88
2662,257.0
2663,256.88
2664,261.39
2665,261.33
2666,262.8301
2667,264.7102
2668,264.158
2669,263.68
2670,263.78
2671,263.64
2672,263.29400000000004
2673,262.5101
2674,263.18
2675,264.12
2676,264.0
2677,263.73
2678,264.8
2679,265.52
2680,265.57
2681,264.2
2682,264.09
2683,264.4
2684,264.33
2685,264.29
2686,263.44
2687,262.61
2688,262.36
2689,260.8
2690,263.52
2691,262.61
2692,262.3999
2693,260.57
2694,260.8
2695,262.4
2696,262.76
2697,263.0
2698,263.024
2699,262.39
2700,262.2161
2701,262.6
2702,262.68
2703,262.88
2704,262.98
2705,263.15
2706,263.0581
2707,263.12
2708,263.4399
2709,262.865
2710,262.7662
2711,262.75
2712,261.97
2713,261.9501
2714,261.2726
2715,262.45
2716,262.0
2717,262.28
2718,262.9819
2719,263.08
2720,263.94
2721,262.17
2722,263.06
2723,263.08
2724,263.73
2725,263.95
2726,264.37
2727,264.165
2728,262.93
2729,262.44
2730,262.47
2731,263.58
2732,263.85
2733,263.09
2734,263.46
2735,263.04
2736,262.07
2737,261.216
2738,260.8
2739,261.02
2740,261.33
2741,260.99
2742,262.47
2743,261.79
2744,262.16
2745,261.73
2746,262.9501
2747,262.46
2748,262.125
2749,263.72900000000004
2750,263.87
2751,263.3
2752,262.13
2753,263.72900000000004
2754,263.88
2755,263.17
2756,263.12
2757,259.39
2758,260.96
2759,261.76
2760,261.37
2761,261.2
2762,260.19
2763,259.808
2764,259.4
2765,259.57
2766,259.89
2767,259.68
2768,259.101
2769,258.705
2770,259.8
2771,259.26
2772,258.36400000000003
2773,258.4
2774,257.87
2775,257.48
2776,257.56
2777,257.27
2778,256.24
2779,256.51
2780,255.3619
2781,255.13
2782,256.086
2783,256.43
2784,255.41
2785,255.1296
2786,256.06
2787,255.965
2788,256.9
2789,258.58
2790,257.5301
2791,256.6
2792,255.11
2793,252.75000000000003
2794,252.45
2795,253.44900000000004
2796,254.50150000000002
2797,254.74
2798,254.81999999999996
2799,254.10000000000002
2800,254.87000000000003
2801,256.25
2802,254.81999999999996
2803,255.22
2804,255.899
2805,254.77
2806,253.79500000000002
2807,253.24
2808,251.69000000000003
2809,253.01999999999998
2810,253.045
2811,251.15000000000003
2812,250.98999999999998
2813,250.95
2814,253.0419
2815,251.23
2816,250.99999999999997
2817,250.87
2818,250.94
2819,252.65
2820,250.84549999999996
2821,251.5
2822,249.49510000000004
2823,248.77999999999997
2824,249.58449999999996
2825,248.38
2826,251.12
2827,251.356
2828,251.8836
2829,251.4
2830,250.36999999999998
2831,250.05
2832,249.88
2833,248.72
2834,248.24629999999996
2835,248.06000000000003
2836,247.97009999999997
2837,246.89879999999997
2838,248.55
2839,249.78900000000002
2840,247.35999999999999
2841,246.49
2842,247.66809999999998
2843,249.47
2844,249.38
2845,246.49
2846,247.6889
2847,249.42300000000003
2848,249.02000000000004
2849,249.33
2850,249.68
2851,249.04000000000002
2852,247.00000000000003
2853,247.58
2854,247.3
2855,248.6449
2856,249.06999999999996
2857,250.2599
2858,249.16809999999998
2859,249.33
2860,249.52
2861,250.73000000000002
2862,249.65000000000003
2863,249.08
2864,248.56
2865,248.02
2866,246.98
2867,247.47999999999996
2868,247.70999999999998
2869,247.81999999999996
2870,247.07
2871,245.70099999999996
2872,244.87000000000003
2873,244.9904
2874,243.62000000000003
2875,243.21
2876,244.89170000000001
2877,245.044
2878,243.64
2879,243.33
2880,243.20000000000002
2881,242.85000000000002
2882,245.13
2883,245.97
2884,245.85000000000002
2885,247.74
2886,247.09000000000003
2887,247.51499999999996
2888,247.17999999999998
2889,246.465
2890,246.6101
2891,245.91900000000004
2892,246.805
2893,245.32000000000002
2894,245.95000000000002
2895,246.77
2896,247.10000000000002
2897,246.91079999999997
2898,247.0603
2899,246.47000000000003
2900,247.45000000000002
2901,249.68200000000002
2902,249.50999999999996
2903,249.56000000000003
2904,250.16
2905,250.25
2906,250.74
2907,249.56000000000003
2908,250.16
2909,250.2249
2910,250.64
2911,250.66999999999996
2912,248.24999999999997
2913,249.33
2914,250.2635
2915,250.88
2916,250.3
2917,249.2924
2918,248.38
2919,248.33999999999997
2920,248.63
2921,249.81
2922,249.92
2923,249.17
2924,249.75000000000003
2925,249.8
2926,250.96
2927,250.5
2928,249.656
2929,249.97
2930,249.9
2931,249.5741
2932,249.755
2933,250.52200000000002
2934,250.5165
2935,251.3
2936,252.78999999999996
2937,253.51
2938,250.5165
2939,251.3
2940,252.8
2941,253.51
2942,253.51
2943,256.5
2944,256.9
2945,258.08
2946,258.28
2947,257.4191
2948,258.09
2949,258.6
2950,258.5655
2951,258.93
2952,258.43
2953,258.54
2954,258.371
2955,258.2399
2956,257.75
2957,257.39
2958,257.39
2959,257.71
2960,256.44
2961,256.61
2962,256.3
2963,255.72
2964,256.12
2965,255.958
2966,256.02
2967,254.79
2968,254.17999999999998
2969,255.95999999999998
2970,256.02
2971,254.79
2972,254.05
2973,254.27999999999997
2974,257.15
2975,258.27
2976,257.4174
2977,257.75
2978,257.86
2979,258.09
2980,257.55
2981,257.3
2982,257.19
2983,258.10200000000003
2984,258.14799999999997
2985,258.27
2986,257.96
2987,258.247
2988,258.21
2989,258.57
2990,258.71
2991,258.8488
2992,258.93
2993,259.3399
2994,259.22
2995,258.87
2996,258.88
2997,259.44
2998,259.48
2999,259.8
3000,258.88
3001,259.44
3002,259.48
3003,259.75
3004,259.69
3005,263.65
3006,263.49
3007,263.19
3008,262.8999
3009,263.41
3010,263.96
3011,264.34
3012,264.46
3013,265.01
3014,265.7699
3015,265.812
3016,266.062
3017,265.311
3018,265.7
3019,265.85
3020,266.23
3021,266.12
3022,266.42
3023,266.255
3024,266.89
3025,267.43
3026,267.5199
3027,267.4562
3028,266.34
3029,266.7899
3030,267.28
3031,267.49
3032,266.34
3033,266.805
3034,267.26
3035,267.25
3036,271.03
3037,272.37
3038,270.966
3039,270.23
3040,270.85
3041,271.0
3042,271.25
3043,271.15
3044,271.25
3045,271.6731
3046,271.5
3047,270.871
3048,270.67
3049,270.9799
3050,271.23400000000004
3051,271.305
3052,271.525
3053,272.1108
3054,272.16
3055,271.635
3056,271.05
3057,271.6199
3058,270.48
3059,270.118
3060,270.84
3061,271.82
3062,270.51
3063,270.08
3064,270.89
3065,271.88
3066,271.87
3067,272.43
3068,271.95
3069,272.72
3070,273.65
3071,274.224
3072,274.8763
3073,274.64
3074,274.015
3075,273.88
3076,273.96
3077,274.0309
3078,273.51
3079,273.55
3080,273.67
3081,273.97
3082,273.72
3083,273.83
3084,273.57
3085,273.9381
3086,274.18
3087,273.8
3088,273.99
3089,273.17
3090,273.5799
3091,273.5
3092,274.07
3093,273.1599
3094,273.5
3095,273.51
3096,274.12
3097,274.074
3098,278.27
3099,278.8581
3100,278.14
3101,276.62
3102,276.61
3103,276.3
3104,276.468
3105,276.24
3106,275.9
3107,275.7006
3108,275.53
3109,274.91
3110,275.15
3111,275.7199
3112,276.05
3113,275.9
3114,274.83
3115,273.91
3116,274.8399
3117,274.0401
3118,273.94
3119,272.82
3120,269.83
3121,270.17
3122,269.41
3123,270.36
3124,269.81
3125,270.199
3126,269.44
3127,270.13
3128,270.35
3129,273.69
3130,273.8
3131,272.91
3132,272.69
3133,273.1
3134,273.6
3135,274.03
3136,274.06
3137,274.881
3138,274.17
3139,274.65
3140,274.4899
3141,274.762
3142,274.87
3143,275.76
3144,275.3
3145,275.76
3146,275.36
3147,274.655
3148,274.08
3149,273.625
3150,273.28
3151,273.64
3152,273.14
3153,273.34
3154,273.46
3155,273.69
3156,273.1
3157,273.34
3158,273.85
3159,273.85
3160,270.314
3161,270.1285
3162,269.3
3163,268.2386
3164,269.405
3165,270.76
3166,270.17
3167,270.97
3168,270.52
3169,270.34
3170,269.81
3171,270.1
3172,270.48
3173,271.27
3174,271.01
3175,271.29
3176,271.509
3177,271.95
3178,270.97
3179,270.96
3180,271.35
3181,270.29
3182,269.66
3183,270.33
3184,271.54
3185,270.98
3186,269.7112
3187,270.37
3188,271.48
3189,270.77
3190,270.98
3191,270.94
3192,269.9195
3193,271.27
3194,271.3
3195,269.77
3196,270.1175
3197,269.38
3198,269.65
3199,270.25
3200,270.44
3201,270.37
3202,270.04
3203,269.18
3204,270.09
3205,270.9
3206,270.48400000000004
3207,270.85400000000004
3208,272.33
3209,271.53
3210,271.4214
3211,270.49
3212,269.77
3213,269.18
3214,269.27
3215,269.38
3216,268.73
3217,269.26
3218,269.27
3219,269.39
3220,269.0105
3221,269.0
3222,267.38
3223,268.731
3224,268.8286
3225,267.59
3226,267.63
3227,266.26
3228,266.411
3229,266.9316
3230,266.736
3231,267.0006
3232,267.15
3233,267.478
3234,267.615
3235,267.09
3236,267.5394
3237,268.1
3238,268.21
3239,267.699
3240,267.98
3241,268.15
3242,268.07
3243,267.5
3244,267.43
3245,267.0079
3246,267.2
3247,266.01
3248,267.43
3249,267.0079
3250,267.19
3251,266.73
3252,266.7
3253,268.3
3254,267.71
3255,265.72
3256,266.0
3257,265.66
3258,267.0
3259,267.3295
3260,268.02
3261,268.2048
3262,267.73
3263,267.72
3264,268.246
3265,267.9207
3266,268.0149
3267,267.07
3268,267.03
3269,267.33
3270,267.72
3271,268.48
3272,267.88
3273,268.77
3274,268.47
3275,268.936
3276,268.60200000000003
3277,269.494
3278,268.3
3279,268.93
3280,268.60200000000003
3281,269.5
3282,268.4
3283,268.3
3284,261.4426
3285,259.33
3286,258.23
3287,255.56
3288,257.11
3289,257.44
3290,258.5
3291,257.96
3292,257.32
3293,256.96
3294,257.01
3295,257.5
3296,256.8
3297,256.66
3298,256.57
3299,256.37
3300,256.92
3301,257.23
3302,257.86
3303,257.36
3304,256.46
3305,257.85
3306,257.44
3307,256.25
3308,255.56
3309,256.29
3310,257.35900000000004
3311,256.26
3312,255.65
3313,256.44
3314,256.35
3315,255.4
3316,255.54
3317,257.09
3318,255.94
3319,255.7
3320,255.06
3321,256.55
3322,256.72
3323,256.66
3324,256.8
3325,256.9356
3326,257.2374
3327,256.24
3328,256.56
3329,256.24
3330,256.13
3331,255.92
3332,255.86
3333,255.67
3334,255.3
3335,255.12
3336,255.2
3337,255.0
3338,254.52
3339,250.88
3340,251.54
3341,255.0
3342,254.52
3343,250.78
3344,251.06
3345,251.53
3346,253.23
3347,250.69
3348,247.1304
3349,246.583
3350,244.51
3351,245.59
3352,246.22
3353,248.56
3354,248.61
3355,248.36
3356,247.56
3357,247.59
3358,249.7789
3359,248.7681
3360,247.95
3361,247.8
3362,248.67
3363,249.11
3364,249.66
3365,248.76
3366,247.01
3367,247.9682
3368,247.83
3369,248.44
3370,248.24
3371,248.47
3372,247.805
3373,248.44
3374,248.24
3375,247.86
3376,248.48
3377,249.752
3378,249.28
3379,248.71
3380,248.72
3381,247.76
3382,246.85
3383,247.29
3384,246.61
3385,245.93
3386,245.63010000000003
3387,246.06
3388,245.61
3389,245.19
3390,244.32
3391,244.09900000000002
3392,243.71099999999998
3393,244.55
3394,245.55
3395,245.18
3396,245.486
3397,245.54
3398,245.94
3399,246.41
3400,247.25
3401,248.6
3402,247.0
3403,246.41
3404,247.28400000000002
3405,248.6
3406,246.94
3407,246.94
3408,250.67
3409,250.48
3410,251.66
3411,251.69
3412,252.31
3413,251.78
3414,251.373
3415,250.49
3416,251.15
3417,250.78
3418,250.58
3419,250.71
3420,249.08
3421,248.71
3422,249.07
3423,248.83
3424,247.245
3425,247.3
3426,246.66
3427,247.69000000000003
3428,247.63000000000002
3429,247.25099999999998
3430,247.41
3431,247.19
3432,247.86260000000001
3433,248.6
3434,247.458
3435,247.17
3436,247.8392
3437,248.32
3438,248.63
3439,250.69
3440,250.94999999999996
3441,252.5399
3442,251.86
3443,251.82
3444,252.7793
3445,252.7619
3446,253.4549
3447,253.35
3448,252.9767
3449,253.3801
3450,253.7
3451,254.28
3452,254.05
3453,254.65
3454,255.2249
3455,255.13
3456,255.24
3457,255.34
3458,255.2
3459,255.68
3460,255.91
3461,256.07
3462,256.73
3463,257.93
3464,258.77
3465,256.06
3466,256.67
3467,257.91
3468,258.67
3469,258.665
3470,261.09
3471,261.285
3472,260.87
3473,261.58
3474,261.01
3475,259.97
3476,257.68
3477,258.65
3478,257.86
3479,256.2582
3480,256.3
3481,257.439
3482,256.32
3483,255.29
3484,256.16
3485,256.83
3486,256.9701
3487,256.4799
3488,255.768
3489,256.15
3490,256.49
3491,256.9
3492,256.21
3493,258.01
3494,258.4875
3495,258.0
3496,256.19
3497,258.019
3498,258.48
3499,257.7822
3500,258.09
3501,258.0
3502,257.08
3503,257.18
3504,257.514
3505,256.95
3506,256.72
3507,256.608
3508,257.15
3509,258.1867
3510,257.46
3511,257.64
3512,258.02
3513,257.08
3514,257.5
3515,257.71
3516,257.3137
3517,257.64
3518,257.6899
3519,257.25
3520,257.37
3521,257.75
3522,258.71
3523,259.67
3524,259.0677
3525,259.64
3526,259.7
3527,259.6346
3528,258.97
3529,259.66
3530,259.63
3531,259.62
3532,260.64
3533,261.15
3534,260.5619
3535,259.75
3536,258.85
3537,259.57
3538,259.05
3539,257.8
3540,257.84
3541,255.203
3542,256.81
3543,256.89
3544,257.64
3545,256.92
3546,257.5
3547,258.095
3548,257.76
3549,257.9039
3550,257.82
3551,257.6
3552,258.0751
3553,257.51
3554,257.315
3555,257.189
3556,257.77
3557,257.29900000000004
3558,257.315
3559,257.189
3560,257.77
3561,257.4
3562,251.7
3563,249.8
3564,249.36000000000004
3565,248.84
3566,247.07600000000002
3567,248.09500000000003
3568,249.81000000000003
3569,249.45
3570,249.995
3571,249.91
3572,249.32
3573,250.905
3574,250.14
3575,250.14999999999998
3576,249.78
3577,249.61000000000004
3578,250.25999999999996
3579,250.13
3580,251.39
3581,250.7335
3582,252.32
3583,252.82999999999998
3584,253.11000000000004
3585,252.76000000000002
3586,252.22000000000003
3587,252.11000000000004
3588,253.11000000000004
3589,252.76000000000002
3590,252.22000000000003
3591,252.08
3592,251.02
3593,250.12
3594,252.14999999999998
3595,252.43
3596,252.86000000000004
3597,253.12
3598,254.25
3599,254.88999999999996
3600,255.23999999999998
3601,255.36000000000004
3602,254.688
3603,254.68999999999997
3604,254.1976
3605,253.68
3606,253.26000000000002
3607,253.812
3608,252.79800000000003
3609,252.5
3610,251.665
3611,252.02
3612,252.56000000000003
3613,253.05
3614,252.42000000000002
3615,253.0
3616,251.71
3617,252.84
3618,252.38
3619,253.0
3620,251.67000000000002
3621,252.73999999999998
3622,252.727
3623,249.45
3624,249.585
3625,249.25130000000001
3626,248.65150000000003
3627,247.86000000000004
3628,249.2
3629,249.19509999999997
3630,249.00999999999996
3631,249.0777
3632,248.84
3633,249.17000000000002
3634,249.33
3635,248.23
3636,248.308
3637,248.88
3638,249.40400000000002
3639,249.28
3640,248.86000000000004
3641,249.02000000000004
3642,249.554
3643,250.45
3644,250.58
3645,249.801
3646,251.39809999999997
3647,251.64
3648,251.3
3649,249.82
3650,251.46
3651,251.68
3652,251.28
3653,251.45
3654,252.41
3655,251.79
3656,251.5292
3657,250.96
3658,251.18999999999997
3659,250.3499
3660,250.18999999999997
3661,250.18
3662,249.86000000000004
3663,249.05
3664,249.64
3665,249.48
3666,249.88760000000002
3667,249.96599999999998
3668,250.13
3669,251.34
3670,251.75
3671,251.59999999999997
3672,252.62
3673,252.34
3674,252.27
3675,252.41099999999997
3676,251.89999999999998
3677,251.12
3678,250.27000000000004
3679,249.86000000000004
3680,251.93
3681,251.16
3682,250.32
3683,250.0
3684,249.98
3685,247.09999999999997
3686,245.0
3687,243.7
3688,242.32
3689,242.84999999999997
3690,240.5165
3691,242.34
3692,242.91
3693,242.13000000000002
3694,242.39999999999998
3695,240.88000000000002
3696,242.68000000000004
3697,242.3448
3698,241.91
3699,241.24259999999998
3700,241.10999999999999
3701,241.04
3702,241.1773
3703,242.48
3704,243.38000000000002
3705,244.14999999999998
3706,244.0
3707,245.14999999999998
3708,244.3
3709,244.3
3710,245.64
3711,245.11000000000004
3712,244.3201
3713,244.25999999999996
3714,245.386
3715,245.58
3716,240.62
3717,242.1302
3718,242.50999999999996
3719,243.315
3720,244.8499
3721,244.50999999999996
3722,246.23900000000003
3723,246.48
3724,246.5
3725,246.75999999999996
3726,247.36000000000004
3727,246.98
3728,247.25999999999996
3729,248.23999999999998
3730,248.46
3731,249.677
3732,249.97000000000003
3733,250.23999999999998
3734,250.64999999999998
3735,250.56000000000003
3736,250.39
3737,250.8
3738,252.12
3739,252.27
3740,252.0
3741,252.07
3742,252.08
3743,252.33
3744,251.93999999999997
3745,252.0
3746,251.89
3747,261.69
3748,259.51
3749,259.53
3750,259.2
3751,257.29
3752,256.7799
3753,256.97
3754,257.38
3755,258.0
3756,258.44
3757,259.15
3758,259.33
3759,258.861
3760,258.51
3761,258.54
3762,258.599
3763,258.84
3764,257.9
3765,256.12
3766,256.45
3767,256.55
3768,255.34
3769,256.09
3770,255.0402
3771,254.61000000000004
3772,254.25
3773,256.01
3774,255.03
3775,254.66900000000004
3776,254.651
3777,254.23999999999998
3778,256.59
3779,255.7
3780,257.8113
3781,257.93
3782,259.6
3783,259.3202
3784,259.07
3785,259.59
3786,258.63
3787,258.5
3788,258.69
3789,259.63
3790,259.19
3791,259.26
3792,259.7601
3793,259.16
3794,259.18
3795,258.9
3796,259.79
3797,259.84
3798,259.2484
3799,259.515
3800,259.5
3801,259.42
3802,258.6304
3803,259.29
3804,259.59
3805,259.4
3806,258.63
3807,259.2
3808,259.024
3809,259.08
3810,256.53
3811,257.5
3812,258.16
3813,259.09
3814,258.34
3815,258.116
3816,258.06
3817,257.78
3818,258.4
3819,258.01
3820,258.48
3821,257.5
3822,258.43
3823,258.79
3824,259.29
3825,259.33799999999997
3826,259.6805
3827,260.23
3828,259.6238
3829,259.81
3830,259.879
3831,259.76
3832,259.8987
3833,259.61
3834,260.05
3835,259.77
3836,259.92
3837,259.6
3838,260.125
3839,259.94
3840,258.64
3841,258.31
3842,259.49
3843,258.58
3844,258.26
3845,259.06
3846,259.20599999999996
3847,259.15
3848,259.21
3849,259.0
3850,258.72
3851,258.74
3852,258.1
3853,258.46
3854,258.119
3855,258.13
3856,258.778
3857,258.7125
3858,258.62
3859,258.23400000000004
3860,258.2
3861,258.16
3862,258.6
3863,258.78
3864,258.85
3865,259.27
3866,258.6
3867,258.7878
3868,258.89
3869,259.0
3870,259.28
3871,262.11
3872,263.1399
3873,262.02
3874,263.21
3875,262.33799999999997
3876,262.25
3877,261.71
3878,262.08
3879,262.4362
3880,262.84
3881,263.6
3882,263.358
3883,263.68
3884,263.4
3885,263.0305
3886,262.83
3887,262.8849
3888,263.5
3889,263.79400000000004
3890,264.29
3891,263.85400000000004
3892,264.24
3893,264.06
3894,264.7
3895,264.17
3896,264.09
3897,264.06
3898,264.7
3899,264.1901
3900,264.04
3901,264.08
3902,265.05
3903,265.7092
3904,264.51
3905,264.56
3906,264.39
3907,263.99
3908,263.69
3909,263.63
3910,263.53
3911,262.939
3912,263.11
3913,262.97
3914,263.02
3915,262.58
3916,262.58
3917,261.63
3918,260.82
3919,260.9
3920,261.17
3921,261.0535
3922,261.0
3923,260.876
3924,260.56
3925,261.22
3926,261.37
3927,260.98
3928,260.59
3929,261.2244
3930,261.41900000000004
3931,261.1475
3932,260.96
3933,261.94
3934,261.83
3935,261.08
3936,261.06
3937,260.4
3938,260.1
3939,259.68
3940,258.1
3941,257.87
3942,257.61
3943,257.24
3944,256.83
3945,256.6
3946,257.24
3947,257.47
3948,257.04
3949,257.6
3950,257.2
3951,257.38
3952,258.13
3953,259.6
3954,259.69
3955,259.8009
3956,259.84
3957,259.07
3958,258.11
3959,259.86
3960,259.84
3961,259.0565
3962,258.27
3963,258.11
3964,255.66
3965,255.68999999999997
3966,257.1
3967,257.1599
3968,258.79
3969,258.4
3970,258.3504
3971,257.71
3972,257.33099999999996
3973,258.1727
3974,257.7607
3975,257.986
3976,258.7
3977,258.66
3978,258.13
3979,257.89
3980,257.32
3981,256.4274
3982,257.31
3983,257.74
3984,257.95
3985,257.41
3986,258.64
3987,258.98
3988,258.69
3989,257.29
3990,258.6201
3991,258.98
3992,258.69
3993,257.49
3994,257.25
3995,260.27
3996,259.99
3997,261.94
3998,262.06
3999,261.95
4000,262.368
4001,261.9401
4002,262.21
4003,262.21
4004,262.3
4005,262.23
4006,261.85
4007,262.072
4008,262.24
4009,262.099
4010,261.82
4011,261.65
4012,261.4904
4013,262.04
4014,261.97
4015,262.26
4016,262.05
4017,262.08
4018,262.06
4019,261.92
4020,261.77
4021,262.08
4022,262.08
4023,261.96
4024,261.84
4025,261.85
4026,260.6
4027,260.08
4028,259.6001
4029,259.81
4030,260.6
4031,260.92
4032,260.99
4033,261.28
4034,261.97
4035,263.01
4036,262.5799
4037,261.0019
4038,261.87
4039,261.64
4040,261.63
4041,261.82
4042,262.247
4043,262.14
4044,262.13
4045,262.34
4046,262.28
4047,262.19
4048,262.05
4049,261.63
4050,261.55
4051,261.92
4052,262.08
4053,261.65
4054,261.585
4055,261.71
4056,261.93
4057,263.94
4058,263.61
4059,261.29
4060,261.8915
4061,261.5
4062,261.39
4063,262.4
4064,262.805
4065,262.37
4066,261.74
4067,262.7
4068,262.82
4069,262.67
4070,262.63
4071,262.0863
4072,261.98
4073,262.19
4074,262.13
4075,262.57
4076,262.7
4077,262.81
4078,262.7008
4079,262.42
4080,262.77
4081,262.6
4082,262.94
4083,262.4385
4084,262.83
4085,262.57
4086,262.7899
4087,262.98
4088,262.73
4089,262.03
4090,262.29400000000004
4091,262.56
4092,261.8199
4093,261.12
4094,261.29
4095,261.2
4096,261.47
4097,261.27
4098,261.43
4099,261.23
4100,261.06
4101,261.13
4102,260.8
4103,261.22
4104,261.41
4105,261.79
4106,261.59
4107,261.8
4108,261.7619
4109,261.66
4110,262.0001
4111,261.86
4112,261.8801
4113,261.7
4114,262.02
4115,261.87
4116,261.8801
4117,261.71
4118,261.7
4119,259.96
4120,261.25
4121,260.35
4122,260.68
4123,259.81
4124,258.62
4125,258.617
4126,258.84
4127,259.01
4128,258.9405
4129,258.9
4130,258.6006
4131,258.82
4132,258.81
4133,258.67
4134,258.66
4135,258.51
4136,258.26
4137,257.99
4138,258.223
4139,258.55
4140,259.69
4141,259.39
4142,259.87
4143,260.1901
4144,260.15
4145,259.39
4146,259.86400000000003
4147,260.19599999999997
4148,260.0
4149,260.091
4150,260.42
4151,260.2399
4152,260.98
4153,260.16
4154,260.37
4155,259.83
4156,260.31
4157,260.39
4158,260.46
4159,260.36
4160,260.7
4161,260.52
4162,260.6701
4163,260.6
4164,260.65
4165,260.66
4166,260.65
4167,260.89
4168,261.01
4169,261.09
4170,261.27
4171,261.84
4172,261.49
4173,261.79
4174,261.83
4175,261.8
4176,261.54
4177,261.79
4178,261.82
4179,261.6
4180,261.75
4181,259.12
4182,259.01
4183,259.0
4184,258.99
4185,258.46
4186,258.0
4187,258.32
4188,258.7092
4189,258.85
4190,258.88
4191,258.85
4192,258.84
4193,258.54
4194,258.37
4195,258.24
4196,257.6599
4197,257.86
4198,258.086
4199,258.43
4200,259.12
4201,259.97
4202,259.97
4203,259.71
4204,259.98
4205,259.85
4206,259.4
4207,259.68
4208,259.94
4209,259.89
4210,259.23
4211,259.41
4212,253.48
4213,253.565
4214,253.77000000000004
4215,253.45
4216,253.27
4217,252.04
4218,251.16
4219,250.615
4220,251.272
4221,250.9819
4222,251.00999999999996
4223,250.6863
4224,250.06099999999998
4225,250.09
4226,250.68
4227,251.59
4228,251.3101
4229,250.7999
4230,251.17999999999998
4231,251.33
4232,250.50000000000003
4233,250.46800000000002
4234,250.47
4235,250.476
4236,250.35
4237,250.06999999999996
4238,250.46
4239,250.5095
4240,250.33999999999997
4241,250.2
4242,250.19
4243,249.22
4244,249.54999999999998
4245,251.16999999999996
4246,251.07999999999998
4247,252.45
4248,252.40000000000003
4249,252.57
4250,252.42
4251,251.88
4252,252.04
4253,251.80999999999997
4254,252.16
4255,251.90999999999997
4256,252.47
4257,252.06
4258,251.67
4259,251.16999999999996
4260,250.93000000000004
4261,251.06
4262,251.19
4263,251.2
4264,251.42
4265,252.22
4266,251.76000000000002
4267,251.42
4268,251.79
4269,252.2113
4270,251.76000000000002
4271,251.43999999999997
4272,251.75
4273,251.79
4274,250.35
4275,250.49
4276,250.3767
4277,250.33
4278,250.00999999999996
4279,249.87000000000003
4280,249.672
4281,249.655
4282,249.6411
4283,249.94
4284,250.1401
4285,250.25
4286,250.22
4287,250.32
4288,250.33999999999997
4289,250.27
4290,250.50000000000003
4291,250.07749999999996
4292,249.99
4293,249.90999999999997
4294,250.08900000000003
4295,249.8
4296,249.78500000000003
4297,249.90999999999997
4298,249.60000000000002
4299,249.1
4300,249.76000000000002
4301,249.9
4302,249.623
4303,249.15
4304,249.1
4305,248.50000000000003
4306,248.83
4307,248.5585
4308,248.9
4309,249.1
4310,249.74
4311,249.27999999999997
4312,248.74
4313,249.04
4314,249.29000000000002
4315,249.49
4316,249.62
4317,249.78
4318,249.33999999999997
4319,249.24000000000004
4320,248.89
4321,249.09
4322,248.64999999999998
4323,248.41
4324,248.48
4325,248.19
4326,247.43999999999997
4327,246.68
4328,247.0
4329,247.59
4330,247.67
4331,246.68
4332,247.06999999999996
4333,247.54999999999998
4334,247.67
4335,247.63999999999996
4336,249.83
4337,251.13400000000001
4338,251.4701
4339,251.0975
4340,251.16
4341,251.85
4342,252.50000000000003
4343,252.43999999999997
4344,252.66000000000003
4345,253.09
4346,252.92000000000002
4347,253.07999999999998
4348,253.60999999999999
4349,253.62
4350,254.0001
4351,254.28
4352,254.0385
4353,253.63
4354,253.94
4355,253.86
4356,253.33999999999997
4357,253.25499999999997
4358,252.7501
4359,253.2
4360,252.73
4361,252.12
4362,252.75
4363,253.16
4364,252.68
4365,251.85
4366,251.96999999999997
4367,251.9799
4368,253.14
4369,253.88
4370,252.75
4371,253.43
4372,253.28
4373,253.8
4374,253.72
4375,253.76000000000002
4376,253.94
4377,253.922
4378,253.82
4379,253.69999999999996
4380,254.14
4381,254.38
4382,254.35
4383,254.1
4384,254.16999999999996
4385,253.929
4386,254.28
4387,253.90999999999997
4388,253.59999999999997
4389,253.28
4390,252.99
4391,253.21919999999997
4392,253.06999999999996
4393,253.30000000000004
4394,252.99
4395,253.21919999999997
4396,253.17999999999998
4397,253.06999999999996
4398,253.13000000000002
4399,252.35
4400,251.11
4401,251.11
4402,250.62
4403,250.67
4404,250.23000000000002
4405,250.40000000000003
4406,249.53
4407,249.46
4408,249.36
4409,250.07989999999998
4410,249.5992
4411,249.94
4412,249.78
4413,249.80999999999997
4414,249.88
4415,249.60999999999999
4416,249.86
4417,250.22
4418,250.23999999999998
4419,250.11
4420,250.35
4421,250.57
4422,250.09
4423,249.83
4424,250.39000000000001
4425,250.56400000000002
4426,250.11
4427,250.00999999999996
4428,249.88
4429,250.0
4430,250.33
4431,250.11
4432,249.98
4433,250.16999999999996
4434,250.1298
4435,250.06400000000002
4436,249.89
4437,249.65
4438,249.29000000000002
4439,249.41
4440,249.46079999999998
4441,249.65
4442,249.79
4443,249.86
4444,249.76000000000002
4445,249.76000000000002
4446,249.80999999999997
4447,250.1397
4448,250.06
4449,250.27999999999997
4450,250.03000000000003
4451,250.125
4452,249.97970000000004
4453,249.93000000000004
4454,249.66000000000003
4455,250.125
4456,249.97970000000004
4457,249.93000000000004
4458,249.63999999999996
4459,249.63999999999996
4460,251.2
4461,250.84
4462,249.6862
4463,248.57
4464,247.86
4465,248.06999999999996
4466,247.88
4467,247.36
4468,247.73
4469,247.5599
4470,248.06999999999996
4471,247.95
4472,247.64989999999997
4473,247.40000000000003
4474,247.31
4475,247.359
4476,246.75
4477,247.05
4478,247.29700000000003
4479,246.64999999999998
4480,246.94
4481,246.612
4482,246.52
4483,246.13000000000002
4484,245.56
4485,245.8
4486,246.48
4487,246.13000000000002
4488,245.60000000000002
4489,245.76000000000002
4490,245.8
4491,241.29
4492,240.45
4493,239.8975
4494,240.45
4495,240.853
4496,241.88
4497,241.75099999999995
4498,242.53999999999996
4499,242.60000000000002
4500,241.9
4501,242.1
4502,241.43
4503,241.21
4504,240.83
4505,241.07010000000002
4506,241.63200000000003
4507,240.79
4508,240.4864
4509,240.42
4510,240.52200000000002
4511,240.495
4512,240.5
4513,240.72
4514,241.0132
4515,240.46
4516,240.25
4517,240.75
4518,241.04
4519,240.4595
4520,240.13
4521,239.93
4522,239.15
4523,238.45
4524,238.44
4525,238.5
4526,238.39
4527,238.96
4528,238.81
4529,240.0725
4530,239.86
4531,239.47
4532,239.65
4533,239.05
4534,238.58
4535,238.78
4536,239.02
4537,238.78
4538,239.44
4539,239.57
4540,240.6285
4541,240.425
4542,241.7101
4543,242.199
4544,242.6
4545,242.14
4546,243.71900000000002
4547,242.89
4548,242.6
4549,242.18
4550,243.73
4551,242.78
4552,242.89
4553,244.5619
4554,244.65
4555,245.43400000000003
4556,245.18
4557,245.1
4558,244.75
4559,243.9872
4560,243.99
4561,243.55
4562,243.3
4563,243.02
4564,243.3401
4565,243.4499
4566,243.17
4567,242.86
4568,243.11999999999998
4569,243.06
4570,242.145
4571,241.4604
4572,241.44
4573,241.47
4574,240.83
4575,240.92
4576,241.14249999999998
4577,241.72
4578,240.29
4579,240.9599
4580,241.14249999999998
4581,241.737
4582,240.36
4583,240.28
4584,240.54
4585,238.31
4586,238.8
4587,239.94
4588,239.78
4589,239.65
4590,241.175
4591,241.27
4592,240.46
4593,240.41
4594,240.63
4595,240.96
4596,240.67
4597,240.51
4598,240.15
4599,240.9293
4600,241.25
4601,241.4
4602,240.86000000000004
4603,240.76
4604,241.44799999999998
4605,241.12
4606,240.89
4607,241.2
4608,241.176
4609,241.59
4610,240.91
4611,241.2
4612,241.18
4613,241.5
4614,241.62
4615,244.8815
4616,245.35
4617,245.25
4618,244.9
4619,244.8
4620,245.23
4621,244.81499999999997
4622,244.782
4623,243.62
4624,243.8
4625,243.9919
4626,244.27
4627,244.37
4628,244.58
4629,244.50000000000003
4630,244.1
4631,244.21599999999998
4632,243.9399
4633,243.86900000000003
4634,244.125
4635,244.4
4636,244.2
4637,243.7799
4638,243.555
4639,243.37000000000003
4640,242.51
4641,243.78
4642,243.55999999999997
4643,243.37000000000003
4644,242.59
4645,242.5
4646,241.1351
4647,242.77
4648,244.1
4649,243.58
4650,242.82
4651,242.8992
4652,242.46000000000004
4653,242.85
4654,243.15
4655,243.3
4656,243.415
4657,243.51
4658,243.3925
4659,242.95
4660,243.55
4661,243.7
4662,243.9399
4663,243.86
4664,244.08
4665,243.25
4666,242.171
4667,242.45
4668,242.08
4669,242.24000000000004
4670,243.041
4671,243.37000000000003
4672,242.125
4673,242.234
4674,242.99
4675,243.23
4676,243.1
4677,246.6905
4678,247.4
4679,248.7
4680,249.2618
4681,249.76
4682,249.95
4683,250.42
4684,250.72
4685,251.32
4686,251.199
4687,250.81
4688,251.04
4689,250.8
4690,250.37
4691,251.36900000000003
4692,250.61
4693,250.68
4694,250.49
4695,249.82
4696,249.57
4697,249.15
4698,249.31
4699,250.25
4700,249.81
4701,250.26
4702,250.27
4703,250.2799
4704,249.81
4705,250.26
4706,249.94
4707,250.33
4708,249.57
4709,249.98
4710,249.08000000000004
4711,249.69
4712,250.03
4713,250.3
4714,249.8221
4715,249.8
4716,250.11
4717,250.17999999999998
4718,250.5
4719,250.6
4720,250.457
4721,250.11
4722,250.03
4723,250.03
4724,250.19
4725,250.45
4726,251.03
4727,250.74
4728,251.14
4729,251.02
4730,251.07
4731,251.4
4732,251.5099
4733,252.17
4734,251.06
4735,251.41
4736,251.5099
4737,252.1
4738,252.17
4739,255.94
4740,257.07
4741,255.94
4742,255.13
4743,255.27
4744,255.18599999999998
4745,255.39740000000003
4746,255.831
4747,255.92
4748,256.79
4749,256.8
4750,256.64
4751,257.13
4752,257.319
4753,257.4181
4754,257.5395
4755,257.99
4756,258.23
4757,257.91
4758,258.28
4759,258.2
4760,257.686
4761,258.0
4762,258.24
4763,258.43
4764,258.77
4765,258.01
4766,258.2
4767,258.43
4768,258.66
4769,258.77
4770,259.5
4771,257.83
4772,258.11
4773,258.05
4774,258.56
4775,259.12
4776,258.65
4777,258.9775
4778,258.7619
4779,259.0099
4780,259.06
4781,258.709
4782,258.48
4783,258.35
4784,258.62
4785,258.37
4786,258.37
4787,258.96
4788,258.92
4789,258.97
4790,258.75
4791,258.2
4792,257.91
4793,258.0701
4794,258.13
4795,257.95
4796,257.92
4797,258.0701
4798,258.13
4799,257.95
4800,257.81
4801,260.38
4802,261.55
4803,261.87
4804,261.84
4805,262.05
4806,261.88
4807,262.6
4808,262.88
4809,262.62
4810,262.79
4811,263.41
4812,264.15
4813,263.94
4814,264.07
4815,263.88
4816,263.63
4817,262.84
4818,262.86
4819,262.84
4820,263.26
4821,263.8994
4822,263.56
4823,263.9
4824,263.13
4825,263.015
4826,262.91
4827,263.86
4828,263.14
4829,263.03
4830,262.8
4831,262.92
4832,265.089
4833,265.7398
4834,265.92
4835,266.43
4836,265.8
4837,265.62
4838,266.1
4839,266.26
4840,266.18
4841,266.2394
4842,265.97
4843,266.0525
4844,266.1846
4845,265.41200000000003
4846,264.25
4847,264.1105
4848,264.13
4849,264.09
4850,264.29
4851,264.27
4852,264.6
4853,264.9199
4854,264.8
4855,264.86
4856,264.28
4857,263.07
4858,264.8
4859,264.86
4860,264.2774
4861,263.06
4862,263.07
4863,262.42400000000004
4864,262.75
4865,263.246
4866,264.0
4867,263.7272
4868,264.41
4869,263.81
4870,263.7901
4871,263.64
4872,263.1394
4873,262.5
4874,262.53
4875,262.4285
4876,262.75
4877,262.88
4878,262.73
4879,262.79
4880,262.83
4881,263.19
4882,263.46
4883,263.87
4884,263.63
4885,263.58
4886,263.8
4887,263.21
4888,263.4
4889,263.59
4890,263.8
4891,263.22
4892,263.25
4893,263.41
4894,267.52
4895,267.28
4896,267.66
4897,267.75
4898,268.20599999999996
4899,267.943
4900,267.805
4901,267.77
4902,267.31
4903,267.35
4904,267.168
4905,266.9
4906,267.19
4907,266.9475
4908,267.17
4909,267.36
4910,266.94
4911,266.99
4912,266.9
4913,267.21
4914,267.16
4915,267.21
4916,266.85
4917,266.92
4918,267.28
4919,267.3
4920,266.8345
4921,266.89
4922,267.27
4923,267.11
4924,267.04
4925,266.46
4926,267.57
4927,266.5001
4928,267.41
4929,267.42
4930,267.93
4931,268.52
4932,268.22
4933,268.427
4934,268.462
4935,268.8101
4936,268.9224
4937,268.678
4938,268.31
4939,268.46
4940,268.0
4941,267.8201
4942,268.49
4943,268.35
4944,268.24
4945,268.64
4946,268.746
4947,268.43
4948,268.63
4949,268.11
4950,268.04
4951,268.43
4952,268.63
4953,268.1501
4954,267.92
4955,268.06
4956,268.37
4957,269.29
4958,269.67
4959,269.45
4960,269.53
4961,269.74
4962,269.22
4963,269.12
4964,269.49
4965,269.49
4966,269.56
4967,269.84
4968,269.611
4969,269.921
4970,269.934
4971,269.77
4972,269.916
4973,269.967
4974,269.8699
4975,269.684
4976,269.65
4977,269.93
4978,270.0601
4979,270.25
4980,270.12
4981,270.23
4982,270.1
4983,270.2264
4984,270.12
4985,270.28
4986,270.22
4987,270.15
4988,270.62
4989,270.61
4990,271.3501
4991,271.74
4992,272.05
4993,272.26
4994,271.86
4995,272.04400000000004
4996,272.21
4997,272.04
4998,272.1
4999,272.214
5000,272.4
5001,272.4
5002,272.19
5003,272.29
5004,272.09
5005,272.58
5006,272.877
5007,274.44
5008,274.82
5009,274.89
5010,275.8685
5011,275.87
5012,276.57
5013,274.89
5014,275.87
5015,275.882
5016,276.59
5017,276.57
5018,275.27
5019,274.05
5020,275.0925
5021,275.098
5022,275.54
5023,275.95
5024,276.48
5025,275.4
5026,275.59
5027,275.78
5028,276.0
5029,276.48
5030,276.11
5031,275.8972
5032,275.18
5033,275.315
5034,275.4008
5035,275.78
5036,276.0
5037,275.75
5038,276.1499
5039,275.92
5040,275.0
5041,274.83
5042,275.35
5043,275.46
5044,274.96
5045,274.78
5046,275.3
5047,275.42
5048,275.37
5049,278.49
5050,279.25
5051,280.33
5052,281.3
5053,280.5201
5054,280.76
5055,280.7845
5056,280.74
5057,281.17
5058,280.71
5059,280.91
5060,280.612
5061,280.55
5062,281.19
5063,281.03
5064,281.44
5065,281.89
5066,281.95
5067,281.8409
5068,282.4
5069,282.86
5070,282.86
5071,283.1008
5072,282.98
5073,283.49
5074,283.54
5075,283.1
5076,282.96
5077,283.5
5078,283.3
5079,283.23
5080,283.39
5081,283.08299999999997
5082,283.45
5083,284.15
5084,284.61
5085,283.26
5086,283.84
5087,283.18
5088,283.35
5089,283.92
5090,283.97
5091,284.1401
5092,284.21
5093,284.372
5094,284.28
5095,284.61
5096,284.45
5097,284.72
5098,284.2
5099,285.578
5100,286.7499
5101,285.5
5102,284.8887
5103,284.51
5104,283.83
5105,284.15
5106,284.89
5107,284.56
5108,283.83
5109,283.77
5110,283.77
5111,287.3099
5112,287.32
5113,286.56
5114,285.73
5115,285.81
5116,286.48
5117,285.43
5118,285.6418
5119,286.3125
5120,286.6
5121,286.769
5122,286.85
5123,286.23
5124,286.3
5125,286.2
5126,286.16
5127,286.49
5128,286.82
5129,286.51
5130,286.59
5131,287.4516
5132,287.54
5133,287.1
5134,287.022
5135,287.6
5136,287.74
5137,287.1005
5138,287.022
5139,287.6
5140,287.65
5141,287.75
5142,287.53
5143,287.82
5144,289.16
5145,289.72
5146,290.89
5147,290.35
5148,291.61
5149,292.2
5150,291.03
5151,291.5
5152,291.74
5153,291.5745
5154,292.04
5155,291.83
5156,291.8901
5157,291.809
5158,291.926
5159,292.0015
5160,292.078
5161,292.31
5162,290.906
5163,289.56
5164,288.44
5165,287.41
5166,287.74
5167,288.92
5168,288.51
5169,287.4268
5170,287.72
5171,288.8
5172,288.92
5173,292.61
5174,292.1740000000001
5175,291.861
5176,291.75
5177,291.76
5178,292.11
5179,292.48
5180,292.3
5181,292.36
5182,292.96
5183,292.48
5184,292.6
5185,292.65
5186,292.69
5187,292.7
5188,292.64
5189,292.26
5190,292.1208
5191,291.54
5192,291.15
5193,291.99
5194,291.36
5195,291.36
5196,291.02
5197,291.23
5198,292.48
5199,291.36
5200,291.03
5201,291.23
5202,292.35
5203,292.32
5204,293.72
5205,293.34
5206,292.4599
5207,293.29
5208,294.08
5209,293.2999
5210,292.8
5211,293.09
5212,292.76
5213,292.76
5214,292.69
5215,292.7799
5216,292.95
5217,293.24
5218,293.59
5219,293.55
5220,293.95
5221,293.8
5222,293.616
5223,294.0
5224,294.17
5225,293.74
5226,293.59
5227,293.63
5228,292.68
5229,291.02
5230,293.59
5231,293.63
5232,292.67
5233,291.25
5234,291.164
5235,285.74
5236,285.03
5237,283.94
5238,285.2945
5239,286.75
5240,288.83099999999996
5241,288.19
5242,289.23
5243,288.452
5244,288.21
5245,287.33
5246,286.54
5247,286.85
5248,288.0
5249,287.76
5250,287.5440000000001
5251,287.926
5252,288.75
5253,288.1
5254,287.24
5255,287.42
5256,287.2299
5257,287.36
5258,287.311
5259,288.23
5260,286.85
5261,287.4190000000001
5262,287.311
5263,288.22
5264,286.73
5265,286.86
5266,289.4
5267,288.48
5268,289.018
5269,288.25
5270,287.99
5271,288.276
5272,288.48
5273,288.58
5274,288.793
5275,288.4401
5276,288.34
5277,288.17
5278,288.05
5279,287.7601
5280,287.55
5281,287.68
5282,286.58
5283,287.0
5284,287.519
5285,286.9605
5286,287.9
5287,287.77
5288,286.54
5289,286.73
5290,286.47
5291,287.34
5292,286.55
5293,286.73
5294,286.47
5295,287.12
5296,287.37
5297,288.75
5298,288.81
5299,288.32
5300,287.86
5301,287.86
5302,286.3
5303,283.48
5304,282.61
5305,283.6
5306,284.24
5307,284.154
5308,283.36
5309,284.0505
5310,284.6501
5311,284.31
5312,284.69
5313,284.25
5314,284.42
5315,283.85
5316,284.99
5317,285.3701
5318,285.67
5319,285.035
5320,285.67
5321,285.2005
5322,283.75
5323,285.03
5324,285.67
5325,285.21
5326,283.84
5327,283.75
5328,284.36
5329,285.1020000000001
5330,284.8
5331,282.15
5332,282.71
5333,282.941
5334,282.55
5335,282.69
5336,283.7399
5337,283.5475
5338,283.33
5339,283.372
5340,283.4
5341,283.6
5342,283.555
5343,283.5
5344,282.8105
5345,282.9799
5346,283.7
5347,283.06
5348,283.0
5349,283.096
5350,283.74
5351,283.6125
5352,284.0
5353,282.52
5354,283.74
5355,283.622
5356,284.0
5357,282.7940000000001
5358,282.52
5359,282.5601
5360,281.75
5361,281.45
5362,281.72
5363,281.18
5364,281.64
5365,280.6199
5366,279.08
5367,279.08
5368,278.44
5369,278.03
5370,278.11
5371,278.1204
5372,278.21
5373,278.33
5374,278.86
5375,278.35
5376,278.45
5377,278.28
5378,278.226
5379,279.03
5380,279.01
5381,279.01
5382,279.125
5383,279.11
5384,278.6
5385,279.01
5386,279.125
5387,279.12
5388,278.73
5389,278.64
5390,284.45
5391,285.15
5392,285.89
5393,286.0
5394,286.52
5395,285.83
5396,285.84
5397,286.15
5398,286.78
5399,286.67
5400,286.5295
5401,286.36
5402,286.5402
5403,286.83
5404,287.1601
5405,286.7784
5406,286.796
5407,287.07
5408,287.05
5409,286.99
5410,287.4694
5411,287.865
5412,288.09
5413,288.58
5414,288.5
5415,289.44
5416,288.09
5417,288.58
5418,288.47
5419,289.032
5420,288.94
5421,290.8590000000001
5422,289.625
5423,289.8432
5424,288.22
5425,287.2225
5426,287.9
5427,287.55
5428,288.06
5429,289.064
5430,288.42
5431,288.7101
5432,287.12
5433,287.6299
5434,286.67
5435,286.37
5436,286.07599999999996
5437,286.45
5438,288.6
5439,287.6512
5440,289.1
5441,288.3463
5442,289.1
5443,288.16
5444,288.42
5445,288.98
5446,288.96
5447,288.219
5448,288.38
5449,289.02
5450,288.8956
5451,289.19
5452,288.73
5453,287.59
5454,288.64
5455,289.74
5456,289.11
5457,288.8008
5458,288.3899
5459,288.25
5460,289.34
5461,288.69
5462,289.0301
5463,288.25
5464,288.31
5465,288.42
5466,288.9
5467,288.95
5468,289.06
5469,289.5
5470,289.71
5471,289.45
5472,289.84
5473,289.74
5474,289.68
5475,289.45
5476,290.2075
5477,289.1
5478,289.66
5479,289.45
5480,290.2
5481,289.15
5482,289.22
5483,292.09
5484,291.95
5485,291.39
5486,290.2092
5487,291.16
5488,291.67
5489,292.01
5490,293.34
5491,294.0899
5492,293.93
5493,292.8907
5494,293.26
5495,294.32
5496,293.6501
5497,293.88
5498,293.8
5499,293.4105
5500,293.35
5501,293.441
5502,293.725
5503,293.955
5504,293.8117
5505,294.01
5506,294.06
5507,294.12
5508,294.11
5509,294.04
5510,294.04
5511,294.09
5512,293.9
5513,294.07
5514,296.07
5515,296.14
5516,296.07
5517,296.9
5518,296.43
5519,296.0426
5520,296.164
5521,296.24
5522,296.2201
5523,296.07
5524,296.293
5525,296.35
5526,296.58
5527,296.596
5528,296.72
5529,296.59
5530,296.74
5531,296.81
5532,296.65
5533,296.7285
5534,297.19
5535,296.95
5536,296.41
5537,295.6801
5538,295.295
5539,295.36
5540,296.41
5541,295.67
5542,295.2947
5543,295.46
5544,295.36
5545,295.66
5546,293.58
5547,295.1299
5548,295.35
5549,296.03
5550,296.9
5551,296.9799
5552,297.11
5553,296.78
5554,297.04
5555,296.88
5556,296.83099999999996
5557,297.07
5558,296.93
5559,296.96
5560,296.99
5561,296.75
5562,296.92
5563,297.4254
5564,297.25
5565,297.1620000000001
5566,297.62
5567,297.6799
5568,298.89
5569,298.975
5570,298.74
5571,297.6799
5572,298.89
5573,298.9701
5574,298.61
5575,298.54
5576,300.7099
5577,301.24
5578,301.43
5579,301.1
5580,300.99
5581,301.34
5582,301.26
5583,301.3
5584,301.23
5585,301.38
5586,301.29
5587,301.4199
5588,301.07
5589,300.89
5590,300.115
5591,300.37
5592,300.82
5593,300.7101
5594,301.15
5595,300.7399
5596,300.3798
5597,300.64
5598,300.49
5599,300.62
5600,300.742
5601,300.08
5602,300.49
5603,300.56
5604,300.742
5605,300.26
5606,300.14
5607,301.9190000000001
5608,300.72
5609,301.53
5610,301.858
5611,301.97
5612,302.16
5613,301.982
5614,301.79
5615,301.44
5616,301.7
5617,301.81
5618,301.37
5619,301.27
5620,301.3623
5621,301.017
5622,301.1701
5623,301.319
5624,301.58
5625,301.41
5626,301.05
5627,301.07
5628,300.94
5629,301.34
5630,301.36
5631,301.74
5632,302.27
5633,301.34
5634,301.37
5635,301.74
5636,302.22
5637,302.31
5638,305.71
5639,306.92
5640,306.53
5641,306.42
5642,306.89
5643,307.68
5644,308.8075
5645,309.43
5646,309.87
5647,309.46
5648,309.4164
5649,309.743
5650,309.93
5651,309.42
5652,309.66
5653,309.95099999999996
5654,309.84
5655,310.197
5656,310.204
5657,310.15
5658,310.5
5659,310.79
5660,310.296
5661,310.67
5662,311.87
5663,314.97
5664,310.296
5665,310.67
5666,311.87
5667,314.8
5668,314.74
5669,317.06
5670,317.33
5671,316.93
5672,316.93
5673,316.73
5674,316.7499
5675,316.3101
5676,316.77
5677,316.2
5678,316.29
5679,316.499
5680,316.6007
5681,316.48
5682,315.144
5683,315.59
5684,315.66
5685,315.51
5686,314.58
5687,315.384
5688,315.88
5689,315.78
5690,315.55
5691,316.6099
5692,317.14
5693,317.61
5694,317.92
5695,316.61
5696,317.16
5697,317.6
5698,318.0
5699,318.0
5700,318.0
5701,304.26
5702,307.5
5703,310.9240000000001
5704,312.012
5705,311.452
5706,311.72
5707,309.921
5708,309.9
5709,311.31
5710,311.723
5711,312.1501
5712,311.4840000000001
5713,312.08
5714,312.07
5715,311.009
5716,310.31
5717,310.53
5718,309.0681
5719,308.3
5720,307.885
5721,308.749
5722,308.92
5723,307.85
5724,307.37
5725,307.49
5726,309.65
5727,307.85
5728,307.37
5729,307.5
5730,309.5
5731,309.49
5732,309.8
5733,308.88
5734,307.79
5735,308.35
5736,308.75
5737,309.63
5738,309.9
5739,311.57
5740,312.72
5741,312.492
5742,313.94
5743,313.555
5744,312.79
5745,312.82
5746,312.5201
5747,313.2
5748,312.9581
5749,312.27
5750,311.96
5751,311.94
5752,312.63
5753,312.26
5754,312.1646
5755,312.88
5756,311.31
5757,310.53
5758,312.1646
5759,312.88
5760,311.31
5761,310.17
5762,310.53
5763,313.94
5764,313.7099
5765,313.74
5766,313.15
5767,312.74
5768,312.85
5769,311.99
5770,311.7575
5771,310.2
5772,311.06
5773,310.8
5774,310.6899
5775,309.74
5776,310.2
5777,310.5
5778,310.2
5779,309.545
5780,307.404
5781,307.95
5782,307.96
5783,308.5
5784,309.034
5785,309.0
5786,309.62
5787,309.42
5788,309.385
5789,308.98
5790,309.62
5791,309.39
5792,309.31
5793,309.52
5794,309.57
5795,308.38
5796,307.816
5797,307.9
5798,308.42
5799,309.135
5800,308.48
5801,308.444
5802,308.83
5803,308.2
5804,308.278
5805,308.66
5806,308.42
5807,308.215
5808,308.17
5809,308.33
5810,307.96
5811,307.6101
5812,307.98
5813,308.92
5814,308.69599999999997
5815,308.31
5816,307.9299
5817,307.8899
5818,307.37
5819,307.88
5820,307.9299
5821,307.82
5822,307.39
5823,307.59
5824,307.47
5825,310.71
5826,310.75
5827,310.63
5828,311.07
5829,309.8395
5830,309.77
5831,309.79
5832,310.12
5833,310.39
5834,310.09
5835,309.89
5836,309.78
5837,310.14
5838,309.82
5839,309.988
5840,310.18
5841,310.599
5842,310.45
5843,310.584
5844,310.59
5845,310.14
5846,310.23
5847,309.59
5848,310.01
5849,309.423
5850,308.83
5851,309.59
5852,310.01
5853,309.42
5854,308.83
5855,308.84
5856,305.88
5857,306.41
5858,307.63
5859,308.5771
5860,308.6670000000001
5861,309.02
5862,308.64
5863,309.38
5864,309.2101
5865,309.4101
5866,309.48
5867,309.18
5868,308.872
5869,309.031
5870,309.13
5871,308.01099999999997
5872,308.46
5873,307.76
5874,307.9
5875,308.18
5876,308.27
5877,308.0115
5878,307.89
5879,307.86
5880,307.94
5881,308.06
5882,307.89
5883,307.87
5884,307.95
5885,308.02
5886,308.05
5887,307.52
5888,308.11
5889,307.89
5890,306.6
5891,306.7399
5892,306.1801
5893,306.2
5894,306.0
5895,306.77
5896,306.7
5897,306.624
5898,306.6
5899,306.11
5900,306.2309
5901,306.068
5902,306.79
5903,307.172
5904,307.119
5905,307.04
5906,306.67
5907,307.34
5908,307.08
5909,306.83
5910,306.8
5911,307.34
5912,307.71
5913,306.83
5914,306.8
5915,307.34
5916,307.69
5917,307.83
5918,306.3375
5919,305.84
5920,305.92
5921,304.27
5922,303.89
5923,303.83
5924,304.481
5925,304.5639
5926,304.4408
5927,303.9
5928,303.1
5929,302.93
5930,302.934
5931,301.43
5932,303.1
5933,303.38
5934,303.27
5935,303.5
5936,304.144
5937,304.6101
5938,305.0199
5939,304.82
5940,305.11
5941,305.23
5942,306.165
5943,305.23
5944,305.11
5945,305.285
5946,306.165
5947,305.17
5948,305.24
5949,305.03
5950,304.415
5951,304.73
5952,304.68
5953,303.04
5954,303.5
5955,303.6
5956,302.555
5957,302.435
5958,302.56
5959,303.0
5960,303.68
5961,303.8119
5962,303.63599999999997
5963,302.62
5964,303.1
5965,302.4955
5966,302.981
5967,302.63
5968,302.7
5969,302.43
5970,302.13
5971,301.9294
5972,302.346
5973,302.34
5974,300.88
5975,301.9294
5976,302.346
5977,302.34
5978,300.95
5979,300.98
5980,304.19
5981,304.88
5982,305.09
5983,304.9
5984,304.44
5985,304.36
5986,303.7
5987,302.93
5988,303.12
5989,303.93
5990,303.6501
5991,304.1
5992,303.99
5993,303.8
5994,303.876
5995,303.91
5996,303.87
5997,303.9
5998,303.78
5999,303.8104
6000,303.52299999999997
6001,303.7736
6002,302.81
6003,303.4
6004,303.2940000000001
6005,304.18
6006,302.889
6007,303.4
6008,303.33
6009,303.95
6010,304.18
6011,309.0
6012,308.66
6013,308.27
6014,308.51
6015,308.4
6016,308.49
6017,308.4
6018,307.8272
6019,308.17
6020,308.4
6021,308.322
6022,308.435
6023,308.85
6024,309.17
6025,309.6
6026,309.93
6027,309.9796
6028,309.73
6029,309.06
6030,309.22
6031,308.89
6032,309.055
6033,309.786
6034,309.57
6035,308.97
6036,309.7
6037,309.81
6038,309.61
6039,308.97
6040,309.35
6041,309.36
6042,311.3992
6043,311.036
6044,311.44
6045,310.8087
6046,309.9619
6047,310.053
6048,309.71
6049,309.09
6050,309.68
6051,309.6199
6052,309.55
6053,309.78
6054,309.98
6055,310.33
6056,310.4294
6057,310.0
6058,309.95
6059,310.1001
6060,309.95
6061,309.5
6062,312.04
6063,311.9899
6064,312.37
6065,312.21
6066,312.194
6067,312.75
6068,312.37
6069,312.21
6070,312.19
6071,312.64
6072,312.8
6073,317.08
6074,317.205
6075,316.8
6076,316.8932
6077,317.99
6078,319.66
6079,319.1019
6080,318.83
6081,318.68
6082,318.6
6083,318.348
6084,318.21
6085,318.54
6086,318.5156
6087,318.5901
6088,318.82
6089,318.7105
6090,318.1
6091,318.38
6092,318.37
6093,318.52
6094,318.18
6095,317.83
6096,318.04
6097,317.62
6098,318.25
6099,317.85
6100,318.04
6101,317.59
6102,318.0
6103,318.27
6104,317.57
6105,318.1899
6106,318.371
6107,318.08
6108,318.5
6109,318.22
6110,317.88
6111,317.986
6112,317.8
6113,317.51
6114,317.85
6115,317.63
6116,317.9
6117,318.12
6118,318.4001
6119,318.406
6120,318.3698
6121,318.2375
6122,317.87
6123,317.4
6124,317.95
6125,317.88
6126,317.6599
6127,317.74
6128,316.9728
6129,317.13
6130,317.6599
6131,317.7419
6132,316.9728
6133,317.13
6134,317.13
6135,318.6
6136,318.03
6137,318.88
6138,319.1
6139,319.15
6140,319.01
6141,318.7902
6142,318.96
6143,318.8394
6144,318.92
6145,318.86
6146,319.15
6147,319.07
6148,319.03
6149,319.05
6150,318.99
6151,318.75
6152,318.8520000000001
6153,318.87
6154,318.88
6155,318.869
6156,318.6
6157,318.675
6158,318.99
6159,319.29
6160,318.8
6161,318.675
6162,318.99
6163,319.24
6164,318.35
6165,318.81
6166,320.43
6167,320.47
6168,320.21
6169,320.8694
6170,320.69
6171,320.64
6172,320.08
6173,319.6095
6174,319.6819
6175,318.61
6176,318.92
6177,319.0
6178,318.91
6179,318.79
6180,319.369
6181,318.6219
6182,317.28
6183,317.7
6184,317.62
6185,317.68
6186,318.41
6187,317.89
6188,317.431
6189,317.183
6190,315.98
6191,316.08
6192,317.44
6193,317.183
6194,315.98
6195,315.6
6196,316.08
6197,315.4
6198,315.24
6199,314.38
6200,314.5601
6201,315.41
6202,315.9
6203,316.4190000000001
6204,317.1299
6205,316.77
6206,317.78
6207,317.65
6208,317.3505
6209,317.33
6210,317.53
6211,317.42
6212,317.79
6213,317.59
6214,317.62
6215,318.56
6216,318.5
6217,318.28
6218,318.27
6219,318.06
6220,318.19
6221,317.85
6222,318.09
6223,318.06
6224,318.19
6225,317.8699
6226,317.94
6227,318.03
6228,315.82
6229,316.81
6230,317.72
6231,317.84
6232,316.92
6233,317.69
6234,317.14
6235,316.51
6236,316.918
6237,317.51
6238,317.9
6239,317.92
6240,317.45
6241,317.2
6242,316.76
6243,316.96
6244,317.79
6245,317.72
6246,317.875
6247,317.63
6248,317.34
6249,317.12
6250,317.0101
6251,316.87
6252,316.41
6253,316.54
6254,317.05
6255,316.86
6256,316.42
6257,316.64
6258,316.655
6259,315.33
6260,315.93
6261,314.9
6262,314.865
6263,313.661
6264,311.96
6265,312.645
6266,312.58
6267,312.3901
6268,311.45
6269,311.16
6270,305.75
6271,306.75
6272,306.6799
6273,307.94
6274,309.34
6275,309.3699
6276,308.1
6277,307.73
6278,308.4
6279,309.84
6280,310.06
6281,310.38
6282,309.6981
6283,309.2
6284,308.11
6285,310.3601
6286,309.6981
6287,309.2
6288,307.87
6289,308.03
6290,309.98
6291,308.19
6292,307.69
6293,308.72
6294,309.26
6295,309.19
6296,308.0
6297,307.52
6298,308.502
6299,308.58
6300,308.53
6301,308.35
6302,308.5
6303,309.3
6304,308.514
6305,309.0
6306,309.14599999999996
6307,308.55
6308,308.15
6309,307.96
6310,308.41
6311,308.3281
6312,307.84
6313,307.45
6314,307.34
6315,307.41
6316,307.8387
6317,307.4565
6318,307.34
6319,307.23
6320,307.035
6321,306.74
6322,305.57
6323,305.47
6324,304.6
6325,303.39599999999996
6326,303.2581
6327,301.6
6328,301.19
6329,300.4525
6330,301.4
6331,302.17
6332,302.3185
6333,301.5
6334,302.2685
6335,302.0
6336,302.9464
6337,303.15
6338,303.18
6339,302.9120000000001
6340,302.06
6341,301.37
6342,301.75
6343,300.39
6344,301.0599
6345,301.19
6346,301.24
6347,300.37
6348,301.0
6349,301.19
6350,301.53
6351,301.59
6352,301.24
6353,301.12
6354,302.19
6355,302.63
6356,303.67
6357,303.18
6358,303.15
6359,303.205
6360,302.78
6361,302.9
6362,303.14
6363,302.66
6364,302.68
6365,302.45
6366,302.0614
6367,302.51
6368,302.21
6369,302.02099999999996
6370,302.23
6371,302.08
6372,302.5
6373,301.59
6374,300.25
6375,298.12
6376,298.8
6377,300.35
6378,300.2963
6379,298.15
6380,298.76
6381,300.4
6382,300.5
6383,305.73
6384,306.35
6385,307.96
6386,308.27
6387,308.16
6388,308.44
6389,308.29
6390,308.394
6391,308.78
6392,308.89
6393,309.35
6394,309.3499
6395,309.038
6396,308.94
6397,308.83
6398,308.87
6399,308.94
6400,308.79
6401,308.741
6402,308.2
6403,308.62
6404,308.98
6405,309.06
6406,308.92
6407,308.32
6408,308.57
6409,309.06
6410,308.92
6411,308.32
6412,308.23
6413,308.43
6414,307.26
6415,306.78
6416,306.74
6417,306.45
6418,307.25
6419,306.8401
6420,306.0
6421,306.06
6422,306.0
6423,306.22
6424,306.2492
6425,306.1375
6426,306.5
6427,306.67
6428,306.79
6429,306.9598
6430,307.24
6431,307.21
6432,307.69
6433,307.365
6434,307.116
6435,307.12
6436,306.57
6437,306.52
6438,305.99
6439,306.9
6440,306.57
6441,306.54
6442,306.0
6443,306.68
6444,306.73
6445,308.0008
6446,310.54
6447,310.16
6448,308.88
6449,308.38
6450,308.7
6451,308.58
6452,309.264
6453,308.99
6454,309.495
6455,309.46
6456,308.0699
6457,307.89
6458,308.06
6459,308.1381
6460,307.98
6461,308.43
6462,308.87
6463,309.075
6464,309.35
6465,309.752
6466,310.71
6467,310.35
6468,310.4
6469,311.67
6470,313.36
6471,310.35
6472,310.4
6473,311.63
6474,313.25
6475,313.36
6476,310.94
6477,309.0701
6478,309.21
6479,309.47
6480,309.6799
6481,309.4
6482,308.56
6483,308.08
6484,308.08
6485,308.2891
6486,308.47
6487,308.0981
6488,307.7394
6489,308.2
6490,308.0
6491,308.0
6492,307.8
6493,307.42
6494,307.38
6495,307.07
6496,307.62
6497,307.7
6498,308.4
6499,307.8881
6500,308.01
6501,308.72
6502,308.2994
6503,307.8881
6504,308.02
6505,309.18
6506,308.73
6507,312.26
6508,312.39
6509,313.43
6510,314.92
6511,314.94
6512,314.8003
6513,314.7
6514,314.69
6515,314.68
6516,314.62
6517,314.64
6518,314.63
6519,314.65
6520,314.77
6521,314.81
6522,314.94
6523,314.84000000000003
6524,314.94
6525,314.87
6526,314.9601
6527,314.9154
6528,315.02
6529,315.01
6530,315.02
6531,314.94
6532,314.78
6533,315.01
6534,315.05
6535,314.9607
6536,314.95
6537,314.795
6538,314.8
6539,315.7799
6540,316.53
6541,317.2192
6542,317.15
6543,315.86
6544,316.62
6545,316.27900000000005
6546,315.8491
6547,316.31
6548,316.3
6549,316.0440000000001
6550,316.0552
6551,315.76
6552,314.79
6553,314.85
6554,314.67
6555,314.69
6556,314.79
6557,314.82
6558,314.71
6559,314.82
6560,314.95
6561,314.88
6562,314.83
6563,314.67
6564,316.09
6565,313.76
6566,313.31
6567,313.07599999999996
6568,313.99
6569,313.2301
6570,313.74
6571,313.5
6572,312.88
6573,312.97
6574,313.43
6575,313.475
6576,313.63
6577,313.27
6578,313.06
6579,312.94
6580,313.03
6581,312.92
6582,312.93
6583,314.14
6584,315.06
6585,315.76
6586,315.53
6587,317.16
6588,317.16
6589,316.8299999999999
6590,315.56
6591,317.16
6592,317.16
6593,316.9200000000001
6594,316.87
6595,312.638
6596,312.92
6597,313.1799
6598,313.91
6599,313.6899
6600,312.74
6601,312.21
6602,312.4955
6603,312.6
6604,312.27
6605,312.05
6606,312.03
6607,311.42
6608,311.27
6609,312.379
6610,312.23
6611,311.69
6612,311.94
6613,311.98
6614,311.28
6615,311.39
6616,311.66
6617,311.878
6618,312.2
6619,311.272
6620,311.1499999999999
6621,311.87
6622,312.17
6623,311.272
6624,311.05000000000007
6625,311.1499999999999
6626,315.83
6627,316.36
6628,315.95
6629,315.89
6630,316.25
6631,316.48
6632,316.77
6633,316.84
6634,316.78
6635,317.2
6636,317.12
6637,317.01
6638,317.0199999999999
6639,317.25
6640,317.53
6641,316.88
6642,317.09
6643,317.14
6644,317.25
6645,317.165
6646,317.1634
6647,317.18
6648,316.8975
6649,316.7105
6650,316.846
6651,316.72
6652,316.8975
6653,316.74
6654,316.84899999999993
6655,316.46
6656,316.4
6657,318.05
6658,317.86999999999995
6659,318.12
6660,317.39
6661,316.39
6662,316.23
6663,316.99
6664,316.91
6665,316.81
6666,317.3399
6667,317.08
6668,316.56
6669,317.44
6670,317.39
6671,317.9299
6672,318.03
6673,318.01
6674,318.28
6675,318.516
6676,318.43999999999994
6677,318.58
6678,317.83
6679,318.47
6680,318.6
6681,318.34
6682,318.13
6683,318.4999
6684,318.6
6685,318.34
6686,317.9
6687,318.15
6688,317.67
6689,317.69
6690,317.75
6691,318.05999999999995
6692,317.2099999999999
6693,317.805
6694,317.342
6695,317.26
6696,317.0
6697,316.67
6698,316.9786
6699,316.71599999999995
6700,316.68
6701,316.71
6702,316.607
6703,316.5400000000001
6704,316.64000000000004
6705,317.1
6706,316.74
6707,316.66
6708,317.24
6709,317.16
6710,316.9479
6711,317.5
6712,317.06
6713,317.47
6714,316.9479
6715,317.49000000000007
6716,317.05
6717,317.44
6718,317.44
6719,320.28
6720,320.6999
6721,321.895
6722,322.05
6723,320.955
6724,320.607
6725,320.51
6726,320.1449999999999
6727,319.86
6728,319.9807
6729,320.12
6730,319.91
6731,319.6801
6732,319.76
6733,320.07
6734,319.99
6735,320.53900000000004
6736,320.25
6737,320.0409
6738,319.74
6739,320.64
6740,320.4
6741,320.888
6742,320.76
6743,320.8601
6744,320.17
6745,320.88
6746,320.78
6747,320.8601
6748,320.15
6749,320.15
6750,323.0
6751,322.47
6752,321.82
6753,321.286
6754,321.71
6755,321.76
6756,321.92
6757,321.78
6758,321.93
6759,321.43
6760,321.02
6761,321.08
6762,321.18
6763,321.155
6764,321.28000000000003
6765,321.22
6766,321.03
6767,321.39
6768,321.52
6769,321.995
6770,322.11
6771,320.82
6772,320.74
6773,319.78
6774,319.2390000000001
6775,318.2
6776,320.74
6777,319.7982
6778,319.23
6779,318.23
6780,318.21
6781,319.78
6782,319.72
6783,319.15
6784,318.83
6785,317.711
6786,318.0
6787,318.42
6788,318.105
6789,318.4
6790,318.42
6791,318.32
6792,318.08
6793,318.17
6794,317.9501000000001
6795,318.32
6796,318.125
6797,318.66
6798,318.82
6799,319.802
6800,319.62
6801,320.225
6802,319.96
6803,320.2
6804,319.6301
6805,319.681
6806,321.01
6807,320.2
6808,319.6301
6809,319.681
6810,320.95
6811,321.01
6812,320.78
6813,321.02
6814,321.05
6815,320.96
6816,320.46
6817,319.86
6818,320.35
6819,320.2101
6820,319.98
6821,319.92
6822,319.82
6823,319.88
6824,319.94
6825,320.26
6826,320.466
6827,320.2340000000001
6828,320.156
6829,320.23
6830,319.676
6831,319.61
6832,319.35
6833,319.67
6834,319.53
6835,319.53
6836,320.29
6837,319.89
6838,319.53
6839,319.53
6840,320.2501
6841,319.76
6842,319.7575
6843,319.926
6844,319.08
6845,318.931
6846,319.86
6847,319.88
6848,319.9
6849,319.925
6850,319.87
6851,319.88
6852,320.13
6853,320.0
6854,320.1108
6855,320.13
6856,320.1691
6857,320.17
6858,320.52000000000004
6859,320.716
6860,320.97
6861,320.5
6862,320.35
6863,320.47
6864,320.455
6865,320.2701
6866,320.35
6867,320.3302
6868,320.6
6869,320.2701
6870,320.365
6871,320.39
6872,320.48
6873,320.44599999999997
6874,324.7941
6875,323.43
6876,324.11999999999995
6877,323.99
6878,324.0305
6879,324.7609
6880,324.81
6881,324.48
6882,324.3307
6883,324.5
6884,324.5244
6885,324.3819
6886,324.51599999999996
6887,324.75
6888,324.59
6889,324.33
6890,324.15
6891,324.22
6892,324.5
6893,324.26
6894,324.51
6895,324.2101
6896,323.54999999999995
6897,323.35999999999996
6898,322.06
6899,321.6
6900,323.59
6901,323.35
6902,322.08
6903,321.64
6904,321.67
6905,320.471
6906,320.39
6907,321.91
6908,321.86
6909,322.04
6910,321.25
6911,321.2804
6912,321.6575
6913,321.4484
6914,321.3999
6915,321.4201
6916,321.35
6917,321.261
6918,321.31
6919,321.37000000000006
6920,321.81
6921,321.9
6922,321.83
6923,321.51
6924,321.27
6925,320.39
6926,321.01
6927,321.15
6928,319.9190000000001
6929,319.11
6930,320.26
6931,321.15
6932,319.9190000000001
6933,319.187
6934,320.1
6935,320.29
6936,320.5
6937,320.4
6938,321.43
6939,321.46
6940,322.74
6941,322.37
6942,321.5799
6943,321.589
6944,321.52
6945,321.37000000000006
6946,321.19
6947,321.24
6948,320.5896
6949,320.12
6950,320.255
6951,320.20610000000005
6952,320.22
6953,320.69
6954,320.59
6955,319.76
6956,319.77
6957,319.61
6958,319.81
6959,320.33
6960,320.68
6961,320.4
6962,319.82
6963,320.3
6964,320.68
6965,320.48
6966,320.36
6967,321.28000000000003
6968,320.11
6969,320.884
6970,320.5825
6971,320.91
6972,320.66
6973,321.09000000000003
6974,321.29
6975,321.51
6976,321.815
6977,321.6975
6978,321.66
6979,321.8099
6980,322.37
6981,322.44
6982,321.78
6983,321.71
6984,321.54
6985,321.7
6986,321.62
6987,321.4565
6988,321.41
6989,321.68
6990,321.29
6991,321.16
6992,321.0
6993,321.68
6994,321.31
6995,321.16
6996,321.28000000000003
6997,321.25
6998,321.23
6999,321.18
