,0
0,96.11
1,96.52
2,96.41
3,96.44
4,96.14
5,96.05
6,95.92
7,95.89
8,96.22
9,96.07
10,96.21
11,96.14
12,96.4
13,96.51
14,96.47
15,96.36
16,96.59
17,96.68
18,96.4
19,95.57
20,95.29
21,95.43
22,95.48
23,95.41
24,95.47
25,95.86
26,95.68
27,95.65
28,95.325
29,95.23
30,95.26
31,95.31
32,95.31
33,95.24
34,95.29
35,95.24
36,94.935
37,94.92
38,94.63
39,94.53
40,94.3
41,94.43
42,94.59
43,94.74
44,94.47
45,95.4
46,95.19
47,94.67
48,94.41
49,94.58
50,94.53
51,94.47
52,94.58
53,95.06
54,94.75
55,94.44
56,94.63
57,94.39
58,94.775
59,94.7
60,94.78
61,94.55
62,94.43
63,95.06
64,95.84
65,96.07
66,96.52
67,96.79
68,96.26
69,96.48
70,96.29
71,94.73
72,94.58
73,94.2
74,94.27
75,94.21
76,94.23
77,94.47
78,94.0
79,93.8099
80,94.16
81,94.59
82,93.93
83,93.62
84,94.31
85,93.99
86,93.6
87,94.19
88,94.17
89,94.48
90,94.33
91,94.52
92,94.36
93,94.22
94,94.08
95,94.09
96,94.03
97,93.79
98,93.52
99,93.56
100,93.66
101,93.61
102,94.06
103,94.525
104,95.29
105,95.04
106,94.93
107,94.78
108,94.68
109,94.52
110,94.1
111,94.23
112,94.7
113,94.95
114,94.88
115,94.69
116,94.62
117,94.65
118,94.72
119,94.665
120,94.33
121,94.4
122,94.56
123,94.72
124,95.17
125,95.04
126,95.33
127,95.65
128,95.58
129,95.07
130,95.11
131,95.01
132,95.7
133,96.17
134,95.9
135,95.98
136,95.76
137,95.35
138,95.38
139,95.27
140,95.12
141,95.26
142,95.28
143,95.5
144,95.49
145,95.58
146,95.49
147,95.34
148,95.27
149,95.16
150,95.32
151,95.21
152,95.1
153,94.84
154,94.87
155,94.42
156,94.335
157,94.27
158,94.1
159,94.21
160,94.21
161,93.45
162,93.06
163,93.1
164,92.93
165,92.8
166,92.95
167,93.19
168,93.24
169,93.0
170,93.17
171,93.44
172,93.46
173,93.385
174,93.27
175,93.19
176,93.28
177,93.04
178,93.56
179,93.86
180,93.91
181,93.96
182,94.08
183,93.65
184,93.8
185,93.26
186,93.15
187,93.37
188,93.22
189,93.23
190,93.94
191,94.11
192,94.09
193,93.96
194,93.86
195,93.79
196,93.92
197,93.75
198,93.52
199,93.5
200,93.52
201,93.44
202,93.71
203,93.92
204,93.99
205,93.87
206,94.12
207,94.0
208,93.86
209,93.98
210,95.41
211,95.18
212,94.96
213,95.05
214,95.33
215,95.3
216,95.2
217,95.515
218,95.43
219,95.745
220,95.8
221,95.99
222,95.815
223,96.04
224,96.13
225,96.18
226,96.13
227,96.28
228,96.395
229,96.63
230,96.53
231,96.49
232,96.55
233,96.69
234,96.52
235,96.51
236,96.16
237,96.85
238,96.96
239,97.14
240,96.84
241,97.08
242,97.23
243,97.22
244,97.01
245,97.0
246,97.1
247,97.38
248,97.76
249,97.7
250,97.74
251,97.71
252,97.76
253,97.67
254,97.93
255,98.13
256,98.12
257,97.83
258,97.92
259,97.99
260,98.09
261,98.05
262,98.11
263,97.61
264,97.42
265,97.46
266,97.04
267,97.02
268,97.06
269,97.08
270,96.97
271,97.1
272,96.95
273,97.01
274,96.74
275,96.77
276,96.86
277,96.82
278,96.53
279,96.68
280,96.71
281,96.91
282,96.84
283,96.82
284,96.54
285,96.37
286,96.23
287,96.25
288,96.45
289,96.1
290,96.16
291,96.46
292,96.33
293,96.36
294,96.395
295,96.59
296,96.38
297,96.26
298,96.43
299,96.27
300,96.37
301,96.21
302,96.13
303,96.26
304,96.18
305,96.26
306,96.17
307,96.19
308,96.23
309,96.0
310,96.27
311,96.28
312,96.34
313,96.03
314,96.07
315,96.56
316,96.34
317,96.29
318,96.41
319,96.27
320,96.23
321,96.24
322,95.99
323,96.23
324,96.1
325,96.26
326,96.17
327,96.04
328,96.215
329,96.225
330,96.4
331,96.475
332,96.51
333,96.49
334,96.5
335,96.61
336,96.52
337,96.59
338,96.67
339,96.89
340,96.28
341,96.18
342,95.96
343,95.78
344,95.63
345,95.265
346,95.24
347,95.23
348,95.49
349,95.34
350,95.21
351,95.27
352,95.38
353,95.29
354,95.24
355,95.105
356,95.09
357,95.14
358,95.17
359,95.1
360,95.035
361,94.94
362,94.73
363,94.74
364,94.9
365,94.69
366,94.45
367,93.53
368,93.92
369,93.88
370,94.08
371,94.1
372,93.71
373,93.58
374,94.06
375,94.23
376,94.46
377,94.34
378,94.37
379,94.76
380,95.0
381,95.05
382,95.07
383,94.99
384,95.41
385,95.5
386,95.72
387,95.74
388,95.75
389,96.06
390,96.105
391,96.1
392,95.4
393,95.51
394,95.55
395,95.8
396,96.02
397,96.02
398,95.85
399,96.06
400,95.73
401,95.83
402,95.84
403,95.77
404,95.66
405,95.74
406,95.8
407,96.05
408,96.38
409,96.31
410,96.31
411,96.26
412,96.05
413,95.98
414,96.34
415,96.21
416,96.47
417,96.75
418,97.29
419,97.49
420,97.41
421,97.21
422,97.66
423,97.67
424,97.79
425,97.5
426,97.37
427,97.39
428,97.16
429,97.17
430,97.16
431,97.1
432,97.08
433,96.88
434,96.78
435,96.87
436,96.97
437,97.0
438,96.74
439,96.72
440,96.99
441,96.94
442,96.99
443,96.9
444,97.41
445,97.56
446,97.49
447,97.65
448,97.8
449,97.86
450,97.985
451,97.98
452,98.01
453,98.01
454,97.98
455,97.83
456,97.75
457,97.89
458,97.78
459,97.74
460,97.66
461,97.71
462,97.5
463,97.46
464,97.31
465,97.36
466,97.14
467,97.27
468,97.29
469,96.66
470,97.7
471,97.96
472,98.09
473,98.575
474,98.72
475,98.71
476,98.985
477,99.28
478,99.62
479,99.9
480,99.83
481,99.9
482,99.91
483,100.25
484,100.37
485,100.55
486,100.47
487,100.27
488,100.44
489,100.49
490,100.465
491,100.69
492,100.56
493,100.44
494,100.4
495,100.53
496,100.26
497,100.18
498,100.28
499,99.97
500,99.80999999999999
501,100.33
502,100.14
503,100.01999999999998
504,100.09
505,99.935
506,99.88
507,99.90000000000002
508,100.09
509,100.09999999999998
510,100.14
511,100.07
512,100.09999999999998
513,99.91999999999999
514,99.86
515,100.01999999999998
516,100.27
517,100.36
518,100.39
519,100.44
520,100.47
521,100.73
522,101.22999999999999
523,101.25999999999999
524,101.16
525,101.48
526,101.35999999999999
527,101.25
528,101.17
529,100.86000000000001
530,100.71999999999998
531,100.82
532,100.68
533,100.75000000000001
534,100.96000000000001
535,100.89
536,100.93
537,100.9
538,101.16
539,101.3
540,101.16
541,101.28
542,101.325
543,101.42000000000002
544,101.43999999999998
545,101.46999999999998
546,101.595
547,101.46
548,101.7
549,101.78
550,101.82
551,101.97
552,102.31999999999998
553,102.57
554,103.01999999999998
555,102.9
556,102.64999999999999
557,102.96
558,102.83
559,102.88999999999999
560,103.12
561,103.39
562,103.27
563,103.37500000000001
564,103.68
565,103.54000000000002
566,103.26
567,103.01999999999998
568,102.76000000000002
569,102.75
570,102.80999999999999
571,102.93999999999998
572,102.93
573,103.03
574,102.75
575,102.05
576,101.81
577,101.77
578,102.13999999999999
579,102.12000000000002
580,102.04000000000002
581,101.92999999999999
582,102.25000000000001
583,102.09000000000002
584,102.00999999999999
585,102.00999999999999
586,102.07
587,102.00999999999999
588,101.97999999999999
589,101.75
590,101.58000000000001
591,101.69
592,101.69
593,101.35999999999999
594,101.45000000000002
595,101.30999999999999
596,101.46
597,101.55000000000001
598,101.76499999999999
599,101.81
600,100.42999999999999
601,100.88000000000001
602,100.94
603,100.91000000000001
604,100.78000000000002
605,100.84
606,101.02
607,101.37000000000002
608,101.33
609,101.43999999999998
610,101.33999999999999
611,101.58000000000001
612,101.41
613,101.45000000000002
614,101.14
615,101.42000000000002
616,101.54
617,101.51999999999998
618,101.45000000000002
619,101.17
620,101.17
621,101.2
622,101.25999999999999
623,101.22999999999999
624,101.43999999999998
625,101.05
626,100.68999999999998
627,100.66
628,100.78000000000002
629,100.9
630,101.2
631,100.81
632,100.83000000000001
633,101.2
634,101.17999999999999
635,101.27
636,101.14999999999999
637,101.22
638,100.97
639,101.12
640,100.95
641,100.91000000000001
642,100.95
643,101.22999999999999
644,101.21
645,101.19
646,100.92
647,100.98
648,100.94
649,101.02
650,100.98
651,101.09
652,101.81
653,102.20000000000002
654,101.84
655,101.48
656,101.42000000000002
657,100.79999999999998
658,100.87
659,100.66
660,100.87
661,101.02
662,101.33999999999999
663,101.13
664,100.39
665,100.42999999999999
666,100.34
667,100.58
668,100.6
669,100.35
670,100.39
671,100.63999999999999
672,100.93
673,100.97
674,101.08
675,101.38999999999999
676,100.91000000000001
677,101.17
678,102.00999999999999
679,101.88
680,101.74000000000001
681,101.99
682,102.05999999999999
683,101.95
684,101.75
685,101.76
686,101.88
687,101.8
688,101.68
689,101.81
690,101.79
691,101.82
692,101.77
693,101.8
694,101.76
695,101.87
696,101.87
697,101.97
698,101.96
699,101.97999999999999
700,102.08
701,102.13999999999999
702,102.12000000000002
703,102.23
704,102.26999999999998
705,102.23999999999998
706,102.29
707,102.56
708,102.75
709,102.62
710,102.69
711,102.38000000000001
712,102.41000000000001
713,102.18
714,102.4
715,102.4
716,102.57
717,102.66
718,102.63
719,102.64999999999999
720,102.605
721,102.45
722,102.26999999999998
723,102.26999999999998
724,102.31999999999998
725,102.29
726,102.31
727,102.52
728,102.48
729,102.52
730,104.62
731,104.45
732,104.32999999999998
733,104.71
734,104.84
735,104.905
736,104.89
737,104.86
738,104.82
739,105.02
740,104.82
741,104.83
742,104.78
743,104.74
744,104.5
745,104.5
746,104.60000000000001
747,104.62
748,104.66
749,104.68
750,104.54
751,104.63000000000001
752,104.88
753,104.86999999999999
754,104.77
755,104.56999999999998
756,104.66
757,105.2
758,105.1
759,105.07
760,105.23999999999998
761,105.26
762,105.32000000000001
763,105.38
764,105.33
765,105.37499999999999
766,105.34
767,105.37
768,105.6
769,105.48
770,105.34
771,105.23
772,105.18
773,105.30000000000001
774,105.37
775,105.69999999999999
776,106.09
777,105.92
778,106.15
779,106.04
780,106.25499999999998
781,105.95999999999998
782,105.01000000000002
783,105.19000000000001
784,105.56
785,105.65000000000002
786,105.73000000000002
787,105.98
788,105.98
789,105.92
790,106.11
791,106.12499999999999
792,106.04
793,106.33999999999999
794,106.31
795,106.19
796,105.95
797,105.98
798,106.14
799,106.04
800,106.14
801,105.94000000000001
802,105.74
803,105.61
804,105.77999999999999
805,105.95999999999998
806,105.95
807,105.81000000000002
808,105.58999999999999
809,105.5
810,105.79999999999998
811,105.74
812,105.77
813,105.9
814,106.02000000000001
815,105.93
816,105.76000000000002
817,105.77
818,105.71
819,105.86000000000001
820,105.86000000000001
821,105.87
822,105.84
823,105.715
824,105.46
825,105.69999999999999
826,105.82
827,105.79
828,105.86000000000001
829,105.71
830,105.95999999999998
831,105.86000000000001
832,105.77999999999999
833,105.93
834,105.41
835,105.82999999999998
836,105.93
837,105.82999999999998
838,106.35
839,106.64000000000001
840,107.00999999999999
841,107.11999999999999
842,107.13999999999999
843,107.08999999999999
844,107.07
845,106.99
846,106.94
847,106.98
848,106.81
849,106.95
850,106.82000000000001
851,106.83
852,106.69000000000001
853,106.67
854,106.72
855,106.81
856,106.95
857,106.95
858,106.98
859,106.86
860,106.91
861,106.88
862,106.885
863,106.74000000000001
864,106.87589999999999
865,105.47
866,105.57
867,105.625
868,105.69999999999999
869,105.65000000000002
870,105.55
871,105.47
872,105.5
873,105.49
874,105.74999999999999
875,105.55
876,105.45
877,105.51
878,105.51
879,105.32000000000001
880,105.31
881,105.29
882,105.4
883,105.48
884,105.44
885,105.33
886,105.31
887,105.42
888,105.32000000000001
889,105.33
890,105.2
891,105.42
892,105.93
893,105.94000000000001
894,106.07000000000001
895,106.44999999999999
896,106.77000000000001
897,106.65
898,106.61000000000001
899,106.59
900,106.72
901,106.82000000000001
902,107.21999999999998
903,107.29999999999998
904,107.21999999999998
905,107.13999999999999
906,107.24
907,107.36000000000001
908,107.43
909,107.57000000000001
910,107.6
911,107.71
912,107.56
913,107.74
914,107.67999999999999
915,107.6
916,107.67999999999999
917,109.99
918,109.97999999999999
919,110.08
920,109.72
921,110.02999999999999
922,109.81
923,109.42000000000002
924,109.42000000000002
925,109.07000000000001
926,109.17999999999999
927,109.35
928,109.2
929,109.0
930,109.01
931,108.97
932,108.86000000000001
933,109.14499999999998
934,109.42000000000002
935,109.25
936,109.38999999999999
937,109.37000000000002
938,109.7
939,109.89
940,109.75
941,109.74000000000001
942,109.59
943,109.3
944,109.17999999999999
945,109.38999999999999
946,109.56999999999998
947,109.68
948,109.73
949,109.67
950,109.085
951,109.43999999999998
952,109.51
953,109.46999999999998
954,109.37000000000002
955,109.30999999999999
956,109.24
957,109.28500000000001
958,109.17499999999998
959,109.1
960,109.165
961,109.19
962,109.17999999999999
963,109.14
964,109.25999999999999
965,109.29000000000002
966,109.28
967,109.21
968,108.98
969,108.27
970,108.68
971,109.1
972,108.82
973,109.30999999999999
974,109.56999999999998
975,109.56
976,109.61
977,109.91
978,109.55000000000001
979,109.74000000000001
980,109.58000000000001
981,109.56
982,109.61
983,109.77
984,109.77
985,109.63000000000001
986,109.68
987,109.76
988,109.62
989,109.69
990,109.67
991,109.65
992,109.7
993,109.72
994,109.99
995,110.85
996,111.72000000000001
997,111.64000000000001
998,112.03999999999999
999,111.80000000000001
1000,111.48
1001,111.29
1002,111.15
1003,111.41
1004,111.58
1005,111.75
1006,111.6
1007,111.65
1008,111.96000000000001
1009,111.8
1010,111.74
1011,111.64000000000001
1012,111.43
1013,111.37000000000002
1014,111.37000000000002
1015,111.48
1016,111.29
1017,111.23
1018,111.07000000000001
1019,111.15
1020,111.08
1021,109.89
1022,109.76
1023,110.24
1024,110.54
1025,110.3
1026,110.31
1027,110.23
1028,110.2
1029,110.1
1030,109.96
1031,109.98
1032,109.72
1033,109.85
1034,109.98
1035,109.92
1036,109.9
1037,109.92
1038,110.15
1039,110.0
1040,110.18
1041,110.18
1042,110.225
1043,110.09
1044,109.95
1045,109.80999999999999
1046,109.8
1047,109.89
1048,109.87
1049,109.65999999999998
1050,109.26
1051,109.68
1052,109.9
1053,110.11
1054,110.11
1055,110.07
1056,110.19
1057,110.25
1058,110.34
1059,110.3
1060,110.16
1061,110.33000000000001
1062,110.16
1063,110.14
1064,110.07
1065,110.03
1066,109.95
1067,109.925
1068,110.075
1069,110.235
1070,110.42
1071,110.57
1072,110.95000000000002
1073,109.9
1074,109.92
1075,109.75
1076,109.56
1077,109.53
1078,109.38
1079,109.17000000000002
1080,109.33
1081,109.47
1082,109.36
1083,109.65999999999998
1084,109.62
1085,109.47
1086,109.47
1087,109.51
1088,109.45
1089,109.34
1090,108.99
1091,108.77
1092,108.69999999999999
1093,108.71
1094,108.38
1095,108.57
1096,108.48000000000002
1097,108.41
1098,108.56
1099,109.37000000000002
1100,109.43999999999998
1101,109.63
1102,109.53999999999999
1103,109.56
1104,109.4
1105,109.25
1106,109.23
1107,108.91
1108,108.99
1109,108.78
1110,108.34
1111,108.74
1112,108.79
1113,108.61
1114,108.33000000000001
1115,108.63
1116,108.84
1117,108.955
1118,108.93
1119,108.71
1120,108.69999999999999
1121,108.54999999999998
1122,108.33000000000001
1123,108.44
1124,108.64
1125,109.61
1126,110.37
1127,110.44
1128,110.32
1129,110.27999999999999
1130,110.03
1131,110.17
1132,110.23
1133,109.76
1134,109.94
1135,109.88
1136,109.95
1137,109.80999999999999
1138,110.12
1139,110.19
1140,110.00999999999999
1141,109.89
1142,109.79000000000002
1143,109.67
1144,109.70999999999998
1145,109.92
1146,110.07
1147,109.78
1148,109.37000000000002
1149,109.16
1150,109.04
1151,109.72
1152,109.13
1153,108.92
1154,108.86
1155,109.36
1156,109.57
1157,109.77
1158,109.88
1159,109.84
1160,109.69
1161,109.76
1162,109.83
1163,109.9
1164,109.85
1165,109.79000000000002
1166,109.74
1167,109.76
1168,109.97
1169,110.22
1170,110.23
1171,110.2
1172,110.27
1173,110.475
1174,110.39
1175,110.32
1176,110.45
1177,111.7
1178,111.48
1179,111.78
1180,111.96000000000001
1181,111.64000000000001
1182,111.62
1183,111.62
1184,111.91000000000001
1185,112.1
1186,112.06000000000002
1187,111.75
1188,111.93
1189,111.85999999999999
1190,111.84
1191,111.62
1192,111.84
1193,111.995
1194,112.09
1195,112.0
1196,112.1
1197,112.22
1198,112.07
1199,112.12
1200,112.22
1201,112.14
1202,112.05
1203,111.91000000000001
1204,111.55
1205,111.37000000000002
1206,111.62
1207,111.58
1208,111.7
1209,111.83
1210,111.92
1211,112.0
1212,112.18
1213,112.26000000000002
1214,112.14
1215,112.22
1216,112.16
1217,112.16
1218,112.04
1219,112.1
1220,111.96000000000001
1221,111.98
1222,112.15
1223,111.98
1224,112.11000000000001
1225,112.03
1226,112.07
1227,112.22
1228,112.1
1229,111.8
1230,111.78
1231,111.6
1232,111.66
1233,111.89
1234,111.93
1235,111.95
1236,112.03
1237,111.96000000000001
1238,111.98
1239,111.93
1240,111.94
1241,111.85
1242,111.76
1243,111.11
1244,110.06000000000002
1245,110.29
1246,110.35
1247,109.80999999999999
1248,110.12
1249,109.965
1250,110.27999999999999
1251,109.80999999999999
1252,109.95
1253,110.0
1254,109.80999999999999
1255,107.98
1256,107.91000000000001
1257,108.425
1258,108.2
1259,108.21
1260,108.04
1261,108.18
1262,108.04
1263,108.085
1264,108.07999999999998
1265,108.09
1266,107.95
1267,107.96
1268,107.80999999999999
1269,107.67
1270,107.52
1271,107.46
1272,107.275
1273,107.29
1274,107.06
1275,107.11999999999999
1276,107.11999999999999
1277,107.13
1278,107.17000000000002
1279,107.43
1280,107.41
1281,106.67
1282,107.21
1283,107.56
1284,107.07000000000001
1285,107.29
1286,107.11
1287,107.03
1288,106.96999999999998
1289,106.93
1290,106.74
1291,106.68
1292,106.68
1293,106.41
1294,106.79
1295,106.915
1296,107.0
1297,106.86
1298,107.05
1299,107.21
1300,107.0
1301,107.05
1302,106.99
1303,106.95
1304,106.78
1305,106.87
1306,106.95
1307,106.33000000000001
1308,107.19
1309,107.6
1310,107.09
1311,107.275
1312,107.47
1313,107.41
1314,107.74
1315,107.84
1316,107.69
1317,107.74
1318,107.80999999999999
1319,108.04
1320,107.75
1321,107.63
1322,107.73
1323,107.72
1324,107.70999999999998
1325,107.65
1326,107.65
1327,107.72
1328,107.65
1329,107.64000000000001
1330,107.59000000000002
1331,107.27
1332,107.14
1333,105.61
1334,105.96
1335,105.94
1336,106.42
1337,106.44
1338,106.42
1339,106.34
1340,106.26
1341,106.055
1342,105.82
1343,105.84
1344,105.87
1345,105.93
1346,105.7
1347,105.53
1348,105.7
1349,105.89
1350,105.9
1351,105.96
1352,106.01000000000002
1353,105.86000000000001
1354,105.96
1355,106.02
1356,105.94
1357,105.99
1358,105.99
1359,106.07999999999998
1360,106.41
1361,105.77
1362,105.46
1363,105.11999999999999
1364,105.11
1365,104.96
1366,104.98
1367,105.16
1368,105.38
1369,105.14
1370,105.01
1371,105.0
1372,104.81
1373,104.72
1374,104.74
1375,105.02000000000001
1376,105.07
1377,105.03
1378,105.41
1379,105.51
1380,105.55
1381,105.56
1382,105.57
1383,105.56
1384,105.67
1385,105.42
1386,105.04
1387,104.91999999999999
1388,104.95
1389,104.8
1390,104.66
1391,104.81999999999998
1392,105.01
1393,104.86
1394,104.90000000000002
1395,105.01
1396,104.94
1397,104.83
1398,105.09
1399,105.175
1400,105.21
1401,105.25
1402,105.35
1403,105.17000000000002
1404,105.27
1405,105.3
1406,105.17000000000002
1407,105.09
1408,104.94
1409,104.91
1410,105.07
1411,104.93
1412,104.98
1413,104.81999999999998
1414,104.62
1415,104.73
1416,104.45
1417,104.41
1418,104.61
1419,104.58
1420,104.63
1421,104.73
1422,104.69
1423,104.59
1424,104.32
1425,104.2
1426,104.37
1427,104.31
1428,104.45
1429,104.31
1430,104.3
1431,104.52
1432,104.41
1433,104.49
1434,104.24
1435,104.22
1436,104.3
1437,96.99
1438,96.62
1439,96.84
1440,96.88
1441,97.36
1442,97.8
1443,97.91
1444,98.49
1445,98.22999999999999
1446,98.39
1447,97.8
1448,98.11
1449,98.06
1450,97.77
1451,97.635
1452,97.7
1453,97.84
1454,97.75999999999999
1455,97.86000000000001
1456,97.86000000000001
1457,97.64
1458,97.54000000000002
1459,97.74
1460,97.74
1461,97.63
1462,97.81000000000002
1463,96.85
1464,97.24000000000001
1465,96.91999999999999
1466,97.24000000000001
1467,97.23
1468,97.79
1469,97.52
1470,97.47
1471,97.44000000000001
1472,97.25
1473,97.16
1474,96.975
1475,97.04
1476,96.93
1477,96.9
1478,97.16
1479,97.145
1480,96.82000000000001
1481,96.29999999999998
1482,96.365
1483,96.02999999999999
1484,95.565
1485,95.01
1486,94.43000000000002
1487,94.96
1488,94.83
1489,94.02
1490,93.78
1491,93.57
1492,93.33
1493,93.5
1494,92.94
1495,93.05
1496,92.82000000000001
1497,92.70000000000002
1498,93.36
1499,93.13
1500,93.60499999999999
1501,93.56
1502,93.41
1503,93.80500000000002
1504,93.78
1505,93.47
1506,93.28
1507,93.17000000000002
1508,93.19
1509,93.195
1510,93.22
1511,93.59
1512,93.54
1513,93.78
1514,93.74999999999999
1515,93.08
1516,92.57
1517,93.29
1518,93.07
1519,93.055
1520,92.715
1521,92.91
1522,93.15
1523,92.93
1524,92.95000000000002
1525,92.8
1526,92.66999999999999
1527,92.72
1528,92.77
1529,93.0
1530,92.92
1531,92.73
1532,92.74999999999999
1533,92.99
1534,92.99
1535,93.215
1536,93.62
1537,93.69
1538,93.57
1539,93.87
1540,93.655
1541,94.42
1542,93.99
1543,93.73
1544,94.07
1545,93.96000000000001
1546,93.98
1547,94.2
1548,94.26
1549,94.55
1550,94.60999999999999
1551,94.405
1552,94.74
1553,94.94
1554,95.06
1555,95.33
1556,95.44
1557,95.5
1558,95.35
1559,95.12
1560,95.28
1561,95.35
1562,95.28
1563,95.29
1564,95.41
1565,95.16
1566,95.19
1567,95.4
1568,95.18
1569,95.095
1570,94.38999999999999
1571,94.22
1572,94.29
1573,94.29
1574,94.22
1575,94.21
1576,94.24999999999999
1577,94.3
1578,94.24999999999999
1579,94.14
1580,94.01
1581,93.92
1582,94.08
1583,94.01
1584,94.04
1585,94.05
1586,94.23
1587,94.2
1588,94.2
1589,94.27
1590,94.38
1591,94.325
1592,94.21
1593,93.46000000000001
1594,93.11
1595,93.47
1596,92.88999999999999
1597,93.15
1598,93.19
1599,93.18
1600,93.07
1601,93.36
1602,93.19
1603,93.18
1604,93.11
1605,93.01
1606,92.97
1607,92.76
1608,92.83
1609,92.84
1610,92.87
1611,93.02999999999999
1612,92.94
1613,93.0
1614,92.985
1615,92.95000000000002
1616,93.03499999999998
1617,93.09000000000002
1618,93.22
1619,93.06
1620,93.05
1621,93.05
1622,92.95000000000002
1623,92.69
1624,92.65
1625,92.77
1626,92.77
1627,92.48
1628,92.19
1629,92.23000000000002
1630,92.02
1631,92.25
1632,92.2
1633,92.32000000000001
1634,92.24000000000001
1635,91.88
1636,92.2
1637,92.42
1638,92.33
1639,92.65
1640,92.72
1641,92.74999999999999
1642,92.72
1643,92.59000000000002
1644,92.69
1645,93.37
1646,93.28
1647,93.6
1648,93.41
1649,93.64
1650,93.52
1651,93.33
1652,93.46000000000001
1653,93.49
1654,93.42
1655,93.24999999999999
1656,93.28
1657,93.13
1658,93.04
1659,93.05
1660,92.92
1661,92.9
1662,92.74999999999999
1663,92.81000000000002
1664,92.83
1665,92.88999999999999
1666,93.14
1667,93.19
1668,93.055
1669,92.99
1670,92.79
1671,92.5
1672,92.42
1673,92.13
1674,92.43
1675,93.02999999999999
1676,92.95000000000002
1677,93.13
1678,93.38999999999999
1679,93.4
1680,93.44
1681,93.4
1682,93.37
1683,93.38
1684,93.3
1685,93.17000000000002
1686,93.23
1687,93.32000000000001
1688,93.24
1689,93.04
1690,92.99
1691,92.97
1692,93.17000000000002
1693,93.225
1694,93.26
1695,93.38999999999999
1696,93.4
1697,92.84
1698,93.02999999999999
1699,92.96000000000001
1700,93.18
1701,93.17000000000002
1702,93.22
1703,93.15
1704,92.96000000000001
1705,93.06
1706,93.05
1707,93.24999999999999
1708,93.21
1709,93.02999999999999
1710,93.01
1711,92.96000000000001
1712,92.88999999999999
1713,92.88
1714,92.78
1715,92.83
1716,92.81000000000002
1717,92.74999999999999
1718,92.64
1719,92.74999999999999
1720,92.71
1721,92.63
1722,92.52
1723,91.55
1724,90.94999999999999
1725,91.14
1726,90.88000000000001
1727,90.30999999999999
1728,90.16999999999999
1729,89.75
1730,90.08
1731,90.12
1732,89.92
1733,90.09000000000002
1734,90.29
1735,90.07
1736,90.27
1737,89.98
1738,90.14
1739,90.025
1740,90.245
1741,90.39
1742,90.45999999999998
1743,90.27
1744,90.58
1745,90.73000000000002
1746,90.59000000000002
1747,90.44999999999999
1748,90.33
1749,91.14
1750,90.64
1751,91.22
1752,90.99
1753,91.0
1754,91.14
1755,91.38000000000001
1756,91.58
1757,91.25
1758,91.33
1759,91.27
1760,91.28
1761,90.975
1762,90.80999999999999
1763,90.83
1764,90.53499999999998
1765,90.42
1766,90.31999999999998
1767,90.44999999999999
1768,90.36
1769,90.28
1770,90.25
1771,90.36
1772,90.44999999999999
1773,90.66
1774,90.52
1775,92.5
1776,92.71
1777,93.18
1778,93.35
1779,93.16
1780,93.57
1781,93.34
1782,93.36
1783,93.74
1784,93.74999999999999
1785,93.73
1786,93.475
1787,93.6
1788,93.63
1789,93.74
1790,93.7
1791,93.81000000000002
1792,93.98
1793,94.14
1794,94.10999999999999
1795,94.22
1796,94.095
1797,94.29
1798,94.22
1799,94.04
1800,93.88
1801,93.71
1802,93.79
1803,93.81000000000002
1804,93.38999999999999
1805,93.55
1806,93.8
1807,93.77
1808,93.83
1809,93.99
1810,94.02500000000002
1811,94.07
1812,94.005
1813,93.82000000000001
1814,93.74
1815,93.85
1816,93.83
1817,93.9
1818,93.54
1819,93.5
1820,93.52
1821,93.35
1822,93.3
1823,93.35
1824,93.18
1825,93.34
1826,93.48
1827,94.59
1828,94.34
1829,94.65
1830,94.76
1831,94.9
1832,94.62
1833,94.60999999999999
1834,94.72
1835,94.69
1836,94.74
1837,94.47
1838,94.57
1839,94.77
1840,94.88
1841,95.0
1842,95.16
1843,95.075
1844,94.99
1845,94.51
1846,94.13
1847,94.38999999999999
1848,94.465
1849,94.46000000000001
1850,94.24999999999999
1851,94.42
1852,94.58
1853,93.83
1854,93.72
1855,93.73
1856,94.02
1857,94.01
1858,93.7
1859,93.74999999999999
1860,93.74999999999999
1861,93.65
1862,93.85
1863,94.02
1864,93.73
1865,93.81000000000002
1866,93.68
1867,94.05
1868,94.01
1869,94.10999999999999
1870,93.97
1871,94.1
1872,94.06
1873,93.84
1874,93.69
1875,94.06
1876,94.23
1877,94.21
1878,94.21
1879,94.84
1880,94.99
1881,95.10999999999999
1882,94.85
1883,95.1
1884,94.87
1885,94.94
1886,95.02
1887,95.08
1888,95.17000000000002
1889,95.10999999999999
1890,95.23
1891,95.33
1892,95.35
1893,95.31000000000002
1894,95.32000000000001
1895,95.08
1896,95.09
1897,95.12
1898,95.16
1899,95.06
1900,95.10999999999999
1901,95.04
1902,95.0
1903,95.05
1904,95.21
1905,96.71
1906,96.68999999999998
1907,96.93
1908,96.95
1909,96.96
1910,96.96
1911,96.77
1912,96.94
1913,96.635
1914,96.57
1915,96.65
1916,96.6
1917,96.8
1918,96.8
1919,96.82999999999998
1920,96.82999999999998
1921,96.82
1922,96.88
1923,96.89000000000001
1924,96.795
1925,96.765
1926,96.63
1927,96.49
1928,96.51
1929,96.65
1930,96.45
1931,96.96
1932,97.23
1933,97.32
1934,97.29
1935,97.39500000000001
1936,97.46999999999998
1937,97.53999999999999
1938,97.61000000000001
1939,97.565
1940,97.74
1941,97.74
1942,97.79
1943,97.82
1944,97.96
1945,97.99
1946,97.86
1947,97.72
1948,97.765
1949,97.91
1950,97.77
1951,97.79
1952,97.83499999999998
1953,97.89000000000001
1954,97.93
1955,97.85
1956,97.89000000000001
1957,98.36
1958,98.57
1959,98.88
1960,98.8
1961,98.98
1962,98.89999999999999
1963,98.65
1964,98.72
1965,98.82
1966,99.0
1967,99.04999999999998
1968,99.26
1969,99.28
1970,99.47000000000001
1971,99.58
1972,99.54999999999998
1973,99.57
1974,99.53
1975,99.38
1976,99.36
1977,99.47000000000001
1978,99.33000000000001
1979,99.22
1980,99.57
1981,99.64
1982,99.59
1983,99.35
1984,99.06
1985,99.22
1986,99.25000000000001
1987,99.16
1988,98.97000000000001
1989,99.38
1990,99.34
1991,99.40999999999998
1992,99.29
1993,99.34
1994,99.29
1995,99.64
1996,99.59
1997,99.81
1998,99.98
1999,99.95
2000,100.16999999999999
2001,100.32
2002,100.35
2003,100.24
2004,100.29999999999998
2005,100.43
2006,100.59499999999998
2007,100.59
2008,100.41000000000001
2009,99.67
2010,100.03999999999999
2011,100.24
2012,99.92999999999999
2013,99.98
2014,99.87
2015,99.89
2016,100.02
2017,100.13
2018,99.97
2019,99.99
2020,100.0
2021,99.98500000000001
2022,99.995
2023,99.91
2024,100.0
2025,99.98
2026,99.82999999999998
2027,99.92000000000002
2028,99.98
2029,99.995
2030,100.08
2031,100.02
2032,100.01
2033,100.19
2034,100.33
2035,100.14
2036,100.16999999999999
2037,100.0
2038,99.91
2039,99.93999999999998
2040,99.88
2041,100.05000000000001
2042,99.97
2043,100.0
2044,99.88
2045,99.79000000000002
2046,99.63499999999999
2047,99.73
2048,99.8
2049,99.73
2050,99.84
2051,99.8
2052,99.73
2053,99.51
2054,99.37
2055,99.32
2056,98.95
2057,99.04
2058,99.14
2059,99.44
2060,99.86
2061,99.33999999999999
2062,98.99000000000001
2063,99.28
2064,99.17
2065,99.20000000000002
2066,99.3
2067,99.44
2068,99.18
2069,98.97999999999999
2070,99.17
2071,99.21
2072,99.12
2073,99.115
2074,99.22000000000001
2075,99.01
2076,99.04499999999999
2077,99.01
2078,98.99000000000001
2079,99.105
2080,99.12
2081,98.97
2082,99.005
2083,98.93
2084,98.83
2085,98.46
2086,98.43
2087,97.13
2088,97.0
2089,97.315
2090,97.43000000000002
2091,97.27
2092,97.52
2093,97.76
2094,97.53
2095,97.36
2096,97.27
2097,96.83
2098,96.97000000000001
2099,97.07
2100,97.29
2101,97.19
2102,97.24
2103,97.21000000000001
2104,97.3
2105,97.46000000000001
2106,97.44000000000001
2107,97.6
2108,97.64
2109,97.7
2110,97.68999999999998
2111,97.67999999999999
2112,97.70999999999998
2113,98.02
2114,97.87
2115,97.64
2116,97.73
2117,97.95
2118,97.76
2119,97.64
2120,97.76
2121,97.98
2122,98.11
2123,98.09
2124,98.06999999999998
2125,97.90000000000002
2126,97.86
2127,97.93
2128,97.86
2129,98.01
2130,97.99
2131,97.78999999999999
2132,97.91
2133,97.89
2134,97.93999999999998
2135,97.99
2136,98.02
2137,98.08
2138,97.91
2139,98.50000000000001
2140,98.69
2141,98.68
2142,98.61999999999999
2143,98.86000000000001
2144,98.9
2145,98.92
2146,98.92
2147,98.94
2148,99.01
2149,98.74
2150,98.76
2151,98.76
2152,98.73000000000002
2153,98.79
2154,98.9
2155,98.80499999999999
2156,98.97
2157,99.03
2158,99.05
2159,98.97999999999999
2160,98.83
2161,98.9
2162,98.76999999999998
2163,98.86000000000001
2164,98.63999999999999
2165,99.56000000000002
2166,99.75
2167,99.55
2168,99.775
2169,99.775
2170,99.37
2171,99.37
2172,99.53
2173,99.46000000000001
2174,99.32
2175,99.43000000000002
2176,99.41
2177,99.48
2178,99.445
2179,99.36
2180,99.39
2181,99.37
2182,99.31
2183,99.43000000000002
2184,99.44
2185,99.35000000000001
2186,99.15
2187,99.05
2188,99.13500000000002
2189,99.02500000000002
2190,99.04
2191,99.55
2192,99.49
2193,99.05
2194,98.97
2195,98.95
2196,98.74999999999999
2197,98.86000000000001
2198,98.93
2199,99.20000000000002
2200,99.07
2201,99.14
2202,99.10999999999999
2203,98.97
2204,99.07
2205,99.07
2206,98.91
2207,98.91
2208,98.91499999999999
2209,98.99000000000001
2210,99.06
2211,99.03
2212,98.95
2213,99.06
2214,98.92500000000001
2215,98.9
2216,98.93
2217,99.3
2218,99.4
2219,99.35000000000001
2220,99.29
2221,99.64
2222,99.59
2223,99.59
2224,99.79000000000002
2225,99.86
2226,99.87
2227,99.59999999999998
2228,99.62
2229,99.66
2230,99.73
2231,99.8
2232,99.95
2233,99.84
2234,99.69999999999999
2235,99.69999999999999
2236,99.57999999999998
2237,99.80999999999999
2238,99.64
2239,99.64499999999998
2240,99.67999999999999
2241,99.65
2242,99.67
2243,99.04
2244,98.6
2245,98.65
2246,98.84
2247,98.86000000000001
2248,98.8
2249,98.97999999999999
2250,98.97
2251,99.07
2252,99.02
2253,98.87999999999998
2254,99.03
2255,99.25
2256,99.3
2257,99.22000000000001
2258,99.185
2259,99.05
2260,98.95
2261,98.96
2262,98.9
2263,98.97999999999999
2264,98.99999999999999
2265,98.80499999999999
2266,99.02
2267,98.89
2268,98.84
2269,97.68999999999998
2270,97.67999999999999
2271,97.26
2272,97.32
2273,97.68999999999998
2274,97.64
2275,97.84
2276,97.70999999999998
2277,97.62
2278,97.46000000000001
2279,97.43000000000002
2280,97.34
2281,97.55
2282,97.56000000000002
2283,97.50500000000001
2284,97.57999999999998
2285,97.48
2286,97.37
2287,97.68999999999998
2288,97.67999999999999
2289,97.96
2290,97.74
2291,97.56000000000002
2292,97.57999999999998
2293,97.43000000000002
2294,97.37
2295,98.33
2296,98.36
2297,98.03999999999999
2298,97.63
2299,97.54000000000002
2300,97.03
2301,97.02
2302,96.84000000000002
2303,97.02
2304,96.85999999999999
2305,97.03
2306,97.25
2307,97.39
2308,97.29
2309,97.13
2310,97.04
2311,97.04
2312,96.96
2313,97.13
2314,97.28
2315,97.23
2316,97.0
2317,97.43000000000002
2318,97.52
2319,97.53
2320,97.46000000000001
2321,98.11
2322,97.98
2323,98.21
2324,97.97
2325,98.03999999999999
2326,98.21
2327,98.33
2328,98.14999999999999
2329,98.17
2330,98.24
2331,98.02
2332,98.06
2333,98.03000000000002
2334,97.78
2335,97.73
2336,97.84
2337,98.04999999999998
2338,97.89
2339,97.97
2340,97.87
2341,97.90000000000002
2342,97.81999999999998
2343,97.76
2344,97.74
2345,97.24
2346,97.16
2347,96.35
2348,96.43
2349,96.72
2350,96.32
2351,96.24
2352,96.3
2353,96.43
2354,96.51
2355,96.42
2356,96.38000000000001
2357,96.43
2358,96.77
2359,96.97000000000001
2360,97.07
2361,97.25
2362,97.34
2363,97.48
2364,97.15499999999999
2365,97.29
2366,97.31000000000002
2367,97.42
2368,97.49
2369,97.54000000000002
2370,97.61
2371,97.61
2372,97.55
2373,96.23
2374,96.11
2375,95.81999999999998
2376,95.635
2377,95.61
2378,95.59
2379,95.55999999999999
2380,95.57000000000001
2381,95.65000000000002
2382,95.62
2383,95.77
2384,95.86
2385,95.78000000000002
2386,95.66
2387,95.83
2388,95.83
2389,95.87
2390,95.83
2391,95.76
2392,95.75
2393,95.88
2394,95.81
2395,95.55000000000001
2396,95.58
2397,95.42000000000002
2398,95.35
2399,96.11
2400,96.3
2401,96.35
2402,96.23
2403,96.29
2404,96.23
2405,96.13
2406,96.0
2407,95.81999999999998
2408,95.76
2409,95.81
2410,95.94
2411,95.87
2412,95.96
2413,95.84
2414,95.905
2415,96.04
2416,95.95
2417,95.89
2418,95.78000000000002
2419,95.91000000000001
2420,95.88
2421,95.76
2422,95.295
2423,95.42000000000002
2424,95.08999999999999
2425,95.96
2426,96.09499999999998
2427,95.97
2428,96.01000000000002
2429,96.04999999999998
2430,95.91000000000001
2431,96.29
2432,96.13
2433,96.18
2434,96.28
2435,96.14999999999999
2436,96.32
2437,96.11
2438,96.09
2439,96.14999999999999
2440,96.11
2441,95.86
2442,95.89999999999999
2443,96.02999999999999
2444,96.04999999999998
2445,96.20500000000001
2446,96.14999999999999
2447,96.09
2448,96.23
2449,96.13
2450,95.91999999999999
2451,96.82
2452,96.61000000000001
2453,96.715
2454,96.57
2455,96.72
2456,96.77
2457,96.64
2458,96.69
2459,96.47
2460,96.34
2461,96.14000000000001
2462,95.81999999999998
2463,95.57000000000001
2464,95.78000000000002
2465,95.55999999999999
2466,95.5
2467,95.55000000000001
2468,95.74
2469,95.71500000000002
2470,95.78999999999999
2471,95.64
2472,95.67000000000002
2473,95.61
2474,95.53
2475,95.6
2476,95.55000000000001
2477,95.38
2478,95.7
2479,95.76
2480,95.89
2481,95.76
2482,95.95
2483,95.95
2484,95.68
2485,95.65000000000002
2486,95.74
2487,95.71
2488,95.77
2489,95.74
2490,95.71
2491,95.67000000000002
2492,95.68
2493,95.67000000000002
2494,95.78000000000002
2495,95.75
2496,95.58
2497,95.55000000000001
2498,95.53
2499,95.52
2500,95.44
2501,95.6
2502,96.09
2503,94.15
2504,94.29
2505,94.11
2506,93.91999999999999
2507,94.00999999999999
2508,93.81
2509,93.76
2510,93.83000000000001
2511,94.16
2512,94.12
2513,93.91999999999999
2514,93.83000000000001
2515,93.69
2516,93.64999999999999
2517,93.86
2518,93.73
2519,93.63
2520,93.64999999999999
2521,93.64999999999999
2522,93.35
2523,93.17
2524,93.23
2525,93.07
2526,92.94
2527,93.09000000000002
2528,93.35
2529,91.88
2530,92.11
2531,92.04
2532,91.99
2533,92.13
2534,91.75
2535,91.78
2536,91.86
2537,91.95
2538,91.98
2539,91.96
2540,92.13
2541,91.82
2542,91.91
2543,91.96
2544,92.02
2545,91.66
2546,91.77
2547,91.66
2548,91.78
2549,91.8
2550,91.59
2551,91.78
2552,91.66
2553,92.17
2554,92.02999999999999
2555,92.82
2556,92.91
2557,92.85
2558,92.82
2559,92.58
2560,92.51
2561,92.4
2562,92.15
2563,92.365
2564,92.53
2565,92.54
2566,92.44
2567,92.43499999999999
2568,92.72
2569,92.69
2570,92.6
2571,92.82
2572,92.82
2573,92.78
2574,92.83999999999999
2575,93.05
2576,93.17
2577,93.23
2578,93.53
2579,93.55999999999999
2580,93.58
2581,94.27
2582,94.43
2583,94.15
2584,94.08
2585,93.69
2586,93.73
2587,93.915
2588,94.14
2589,94.06
2590,94.31
2591,94.35
2592,94.435
2593,94.33
2594,94.20999999999998
2595,94.2
2596,94.27
2597,94.29
2598,94.36999999999999
2599,94.46
2600,94.42
2601,94.465
2602,94.39
2603,94.44
2604,94.52
2605,94.41
2606,94.39
2607,94.68
2608,94.52
2609,94.74
2610,94.51
2611,94.68
2612,95.01
2613,95.27
2614,95.36000000000001
2615,95.31
2616,95.46999999999998
2617,95.35
2618,95.44
2619,95.36000000000001
2620,95.5
2621,95.43
2622,95.45000000000002
2623,95.46999999999998
2624,95.48
2625,95.56
2626,95.63
2627,95.67
2628,95.68
2629,95.66
2630,95.68
2631,95.44
2632,95.61
2633,95.53999999999999
2634,95.77
2635,95.93
2636,95.99
2637,96.22
2638,96.33
2639,96.36
2640,96.25
2641,96.09
2642,96.25
2643,96.2
2644,96.18
2645,96.22
2646,96.14
2647,96.16
2648,95.93
2649,95.89
2650,95.89999999999999
2651,95.92
2652,95.89
2653,95.82999999999998
2654,95.91
2655,96.08
2656,96.06
2657,96.01
2658,95.895
2659,94.9
2660,94.85
2661,94.62
2662,94.68
2663,94.79
2664,94.55000000000001
2665,94.51
2666,94.62
2667,94.62
2668,94.72
2669,94.71
2670,94.99
2671,94.82
2672,94.83
2673,94.75
2674,94.74
2675,94.61
2676,94.67
2677,94.77
2678,94.71
2679,94.75
2680,94.81
2681,94.77
2682,94.81
2683,95.01
2684,95.01999999999998
2685,94.7
2686,94.92
2687,95.24
2688,94.62
2689,94.56999999999998
2690,94.79
2691,95.11
2692,95.16
2693,95.19
2694,95.19
2695,95.5
2696,95.56
2697,95.46
2698,95.48
2699,95.46
2700,95.34
2701,95.34
2702,95.3
2703,95.17
2704,95.17
2705,95.42
2706,95.5
2707,95.39
2708,95.31
2709,95.51
2710,95.52
2711,96.22
2712,96.32
2713,96.22
2714,96.26000000000002
2715,96.35
2716,96.10000000000001
2717,96.18999999999998
2718,96.17000000000002
2719,96.09
2720,96.18
2721,96.17000000000002
2722,96.27
2723,96.17000000000002
2724,96.0
2725,95.97
2726,95.91
2727,95.96
2728,95.935
2729,95.81000000000002
2730,95.87
2731,95.7
2732,95.7
2733,95.89999999999999
2734,95.8
2735,95.93
2736,95.94
2737,96.74
2738,96.73
2739,96.6
2740,96.6
2741,96.58
2742,96.63999999999999
2743,96.56
2744,96.72
2745,96.6
2746,96.54
2747,96.57
2748,96.605
2749,96.68
2750,96.59
2751,96.63999999999999
2752,96.73
2753,96.7
2754,96.65
2755,96.57
2756,96.6
2757,96.58
2758,96.62000000000002
2759,96.68
2760,96.63999999999999
2761,96.63999999999999
2762,96.68
2763,97.3
2764,97.35
2765,97.37
2766,97.28
2767,97.29
2768,97.22
2769,97.2
2770,97.16
2771,97.24
2772,97.21
2773,97.16
2774,97.19
2775,97.06
2776,97.02
2777,96.97
2778,97.6
2779,97.56
2780,97.35
2781,97.35999999999999
2782,97.4
2783,97.39
2784,97.38
2785,97.42
2786,97.455
2787,97.46
2788,97.48
2789,97.51
2790,97.44999999999999
2791,97.41
2792,97.35999999999999
2793,97.35
2794,97.38
2795,97.28
2796,97.42
2797,97.44
2798,97.445
2799,97.37
2800,97.38
2801,97.3
2802,97.27000000000001
2803,97.42
2804,97.41
2805,97.27000000000001
2806,97.38
2807,97.31
2808,97.47
2809,97.35
2810,97.27000000000001
2811,97.18
2812,97.17
2813,97.07
2814,97.04
2815,96.99
2816,97.16
2817,97.14
2818,97.23
2819,97.05
2820,97.17
2821,97.17
2822,97.24
2823,97.26
2824,97.16
2825,96.98000000000002
2826,96.86500000000001
2827,96.99999999999999
2828,97.06
2829,96.87
2830,97.57
2831,97.69
2832,97.97
2833,98.32
2834,98.47
2835,98.39
2836,98.52
2837,98.48
2838,98.49
2839,98.41
2840,98.34
2841,98.39
2842,98.61
2843,98.45
2844,98.33
2845,98.33
2846,98.47
2847,98.42
2848,98.56
2849,98.69
2850,98.78
2851,98.78
2852,98.97
2853,98.84
2854,98.81
2855,98.78
2856,98.81
2857,98.95
2858,98.88
2859,98.96
2860,98.87
2861,98.90999999999998
2862,98.95
2863,98.96
2864,98.86
2865,98.61999999999999
2866,98.55
2867,98.73
2868,98.68
2869,98.73
2870,98.81
2871,98.90999999999998
2872,98.91500000000002
2873,98.92
2874,98.88
2875,98.7
2876,98.71
2877,98.765
2878,98.71
2879,98.785
2880,98.72
2881,98.78
2882,99.28
2883,99.49
2884,99.76
2885,99.95
2886,99.86
2887,100.02
2888,100.115
2889,99.92500000000001
2890,100.0
2891,100.0
2892,99.94
2893,99.91
2894,99.89
2895,99.86
2896,99.78
2897,99.91
2898,99.89
2899,99.86
2900,99.71999999999998
2901,99.84
2902,99.82
2903,99.95
2904,99.88
2905,99.895
2906,99.905
2907,99.83
2908,99.8
2909,99.71
2910,99.84
2911,99.91
2912,99.76
2913,99.91
2914,99.71
2915,99.71
2916,99.69
2917,99.62999999999998
2918,99.685
2919,99.705
2920,99.77
2921,99.8
2922,99.8
2923,99.78999999999999
2924,99.9
2925,99.82
2926,99.805
2927,99.84
2928,99.92
2929,99.865
2930,99.89
2931,99.8
2932,99.855
2933,99.89
2934,100.02
2935,100.23
2936,99.95
2937,100.03
2938,100.02
2939,99.98999999999998
2940,99.97000000000001
2941,100.0
2942,99.93
2943,100.0
2944,99.96
2945,99.95
2946,99.93
2947,99.84
2948,99.88
2949,99.98999999999998
2950,99.92
2951,99.81
2952,99.87
2953,99.83
2954,99.85
2955,99.82
2956,99.83
2957,99.83
2958,99.96
2959,99.93
2960,100.9
2961,100.68
2962,100.71000000000001
2963,100.42000000000002
2964,100.2
2965,100.07
2966,100.14999999999999
2967,100.18
2968,99.97000000000001
2969,99.825
2970,99.83
2971,99.71
2972,99.52000000000001
2973,99.54
2974,99.64
2975,99.69
2976,99.56
2977,99.57
2978,99.47
2979,99.575
2980,99.49
2981,99.4
2982,99.26
2983,99.46
2984,99.33
2985,99.41
2986,98.36
2987,98.65
2988,98.83
2989,98.83
2990,98.9
2991,98.64
2992,98.58
2993,98.69
2994,98.72
2995,98.89000000000001
2996,98.88
2997,99.02
2998,98.96
2999,98.80000000000001
3000,98.74
3001,98.68
3002,98.665
3003,98.66
3004,98.65
3005,98.64
3006,98.65
3007,98.655
3008,98.57
3009,98.6
3010,98.55
3011,98.65
3012,97.99
3013,97.98
3014,97.98
3015,98.04
3016,98.09
3017,98.19
3018,98.15
3019,98.0
3020,97.97
3021,97.53
3022,97.43
3023,97.37
3024,97.285
3025,97.39
3026,97.33
3027,97.22
3028,97.305
3029,97.225
3030,97.235
3031,97.05
3032,96.95
3033,97.055
3034,97.07
3035,97.33
3036,97.45
3037,97.68
3038,97.62
3039,97.78
3040,97.62
3041,96.92
3042,96.98
3043,97.05
3044,97.0
3045,97.195
3046,97.16
3047,97.25
3048,97.42
3049,97.3
3050,97.21
3051,97.06
3052,96.96
3053,96.89
3054,96.65
3055,96.72
3056,96.66
3057,96.74
3058,96.65
3059,96.57
3060,96.72
3061,96.68
3062,103.94
3063,103.98
3064,103.73
3065,103.53
3066,103.38
3067,103.11
3068,102.96
3069,102.99
3070,102.92
3071,102.95
3072,102.91
3073,103.0
3074,103.03
3075,103.01
3076,103.06
3077,103.13
3078,103.065
3079,103.24
3080,103.38
3081,103.515
3082,103.57
3083,103.61
3084,103.74
3085,103.75
3086,103.63
3087,102.99
3088,103.35
3089,103.95
3090,103.925
3091,103.96
3092,103.98
3093,103.92
3094,103.82
3095,103.73
3096,103.76
3097,103.86
3098,103.86
3099,103.735
3100,103.59
3101,103.59
3102,103.75
3103,103.72
3104,103.725
3105,103.98
3106,103.99
3107,104.045
3108,104.03
3109,104.03
3110,104.02
3111,104.11
3112,104.265
3113,104.35
3114,103.69
3115,104.13
3116,103.98
3117,103.89
3118,103.89
3119,103.945
3120,104.0
3121,103.94
3122,104.135
3123,104.07
3124,104.18
3125,104.13
3126,104.11
3127,104.05
3128,104.23
3129,104.31
3130,104.32
3131,104.36
3132,104.24
3133,104.36
3134,104.19
3135,104.225
3136,104.2
3137,104.13
3138,104.15
3139,104.19
3140,104.83
3141,105.045
3142,105.11
3143,105.32
3144,105.43
3145,105.43
3146,105.46
3147,105.48
3148,105.38
3149,105.34
3150,105.2
3151,105.1
3152,105.31
3153,105.18
3154,105.25
3155,105.34
3156,105.32
3157,105.39
3158,105.4
3159,105.51
3160,105.695
3161,105.9
3162,105.96
3163,105.74
3164,105.87
3165,106.06
3166,105.56
3167,105.34
3168,104.95
3169,104.98
3170,104.975
3171,104.53
3172,104.72
3173,104.62
3174,104.35
3175,104.43
3176,104.38
3177,104.48
3178,104.42
3179,104.23
3180,104.02
3181,104.25
3182,104.28
3183,104.43
3184,104.6
3185,104.69
3186,104.72
3187,104.48
3188,104.4
3189,104.52
3190,104.53
3191,104.46
3192,105.5
3193,105.56
3194,105.78
3195,105.56
3196,105.36
3197,105.39
3198,105.54
3199,105.37
3200,105.43
3201,105.43
3202,105.43
3203,105.43
3204,105.52
3205,105.5
3206,105.59
3207,105.71
3208,105.75
3209,105.67
3210,105.58
3211,105.55
3212,105.66
3213,105.67
3214,105.72
3215,105.78
3216,105.78
3217,105.79
3218,105.99
3219,105.52
3220,105.44
3221,105.56
3222,105.64
3223,105.81
3224,105.795
3225,105.73
3226,105.61
3227,105.71
3228,105.68
3229,105.65
3230,105.72
3231,105.63
3232,105.59
3233,105.63
3234,105.755
3235,105.79
3236,105.76
3237,105.74
3238,105.79
3239,105.85
3240,105.82
3241,105.83
3242,105.965
3243,105.9
3244,106.765
3245,106.99
3246,107.24
3247,107.26
3248,107.24
3249,107.36
3250,107.29
3251,107.27
3252,107.44
3253,107.49
3254,107.54
3255,107.61
3256,107.53
3257,107.54
3258,107.56
3259,107.56
3260,107.62
3261,107.64
3262,107.585
3263,107.55
3264,107.52
3265,107.44
3266,107.43
3267,107.55
3268,107.535
3269,107.47
3270,107.58
3271,107.43
3272,107.58
3273,107.46
3274,107.58
3275,107.7
3276,107.7
3277,107.84
3278,107.95
3279,107.965
3280,107.94
3281,108.04
3282,107.94
3283,108.01
3284,107.94
3285,108.1
3286,108.08
3287,108.13
3288,108.08
3289,107.93
3290,107.91
3291,108.08
3292,108.11
3293,108.27
3294,108.285
3295,108.36
3296,108.44
3297,108.19
3298,108.22
3299,108.06
3300,108.32
3301,108.29
3302,108.45
3303,108.29
3304,108.3
3305,108.37
3306,108.48
3307,108.345
3308,108.32
3309,108.34
3310,108.45
3311,108.5
3312,108.465
3313,108.58
3314,108.69
3315,108.71
3316,108.65
3317,108.71
3318,108.765
3319,108.90999999999998
3320,108.8
3321,108.81
3322,108.82
3323,108.65
3324,108.41
3325,108.4
3326,108.34
3327,108.39
3328,108.3
3329,108.23
3330,108.05
3331,107.87
3332,107.97
3333,108.01
3334,108.037
3335,107.88
3336,108.0
3337,108.05
3338,108.22
3339,108.16
3340,108.12
3341,108.07
3342,107.98
3343,107.83
3344,107.815
3345,107.99
3346,107.82
3347,107.855
3348,108.0
3349,108.85
3350,108.555
3351,108.19
3352,108.44
3353,108.61
3354,108.375
3355,108.39
3356,108.5
3357,108.70000000000002
3358,108.64
3359,108.59
3360,108.5
3361,108.5
3362,108.52
3363,108.45
3364,108.47
3365,108.48
3366,108.38
3367,108.47
3368,108.49
3369,108.42
3370,108.16
3371,108.24
3372,108.3
3373,108.31
3374,107.94
3375,108.32
3376,108.2
3377,108.22
3378,108.245
3379,108.23
3380,108.375
3381,108.22
3382,108.27
3383,108.12
3384,107.97
3385,108.02
3386,108.05
3387,108.1
3388,107.99
3389,107.98
3390,107.915
3391,107.975
3392,107.92
3393,108.045
3394,107.97
3395,108.085
3396,108.13
3397,108.195
3398,108.185
3399,108.195
3400,108.16
3401,108.86999999999999
3402,108.95
3403,109.1
3404,109.31000000000002
3405,109.32
3406,109.28
3407,109.3
3408,109.52000000000001
3409,109.49
3410,109.31000000000002
3411,109.32
3412,109.35999999999999
3413,109.385
3414,109.39
3415,109.32
3416,109.31000000000002
3417,109.32
3418,109.275
3419,109.27
3420,109.27
3421,109.32
3422,109.37999999999998
3423,109.33999999999999
3424,109.45
3425,109.50999999999999
3426,109.50999999999999
3427,109.63
3428,110.01
3429,110.14499999999998
3430,109.9
3431,110.1
3432,109.89
3433,109.9
3434,109.94
3435,109.91
3436,109.95000000000002
3437,109.89
3438,109.95000000000002
3439,109.92
3440,109.84
3441,109.605
3442,109.46
3443,109.4
3444,109.475
3445,109.39
3446,109.26
3447,109.56
3448,109.64000000000001
3449,109.59
3450,109.72
3451,109.685
3452,109.39
3453,108.54
3454,108.61
3455,108.49
3456,108.72999999999999
3457,108.83
3458,108.59
3459,108.74000000000001
3460,108.64
3461,108.57
3462,108.6
3463,108.69
3464,108.76999999999998
3465,108.84000000000002
3466,109.13
3467,109.19999999999999
3468,109.08
3469,109.16
3470,109.11
3471,109.29000000000002
3472,109.23
3473,109.14
3474,109.12
3475,108.94
3476,109.1
3477,109.23
3478,109.19000000000001
3479,109.35000000000001
3480,109.33999999999999
3481,109.31000000000002
3482,109.31000000000002
3483,109.41
3484,109.45
3485,109.4
3486,109.48000000000002
3487,109.46
3488,109.44
3489,109.385
3490,109.23
3491,109.13
3492,109.15000000000002
3493,109.19000000000001
3494,109.13
3495,109.28
3496,109.17999999999999
3497,109.23999999999998
3498,109.21999999999998
3499,109.29000000000002
3500,109.38999999999999
3501,109.47000000000001
3502,109.38
3503,109.43999999999998
3504,109.08
3505,108.49
3506,108.83
3507,108.7
3508,109.21
3509,109.26999999999998
3510,109.38
3511,109.45
3512,109.48
3513,109.43999999999998
3514,109.58
3515,109.65
3516,109.56999999999998
3517,109.51999999999998
3518,109.31999999999998
3519,109.24
3520,109.23
3521,109.25
3522,109.23
3523,109.28
3524,109.13999999999999
3525,109.16
3526,109.18999999999998
3527,109.26999999999998
3528,109.3
3529,109.3
3530,109.35000000000001
3531,109.21
3532,109.3
3533,109.2
3534,109.17
3535,109.16
3536,109.12
3537,108.92999999999999
3538,108.88999999999999
3539,108.93999999999998
3540,108.87
3541,108.96500000000002
3542,108.94499999999998
3543,109.0
3544,108.88
3545,108.93999999999998
3546,108.95
3547,108.91
3548,109.03
3549,108.955
3550,109.0
3551,108.9
3552,108.95
3553,108.92
3554,108.93999999999998
3555,108.875
3556,108.81999999999998
3557,108.33
3558,108.25
3559,108.36
3560,108.35000000000001
3561,108.11
3562,108.13999999999999
3563,108.09000000000002
3564,108.04
3565,108.03
3566,108.01999999999998
3567,108.10000000000001
3568,108.09500000000001
3569,108.17999999999999
3570,108.29
3571,108.37
3572,108.24
3573,108.25
3574,108.29
3575,108.11
3576,108.05999999999999
3577,108.25
3578,108.24
3579,108.08
3580,108.13
3581,107.81999999999998
3582,108.04
3583,107.05999999999999
3584,106.81999999999998
3585,106.92
3586,107.08
3587,107.03
3588,107.2
3589,107.48
3590,107.5
3591,107.42
3592,107.37
3593,107.2
3594,107.28
3595,107.4
3596,107.48
3597,107.54
3598,107.71
3599,107.42
3600,107.48
3601,107.47000000000001
3602,107.59000000000002
3603,107.73
3604,107.66
3605,107.85000000000001
3606,107.68999999999998
3607,107.66
3608,107.58
3609,107.59000000000002
3610,107.68999999999998
3611,107.22000000000001
3612,107.25
3613,107.84000000000002
3614,107.78
3615,107.56999999999998
3616,107.56999999999998
3617,107.63
3618,107.37
3619,107.04
3620,106.60000000000001
3621,106.73
3622,106.93999999999998
3623,106.97000000000001
3624,106.92
3625,106.9
3626,106.78
3627,106.75999999999999
3628,106.79
3629,106.63999999999999
3630,106.72000000000001
3631,106.7
3632,106.78
3633,106.91
3634,107.00999999999999
3635,106.93999999999998
3636,106.50999999999999
3637,106.80999999999999
3638,106.87
3639,106.81999999999998
3640,106.75
3641,106.56999999999998
3642,106.59000000000002
3643,106.67
3644,106.66
3645,106.76999999999998
3646,107.11
3647,106.99
3648,107.06999999999998
3649,107.37
3650,107.35000000000001
3651,107.2
3652,107.22000000000001
3653,107.17
3654,107.17999999999999
3655,107.01999999999998
3656,106.92
3657,106.85000000000001
3658,106.80499999999999
3659,106.8
3660,106.78
3661,106.81999999999998
3662,106.13999999999999
3663,106.2
3664,105.93999999999998
3665,105.93999999999998
3666,106.0
3667,106.0
3668,106.08
3669,106.04
3670,105.99
3671,106.03
3672,106.175
3673,106.04
3674,106.05499999999999
3675,105.98
3676,106.0
3677,105.84000000000002
3678,105.74
3679,105.79
3680,105.735
3681,105.67999999999999
3682,105.7
3683,105.83
3684,105.88999999999999
3685,105.86
3686,105.81999999999998
3687,106.0
3688,106.25
3689,106.355
3690,106.19499999999998
3691,106.17
3692,106.12
3693,106.34000000000002
3694,106.45
3695,106.54
3696,106.51999999999998
3697,106.37
3698,106.19499999999998
3699,106.35000000000001
3700,106.48
3701,106.35000000000001
3702,106.30999999999999
3703,106.48
3704,106.4
3705,106.35000000000001
3706,106.43999999999998
3707,106.38999999999999
3708,106.25
3709,106.05999999999999
3710,106.16
3711,106.17999999999999
3712,106.18999999999998
3713,106.13999999999999
3714,106.34000000000002
3715,106.2
3716,106.15
3717,105.76999999999998
3718,105.9
3719,105.93999999999998
3720,105.96
3721,106.01999999999998
3722,106.12
3723,106.17
3724,106.38999999999999
3725,106.38
3726,106.46
3727,106.53
3728,106.59000000000002
3729,106.56999999999998
3730,106.58
3731,106.63999999999999
3732,106.59000000000002
3733,106.60000000000001
3734,106.62
3735,106.62
3736,106.43999999999998
3737,106.36
3738,106.5
3739,106.73
3740,107.80999999999999
3741,107.65
3742,107.43999999999998
3743,107.47000000000001
3744,107.59000000000002
3745,107.38999999999999
3746,107.18999999999998
3747,107.21
3748,107.17999999999999
3749,107.26999999999998
3750,107.10000000000001
3751,106.97000000000001
3752,107.05
3753,107.08
3754,106.95
3755,107.04
3756,107.05
3757,107.3
3758,107.33
3759,107.34000000000002
3760,107.42999999999999
3761,107.55
3762,107.58
3763,107.7
3764,107.74
3765,107.73
3766,108.23
3767,108.12
3768,107.97000000000001
3769,107.87
3770,107.775
3771,107.86
3772,107.9
3773,107.84500000000001
3774,107.80999999999999
3775,107.87
3776,107.87
3777,107.81999999999998
3778,107.9
3779,107.92999999999999
3780,107.76999999999998
3781,107.60000000000001
3782,107.61
3783,107.65
3784,107.62
3785,107.56999999999998
3786,107.55
3787,107.60000000000001
3788,107.61
3789,107.64499999999998
3790,107.63999999999999
3791,107.68999999999998
3792,107.92
3793,107.54
3794,107.74
3795,107.63999999999999
3796,107.53
3797,107.31999999999998
3798,107.42999999999999
3799,107.42
3800,107.34000000000002
3801,107.35000000000001
3802,107.16
3803,107.23
3804,107.23
3805,107.4
3806,107.62
3807,107.4
3808,107.38999999999999
3809,107.55
3810,107.63
3811,107.55499999999999
3812,107.37
3813,107.22000000000001
3814,107.80499999999999
3815,108.33
3816,108.50999999999999
3817,108.38999999999999
3818,106.41
3819,106.17
3820,106.05
3821,106.01999999999998
3822,105.75
3823,105.8
3824,106.00999999999999
3825,105.81999999999998
3826,105.86
3827,106.05999999999999
3828,105.88999999999999
3829,105.71
3830,105.71
3831,105.67999999999999
3832,105.63999999999999
3833,105.53
3834,105.34000000000002
3835,105.41
3836,105.45
3837,105.68999999999998
3838,105.63999999999999
3839,105.72000000000001
3840,105.56499999999998
3841,105.53
3842,105.43999999999998
3843,105.5
3844,105.3
3845,105.125
3846,105.12
3847,105.18999999999998
3848,104.88
3849,104.9
3850,104.60000000000001
3851,104.55
3852,104.24
3853,104.22000000000001
3854,103.95
3855,103.82
3856,103.7
3857,103.88
3858,103.59000000000002
3859,103.71
3860,103.50999999999999
3861,103.37
3862,103.24
3863,103.58
3864,103.61
3865,103.74
3866,103.63999999999999
3867,103.88999999999999
3868,103.51999999999998
3869,103.17000000000002
3870,103.79000000000002
3871,104.235
3872,104.37
3873,104.46
3874,104.62
3875,104.59000000000002
3876,104.80999999999999
3877,104.775
3878,104.68499999999999
3879,104.535
3880,104.41
3881,104.55
3882,104.67999999999999
3883,104.75999999999999
3884,104.7
3885,104.4
3886,104.58
3887,104.96
3888,105.11
3889,105.17999999999999
3890,105.34500000000001
3891,105.45
3892,105.47000000000001
3893,105.42
3894,105.67
3895,105.47000000000001
3896,108.43999999999998
3897,108.13999999999999
3898,107.92999999999999
3899,108.18999999999998
3900,108.43999999999998
3901,108.26999999999998
3902,108.2
3903,108.05999999999999
3904,108.13999999999999
3905,108.10000000000001
3906,108.31999999999998
3907,108.17999999999999
3908,108.38
3909,108.2
3910,108.03
3911,108.42
3912,108.24
3913,108.03
3914,107.99
3915,107.85000000000001
3916,108.13
3917,107.86
3918,107.825
3919,108.13499999999999
3920,108.09000000000002
3921,108.06999999999998
3922,110.03
3923,110.96500000000002
3924,111.41
3925,111.13
3926,111.22000000000001
3927,111.18999999999998
3928,111.93999999999998
3929,112.23
3930,112.01000000000002
3931,112.63500000000002
3932,112.46
3933,112.58
3934,112.73
3935,112.53
3936,112.43999999999998
3937,112.60000000000001
3938,111.46
3939,111.56999999999998
3940,111.4
3941,112.17999999999999
3942,112.17
3943,112.21
3944,111.58
3945,111.41
3946,111.73
3947,111.79
3948,114.26000000000002
3949,114.92999999999999
3950,114.95
3951,115.16
3952,115.21
3953,115.23
3954,115.175
3955,115.0
3956,114.865
3957,114.98
3958,115.18999999999998
3959,115.13
3960,114.87
3961,115.04
3962,114.72000000000001
3963,114.83
3964,114.92
3965,115.115
3966,115.17999999999999
3967,115.05999999999999
3968,115.15
3969,115.365
3970,115.29
3971,115.35000000000001
3972,115.45
3973,115.58
3974,115.97000000000001
3975,115.01000000000002
3976,115.02000000000001
3977,114.93999999999998
3978,115.18999999999998
3979,115.0
3980,114.95
3981,114.97000000000001
3982,114.98
3983,114.80999999999999
3984,114.81999999999998
3985,114.62
3986,114.21
3987,114.3
3988,114.46
3989,114.28
3990,114.15
3991,114.36
3992,114.55999999999999
3993,114.79
3994,115.0
3995,114.76000000000002
3996,114.97500000000001
3997,114.92
3998,114.96500000000002
3999,114.91
4000,115.18999999999998
4001,115.13000000000001
4002,114.72999999999999
4003,114.60000000000001
4004,114.45
4005,114.01000000000002
4006,114.27
4007,114.22999999999999
4008,114.32
4009,114.33
4010,113.97
4011,113.62
4012,113.84
4013,113.5
4014,113.77
4015,113.52
4016,113.32
4017,113.58999999999999
4018,113.83000000000001
4019,113.91000000000001
4020,113.87
4021,114.0
4022,113.85999999999999
4023,113.83000000000001
4024,113.54
4025,113.54
4026,113.24999999999999
4027,113.89
4028,113.36
4029,113.82
4030,113.58
4031,113.77999999999999
4032,113.92
4033,113.85999999999999
4034,113.80000000000001
4035,113.80000000000001
4036,113.68
4037,113.83000000000001
4038,113.63
4039,113.40999999999998
4040,113.34
4041,113.34
4042,113.48999999999998
4043,113.48999999999998
4044,113.6
4045,113.63
4046,113.7
4047,113.87
4048,113.89
4049,113.90000000000002
4050,113.77
4051,113.56999999999998
4052,113.24999999999999
4053,113.15
4054,113.18
4055,113.29000000000002
4056,113.55
4057,113.26
4058,113.0
4059,113.1
4060,113.02
4061,112.93
4062,112.83
4063,112.59
4064,112.7
4065,112.71
4066,112.76000000000002
4067,112.60499999999999
4068,112.60999999999999
4069,112.68000000000002
4070,112.89999999999999
4071,112.79999999999998
4072,113.13999999999999
4073,113.35
4074,113.48999999999998
4075,113.46000000000001
4076,113.58
4077,113.50999999999999
4078,114.455
4079,114.79
4080,114.42
4081,114.88
4082,114.62999999999998
4083,114.45
4084,114.59
4085,114.62999999999998
4086,114.72999999999999
4087,114.62000000000002
4088,114.44000000000001
4089,114.59
4090,114.49
4091,114.57
4092,114.65999999999998
4093,114.60000000000001
4094,114.68
4095,114.68
4096,114.43
4097,114.45
4098,114.43
4099,114.52000000000001
4100,114.60000000000001
4101,114.61
4102,114.79
4103,114.62000000000002
4104,114.24
4105,114.16
4106,114.18
4107,114.38
4108,114.46999999999998
4109,114.34
4110,114.59
4111,114.46999999999998
4112,114.56
4113,114.5
4114,114.53
4115,114.54999999999998
4116,114.535
4117,114.68
4118,114.61
4119,114.59
4120,114.11999999999999
4121,111.93
4122,112.48
4123,112.57
4124,112.94
4125,112.83
4126,112.95000000000002
4127,112.97999999999999
4128,112.76000000000002
4129,112.7
4130,112.60999999999999
4131,113.08
4132,113.32999999999998
4133,113.1
4134,113.29000000000002
4135,113.02
4136,112.92000000000002
4137,112.97999999999999
4138,112.89999999999999
4139,112.95999999999998
4140,113.01
4141,113.02500000000002
4142,113.0
4143,112.86999999999999
4144,112.86999999999999
4145,112.87999999999998
4146,112.86
4147,112.99
4148,112.97
4149,112.87999999999998
4150,112.83
4151,112.84000000000002
4152,112.92000000000002
4153,112.97
4154,113.03000000000002
4155,112.87999999999998
4156,112.65
4157,112.78
4158,112.99
4159,112.89
4160,112.71
4161,112.56
4162,112.49
4163,112.76000000000002
4164,112.84000000000002
4165,112.76999999999998
4166,112.64
4167,112.85000000000001
4168,112.86
4169,112.86
4170,112.74000000000001
4171,112.78
4172,112.84000000000002
4173,112.86999999999999
4174,112.92000000000002
4175,113.09
4176,112.97999999999999
4177,112.95999999999998
4178,113.085
4179,113.05999999999999
4180,113.17
4181,113.09
4182,114.26
4183,114.43
4184,114.19999999999999
4185,114.34
4186,114.09000000000002
4187,113.83000000000001
4188,113.77999999999999
4189,113.76
4190,113.77
4191,113.81
4192,113.74
4193,113.655
4194,113.58
4195,113.58
4196,113.55
4197,113.72000000000001
4198,114.03
4199,113.89
4200,114.01999999999998
4201,113.99000000000001
4202,113.99000000000001
4203,114.07000000000001
4204,114.01000000000002
4205,114.01000000000002
4206,113.97
4207,113.95
4208,113.42
4209,113.13999999999999
4210,112.59
4211,112.86999999999999
4212,112.47
4213,112.44999999999999
4214,112.25
4215,112.36
4216,112.36
4217,112.60999999999999
4218,112.87999999999998
4219,112.92000000000002
4220,112.52999999999999
4221,112.36999999999999
4222,112.15999999999998
4223,112.2
4224,112.14
4225,112.02
4226,112.13000000000001
4227,112.31000000000002
4228,112.25999999999999
4229,112.17999999999999
4230,112.28
4231,112.52999999999999
4232,112.47
4233,112.17
4234,113.13
4235,112.85000000000001
4236,112.52
4237,112.28
4238,112.23000000000002
4239,112.56
4240,112.76000000000002
4241,112.79999999999998
4242,112.78999999999999
4243,112.78
4244,113.04
4245,113.07
4246,112.95999999999998
4247,112.99
4248,112.95999999999998
4249,112.97999999999999
4250,113.05
4251,113.2
4252,113.09
4253,113.1
4254,113.17
4255,113.24999999999999
4256,113.31
4257,113.13999999999999
4258,113.0
4259,113.04
4260,113.01
4261,112.41
4262,112.485
4263,112.68999999999998
4264,112.47
4265,112.84000000000002
4266,112.945
4267,112.93
4268,112.86999999999999
4269,112.76999999999998
4270,112.55
4271,112.73
4272,112.68000000000002
4273,112.63
4274,112.62
4275,112.54
4276,112.56
4277,112.49
4278,112.36999999999999
4279,112.46
4280,112.51
4281,112.42000000000002
4282,112.4
4283,112.49
4284,112.51
4285,112.67
4286,112.52999999999999
4287,114.08
4288,114.24
4289,113.77999999999999
4290,114.14
4291,114.16
4292,114.03999999999999
4293,113.56999999999998
4294,113.68
4295,113.6
4296,113.38000000000001
4297,113.28
4298,113.35
4299,113.46000000000001
4300,113.1
4301,112.99
4302,112.92000000000002
4303,112.97
4304,112.785
4305,113.07
4306,113.05999999999999
4307,113.0
4308,112.67
4309,112.82000000000001
4310,113.07
4311,113.11000000000001
4312,113.02
4313,112.89999999999999
4314,113.28
4315,113.24
4316,113.13
4317,112.89
4318,112.93
4319,113.03000000000002
4320,112.95000000000002
4321,113.09
4322,113.04
4323,113.05
4324,113.085
4325,113.09
4326,113.09
4327,113.00500000000001
4328,112.97
4329,113.09
4330,113.16
4331,113.1
4332,113.08
4333,113.24
4334,113.2
4335,113.16499999999999
4336,112.97
4337,113.045
4338,113.04
4339,113.90000000000002
4340,113.54
4341,113.56000000000002
4342,113.66
4343,113.32
4344,113.5
4345,113.24
4346,113.36
4347,113.5
4348,113.91000000000001
4349,113.96
4350,114.195
4351,114.01999999999998
4352,114.12999999999998
4353,114.155
4354,114.265
4355,114.24
4356,114.28000000000002
4357,114.27
4358,114.28499999999998
4359,114.26
4360,114.12999999999998
4361,114.26
4362,114.075
4363,113.99000000000001
4364,113.93499999999999
4365,114.17000000000002
4366,114.12999999999998
4367,114.18
4368,114.34
4369,114.15
4370,113.96
4371,114.06
4372,114.17000000000002
4373,113.66999999999999
4374,113.72000000000001
4375,113.83000000000001
4376,113.91000000000001
4377,113.73
4378,113.93999999999998
4379,113.97
4380,114.03999999999999
4381,114.19999999999999
4382,114.19
4383,114.24
4384,114.15
4385,114.19999999999999
4386,114.17000000000002
4387,114.11999999999999
4388,114.11999999999999
4389,114.01999999999998
4390,114.03
4391,115.31
4392,115.805
4393,115.78
4394,115.93
4395,116.24
4396,116.285
4397,116.2
4398,116.11000000000001
4399,116.23
4400,116.37
4401,116.265
4402,116.2
4403,116.19000000000001
4404,116.32
4405,116.47
4406,116.47
4407,116.47
4408,116.505
4409,116.46000000000001
4410,116.58
4411,116.71
4412,116.58999999999999
4413,116.30000000000001
4414,116.30000000000001
4415,116.21
4416,116.05
4417,118.47
4418,118.15000000000002
4419,117.41
4420,117.67999999999999
4421,117.81000000000002
4422,117.53
4423,117.4
4424,117.14
4425,117.29
4426,117.11999999999999
4427,116.77999999999999
4428,116.88
4429,117.18
4430,117.30999999999999
4431,116.9
4432,116.925
4433,116.65
4434,116.44
4435,116.38000000000001
4436,116.50999999999999
4437,116.48999999999998
4438,116.51999999999998
4439,116.39
4440,116.48000000000002
4441,116.42
4442,116.35
4443,117.03999999999999
4444,117.04999999999998
4445,117.16
4446,117.29
4447,117.11999999999999
4448,116.83000000000001
4449,117.01999999999998
4450,117.20999999999998
4451,117.53
4452,117.65000000000002
4453,117.46
4454,117.38999999999999
4455,117.53
4456,117.53
4457,117.56
4458,117.67999999999999
4459,117.78
4460,117.8
4461,117.93
4462,117.8
4463,117.55000000000001
4464,117.32
4465,117.44000000000001
4466,117.3
4467,117.52000000000001
4468,117.36000000000001
4469,116.58999999999999
4470,116.27
4471,116.23
4472,115.97999999999999
4473,116.11000000000001
4474,116.06999999999998
4475,116.27
4476,116.47
4477,116.56000000000002
4478,116.58999999999999
4479,116.64000000000001
4480,116.61999999999999
4481,116.79
4482,116.73
4483,116.63
4484,116.65
4485,116.59999999999998
4486,116.99000000000001
4487,116.92
4488,117.03999999999999
4489,117.14
4490,117.20000000000002
4491,117.33
4492,117.03999999999999
4493,117.01000000000002
4494,117.0
4495,117.7
4496,117.57
4497,117.57
4498,117.57
4499,117.7
4500,117.65
4501,117.49
4502,117.49
4503,117.31
4504,117.34
4505,117.39000000000001
4506,117.68
4507,117.56
4508,117.59000000000002
4509,117.48
4510,117.44
4511,117.67
4512,117.54999999999998
4513,117.41
4514,117.64
4515,117.65
4516,117.53
4517,117.69
4518,117.61999999999999
4519,117.73
4520,117.66
4521,117.08999999999999
4522,116.92
4523,117.08
4524,117.34
4525,117.39000000000001
4526,117.32000000000001
4527,117.36
4528,117.1
4529,117.16000000000001
4530,117.27
4531,117.13
4532,117.12
4533,117.16000000000001
4534,116.96000000000001
4535,117.05
4536,117.015
4537,117.15
4538,117.0
4539,117.14
4540,117.17
4541,117.11
4542,117.31
4543,117.32000000000001
4544,117.48
4545,117.48
4546,117.56
4547,117.95000000000002
4548,118.03
4549,117.9
4550,117.95000000000002
4551,118.10999999999999
4552,118.01
4553,118.05
4554,117.92000000000002
4555,117.97999999999999
4556,118.04
4557,118.04
4558,118.16
4559,118.02
4560,117.97999999999999
4561,118.02
4562,118.06
4563,118.06999999999998
4564,118.0
4565,117.92000000000002
4566,117.92000000000002
4567,117.89
4568,117.87
4569,117.57999999999998
4570,117.53
4571,117.54999999999998
4572,117.45
4573,117.625
4574,117.64
4575,117.61
4576,117.49
4577,117.36
4578,117.44
4579,117.38
4580,117.12
4581,117.16000000000001
4582,117.04
4583,117.08
4584,117.21
4585,117.25999999999999
4586,117.3
4587,117.41
4588,117.54
4589,117.49
4590,117.4
4591,117.32000000000001
4592,117.34999999999998
4593,117.08
4594,117.21999999999998
4595,117.12
4596,117.13
4597,117.035
4598,117.12
4599,116.91
4600,117.0
4601,116.98
4602,116.87
4603,116.45
4604,116.65
4605,116.85999999999999
4606,116.98
4607,116.76
4608,116.97
4609,117.14
4610,117.08999999999999
4611,117.28499999999998
4612,117.16000000000001
4613,117.28999999999999
4614,117.3
4615,117.25999999999999
4616,116.89
4617,117.03000000000002
4618,117.0
4619,117.01999999999998
4620,117.19000000000001
4621,117.15
4622,116.99000000000001
4623,116.94
4624,117.0
4625,116.65
4626,116.83000000000001
4627,116.42
4628,116.59
4629,116.63000000000001
4630,116.65999999999998
4631,116.72999999999999
4632,116.61
4633,116.71
4634,116.72999999999999
4635,116.64
4636,116.56500000000001
4637,116.51
4638,116.52999999999999
4639,116.56
4640,116.56
4641,116.59
4642,116.6
4643,116.67000000000002
4644,116.71
4645,116.64
4646,116.62
4647,116.61
4648,116.49
4649,116.31
4650,116.52
4651,117.3
4652,117.43000000000002
4653,117.33
4654,117.14
4655,117.12
4656,117.36
4657,117.415
4658,117.38
4659,117.45
4660,117.36
4661,117.36
4662,117.31
4663,117.315
4664,117.28
4665,117.39000000000001
4666,117.48
4667,117.54
4668,117.61
4669,117.69
4670,117.54
4671,117.49
4672,117.45
4673,117.38
4674,117.405
4675,117.415
4676,117.6
4677,117.87
4678,117.79000000000002
4679,117.57999999999998
4680,117.775
4681,117.63
4682,117.53
4683,117.57
4684,117.65
4685,117.49
4686,117.44
4687,117.31
4688,117.47
4689,117.48499999999999
4690,117.64
4691,117.61999999999999
4692,117.84499999999998
4693,117.86
4694,117.96
4695,117.94
4696,117.96
4697,117.87
4698,117.81
4699,117.77999999999999
4700,117.94
4701,118.02
4702,118.26
4703,113.81
4704,113.91
4705,113.92
4706,114.14
4707,114.71
4708,114.9
4709,115.135
4710,114.93
4711,114.95
4712,114.94
4713,114.93
4714,115.25000000000001
4715,115.42
4716,115.39
4717,115.06
4718,115.06
4719,114.99
4720,114.62
4721,114.94
4722,114.94
4723,115.1
4724,115.34
4725,115.19
4726,115.20999999999998
4727,115.31500000000001
4728,115.53
4729,115.4
4730,115.42
4731,115.03
4732,114.95
4733,115.0
4734,115.005
4735,115.0
4736,114.91
4737,114.91
4738,115.16
4739,115.20999999999998
4740,115.2
4741,114.98
4742,114.98
4743,114.95
4744,114.87
4745,115.01
4746,114.97
4747,115.07999999999998
4748,115.06
4749,114.91999999999999
4750,114.87
4751,114.69000000000001
4752,114.49000000000001
4753,114.15999999999998
4754,114.51
4755,115.07
4756,114.805
4757,114.58999999999999
4758,114.645
4759,114.78999999999999
4760,114.77
4761,114.75
4762,114.93
4763,114.98
4764,115.0
4765,114.94
4766,115.1
4767,115.1
4768,115.07999999999998
4769,114.44
4770,114.33000000000001
4771,113.97000000000001
4772,113.53
4773,113.66999999999999
4774,113.93
4775,113.79
4776,113.68
4777,113.76
4778,113.98
4779,113.61
4780,113.71
4781,113.36
4782,113.3
4783,113.5
4784,113.82999999999998
4785,113.76
4786,113.68
4787,113.5
4788,113.66
4789,113.595
4790,113.73
4791,113.82
4792,113.79
4793,113.91
4794,113.97000000000001
4795,114.00000000000001
4796,114.05
4797,114.13000000000001
4798,114.05
4799,113.89999999999999
4800,113.85
4801,113.88
4802,113.73
4803,113.89
4804,113.79
4805,113.71
4806,113.57000000000001
4807,113.16
4808,113.04499999999999
4809,112.69
4810,112.73
4811,112.68
4812,112.79000000000002
4813,112.77999999999999
4814,112.64999999999999
4815,112.59000000000002
4816,112.27
4817,111.90000000000002
4818,111.905
4819,111.91
4820,111.815
4821,111.56
4822,111.15
4823,110.91
4824,111.24
4825,110.8
4826,110.88
4827,111.16
4828,111.045
4829,111.015
4830,111.30000000000001
4831,111.19
4832,111.48
4833,111.97
4834,112.04
4835,111.90000000000002
4836,111.76
4837,111.68999999999998
4838,111.54000000000002
4839,112.03000000000002
4840,112.32500000000002
4841,112.14
4842,112.03000000000002
4843,111.96
4844,111.95
4845,111.86000000000001
4846,111.96
4847,111.75
4848,111.65
4849,111.65
4850,111.84
4851,111.88999999999999
4852,112.1
4853,112.06000000000002
4854,111.86000000000001
4855,111.81
4856,112.0
4857,111.90000000000002
4858,111.61
4859,111.14000000000001
4860,110.99999999999999
4861,111.02
4862,110.8
4863,110.935
4864,110.87
4865,110.83
4866,110.63
4867,110.45000000000002
4868,110.43999999999998
4869,110.37
4870,110.49
4871,110.40999999999998
4872,110.3
4873,109.99
4874,110.005
4875,110.03
4876,110.05000000000001
4877,110.07999999999998
4878,110.03
4879,109.92000000000002
4880,109.96
4881,109.78
4882,109.76000000000002
4883,109.57
4884,109.81
4885,109.14
4886,108.57
4887,109.08
4888,109.3
4889,109.44
4890,109.38999999999999
4891,109.69000000000001
4892,109.77
4893,109.64
4894,109.84
4895,109.93
4896,109.87
4897,109.74999999999999
4898,109.85000000000001
4899,110.18
4900,109.9
4901,110.02500000000002
4902,109.97
4903,109.82000000000001
4904,109.7
4905,109.56000000000002
4906,109.42
4907,109.28
4908,109.18999999999998
4909,108.97
4910,108.84000000000002
4911,110.07
4912,109.74
4913,109.81
4914,110.0
4915,109.74
4916,109.89000000000001
4917,109.97
4918,109.97
4919,109.99
4920,110.05000000000001
4921,110.05000000000001
4922,110.07
4923,110.04
4924,110.07
4925,110.03
4926,110.16
4927,110.3667
4928,110.42
4929,110.42
4930,110.23999999999998
4931,109.99
4932,109.92000000000002
4933,109.94999999999999
4934,109.94999999999999
4935,110.05000000000001
4936,110.40999999999998
4937,110.03
4938,109.93
4939,109.78
4940,110.04
4941,109.94
4942,110.03
4943,110.3
4944,110.47
4945,110.56999999999998
4946,110.9
4947,111.19
4948,111.47
4949,111.38
4950,111.64
4951,111.48
4952,111.22
4953,111.36500000000001
4954,111.14000000000001
4955,110.9
4956,111.025
4957,110.76
4958,110.91
4959,110.98
4960,110.96999999999998
4961,111.22
4962,111.05
4963,108.65
4964,109.25
4965,108.93
4966,108.80000000000001
4967,108.79
4968,109.02999999999999
4969,109.33000000000001
4970,109.66
4971,109.63
4972,109.74999999999999
4973,109.35
4974,109.63
4975,109.87
4976,109.99
4977,110.13
4978,109.3
4979,109.91
4980,109.6
4981,110.13
4982,110.54
4983,110.89
4984,110.6
4985,111.00500000000001
4986,110.82
4987,110.665
4988,110.88
4989,110.63999999999999
4990,110.29
4991,108.89999999999999
4992,107.79
4993,107.83
4994,106.97
4995,107.26000000000002
4996,107.64999999999999
4997,107.72
4998,107.41
4999,107.64999999999999
5000,107.2
5001,107.25
5002,108.04
5003,108.3
5004,108.13
5005,108.5
5006,108.5
5007,108.59
5008,108.63
5009,108.42
5010,108.58
5011,108.435
5012,108.28
5013,107.47
5014,107.79
5015,107.88
5016,107.49
5017,108.39
5018,107.78
5019,108.14
5020,108.33
5021,108.13
5022,108.21000000000001
5023,108.19999999999999
5024,108.17999999999999
5025,108.37
5026,108.61
5027,108.71
5028,108.56
5029,108.72
5030,108.64
5031,108.43
5032,108.28
5033,108.28
5034,108.24
5035,108.09
5036,108.02
5037,108.28
5038,108.19999999999999
5039,108.21000000000001
5040,108.43
5041,106.74
5042,106.04
5043,106.2
5044,105.62
5045,105.31000000000002
5046,104.86
5047,104.89
5048,104.83
5049,105.17
5050,105.34999999999998
5051,105.22
5052,104.72
5053,104.71
5054,105.24
5055,105.6
5056,105.6
5057,105.52
5058,105.45
5059,105.38
5060,105.21
5061,105.42
5062,106.21
5063,105.84
5064,105.65
5065,105.59
5066,105.71
5067,107.02
5068,106.97
5069,107.51
5070,107.125
5071,106.8
5072,107.12
5073,106.87
5074,107.03999999999999
5075,106.92
5076,106.72
5077,106.72
5078,106.63
5079,106.43
5080,106.445
5081,106.66
5082,106.615
5083,106.8
5084,106.95
5085,107.18
5086,107.05000000000001
5087,107.21
5088,107.44
5089,107.44
5090,107.35
5091,107.37
5092,107.11
5093,108.03
5094,107.74
5095,108.43
5096,108.62
5097,108.95
5098,109.13
5099,108.91
5100,109.31
5101,109.45
5102,109.48
5103,109.66
5104,109.97
5105,110.03
5106,109.75
5107,109.61
5108,109.68
5109,109.90000000000002
5110,109.81
5111,109.77
5112,109.8
5113,109.93
5114,109.87
5115,110.16
5116,109.93999999999998
5117,109.87
5118,110.04
5119,109.73
5120,109.67
5121,109.18
5122,109.19
5123,109.27
5124,108.94
5125,109.03
5126,109.18
5127,109.13
5128,109.5
5129,109.67
5130,109.62
5131,109.64
5132,109.68
5133,109.78
5134,109.77
5135,109.79
5136,109.68
5137,109.56
5138,109.57
5139,109.59
5140,109.65
5141,109.765
5142,109.73
5143,109.82
5144,109.93999999999998
5145,110.16
5146,110.16
5147,110.17
5148,110.07
5149,109.8
5150,109.89
5151,110.06
5152,109.95
5153,110.04
5154,109.89
5155,109.91000000000001
5156,110.06
5157,110.04
5158,110.18
5159,110.16
5160,109.99
5161,110.12
5162,109.88
5163,109.78
5164,109.77
5165,109.83
5166,109.75
5167,109.85
5168,110.0
5169,109.99
5170,110.06
5171,110.43
5172,111.16
5173,110.91
5174,110.69
5175,110.69
5176,110.9
5177,111.4
5178,111.54
5179,111.78
5180,111.69
5181,111.52
5182,111.53
5183,111.82
5184,111.8
5185,111.78
5186,111.72
5187,111.62000000000002
5188,111.67
5189,111.595
5190,111.53
5191,111.485
5192,111.5
5193,111.73
5194,111.8
5195,111.83
5196,111.76
5197,112.0
5198,112.09
5199,112.16
5200,111.53
5201,111.65
5202,111.61
5203,111.83
5204,111.71
5205,111.7
5206,111.78
5207,111.85
5208,111.93
5209,111.81
5210,111.83
5211,111.91499999999999
5212,111.93
5213,111.9
5214,111.93
5215,111.71
5216,111.73
5217,111.83
5218,111.75
5219,111.8
5220,111.73
5221,111.79
5222,111.77
5223,110.95
5224,110.94
5225,110.69
5226,110.62
5227,110.48000000000002
5228,110.39
5229,110.58
5230,110.67
5231,110.66
5232,110.87
5233,110.8
5234,110.895
5235,110.94
5236,110.94
5237,110.79
5238,110.8
5239,111.17
5240,111.045
5241,111.33
5242,111.26
5243,111.18
5244,111.04000000000002
5245,111.09
5246,110.955
5247,110.99
5248,111.22
5249,111.09
5250,111.52
5251,111.21
5252,111.23
5253,111.36
5254,111.37
5255,111.48
5256,111.62000000000002
5257,111.67
5258,111.82
5259,111.68
5260,111.61
5261,111.63
5262,111.78
5263,111.77
5264,111.79
5265,111.79
5266,112.18000000000002
5267,112.18000000000002
5268,112.26
5269,112.08
5270,111.85
5271,111.79
5272,111.79
5273,111.75
5274,111.91
5275,111.91
5276,111.86
5277,111.83
5278,111.82
5279,111.8
5280,111.8
5281,111.91
5282,111.86
5283,111.82
5284,111.82
5285,111.78
5286,111.83
5287,111.78
5288,111.57
5289,111.51
5290,111.57
5291,110.77
5292,110.31
5293,110.46
5294,110.65
5295,110.94
5296,110.8
5297,111.0
5298,111.2
5299,111.91
5300,112.02
5301,111.78
5302,111.69
5303,111.7
5304,111.77
5305,111.71
5306,111.75
5307,111.85
5308,111.88
5309,111.76
5310,111.76
5311,111.81
5312,111.55
5313,111.33
5314,111.07999999999998
5315,110.96
5316,111.45
5317,112.06
5318,111.65999999999998
5319,111.52
5320,111.02
5321,110.79
5322,110.85
5323,110.91
5324,110.66
5325,110.74
5326,110.7
5327,110.82
5328,110.94
5329,111.03
5330,111.15
5331,111.12
5332,111.15
5333,111.02
5334,110.985
5335,110.63
5336,110.71
5337,110.41
5338,110.455
5339,110.64
5340,110.84
5341,110.6
5342,110.55
5343,110.22
5344,110.25
5345,110.3
5346,110.03
5347,109.35000000000001
5348,109.77
5349,109.65
5350,109.87
5351,110.03
5352,110.14
5353,110.24
5354,109.95
5355,109.91000000000001
5356,109.77
5357,109.55
5358,109.58
5359,109.6
5360,109.48
5361,109.6
5362,109.73
5363,109.91000000000001
5364,109.77
5365,109.69
5366,109.45
5367,109.29
5368,109.48
5369,109.64
5370,109.5
5371,108.98
5372,109.21
5373,109.41
5374,109.31
5375,109.62
5376,109.85
5377,109.63
5378,109.6
5379,109.7
5380,109.74
5381,109.79
5382,109.91000000000001
5383,109.56
5384,109.6
5385,109.68
5386,109.63
5387,109.63
5388,109.8
5389,109.85
5390,109.88
5391,109.78
5392,109.82
5393,109.85
5394,109.88
5395,108.365
5396,109.02
5397,109.48
5398,109.6
5399,109.56
5400,109.37
5401,109.35999999999999
5402,109.23
5403,109.26
5404,108.96
5405,109.12
5406,108.97
5407,109.06
5408,109.17
5409,109.23
5410,109.29
5411,109.17
5412,109.12
5413,109.1
5414,109.22
5415,109.23
5416,109.3
5417,109.38
5418,109.265
5419,108.99
5420,109.11
5421,109.77
5422,110.3
5423,109.81
5424,109.49
5425,109.68
5426,109.65
5427,109.545
5428,109.6
5429,109.35999999999999
5430,109.49
5431,109.53
5432,109.51
5433,109.57
5434,109.48
5435,109.51
5436,109.57
5437,109.64
5438,109.715
5439,109.68
5440,109.71
5441,109.79
5442,109.785
5443,109.69
5444,109.55
5445,109.73
5446,109.91999999999999
5447,109.65
5448,109.44
5449,109.71
5450,109.69
5451,109.86
5452,109.87
5453,109.78
5454,109.74
5455,109.58
5456,109.7
5457,109.86
5458,109.84
5459,109.91000000000001
5460,110.16
5461,110.31
5462,110.29
5463,110.67
5464,110.83
5465,110.68
5466,110.84
5467,110.85
5468,110.84
5469,110.95
5470,111.09999999999998
5471,111.135
5472,111.02
5473,111.81
5474,112.015
5475,111.75
5476,111.86
5477,111.74
5478,111.93
5479,112.375
5480,112.06
5481,112.05
5482,112.05
5483,112.06
5484,112.29
5485,112.3
5486,112.28
5487,112.18000000000002
5488,112.25
5489,112.21999999999998
5490,112.27
5491,112.23999999999998
5492,112.14
5493,111.9
5494,112.0
5495,111.93
5496,111.89
5497,112.18000000000002
5498,112.1
5499,113.3
