,0
0,90.92
1,90.75
2,91.05
3,90.61
4,90.44
5,90.14
6,90.28
7,90.3
8,90.65
9,91.06
10,91.71
11,91.53
12,90.84
13,90.77
14,91.52
15,91.6
16,92.4
17,92.24
18,92.53
19,92.55
20,92.39
21,92.19
22,92.09
23,92.07
24,92.25
25,91.9798
26,91.86
27,91.66
28,92.1
29,91.99
30,92.49
31,92.41
32,92.93
33,92.71
34,92.87
35,93.13
36,92.74
37,92.961
38,94.47
39,94.82
40,95.43
41,95.72
42,95.77
43,95.78
44,95.84
45,95.85
46,95.93
47,95.89
48,95.98
49,96.05
50,96.02
51,95.76
52,95.12
53,95.406
54,94.85
55,94.53
56,94.1
57,93.82
58,93.9
59,94.43
60,94.03
61,94.33
62,94.21
63,93.57
64,93.07
65,93.61
66,94.68
67,94.39
68,95.34
69,95.7
70,95.45
71,95.77
72,95.91
73,96.2
74,96.37
75,95.89
76,95.77
77,95.8601
78,96.43
79,96.22
80,96.61999999999999
81,96.22
82,96.42
83,96.75
84,97.22
85,96.56
86,96.29
87,96.54
88,96.74
89,96.43
90,97.73
91,98.07
92,98.21
93,97.81
94,98.34
95,98.79
96,99.26
97,98.98
98,99.21
99,99.06
100,98.82
101,98.84
102,99.07799999999999
103,98.9
104,99.4799
105,99.38
106,99.65
107,99.8697
108,99.9299
109,99.7801
110,99.6
111,99.48
112,99.46
113,99.55
114,99.79
115,99.93
116,100.43
117,101.74
118,101.69
119,101.97
120,102.26
121,102.73
122,102.26
123,102.59
124,102.27
125,102.63
126,102.4
127,102.93
128,102.6099
129,102.7401
130,102.7666
131,102.6
132,102.31
133,102.9
134,102.44
135,102.09
136,102.05
137,102.19
138,102.47
139,102.76
140,102.78
141,102.6
142,101.67
143,102.06
144,101.51
145,100.83
146,100.8
147,101.0999
148,100.58
149,100.65
150,99.34100000000001
151,99.48
152,100.04
153,99.25
154,99.23
155,99.08
156,98.77
157,97.88
158,98.11
159,98.04
160,98.26
161,97.6
162,97.85
163,97.59
164,97.447
165,97.64
166,97.23
167,97.96
168,97.21
169,97.83
170,97.51
171,96.69
172,96.8394
173,97.085
174,97.352
175,97.9001
176,97.88
177,97.8
178,97.67
179,97.6
180,97.99
181,97.62
182,97.63
183,97.45
184,96.8
185,96.63
186,96.48
187,96.47
188,96.29
189,97.15
190,97.37
191,97.36
192,96.75
193,96.83
194,97.6
195,97.61
196,96.96
197,97.27
198,97.42
199,98.13
200,98.13
201,98.17
202,98.75
203,98.48
204,98.6466
205,99.21
206,99.22
207,98.74
208,98.38
209,97.84
210,97.83
211,98.21
212,97.77
213,97.83
214,97.0298
215,97.06
216,97.59
217,98.76
218,99.48
219,99.33
220,98.74
221,98.7402
222,98.93
223,99.05
224,99.18
225,99.44
226,99.0
227,99.16
228,99.23
229,98.92
230,99.25
231,99.29
232,98.8
233,98.75
234,98.66
235,99.219
236,99.35
237,99.61
238,99.57
239,99.42
240,99.7
241,99.62
242,99.35
243,99.5
244,99.67
245,99.12
246,96.2
247,95.4
248,95.32
249,95.34
250,95.65
251,95.86
252,95.24
253,95.25
254,95.17
255,94.83
256,94.9688
257,94.88
258,94.96
259,95.01
260,94.81
261,94.7
262,95.27
263,94.91
264,95.11
265,94.8925
266,95.38
267,94.91
268,94.96
269,94.64
270,95.33
271,94.53
272,95.5
273,95.07
274,93.58
275,94.51
276,94.72
277,94.65
278,94.93
279,95.37
280,95.53
281,95.36
282,95.58
283,95.21
284,95.45
285,95.44
286,95.16
287,94.77
288,94.44
289,94.441
290,94.14000000000001
291,94.61
292,94.46
293,94.98
294,94.91
295,94.66
296,94.74
297,94.38
298,92.53
299,92.67
300,92.67
301,92.16
302,91.79
303,90.97
304,91.5999
305,91.5
306,90.721
307,90.8701
308,90.47
309,90.56
310,91.0199
311,90.8699
312,90.95
313,91.1
314,90.68
315,90.47
316,90.71
317,90.815
318,90.51
319,90.65
320,90.39
321,90.73
322,90.6
323,90.64
324,90.02
325,90.32
326,90.485
327,90.0554
328,90.15
329,89.74
330,89.55
331,89.94
332,90.03
333,90.08
334,90.41
335,90.5299
336,90.47
337,90.07
338,89.9
339,89.8201
340,90.0
341,90.12
342,90.042
343,91.39
344,91.44
345,91.64
346,91.51
347,90.65
348,90.8012
349,91.13
350,89.6776
351,88.86
352,88.78
353,88.94
354,88.48
355,88.35
356,88.67
357,88.69
358,88.08
359,88.05
360,87.95
361,88.11
362,88.07
363,87.54
364,88.37
365,88.2
366,88.26
367,87.85
368,87.64
369,88.41
370,88.06
371,87.27
372,87.46
373,87.12
374,86.9
375,87.09
376,88.27
377,88.03
378,88.17
379,88.84
380,88.66
381,88.98
382,88.79
383,88.42
384,88.382
385,88.08
386,88.36
387,88.7
388,88.63
389,88.81
390,88.69
391,89.42
392,89.58
393,89.8799
394,89.76
395,90.535
396,89.95
397,90.105
398,90.61
399,90.62
400,90.17
401,90.25
402,90.8299
403,90.7
404,89.69
405,90.01
406,89.64
407,90.4
408,90.7
409,91.25299999999999
410,91.652
411,91.28
412,91.25
413,90.87
414,90.62
415,90.94
416,91.2037
417,91.0102
418,91.52
419,91.8846
420,91.16
421,91.75
422,91.91
423,91.75
424,92.33
425,92.74
426,92.18
427,91.07
428,91.17
429,91.1801
430,91.39
431,91.9
432,92.49
433,92.85
434,92.45
435,91.84
436,91.3008
437,91.8602
438,91.89
439,91.23
440,91.03
441,90.92
442,90.34
443,90.86
444,90.9
445,90.78
446,90.78
447,91.08
448,90.5
449,89.92
450,89.04
451,89.53
452,89.79
453,89.02
454,89.03
455,90.17
456,90.02
457,90.9
458,90.36
459,89.91
460,89.3
461,89.58
462,90.43
463,90.28
464,90.21
465,90.1
466,89.18000000000002
467,89.51
468,89.2
469,89.4
470,89.11
471,89.7319
472,90.11
473,89.65
474,89.53
475,90.1601
476,89.67
477,89.9
478,90.31
479,89.32
480,89.97
481,90.5
482,89.64
483,90.0724
484,89.77
485,89.55
486,90.06
487,90.1
488,89.5
489,89.13
490,88.99
491,89.5
492,89.09
493,88.48
494,88.59
495,88.641
496,88.4325
497,89.3
498,88.64
499,88.5
500,89.09
501,88.4224
502,88.25
503,88.17
504,88.15
505,88.11
506,88.78
507,88.51
508,87.9
509,88.72
510,89.13
511,88.6099
512,88.32
513,89.24
514,88.75
515,88.76
516,88.93
517,89.87
518,89.63
519,88.72
520,88.806
521,88.69
522,88.74
523,89.1799
524,89.7
525,90.31
526,90.28
527,90.3
528,89.57
529,88.96
530,88.55
531,88.36
532,90.18
533,90.23
534,90.09
535,90.541
536,90.9
537,91.125
538,91.39
539,91.77
540,91.7
541,91.765
542,91.5499
543,91.71
544,91.71
545,91.28
546,91.1
547,91.3937
548,91.37
549,91.65100000000001
550,92.0
551,91.695
552,92.11
553,92.41
554,92.65
555,92.6901
556,92.49
557,91.38
558,91.226
559,91.19
560,90.26
561,89.74
562,89.88
563,89.35
564,89.89
565,88.98
566,89.584
567,89.25
568,88.69
569,89.35
570,89.4
571,89.01
572,89.71
573,89.58
574,89.05
575,89.48
576,89.17
577,88.93
578,88.78
579,88.71
580,89.84
581,89.29
582,88.78
583,88.97
584,87.48
585,86.79
586,85.35
587,85.22
588,84.46
589,83.95
590,83.3
591,82.6
592,83.24
593,84.2
594,84.55
595,84.1
596,83.57
597,84.37
598,84.5
599,84.26
600,83.44
601,84.27
602,84.57
603,84.5
604,83.72
605,83.55
606,83.59
607,83.52
608,84.74
609,85.42
610,86.16
611,86.22
612,87.29
613,86.1806
614,86.23
615,84.49
616,84.78
617,85.01
618,84.88
619,84.71
620,85.0801
621,84.85
622,83.97
623,83.79
624,83.32799999999997
625,83.45
626,83.61
627,83.56
628,83.79
629,83.42
630,83.29
631,83.07
632,82.92
633,82.97
634,82.7801
635,83.15
636,86.12
637,85.39
638,86.88
639,87.0003
640,87.23
641,87.47
642,86.82
643,87.46
644,87.3025
645,88.09
646,88.32
647,88.25
648,88.22
649,88.0501
650,88.65
651,88.47
652,89.13
653,88.56
654,88.44
655,88.3199
656,88.27
657,88.34
658,88.24
659,88.5098
660,88.18
661,88.44
662,91.7176
663,92.1288
664,92.22
665,92.95
666,92.47
667,92.9
668,93.3124
669,92.75
670,92.32
671,92.82
672,92.84
673,92.77
674,92.37
675,92.3099
676,92.81
677,92.87
678,93.6201
679,93.85
680,93.41
681,93.19
682,93.5
683,93.193
684,93.29
685,93.44
686,93.87
687,92.68
688,93.15
689,92.7
690,93.0
691,93.23
692,93.73
693,93.79
694,93.92
695,93.66
696,94.39
697,94.54
698,94.9
699,95.13
700,95.29
701,95.67
702,95.82
703,95.54
704,95.8925
705,95.6
706,95.61
707,95.63
708,95.81
709,95.6027
710,95.6
711,95.67
712,96.31
713,96.34
714,96.38
715,97.0499
716,96.13
717,96.03
718,95.99
719,95.45
720,95.4199
721,95.79
722,95.36
723,95.56
724,95.27
725,95.56
726,95.664
727,95.79
728,95.94
729,95.88
730,95.63
731,95.72
732,95.65
733,95.54
734,95.66
735,95.5
736,95.5
737,95.8
738,95.76
739,95.93
740,95.986
741,95.52
742,95.05
743,94.53
744,94.5
745,94.27
746,94.73
747,95.6
748,95.75
749,96.07
750,96.45
751,96.766
752,97.08
753,97.09
754,96.09
755,94.97
756,95.7
757,95.47
758,95.74
759,95.68
760,95.91
761,96.01
762,95.6954
763,95.8
764,95.78
765,95.48
766,96.72
767,97.345
768,97.53
769,97.59
770,98.04
771,97.78
772,97.99
773,97.94
774,98.16
775,98.2099
776,98.15
777,98.11
778,97.77
779,97.49
780,97.6501
781,97.48
782,97.72
783,97.3199
784,97.34
785,96.82
786,97.21
787,97.19
788,98.05
789,98.7063
790,99.19
791,99.65
792,101.92
793,101.5799
794,100.88
795,100.49
796,100.3201
797,100.31
798,100.24
799,100.26899999999999
800,100.23
801,100.61
802,101.1
803,101.29
804,101.27
805,101.69
806,101.35
807,101.37
808,101.84
809,101.46
810,101.54
811,102.77
812,102.5
813,103.3
814,102.52
815,101.49
816,101.5
817,101.56
818,101.23
819,100.9
820,101.7601
821,102.65
822,103.13
823,102.46
824,102.26
825,101.6
826,101.9588
827,101.2
828,100.72
829,101.115
830,101.27
831,100.93
832,100.81
833,101.01
834,101.09
835,101.31
836,101.31
837,100.92
838,100.93
839,101.2976
840,101.3
841,101.56
842,101.72
843,101.64
844,102.07
845,102.62
846,102.35
847,102.52
848,102.8
849,102.92
850,102.44
851,102.29
852,102.65
853,102.64
854,102.7499
855,102.45
856,102.41
857,101.65
858,101.59
859,101.39
860,101.16
861,100.92
862,100.87
863,101.12
864,100.87
865,101.28
866,101.08
867,100.9601
868,101.19
869,101.49
870,102.76
871,103.39
872,104.0399
873,104.23
874,104.63
875,104.77
876,104.92
877,104.9
878,105.03
879,105.35
880,105.4601
881,105.24
882,105.06
883,104.87
884,105.25
885,104.71
886,104.682
887,104.8651
888,104.6
889,105.1054
890,105.23100000000001
891,105.8
892,106.0
893,106.02
894,106.49
895,107.61
896,106.88
897,106.7
898,106.56
899,105.9701
900,105.954
901,106.58
902,106.99
903,107.26
904,107.0329
905,106.93
906,107.19
907,107.89
908,108.23
909,108.72
910,108.7484
911,109.419
912,108.61
913,107.9627
914,108.58
915,108.06
916,107.72
917,107.3001
918,106.98
919,107.0998
920,106.78
921,106.52
922,107.45
923,107.67
924,107.87
925,107.41
926,108.25
927,107.51
928,107.34
929,107.39
930,107.33
931,107.77
932,107.89
933,107.4
934,107.15
935,106.83
936,106.04
937,105.62
938,105.59
939,105.6103
940,105.2
941,104.9591
942,104.46
943,104.27
944,104.56
945,105.25
946,105.42
947,106.49
948,108.64
949,108.3401
950,108.18
951,107.86
952,108.25
953,108.72
954,108.67
955,108.59
956,109.05
957,108.82
958,108.89
959,109.24
960,108.4
961,108.456
962,108.79
963,109.13000000000001
964,108.94
965,109.05
966,109.32000000000001
967,109.13999999999999
968,109.0
969,108.69
970,109.2
971,109.3727
972,109.67
973,109.87000000000002
974,108.24
975,107.56
976,107.17
977,107.26
978,107.53
979,107.45
980,107.4999
981,107.74
982,107.7101
983,107.63
984,107.54
985,107.33
986,107.3
987,107.01
988,106.75
989,106.95
990,106.73
991,106.77
992,106.7875
993,106.76
994,106.72
995,106.93
996,106.86
997,106.9
998,107.096
999,107.13
1000,104.56
1001,104.54
1002,104.2592
1003,103.50999999999999
1004,102.79000000000002
1005,103.09
1006,103.59
1007,103.15999999999998
1008,103.4101
1009,103.39
1010,103.22000000000001
1011,103.69
1012,103.69
1013,103.49
1014,103.35999999999999
1015,103.37000000000002
1016,103.0
1017,103.23
1018,103.5899
1019,103.43
1020,103.16999999999999
1021,102.92009999999999
1022,103.32
1023,103.56000000000002
1024,103.76000000000002
1025,104.45
1026,105.47
1027,105.61729999999999
1028,105.68
1029,105.85
1030,105.91
1031,105.56
1032,105.20900000000002
1033,105.53999999999999
1034,105.43
1035,105.30000000000001
1036,105.31
1037,105.32
1038,105.51
1039,106.25
1040,106.50999999999999
1041,106.37000000000002
1042,106.45
1043,106.46
1044,106.61
1045,106.72
1046,107.25
1047,107.1298
1048,106.56000000000002
1049,106.91
1050,105.32
1051,105.15
1052,104.58
1053,104.51
1054,105.33
1055,105.7
1056,106.58
1057,107.22999999999999
1058,106.71
1059,107.13000000000001
1060,107.22999999999999
1061,107.67000000000002
1062,108.04
1063,107.89
1064,107.76
1065,107.5
1066,107.59
1067,107.77
1068,107.954
1069,108.06000000000002
1070,108.37
1071,108.14999999999999
1072,107.99999999999999
1073,108.66
1074,107.84999999999998
1075,108.07
1076,108.72
1077,108.69
1078,110.53
1079,111.25000000000001
1080,111.94500000000001
1081,111.58189999999999
1082,111.97000000000001
1083,112.43
1084,113.1364
1085,113.06
1086,113.0846
1087,113.36999999999999
1088,113.68
1089,114.56999999999998
1090,114.12
1091,113.87
1092,113.6
1093,113.66000000000001
1094,112.93
1095,113.31250000000001
1096,113.36
1097,113.84
1098,113.83
1099,113.56
1100,113.44
1101,113.5
1102,112.6899
1103,112.70000000000002
1104,115.15
1105,114.64
1106,114.27
1107,114.9301
1108,114.37999999999998
1109,115.2375
1110,114.88
1111,115.09
1112,115.63
1113,116.0
1114,115.8
1115,115.86
1116,115.67
1117,115.37
1118,115.56
1119,115.99
1120,115.802
1121,115.8675
1122,115.8454
1123,115.96
1124,115.70000000000002
1125,115.86
1126,115.6
1127,115.32
1128,115.44999999999999
1129,115.98
1130,114.4312
1131,114.11
1132,114.01000000000002
1133,113.61399999999999
1134,113.77
1135,113.68
1136,113.75999999999999
1137,113.85000000000001
1138,113.78
1139,114.11
1140,114.64
1141,114.4394
1142,114.52999999999999
1143,115.58
1144,115.56
1145,115.67
1146,115.55799999999999
1147,116.77
1148,117.05000000000001
1149,117.45
1150,117.37
1151,118.0
1152,117.47999999999999
1153,118.07700000000001
1154,117.8
1155,118.43999999999998
1156,116.02
1157,115.63
1158,115.12000000000002
1159,115.71
1160,115.85
1161,115.66
1162,115.55000000000001
1163,115.39
1164,115.05999999999999
1165,115.07
1166,115.21000000000001
1167,115.25
1168,115.4002
1169,115.38360000000002
1170,114.71999999999998
1171,114.52
1172,114.71999999999998
1173,114.61
1174,114.67999999999999
1175,114.45200000000001
1176,114.32
1177,114.61
1178,114.95
1179,114.88
1180,115.62
1181,114.76999999999998
1182,116.59
1183,116.40999999999998
1184,115.75
1185,114.95
1186,115.08500000000001
1187,115.1598
1188,114.999
1189,115.3498
1190,115.64999999999999
1191,115.18
1192,115.19
1193,115.68999999999998
1194,115.68
1195,116.27000000000001
1196,115.93200000000002
1197,115.82009999999998
1198,115.936
1199,115.94000000000001
1200,115.69800000000001
1201,115.68
1202,115.8
1203,115.6
1204,115.47
1205,115.66
1206,116.05
1207,116.32000000000001
1208,119.27000000000001
1209,119.23990000000002
1210,119.34
1211,119.5
1212,119.28000000000002
1213,119.45
1214,119.45
1215,119.1499
1216,119.01
1217,119.42000000000002
1218,119.21999999999998
1219,119.28000000000002
1220,119.55999999999999
1221,119.36999999999999
1222,119.38
1223,119.52
1224,119.61000000000001
1225,119.75999999999999
1226,119.71
1227,119.71
1228,119.7654
1229,119.82
1230,119.65
1231,119.94999999999999
1232,119.73
1233,119.64
1234,119.89
1235,119.40999999999998
1236,120.63
1237,120.49
1238,119.88
1239,119.5073
1240,119.59999999999998
1241,119.74999999999999
1242,119.48
1243,119.72
1244,119.81800000000001
1245,119.901
1246,120.2383
1247,120.632
1248,120.32999999999998
1249,120.69
1250,120.47
1251,120.61
1252,120.32999999999998
1253,120.21
1254,120.32
1255,120.13999999999999
1256,120.81
1257,120.78
1258,120.65
1259,120.21
1260,119.84
1261,119.61000000000001
1262,118.78
1263,119.2
1264,119.1
1265,118.82999999999998
1266,118.96
1267,118.31000000000002
1268,118.75
1269,118.62
1270,118.52
1271,118.837
1272,118.24999999999999
1273,117.28999999999999
1274,117.88
1275,117.61
1276,117.62
1277,117.65
1278,117.71
1279,117.73000000000002
1280,117.84
1281,118.29
1282,118.22
1283,118.39999999999999
1284,118.62
1285,118.32
1286,117.74
1287,117.62
1288,117.97000000000001
1289,117.54000000000002
1290,117.28
1291,116.35030000000002
1292,116.13000000000001
1293,116.04000000000002
1294,116.49
1295,116.41999999999999
1296,116.49
1297,116.25
1298,116.34
1299,116.35
1300,117.37999999999998
1301,117.49
1302,117.00399999999999
1303,117.00000000000001
1304,116.91
1305,116.52
1306,116.5
1307,116.33
1308,116.85000000000001
1309,116.60999999999999
1310,116.65
1311,117.54000000000002
1312,119.52
1313,119.67499999999998
1314,119.78
1315,120.37799999999997
1316,120.081
1317,119.53
1318,119.97
1319,120.3
1320,120.92000000000002
1321,120.43240000000002
1322,120.9136
1323,120.77000000000001
1324,121.0
1325,121.28
1326,121.5799
1327,121.85
1328,121.52
1329,121.81
1330,122.15
1331,122.17999999999999
1332,122.42000000000002
1333,122.86
1334,122.5998
1335,122.3173
1336,121.54
1337,121.55
1338,121.05999999999999
1339,121.73250000000002
1340,122.07900000000001
1341,122.08000000000001
1342,121.745
1343,121.91
1344,122.4201
1345,122.65
1346,122.62000000000002
1347,122.57
1348,122.73899999999999
1349,122.85000000000001
1350,122.49
1351,122.91
1352,123.12999999999998
1353,123.43
1354,123.94
1355,124.04
1356,123.81009999999999
1357,123.76
1358,123.9202
1359,123.37
1360,124.2187
1361,123.76
1362,123.76
1363,123.4
1364,122.5597
1365,121.85
1366,121.645
1367,120.98
1368,120.51
1369,120.41
1370,120.18
1371,120.55
1372,120.3319
1373,120.32070000000002
1374,120.51
1375,120.4
1376,120.41
1377,120.63
1378,120.12999999999998
1379,120.24000000000001
1380,120.18
1381,120.4
1382,119.89999999999999
1383,120.06
1384,119.99200000000002
1385,119.405
1386,119.68
1387,119.48
1388,120.02
1389,120.47999999999999
1390,120.8603
1391,121.38
1392,121.0
1393,120.22
1394,120.79
1395,121.27
1396,121.69000000000001
1397,121.8
1398,121.46
1399,121.71730000000001
1400,121.65000000000002
1401,121.77999999999999
1402,121.63999999999999
1403,121.76
1404,121.75
1405,121.6099
1406,121.68
1407,121.77
1408,121.15
1409,121.02
1410,121.3801
1411,120.94
1412,121.88000000000001
1413,121.68
1414,121.44999999999999
1415,121.77
1416,123.69
1417,124.40799999999999
1418,124.85
1419,125.03000000000002
1420,124.43
1421,124.559
1422,124.17
1423,124.54
1424,124.62
1425,124.76
1426,124.99
1427,124.77
1428,124.37
1429,123.53000000000002
1430,123.3
1431,123.5099
1432,123.44
1433,122.73500000000001
1434,123.3
1435,124.0
1436,124.3106
1437,123.95
1438,124.0
1439,123.7
1440,122.7499
1441,121.55
1442,124.92
1443,124.35000000000001
1444,125.69999999999999
1445,125.835
1446,124.62999999999998
1447,124.775
1448,124.18
1449,124.69000000000001
1450,125.33
1451,125.2901
1452,125.62
1453,125.43
1454,125.89999999999999
1455,125.8912
1456,125.87539999999998
1457,125.61000000000001
1458,125.35999999999999
1459,125.855
1460,125.3
1461,124.94
1462,125.6454
1463,125.44
1464,124.9
1465,125.16
1466,125.54
1467,125.62
1468,124.04
1469,124.18
1470,124.45000000000002
1471,124.28
1472,124.05999999999999
1473,124.16
1474,124.31000000000002
1475,124.23999999999998
1476,124.64000000000001
1477,124.58999999999999
1478,124.27
1479,124.22
1480,124.27
1481,124.59010000000002
1482,124.7966
1483,124.66
1484,124.14759999999998
1485,124.08
1486,123.21
1487,123.7849
1488,124.26799999999999
1489,123.9201
1490,123.05
1491,123.42
1492,123.72000000000001
1493,123.89
1494,123.72000000000001
1495,123.14989999999999
1496,123.12
1497,124.19
1498,124.50000000000001
1499,124.89
1500,124.66
1501,124.56
1502,124.85000000000001
1503,124.52999999999999
1504,124.49
1505,124.66
1506,124.5675
1507,124.4172
1508,124.48
1509,124.2883
1510,124.4
1511,124.34
1512,124.45
1513,124.35
1514,124.54
1515,124.47
1516,124.52
1517,124.62799999999999
1518,124.91
1519,124.73
1520,123.7
1521,124.69999999999999
1522,125.57999999999998
1523,125.92
1524,126.00000000000001
1525,125.8685
1526,125.54000000000002
1527,125.36
1528,125.54000000000002
1529,125.235
1530,125.35
1531,125.73
1532,125.6637
1533,125.73
1534,125.34
1535,125.08989999999999
1536,124.866
1537,124.38000000000001
1538,124.64
1539,125.19
1540,125.45009999999999
1541,125.31999999999998
1542,125.0524
1543,124.4
1544,123.9802
1545,123.98999999999998
1546,124.69999999999999
1547,124.97000000000001
1548,124.26
1549,124.94
1550,124.9999
1551,124.96510000000002
1552,124.89
1553,125.5
1554,125.27000000000001
1555,125.36
1556,125.5
1557,125.24
1558,125.25000000000001
1559,125.5
1560,125.51
1561,125.55999999999999
1562,125.57000000000001
1563,125.70000000000002
1564,125.6724
1565,125.73999999999998
1566,126.26000000000002
1567,126.25
1568,126.32999999999998
1569,125.75
1570,125.41000000000001
1571,125.41000000000001
1572,125.92
1573,126.11
1574,126.48999999999998
1575,126.64
1576,126.40000000000002
1577,126.72
1578,126.84
1579,126.48999999999998
1580,126.74999999999999
1581,126.58000000000001
1582,126.72999999999999
1583,126.81
1584,126.11
1585,126.24
1586,126.42999999999999
1587,125.70000000000002
1588,125.79
1589,125.8201
1590,125.59
1591,126.04
1592,125.69
1593,125.73999999999998
1594,125.15
1595,125.49
1596,125.69
1597,125.8
1598,126.86
1599,126.86
1600,126.60000000000001
1601,126.21010000000001
1602,126.12000000000002
1603,126.72
1604,126.94
1605,127.2419
1606,127.31000000000002
1607,126.78
1608,127.17000000000002
1609,127.33000000000001
1610,127.46
1611,127.56
1612,127.5513
1613,127.57
1614,127.68
1615,127.86
1616,127.81
1617,127.61000000000001
1618,127.35000000000001
1619,127.15000000000002
1620,126.72999999999999
1621,126.65010000000001
1622,126.74999999999999
1623,127.19999999999999
1624,128.63
1625,128.15
1626,129.15
1627,129.76
1628,129.66
1629,129.55
1630,129.93
1631,129.8
1632,129.65
1633,129.9
1634,129.7873
1635,130.07
1636,130.588
1637,130.7603
1638,131.38
1639,131.33
1640,131.69
1641,131.56
1642,131.4
1643,131.6801
1644,131.7999
1645,131.53
1646,131.2864
1647,131.266
1648,131.8
1649,132.19
1650,131.65
1651,132.05
1652,132.2
1653,132.05
1654,132.17
1655,131.61
1656,131.88
1657,132.04
1658,132.16
1659,132.06
1660,131.9701
1661,132.29
1662,132.0037
1663,131.96
1664,132.0956
1665,131.95
1666,132.3
1667,132.5299
1668,132.35
1669,131.79
1670,131.67
1671,131.79
1672,132.14
1673,132.3
1674,132.66
1675,132.7
1676,132.61
1677,132.56
1678,131.84
1679,130.69
1680,130.6
1681,130.77
1682,130.88
1683,130.64
1684,130.886
1685,131.43
1686,131.43
1687,131.51
1688,130.93
1689,130.9
1690,130.94
1691,130.75
1692,130.86
1693,131.69
1694,131.8
1695,132.97
1696,132.33
1697,132.29
1698,132.17
1699,132.07
1700,131.86
1701,132.49
1702,130.89
1703,129.54
1704,128.81
1705,128.4999
1706,129.01
1707,129.19
1708,128.55
1709,128.86
1710,129.046
1711,129.18
1712,128.68
1713,128.51
1714,128.73
1715,128.814
1716,128.47
1717,128.6701
1718,128.125
1719,127.95
1720,128.25
1721,128.33
1722,128.07
1723,128.57
1724,128.82
1725,128.73
1726,128.33
1727,129.04
1728,130.5701
1729,130.185
1730,128.746
1731,126.84
1732,126.78499999999998
1733,127.11
1734,127.824
1735,127.81999999999998
1736,127.86
1737,127.73
1738,128.173
1739,128.46
1740,128.45
1741,129.2
1742,128.8425
1743,128.4697
1744,128.27
1745,128.458
1746,128.99
1747,129.05
1748,129.53
1749,129.89
1750,129.35
1751,129.49
1752,129.36
1753,129.23
1754,127.79
1755,127.84
1756,128.66
1757,129.5
1758,130.38
1759,129.6399
1760,130.0
1761,129.5
1762,129.64
1763,129.65
1764,129.38
1765,130.1816
1766,130.05
1767,129.61
1768,130.54
1769,130.43
1770,130.862
1771,130.5817
1772,130.41
1773,130.45
1774,130.25
1775,130.35
1776,130.15
1777,130.06
1778,129.8196
1779,129.52
1780,127.95499999999998
1781,127.3
1782,127.13
1783,127.35000000000001
1784,126.54
1785,126.20539999999998
1786,126.02999999999999
1787,125.88000000000001
1788,125.9
1789,125.1
1790,124.7212
1791,124.36999999999999
1792,124.4001
1793,123.82000000000001
1794,124.15
1795,124.48
1796,124.96189999999999
1797,124.76
1798,124.8
1799,124.54999999999998
1800,125.13999999999999
1801,125.08
1802,125.01
1803,125.70000000000002
1804,125.044
1805,124.46
1806,123.56
1807,122.85960000000001
1808,121.8899
1809,121.85
1810,120.73999999999998
1811,120.55000000000001
1812,120.75
1813,120.87
1814,120.43999999999998
1815,120.66
1816,120.99000000000001
1817,121.04
1818,120.85000000000001
1819,120.0837
1820,120.61200000000001
1821,120.31
1822,120.82
1823,121.11
1824,120.82
1825,120.52
1826,120.8
1827,120.97000000000001
1828,120.211
1829,120.15
1830,119.78999999999999
1831,119.40999999999998
1832,120.77
1833,120.70489999999998
1834,121.15999999999998
1835,121.41
1836,121.3099
1837,121.69
1838,122.2
1839,122.16000000000001
1840,122.0863
1841,122.34999999999998
1842,122.91000000000001
1843,122.65
1844,122.77999999999999
1845,122.68
1846,122.56
1847,122.57
1848,122.68
1849,122.61000000000001
1850,122.9098
1851,122.91999999999999
1852,123.46
1853,123.21000000000001
1854,123.07999999999998
1855,123.29
1856,123.05000000000001
1857,122.95
1858,122.30119999999998
1859,123.57
1860,123.94999999999999
1861,124.19
1862,124.21
1863,124.38000000000001
1864,123.86
1865,123.94000000000001
1866,123.64999999999999
1867,123.54880000000001
1868,123.71
1869,123.64000000000001
1870,123.63
1871,123.21499999999999
1872,123.6499
1873,123.29
1874,123.16
1875,123.15
1876,123.12
1877,123.19000000000001
1878,122.75999999999999
1879,122.58
1880,122.75999999999999
1881,122.72
1882,123.15
1883,122.34
1884,122.52
1885,122.4
1886,122.56
1887,122.65999999999998
1888,123.47
1889,123.81040000000002
1890,123.68
1891,123.6
1892,123.78000000000002
1893,123.64000000000001
1894,123.84999999999998
1895,125.43999999999998
1896,125.65
1897,125.31999999999998
1898,125.4495
1899,125.47
1900,125.31009999999999
1901,125.43999999999998
1902,126.00999999999999
1903,125.85
1904,126.28999999999999
1905,126.54
1906,126.37
1907,126.1
1908,126.06
1909,126.66
1910,127.07000000000001
1911,126.8597
1912,127.64970000000001
1913,127.86
1914,128.07
1915,127.89
1916,127.5002
1917,127.87009999999998
1918,128.15200000000002
1919,127.99
1920,128.4376
1921,128.67
1922,128.12
1923,128.03
1924,127.95999999999998
1925,128.87
1926,128.74
1927,128.775
1928,128.6599
1929,128.99
1930,128.9
1931,128.92
1932,128.62
1933,128.7
1934,128.05200000000002
1935,127.47000000000001
1936,128.0
1937,127.25
1938,128.44
1939,128.72
1940,128.67
1941,128.57
1942,128.52
1943,128.08
1944,128.5003
1945,127.51399999999998
1946,127.6
1947,127.664
1948,127.09899999999998
1949,126.28000000000002
1950,126.44999999999999
1951,126.72999999999999
1952,127.17000000000002
1953,127.19000000000001
1954,126.84
1955,127.39
1956,127.47000000000001
1957,127.29779999999998
1958,126.54
1959,126.48
1960,125.39000000000001
1961,125.89
1962,126.08
1963,126.26000000000002
1964,125.5
1965,125.22
1966,125.47
1967,124.46
1968,123.57
1969,123.7898
1970,123.92999999999999
1971,124.08000000000001
1972,123.82000000000001
1973,123.54
1974,123.64000000000001
1975,124.0
1976,123.83980000000001
1977,123.15
1978,123.66999999999999
1979,123.92999999999999
1980,123.28
1981,123.34000000000002
1982,123.16
1983,123.33
1984,123.39
1985,123.3615
1986,123.53
1987,123.92000000000002
1988,122.22
1989,122.77000000000001
1990,122.41
1991,123.17999999999999
1992,123.15889999999999
1993,123.10880000000002
1994,123.46
1995,123.07000000000001
1996,123.06170000000002
1997,122.93
1998,123.12
1999,122.75000000000001
2000,122.89
2001,123.01000000000002
2002,122.94000000000001
2003,122.99
2004,122.84
2005,122.9
2006,122.9
2007,123.27499999999999
2008,123.46
2009,123.58760000000001
2010,123.72
2011,123.02
2012,123.25
2013,122.5
2014,127.13
2015,127.45
2016,128.8
2017,128.72
2018,128.83
2019,129.06
2020,129.41
2021,129.43
2022,129.6499
2023,129.35
2024,129.21
2025,129.6899
2026,129.58700000000002
2027,129.82
2028,129.9202
2029,130.38
2030,130.5
2031,130.75
2032,130.54
2033,130.1799
2034,130.48
2035,130.05
2036,130.27
2037,130.11
2038,130.52
2039,130.75
2040,132.161
2041,132.65
2042,133.09
2043,133.92
2044,134.6299
2045,134.88
2046,134.33
2047,134.4542
2048,134.41
2049,134.43
2050,134.6
2051,134.54
2052,134.63
2053,134.35
2054,134.2
2055,134.3599
2056,133.62
2057,133.17
2058,133.07
2059,133.0994
2060,133.558
2061,133.311
2062,133.29
2063,132.6619
2064,132.95
2065,132.96
2066,134.053
2067,133.85
2068,132.64
2069,133.2
2070,132.8
2071,133.2176
2072,133.48
2073,133.4876
2074,133.39
2075,133.57
2076,133.2
2077,132.85
2078,133.08
2079,132.96
2080,133.71
2081,134.0
2082,134.24
2083,134.39
2084,134.5799
2085,135.03
2086,134.87
2087,135.14
2088,134.77
2089,135.01
2090,135.0927
2091,135.02
2092,135.21
2093,134.75
2094,134.98
2095,135.18
2096,135.3
2097,135.23
2098,134.73
2099,134.41
2100,134.19
2101,134.35
2102,134.87
2103,134.94
2104,134.61
2105,134.51
2106,134.57
2107,134.7845
2108,134.96
2109,134.92
2110,134.89
2111,134.6
2112,134.47
2113,134.31
2114,134.7
2115,134.63
2116,134.92
2117,135.82
2118,138.12
2119,137.88
2120,138.34
2121,138.63
2122,138.73
2123,138.79
2124,138.75
2125,138.6
2126,138.97
2127,139.19
2128,139.33
2129,139.39
2130,139.49
2131,139.34
2132,139.35
2133,139.58
2134,139.18
2135,139.87
2136,139.72
2137,139.75
2138,139.74
2139,139.7299
2140,138.92
2141,139.4
2142,139.37
2143,139.34
2144,138.94
2145,139.39
2146,139.38
2147,139.82
2148,140.61
2149,140.52
2150,140.5421
2151,140.57
2152,139.61
2153,139.585
2154,140.0
2155,139.19
2156,139.37
2157,139.05
2158,139.02
2159,139.11
2160,139.43
2161,138.74
2162,138.88299999999998
2163,139.27
2164,139.47
2165,139.44
2166,139.82
2167,139.77
2168,139.57
2169,139.82
2170,139.89
2171,140.03799999999998
2172,139.48
2173,139.8319
2174,139.9
2175,140.09
2176,139.44
2177,139.49
2178,140.35
2179,140.48
2180,139.75
2181,139.74
2182,140.24
2183,140.43
2184,139.8767
2185,140.47
2186,140.55200000000002
2187,140.638
2188,140.35
2189,140.1999
2190,140.28
2191,139.85
2192,140.124
2193,140.1
2194,140.11
2195,140.25
2196,140.2394
2197,140.4673
2198,140.3711
2199,140.21
2200,140.12
2201,140.12
2202,140.16
2203,141.03
2204,140.0901
2205,140.19
2206,140.15
2207,141.05
2208,140.95
2209,142.35
2210,143.02
2211,143.51
2212,143.04
2213,142.99
2214,143.28
2215,143.1341
2216,143.18
2217,143.2601
2218,143.3425
2219,143.19
2220,143.3812
2221,143.504
2222,143.64600000000004
2223,143.6
2224,143.7
2225,143.53
2226,143.63
2227,143.46
2228,143.4724
2229,143.4746
2230,143.51
2231,143.6
2232,144.08
2233,143.67
2234,143.67
2235,143.52
2236,144.08
2237,143.69
2238,143.52
2239,143.74
2240,145.68
2241,145.03
2242,144.91
2243,143.99
2244,144.01
2245,143.83
2246,144.59
2247,144.44
2248,144.17
2249,144.2662
2250,144.16
2251,144.7001
2252,144.75
2253,144.79
2254,144.61
2255,144.22
2256,144.6266
2257,144.536
2258,143.93
2259,143.6299
2260,144.0
2261,144.02
2262,144.7
2263,144.555
2264,144.62
2265,144.69
2266,144.67
2267,144.5401
2268,144.6501
2269,144.67
2270,144.67
2271,142.1
2272,141.42
2273,141.37
2274,141.52
2275,141.5
2276,141.56
2277,141.58
2278,141.64
2279,141.94
2280,141.36
2281,141.29
2282,141.38
2283,141.6
2284,140.85
2285,140.18
2286,140.3127
2287,140.7001
2288,140.722
2289,140.5
2290,140.71
2291,140.47
2292,141.01
2293,141.0
2294,142.57
2295,143.56
2296,143.73
2297,141.02
2298,142.56
2299,143.56
2300,143.56
2301,143.73
2302,142.7
2303,144.0412
2304,143.795
2305,142.81
2306,142.1796
2307,141.66
2308,140.95
2309,141.19
2310,141.14
2311,141.11
2312,141.43
2313,142.2399
2314,142.06799999999996
2315,142.68
2316,142.536
2317,143.0
2318,142.88
2319,143.276
2320,143.1834
2321,143.35
2322,143.17
2323,143.11
2324,143.02
2325,143.08
2326,143.18
2327,142.6
2328,143.0499
2329,143.15
2330,143.1717
2331,142.62
2332,143.7
2333,140.45
2334,140.6
2335,139.74
2336,139.4399
2337,139.43
2338,138.95
2339,138.72
2340,139.015
2341,139.42
2342,138.864
2343,139.42
2344,139.16
2345,139.08
2346,138.76
2347,138.57
2348,138.75
2349,138.52
2350,138.88
2351,138.81
2352,138.7284
2353,138.63
2354,139.1199
2355,138.82
2356,138.6099
2357,139.731
2358,140.2
2359,138.84
2360,138.6999
2361,139.76
2362,140.15
2363,140.25
2364,139.61
2365,140.41
2366,141.3
2367,141.22
2368,140.54
2369,140.67
2370,141.09
2371,141.29
2372,140.85
2373,140.81
2374,139.9099
2375,140.039
2376,140.7
2377,140.77
2378,140.59
2379,141.037
2380,140.735
2381,140.54
2382,140.23
2383,140.59799999999998
2384,140.32
2385,140.43
2386,140.67
2387,140.1899
2388,140.01
2389,139.78
2390,140.81
2391,140.18
2392,140.03
2393,139.84
2394,139.87
2395,137.7
2396,137.18
2397,137.1801
2398,137.03
2399,137.15
2400,136.96
2401,136.91
2402,137.037
2403,136.7299
2404,136.7
2405,136.86
2406,136.5864
2407,136.41
2408,136.5
2409,136.38
2410,136.365
2411,136.18
2412,136.17
2413,136.2701
2414,136.39
2415,136.84
2416,136.8324
2417,137.05
2418,136.8
2419,136.73
2420,136.82
2421,137.0175
2422,136.81
2423,136.73
2424,136.7
2425,136.97
2426,136.53
2427,136.06
2428,135.7988
2429,136.59
2430,135.57
2431,135.83
2432,135.49
2433,135.4
2434,135.35
2435,135.28
2436,135.0
2437,135.0246
2438,135.23
2439,135.28
2440,135.44
2441,135.2801
2442,135.23
2443,135.4
2444,135.69
2445,135.86
2446,135.4799
2447,135.9212
2448,135.86
2449,135.72
2450,135.78
2451,136.09
2452,135.84
2453,135.68
2454,135.79
2455,136.03
2456,136.09
2457,136.09
2458,137.33
2459,137.53
2460,137.4
2461,137.37
2462,137.8
2463,137.7599
2464,138.32
2465,138.3119
2466,138.24
2467,138.06
2468,138.1198
2469,138.22
2470,137.46
2471,137.29
2472,137.26
2473,137.2019
2474,137.55
2475,137.3999
2476,137.3601
2477,136.82
2478,137.2827
2479,137.2
2480,137.18
2481,137.02200000000002
2482,137.03
2483,136.35
2484,137.18
2485,137.0
2486,137.07
2487,136.404
2488,136.35
2489,135.34
2490,134.69
2491,136.01
2492,135.79
2493,134.61
2494,135.43
2495,135.68
2496,136.58
2497,136.33
2498,136.22
2499,136.1399
2500,136.4799
2501,136.4
2502,136.3897
2503,136.3
2504,136.55
2505,136.64
2506,136.61
2507,136.5
2508,136.73
2509,135.98
2510,136.14
2511,136.36
2512,135.72
2513,135.73
2514,135.65
2515,136.31
2516,135.88
2517,135.69
2518,135.62
2519,135.58
2520,137.16
2521,137.7924
2522,137.25799999999998
2523,137.12
2524,136.82
2525,137.3325
2526,137.28
2527,137.37
2528,137.13
2529,137.21
2530,137.37
2531,137.03
2532,136.92
2533,137.5
2534,137.67700000000002
2535,137.7
2536,137.52
2537,137.49
2538,137.33
2539,137.37
2540,137.23
2541,137.2699
2542,137.17
2543,136.5766
2544,136.6
2545,135.91
2546,137.17
2547,136.6
2548,136.57
2549,136.1
2550,135.88
2551,138.3
2552,138.65
2553,138.65
2554,138.61
2555,138.9
2556,138.745
2557,138.4999
2558,138.28
2559,138.36
2560,138.28
2561,137.92
2562,137.55
2563,137.7188
2564,137.434
2565,137.66
2566,137.58
2567,137.84
2568,137.74
2569,137.1
2570,137.1194
2571,137.58
2572,137.86
2573,138.04
2574,138.99
2575,139.03
2576,139.43
2577,138.04
2578,138.96
2579,139.04
2580,139.44
2581,139.48
2582,139.61
2583,139.29
2584,138.37
2585,138.25
2586,137.15
2587,137.15
2588,136.81
2589,137.48
2590,137.08
2591,137.25
2592,136.78799999999998
2593,136.54
2594,137.0525
2595,137.0
2596,136.81
2597,136.75
2598,136.8901
2599,137.23
2600,137.33
2601,137.362
2602,137.51
2603,137.47
2604,137.45
2605,137.71
2606,137.47
2607,137.36
2608,137.3901
2609,137.7
2610,137.43
2611,137.3
2612,137.37
2613,133.6999
2614,133.25
2615,133.0
2616,133.33
2617,133.44
2618,133.5301
2619,133.42
2620,133.73
2621,133.8
2622,134.08
2623,133.42
2624,133.33100000000002
2625,134.1
2626,133.55
2627,133.9925
2628,133.75
2629,133.75
2630,133.67700000000002
2631,134.7901
2632,134.46
2633,134.14
2634,134.58
2635,134.501
2636,134.69
2637,134.19
2638,133.96
2639,134.44
2640,134.69
2641,134.12
2642,133.88
2643,134.01
2644,135.4503
2645,135.9
2646,136.79
2647,136.86
2648,137.14
2649,136.66
2650,136.9973
2651,137.435
2652,137.34
2653,137.32
2654,137.1699
2655,136.95
2656,136.86
2657,137.13
2658,137.3224
2659,137.1467
2660,137.1
2661,136.84799999999998
2662,136.96
2663,136.56
2664,136.61
2665,136.69
2666,135.7799
2667,136.0
2668,135.87
2669,136.27
2670,135.71
2671,136.07
2672,135.9
2673,136.29
2674,136.22
2675,136.81
2676,138.14
2677,138.69
2678,138.69
2679,138.45
2680,138.93
2681,138.96
2682,139.35
2683,139.57
2684,139.47
2685,139.46
2686,139.42
2687,139.2
2688,139.42
2689,139.76
2690,139.78
2691,139.51
2692,139.66
2693,139.5
2694,139.7017
2695,139.3
2696,139.3
2697,139.09
2698,139.27
2699,139.29
2700,139.94
2701,139.24
2702,139.26
2703,139.265
2704,140.09
2705,139.95
2706,141.82
2707,141.69
2708,141.42
2709,141.7403
2710,141.85
2711,141.67
2712,141.73
2713,141.69
2714,141.75
2715,142.0
2716,142.16
2717,141.97
2718,142.0298
2719,142.02
2720,141.8901
2721,142.08
2722,142.16
2723,142.14
2724,142.19
2725,142.2
2726,142.29
2727,142.48
2728,142.35
2729,142.41
2730,142.45
2731,142.5
2732,142.345
2733,142.41
2734,142.41
2735,142.28
2736,142.44
2737,142.94
2738,142.8
2739,142.54
2740,142.31799999999996
2741,141.99
2742,142.18
2743,142.77100000000004
2744,143.0699
2745,142.88
2746,143.2
2747,143.08
2748,142.965
2749,143.495
2750,142.81
2751,142.95
2752,142.55100000000004
2753,142.577
2754,142.23
2755,142.15
2756,142.1183
2757,141.9137
2758,142.41
2759,142.47
2760,142.35
2761,141.71
2762,141.96
2763,142.401
2764,142.404
2765,141.86
2766,141.84
2767,141.97
2768,143.68
2769,143.13
2770,143.0
2771,142.4099
2772,142.46
2773,142.34
2774,142.27
2775,142.08
2776,141.98
2777,142.1497
2778,142.19
2779,142.08
2780,142.1137
2781,142.12
2782,142.34
2783,142.26
2784,142.59
2785,142.34
2786,142.2103
2787,142.32
2788,142.36
2789,142.14
2790,142.4
2791,142.385
2792,142.66
2793,142.52
2794,142.47
2795,142.39
2796,142.67
2797,142.6
2798,142.43
2799,143.18
2800,144.13
2801,143.82
2802,144.6
2803,144.5
2804,144.25
2805,144.08
2806,143.91
2807,144.202
2808,144.1
2809,143.98
2810,144.1
2811,144.09
2812,143.8
2813,143.9399
2814,143.94
2815,143.8
2816,143.72
2817,143.27
2818,143.18
2819,143.11
2820,142.99
2821,143.04
2822,142.93
2823,142.81
2824,142.83
2825,142.98
2826,142.93
2827,142.6906
2828,142.74
2829,142.65
2830,140.53
2831,140.01
2832,140.4
2833,140.57
2834,140.67
2835,140.48
2836,140.28
2837,140.06
2838,139.81
2839,140.38
2840,140.6007
2841,140.2
2842,140.365
2843,140.17
2844,140.33
2845,140.53
2846,140.4201
2847,140.26
2848,140.32
2849,140.41
2850,140.49
2851,140.57
2852,140.38
2853,140.1502
2854,140.27
2855,140.03
2856,140.38
2857,140.14
2858,140.22
2859,140.13
2860,140.02
2861,137.77
2862,136.56
2863,136.99
2864,136.87
2865,137.06
2866,137.36
2867,137.37
2868,137.32
2869,137.1
2870,136.89
2871,136.94
2872,137.071
2873,136.6
2874,136.59
2875,136.69
2876,137.06
2877,136.98
2878,137.06
2879,137.35
2880,137.72
2881,137.78
2882,137.8798
2883,138.0
2884,138.11
2885,138.12
2886,138.61
2887,138.01
2888,138.11
2889,138.18
2890,138.71
2891,138.61
2892,138.82
2893,138.59
2894,137.11
2895,137.71
2896,137.18
2897,136.95
2898,137.07
2899,136.5
2900,136.1201
2901,136.35
2902,136.265
2903,136.19
2904,135.97
2905,136.07
2906,136.5
2907,136.4349
2908,136.505
2909,136.77
2910,136.67
2911,136.63
2912,136.79
2913,136.17
2914,135.89
2915,135.94
2916,135.65
2917,135.38
2918,135.822
2919,135.9
2920,135.69
2921,135.28
2922,135.2999
2923,136.7
2924,135.69
2925,136.44
2926,136.225
2927,136.08
2928,135.61
2929,135.3
2930,134.7
2931,135.8
2932,135.56
2933,135.33
2934,134.83
2935,135.1
2936,135.48
2937,136.1676
2938,136.42
2939,136.285
2940,135.95
2941,135.63
2942,135.25
2943,135.74
2944,136.06
2945,136.71
2946,136.59
2947,137.63
2948,137.24
2949,136.65
2950,136.575
2951,137.5268
2952,137.55
2953,137.29
2954,136.82
2955,137.14
2956,137.03
2957,136.6
2958,136.775
2959,136.6499
2960,136.46
2961,136.65
2962,137.2
2963,137.0302
2964,137.04
2965,136.94
2966,136.7
2967,137.15
2968,137.42
2969,137.3149
2970,137.06
2971,137.058
2972,137.0933
2973,137.06
2974,137.0
2975,137.08
2976,136.97
2977,136.8276
2978,136.73
2979,136.32
2980,136.98
2981,136.76
2982,136.77
2983,135.99
2984,136.36
2985,137.67
2986,138.64
2987,138.58
2988,138.4602
2989,137.88
2990,138.4136
2991,138.4824
2992,137.6
2993,137.71
2994,137.81
2995,137.96
2996,138.04
2997,138.35
2998,138.3
2999,138.35
3000,138.29
3001,138.9
3002,138.86
3003,138.4
3004,138.39
3005,138.34
3006,138.26
3007,138.42
3008,138.36
3009,138.545
3010,138.49
3011,138.43
3012,138.37
3013,138.5234
3014,138.53
3015,138.52
3016,138.96
3017,138.48
3018,138.8462
3019,139.498
3020,140.05
3021,140.55
3022,140.71
3023,140.8
3024,141.28
3025,141.62
3026,141.42
3027,141.51
3028,141.58
3029,141.2901
3030,141.47
3031,141.66
3032,141.38
3033,141.53
3034,141.48
3035,141.66
3036,141.52
3037,141.54
3038,141.6598
3039,141.54
3040,142.04
3041,142.33
3042,141.66
3043,141.54
3044,141.99
3045,142.16
3046,142.34
3047,141.65
3048,141.4168
3049,142.2
3050,141.8104
3051,141.46
3052,142.18200000000004
3053,142.44
3054,142.79
3055,142.5
3056,142.46
3057,142.358
3058,142.16
3059,141.97
3060,142.22
3061,142.42
3062,142.315
3063,142.24
3064,142.21
3065,142.094
3066,142.1
3067,142.36
3068,142.31
3069,142.34
3070,141.89
3071,141.91
3072,142.27
3073,142.3
3074,141.86
3075,141.94
3076,142.09
3077,142.27
3078,145.4
3079,144.9
3080,145.24
3081,145.13
3082,145.19899999999996
3083,145.16
3084,145.458
3085,146.05
3086,146.04
3087,146.11
3088,146.2398
3089,146.42
3090,146.5601
3091,146.458
3092,146.24
3093,146.45
3094,146.61
3095,146.58
3096,146.57399999999996
3097,146.37
3098,146.59
3099,146.84
3100,146.715
3101,146.74
3102,146.6025
3103,146.82
3104,146.73
3105,146.76
3106,146.655
3107,146.5932
3108,146.8
3109,147.28
3110,147.42600000000004
3111,146.836
3112,147.15
3113,147.46
3114,147.1
3115,147.13
3116,147.11
3117,146.88
3118,147.0301
3119,146.93
3120,147.0106
3121,146.99
3122,146.72
3123,146.77
3124,146.79
3125,146.85
3126,147.11
3127,147.04
3128,147.07
3129,147.15
3130,147.25
3131,147.44
3132,147.5503
3133,147.84
3134,147.49
3135,147.39
3136,147.56
3137,147.84
3138,147.49
3139,147.52
3140,149.45
3141,149.56
3142,149.86
3143,150.38
3144,150.11
3145,150.012
3146,150.01
3147,150.16
3148,149.96
3149,150.0899
3150,150.1101
3151,150.1949
3152,150.24
3153,150.3
3154,150.56
3155,150.88
3156,151.2264
3157,151.24
3158,151.5426
3159,151.3
3160,151.4297
3161,151.36
3162,151.3197
3163,151.28
3164,151.45
3165,151.75
3166,151.32
3167,151.28
3168,151.42
3169,151.54
3170,151.75
3171,153.34
3172,154.6801
3173,153.892
3174,153.91
3175,153.6624
3176,154.0484
3177,154.45
3178,154.82
3179,154.7
3180,154.595
3181,154.67
3182,154.57
3183,154.44
3184,154.2399
3185,154.0004
3186,153.7
3187,153.41
3188,153.53
3189,153.3
3190,151.84
3191,151.36
3192,151.26
3193,152.2
3194,151.4
3195,151.9
3196,152.95
3197,152.07
3198,151.43
3199,151.9004
3200,152.75
3201,152.84
3202,152.26
3203,151.9994
3204,151.82
3205,152.07
3206,152.05
3207,151.55
3208,151.484
3209,151.368
3210,150.89
3211,149.9
3212,150.1601
3213,150.2412
3214,150.22
3215,150.34
3216,150.3
3217,150.54
3218,150.57
3219,150.49
3220,150.4136
3221,150.38
3222,150.336
3223,150.94
3224,151.41
3225,151.57
3226,151.26
3227,151.6
3228,151.398
3229,151.5398
3230,151.253
3231,151.31
3232,151.51
3233,157.5
3234,158.27
3235,158.16
3236,157.8
3237,157.11
3238,157.6104
3239,157.47
3240,157.8299
3241,157.72
3242,157.63
3243,157.47
3244,157.65
3245,157.09
3246,157.19
3247,157.41
3248,157.28
3249,157.3
3250,157.26
3251,157.0001
3252,156.92
3253,157.52
3254,157.5701
3255,157.092
3256,156.84
3257,156.28
3258,156.71
3259,157.1
3260,156.89
3261,156.2203
3262,156.65
3263,156.74
3264,156.2
3265,157.6
3266,157.57
3267,157.46
3268,157.58
3269,157.3675
3270,157.92
3271,158.1
3272,158.03
3273,157.82
3274,157.98
3275,158.02
3276,158.1
3277,158.2704
3278,158.26
3279,158.236
3280,158.34
3281,157.9266
3282,157.53
3283,157.1901
3284,157.4724
3285,157.47
3286,158.08
3287,157.9
3288,157.85
3289,157.83
3290,158.08
3291,157.93
3292,157.87
3293,157.6
3294,157.82
3295,158.9801
3296,157.84
3297,158.216
3298,158.81
3299,158.16
3300,158.1199
3301,158.23
3302,158.799
3303,158.84
3304,159.14
3305,159.3
3306,159.0
3307,159.39
3308,159.24
3309,159.1913
3310,159.61
3311,159.787
3312,159.61
3313,159.81
3314,159.36
3315,159.5601
3316,159.58
3317,159.53
3318,159.75
3319,159.68
3320,160.0
3321,159.53
3322,159.7432
3323,159.66
3324,159.95
3325,159.93
3326,160.6799
3327,159.52
3328,158.25
3329,158.2001
3330,157.47
3331,158.43
3332,158.8497
3333,159.09
3334,159.244
3335,159.02
3336,159.4087
3337,159.32
3338,159.14
3339,159.075
3340,159.18
3341,158.91
3342,159.0664
3343,159.7701
3344,159.55
3345,159.58
3346,159.8701
3347,159.5899
3348,159.41
3349,159.24
3350,159.32
3351,160.11
3352,159.418
3353,159.27
3354,159.3
3355,160.05
3356,160.1
3357,158.6
3358,158.86
3359,158.24
3360,158.63
3361,158.57
3362,158.48
3363,158.29
3364,157.96
3365,157.726
3366,158.3
3367,158.096
3368,158.09
3369,158.18
3370,158.4
3371,158.87
3372,158.75
3373,158.87
3374,159.33
3375,159.33
3376,159.4
3377,159.78
3378,159.43
3379,159.22
3380,159.075
3381,159.66
3382,159.99
3383,159.25
3384,159.1399
3385,159.7
3386,159.88
3387,160.0
3388,158.8037
3389,158.73
3390,159.16
3391,159.48
3392,159.82
3393,159.76
3394,159.29
3395,159.06
3396,159.18
3397,159.7
3398,159.48
3399,159.88
3400,159.88
3401,159.6601
3402,159.26
3403,159.24
3404,159.404
3405,159.59
3406,159.34
3407,159.77200000000005
3408,159.31
3409,159.42
3410,159.73
3411,159.755
3412,159.9501
3413,160.05
3414,159.7704
3415,159.755
3416,159.95
3417,160.06
3418,160.03
3419,163.19
3420,164.43
3421,163.94
3422,164.21
3423,164.1804
3424,164.18
3425,164.15
3426,163.88
3427,164.06
3428,163.8036
3429,163.58
3430,163.6101
3431,163.7499
3432,163.60399999999996
3433,163.72
3434,163.74
3435,163.83
3436,163.7701
3437,163.6
3438,163.88
3439,164.0625
3440,164.3
3441,164.38
3442,164.31
3443,163.05
3444,162.75
3445,164.41
3446,164.34
3447,163.0001
3448,162.95
3449,162.79
3450,163.98
3451,163.99
3452,164.3099
3453,164.5755
3454,164.9
3455,164.57
3456,164.69
3457,164.46
3458,164.63
3459,164.72
3460,164.55
3461,164.7701
3462,164.04
3463,164.28
3464,164.03099999999995
3465,164.19
3466,164.2001
3467,164.32
3468,164.48
3469,164.45
3470,163.81
3471,163.85
3472,163.97
3473,164.33
3474,163.51
3475,163.58
3476,163.93
3477,164.32
3478,163.6
3479,163.5
3480,163.39
3481,166.14
3482,165.94
3483,166.43
3484,166.01
3485,165.77
3486,165.4699
3487,165.47
3488,165.19
3489,165.36
3490,165.6799
3491,165.8
3492,165.8301
3493,165.8
3494,165.68
3495,165.82
3496,165.8324
3497,165.85
3498,165.892
3499,166.15
3500,166.07
3501,166.14
3502,165.93
3503,166.08
3504,166.05
3505,166.01
3506,166.42
3507,166.063
3508,166.05
3509,166.11
3510,166.36
3511,166.43
3512,165.27
3513,165.08
3514,165.1
3515,164.5987
3516,164.79
3517,164.99
3518,165.09
3519,164.9835
3520,165.33
3521,165.27
3522,165.35
3523,165.18
3524,164.98
3525,165.33
3526,165.12
3527,165.14
3528,164.95
3529,164.51
3530,164.6976
3531,164.76
3532,164.88
3533,164.54
3534,164.85
3535,164.61
3536,164.7599
3537,165.5
3538,164.87
3539,164.58
3540,164.704
3541,165.34
3542,165.53
3543,167.21
3544,165.86
3545,165.81400000000005
3546,165.76
3547,165.1
3548,165.01
3549,165.3
3550,164.89
3551,164.8136
3552,164.74
3553,165.0
3554,164.94
3555,164.6
3556,164.53
3557,164.5099
3558,164.78
3559,164.75
3560,164.5468
3561,164.73
3562,164.56
3563,165.03
3564,165.1807
3565,164.9796
3566,165.26
3567,165.28
3568,165.0
3569,165.0
3570,165.28
3571,165.3
3572,165.07
3573,165.0
3574,165.27
3575,165.07
3576,164.7
3577,164.43
3578,164.66
3579,164.09
3580,164.59
3581,164.7
3582,164.52900000000002
3583,164.43
3584,164.2173
3585,164.22
3586,164.55
3587,164.24
3588,164.52
3589,164.67
3590,164.31
3591,164.3
3592,164.1
3593,164.24
3594,163.9999
3595,164.07
3596,163.84
3597,164.3601
3598,164.3
3599,163.91
3600,163.87
3601,164.34
3602,164.15
3603,163.95
3604,163.98
3605,165.12
3606,165.3
3607,165.35
3608,165.45
3609,165.85
3610,166.0701
3611,165.8536
3612,166.06
3613,166.1795
3614,166.09
3615,166.3262
3616,166.31
3617,166.46
3618,166.32
3619,166.18
3620,166.4204
3621,166.3
3622,166.25
3623,166.3
3624,166.15099999999995
3625,166.2
3626,166.09
3627,165.85
3628,165.9501
3629,165.83
3630,165.58
3631,165.8607
3632,165.98
3633,165.85
3634,165.62
3635,165.51
3636,166.1203
3637,165.99200000000005
3638,165.98
3639,165.832
3640,165.27
3641,165.35
3642,165.31
3643,164.96
3644,165.03
3645,164.95
3646,165.14
3647,164.82
3648,164.5
3649,164.49
3650,164.3078
3651,164.28
3652,164.61
3653,164.26
3654,164.09
3655,163.92
3656,163.96
3657,164.17
3658,164.47799999999995
3659,164.6001
3660,164.61
3661,164.72
3662,164.48
3663,164.62
3664,164.58
3665,164.73
3666,164.72
3667,163.96
3668,164.32
3669,164.1
3670,163.5
3671,162.86
3672,162.67
3673,162.47
3674,162.66
3675,162.43
3676,162.05
3677,162.25
3678,162.3
3679,162.25
3680,162.0
3681,162.15
3682,162.1
3683,162.2601
3684,162.32
3685,162.7404
3686,162.89
3687,163.1225
3688,163.17
3689,163.11
3690,163.3701
3691,163.53
3692,162.87
3693,163.13
3694,163.36
3695,163.57
3696,162.9
3697,162.83
3698,163.77
3699,165.01
3700,164.98
3701,165.42
3702,165.4393
3703,165.66
3704,165.81
3705,165.87
3706,165.71
3707,165.64
3708,165.83
3709,165.7824
3710,165.86
3711,165.95
3712,165.95
3713,165.8
3714,165.5
3715,165.54
3716,165.47
3717,165.39
3718,165.05
3719,166.28
3720,166.44
3721,166.2999
3722,166.09
3723,165.47
3724,166.43200000000004
3725,166.3112
3726,166.03
3727,165.49
3728,165.48
3729,167.43
3730,167.31
3731,167.13
3732,167.5237
3733,167.93
3734,168.28
3735,168.35
3736,168.32
3737,168.4
3738,168.47
3739,167.886
3740,168.0152
3741,167.98
3742,167.95
3743,168.04
3744,167.77
3745,167.88
3746,167.54
3747,166.93
3748,167.36
3749,167.83
3750,167.38
3751,167.88
3752,167.9296
3753,168.32
3754,168.42
3755,167.88
3756,167.91
3757,168.24
3758,168.35
3759,168.45
3760,167.07
3761,166.75
3762,166.33
3763,166.36
3764,166.15
3765,165.937
3766,165.97
3767,165.69
3768,165.8
3769,165.77
3770,165.77
3771,165.722
3772,165.83
3773,166.11
3774,166.08
3775,165.916
3776,165.695
3777,166.05
3778,166.0299
3779,165.99
3780,166.3
3781,166.05
3782,166.19
3783,165.85
3784,166.34
3785,166.8
3786,166.17
3787,165.88
3788,166.27
3789,166.7626
3790,166.8
3791,162.33
3792,162.99
3793,162.5319
3794,162.37
3795,162.31
3796,162.13
3797,161.7998
3798,161.93
3799,162.12
3800,161.99
3801,161.7677
3802,161.93
3803,161.86
3804,161.37
3805,161.3301
3806,161.28
3807,161.172
3808,161.31
3809,161.0301
3810,161.03799999999995
3811,160.79
3812,160.4899
3813,160.38
3814,159.808
3815,159.6601
3816,159.62
3817,160.39
3818,159.84
3819,159.65
3820,159.65
3821,159.67
3822,162.253
3823,162.24
3824,162.6
3825,162.27
3826,162.34
3827,162.31
3828,162.79
3829,162.882
3830,163.2
3831,163.29
3832,163.31
3833,163.34
3834,163.55
3835,163.56
3836,163.4488
3837,163.4
3838,163.3
3839,163.3
3840,163.352
3841,163.57
3842,163.6799
3843,163.73
3844,163.9476
3845,164.05
3846,164.032
3847,164.0
3848,163.94
3849,164.06
3850,164.03
3851,163.83
3852,163.99
3853,163.4
3854,164.01
3855,164.71
3856,164.42
3857,164.5697
3858,164.3
3859,163.95
3860,163.9799
3861,163.69799999999995
3862,164.3101
3863,164.39
3864,164.28
3865,164.32
3866,164.32
3867,164.4
3868,164.28
3869,164.345
3870,164.77
3871,164.66
3872,164.65
3873,164.5199
3874,164.6
3875,164.07
3876,164.1575
3877,164.18
3878,164.6
3879,164.14
3880,164.15
3881,164.178
3882,164.4837
3883,164.6
3884,165.63
3885,166.0
3886,166.06
3887,166.0
3888,166.3693
3889,166.04
3890,166.05
3891,166.08
3892,165.81
3893,165.88
3894,166.04
3895,166.13
3896,166.34
3897,166.45
3898,166.43
3899,166.5368
3900,166.39
3901,166.085
3902,166.14
3903,166.13
3904,166.08
3905,166.17
3906,166.29
3907,166.38
3908,166.5999
3909,166.4
3910,166.2976
3911,166.39
3912,166.62
3913,166.5124
3914,166.55
3915,167.28
3916,167.3
3917,168.4201
3918,168.38
3919,168.72
3920,168.39
3921,168.66
3922,168.63
3923,168.75
3924,168.55
3925,168.67
3926,168.72
3927,168.58
3928,168.46
3929,168.51
3930,168.43
3931,168.39
3932,168.21
3933,168.52
3934,168.71
3935,168.69
3936,168.74
3937,168.98
3938,169.02
3939,168.94
3940,169.2
3941,168.95
3942,169.0
3943,168.9001
3944,169.13
3945,169.987
3946,170.49
3947,170.44
3948,170.43
3949,170.37599999999995
3950,170.53
3951,170.3401
3952,170.25
3953,169.87
3954,169.84
3955,169.75
3956,169.9468
3957,169.77
3958,169.24
3959,169.0332
3960,169.39
3961,169.08
3962,169.45
3963,169.49
3964,169.355
3965,169.4
3966,168.8
3967,169.15
3968,168.4864
3969,169.2
3970,168.81
3971,169.1699
3972,168.56
3973,168.95
3974,169.06
3975,169.95
3976,170.5
3977,170.16
3978,169.601
3979,170.2
3980,169.98
3981,170.12
3982,170.11700000000005
3983,170.45
3984,170.4702
3985,170.29
3986,170.46
3987,170.2904
3988,169.95
3989,169.9701
3990,169.6599
3991,169.77
3992,169.7
3993,169.9306
3994,169.9
3995,169.68200000000004
3996,169.9
3997,169.97
3998,169.7703
3999,169.29
4000,169.4
4001,169.98800000000003
4002,169.8
4003,169.35
4004,169.3
4005,169.35
4006,169.37
4007,168.99
4008,169.11
4009,168.9752
4010,168.71
4011,168.5899
4012,167.71
4013,167.342
4014,167.2
4015,167.07
4016,167.2
4017,167.31
4018,167.202
4019,167.15
4020,166.89
4021,167.0699
4022,167.25
4023,167.83
4024,167.77
4025,167.76
4026,167.82
4027,167.6
4028,167.40200000000004
4029,167.41
4030,167.33
4031,167.41
4032,167.44
4033,167.4
4034,167.25
4035,167.44
4036,167.46
4037,166.94
4038,166.01
4039,165.62
4040,165.53
4041,165.4199
4042,165.36
4043,165.87
4044,166.3
4045,165.78
4046,166.25
4047,166.31
4048,166.4564
4049,166.618
4050,166.7185
4051,166.88
4052,167.18
4053,168.17
4054,168.53
4055,168.7
4056,168.83
4057,169.235
4058,168.75
4059,168.78
4060,168.52
4061,169.12
4062,169.44
4063,168.7607
4064,168.5
4065,169.02
4066,169.43
4067,169.44
4068,170.25500000000002
4069,170.19
4070,170.27
4071,169.77500000000003
4072,170.38400000000001
4073,170.37
4074,170.27
4075,170.51
4076,170.05
4077,169.94629999999998
4078,169.5999
4079,169.03
4080,169.2455
4081,168.58
4082,169.328
4083,169.368
4084,169.576
4085,169.58
4086,169.57299999999998
4087,169.6899
4088,169.9336
4089,170.11
4090,170.46
4091,170.81
4092,169.79
4093,170.1
4094,170.4888
4095,170.851
4096,169.77
4097,169.92
4098,170.05
4099,168.3732
4100,167.76
4101,167.82
4102,167.8
4103,168.41
4104,168.26
4105,167.8801
4106,167.62
4107,168.0302
4108,167.84
4109,168.05
4110,168.09
4111,167.95
4112,167.76
4113,167.8282
4114,167.71
4115,167.748
4116,167.76
4117,167.69
4118,167.78
4119,168.08
4120,168.0501
4121,167.8901
4122,167.8301
4123,168.055
4124,168.24
4125,167.91
4126,167.79
4127,168.04
4128,168.27
4129,168.21
4130,169.669
4131,169.68
4132,169.4
4133,169.77
4134,169.565
4135,168.6225
4136,167.97
4137,166.82
4138,166.75
4139,166.35
4140,166.65
4141,166.53799999999995
4142,166.32
4143,165.78
4144,165.16
4145,165.69
4146,165.69
4147,165.9301
4148,166.34
4149,166.34
4150,166.26
4151,166.12
4152,166.35
4153,165.82
4154,165.614
4155,165.3
4156,166.35
4157,165.93
4158,165.5
4159,165.33
4160,165.3
4161,165.89
4162,166.09
4163,166.53
4164,166.507
4165,167.35
4166,167.17
4167,166.9697
4168,167.12
4169,166.57
4170,166.34
4171,166.23
4172,166.81
4173,166.72299999999996
4174,166.5
4175,166.1687
4176,166.41
4177,166.01
4178,165.68
4179,165.87
4180,165.7699
4181,165.88
4182,165.9
4183,165.72
4184,166.07
4185,165.94
4186,165.15
4187,165.72
4188,166.08
4189,165.86
4190,165.1
4191,165.18
4192,165.6779
4193,165.69
4194,165.56599999999997
4195,165.65
4196,165.96
4197,166.0451
4198,166.36
4199,166.4
4200,166.7
4201,166.778
4202,166.9455
4203,166.8
4204,166.5096
4205,166.48
4206,166.56
4207,166.84
4208,166.71
4209,166.43
4210,166.33
4211,166.2401
4212,165.9299
4213,166.2
4214,166.15
4215,166.227
4216,166.55
4217,166.55
4218,166.16
4219,166.19
4220,166.52
4221,166.77
4222,166.55
4223,168.29
4224,167.87
4225,168.2701
4226,168.36
4227,168.9837
4228,169.14
4229,168.85
4230,169.08599999999996
4231,169.27
4232,169.97
4233,170.40010000000004
4234,170.24
4235,170.07990000000004
4236,170.35010000000003
4237,170.25
4238,170.2
4239,170.02
4240,169.97
4241,169.97
4242,169.79990000000004
4243,169.9864
4244,170.03
4245,169.81
4246,170.15
4247,170.1794
4248,170.25
4249,169.84
4250,170.15
4251,170.11
4252,170.36
4253,170.31
4254,172.57
4255,172.5
4256,172.94000000000003
4257,172.61000000000004
4258,172.54980000000003
4259,172.92
4260,172.67
4261,172.89
4262,172.54
4263,172.52000000000004
4264,172.33000000000004
4265,172.28
4266,172.4476
4267,172.50900000000001
4268,172.24
4269,172.489
4270,172.33000000000004
4271,172.26
4272,172.42
4273,172.3787
4274,172.53
4275,172.43000000000004
4276,172.4301
4277,172.53
4278,172.67
4279,172.92
4280,172.45
4281,172.55000000000004
4282,172.65000000000003
4283,172.80000000000004
4284,172.93000000000004
4285,172.2389
4286,172.6401
4287,172.77340000000004
4288,172.61000000000004
4289,172.46000000000004
4290,172.44
4291,172.37
4292,172.82999999999998
4293,173.22000000000003
4294,173.36
4295,173.67000000000002
4296,173.9799
4297,173.74999999999997
4298,174.32
4299,174.252
4300,173.46999999999997
4301,173.1996
4302,172.89
4303,171.66
4304,170.52
4305,170.86
4306,170.59
4307,171.22
4308,171.11
4309,171.42
4310,171.04
4311,171.25
4312,171.05
4313,171.36
4314,171.04
4315,171.17
4316,172.2
4317,172.72
4318,171.89
4319,171.32
4320,171.74
4321,172.03
4322,171.6
4323,171.43
4324,171.5512
4325,171.33
4326,171.38199999999998
4327,171.37799999999996
4328,171.34400000000005
4329,171.41
4330,171.28
4331,171.03
4332,171.6112
4333,172.5
4334,172.17
4335,172.39
4336,172.59000000000003
4337,172.25
4338,171.72
4339,172.0201
4340,172.73
4341,172.61000000000004
4342,171.73
4343,172.04
4344,172.7154
4345,172.63
4346,172.56
4347,171.29
4348,171.56
4349,171.56
4350,172.30000000000004
4351,172.38
4352,172.1
4353,172.458
4354,172.032
4355,172.11000000000004
4356,172.232
4357,172.122
4358,171.55
4359,171.4249
4360,171.8
4361,171.56
4362,171.8527
4363,171.57
4364,171.46
4365,171.6149
4366,171.79
4367,171.97
4368,171.97
4369,171.83
4370,172.18
4371,172.3199
4372,172.16
4373,171.83
4374,172.21
4375,172.31
4376,171.93
4377,172.02
4378,171.13
4379,171.4798
4380,171.45
4381,172.52000000000004
4382,172.6712
4383,172.77000000000004
4384,172.56
4385,172.8999
4386,172.63
4387,172.48960000000002
4388,172.44
4389,172.72089999999997
4390,172.94000000000003
4391,172.81000000000003
4392,172.74000000000004
4393,172.90000000000003
4394,172.89
4395,172.63749999999996
4396,172.71000000000004
4397,173.23999999999998
4398,173.1912
4399,173.1925
4400,173.07000000000002
4401,172.85999999999999
4402,173.3446
4403,173.70000000000002
4404,173.07000000000002
4405,172.87000000000003
4406,173.36
4407,173.54000000000002
4408,173.71999999999997
4409,174.50799999999995
4410,174.4
4411,174.22
4412,174.48
4413,174.84
4414,174.88
4415,174.67
4416,175.18
4417,175.13
4418,175.48
4419,175.46
4420,175.4702
4421,175.54
4422,175.45
4423,175.37500000000003
4424,175.38
4425,175.37
4426,175.27
4427,175.19
4428,175.28799999999995
4429,175.09
4430,175.17800000000003
4431,175.15
4432,175.43
4433,175.0
4434,175.16
4435,175.15
4436,175.43
4437,174.98
4438,175.12
4439,175.16
4440,179.31999999999996
4441,179.50999999999996
4442,179.5701
4443,179.31
4444,179.91
4445,180.01
4446,180.80200000000005
4447,180.46
4448,181.23
4449,181.09200000000004
4450,181.72799999999995
4451,182.35
4452,181.787
4453,181.23989999999998
4454,181.77
4455,181.9219
4456,182.03
4457,182.0301
4458,182.28
4459,182.02
4460,182.1099
4461,181.87
4462,182.02
4463,182.0
4464,181.73
4465,181.88
4466,182.01
4467,181.99
4468,181.73
4469,181.8
4470,181.82
4471,182.75
4472,183.88000000000002
4473,184.45000000000002
4474,184.1701
4475,184.55
4476,185.11
4477,185.54100000000003
4478,186.21
4479,186.28
4480,186.1001
4481,185.42
4482,185.39
4483,184.91
4484,184.08
4485,184.7437
4486,184.46999999999997
4487,184.718
4488,185.38
4489,185.04
4490,184.83
4491,185.2
4492,185.28
4493,185.23
4494,185.35250000000002
4495,184.9401
4496,184.56999999999996
4497,185.232
4498,185.2909
4499,184.94
4500,184.67
4501,184.59
4502,185.95
4503,186.35999999999999
4504,185.22
4505,185.1499
4506,185.609
4507,185.6655
4508,185.67
4509,185.43
4510,185.50999999999996
4511,185.2
4512,185.12
4513,184.95999999999998
4514,185.45
4515,185.45999999999998
4516,185.35
4517,185.378
4518,185.39
4519,185.36000000000004
4520,185.61989999999997
4521,185.26
4522,185.17
4523,184.88
4524,185.02
4525,185.18000000000004
4526,184.99
4527,185.01000000000002
4528,185.03989999999996
4529,185.16
4530,185.0101
4531,184.94
4532,184.98
4533,184.3
4534,182.6
4535,182.831
4536,182.74
4537,182.5
4538,182.05
4539,182.34000000000003
4540,182.933
4541,183.38999999999996
4542,183.52599999999998
4543,183.45
4544,183.58
4545,183.4912
4546,183.38999999999996
4547,183.247
4548,183.52900000000002
4549,183.52489999999997
4550,183.55
4551,183.13
4552,183.17
4553,183.29000000000002
4554,183.5499
4555,183.8566
4556,184.08
4557,183.73
4558,184.08
4559,183.82999999999998
4560,184.11
4561,183.72
4562,183.88760000000002
4563,184.08
4564,184.35
4565,183.78
4566,184.44
4567,183.68
4568,183.4833
4569,183.365
4570,183.82
4571,184.34
4572,184.3
4573,184.65
4574,184.72
4575,184.46000000000004
4576,184.16
4577,184.3991
4578,184.41
4579,184.12
4580,184.25
4581,184.26
4582,184.23999999999998
4583,184.27
4584,184.41
4585,184.6175
4586,184.25
4587,184.46999999999997
4588,184.63
4589,184.48
4590,184.23
4591,184.4699
4592,184.65
4593,184.52599999999998
4594,184.48
4595,186.37
4596,187.29
4597,187.07
4598,186.78
4599,186.45000000000002
4600,186.8501
4601,186.59
4602,187.01
4603,187.30000000000004
4604,187.6
4605,187.65
4606,187.85000000000002
4607,187.58
4608,187.81
4609,188.14
4610,187.76000000000002
4611,188.11999999999998
4612,187.85000000000002
4613,187.96
4614,188.41
4615,188.36
4616,187.86
4617,187.91
4618,187.18
4619,186.9004
4620,185.53
4621,187.92
4622,187.082
4623,187.05990000000003
4624,185.49
4625,185.47
4626,187.05
4627,185.99999999999997
4628,184.43
4629,184.63
4630,183.3
4631,184.19999999999996
4632,184.55000000000004
4633,184.416
4634,184.11
4635,183.6
4636,184.04
4637,183.7191
4638,183.76
4639,183.205
4640,183.66
4641,183.555
4642,182.94
4643,183.2899
4644,183.08
4645,183.06
4646,183.15000000000003
4647,183.56999999999996
4648,183.96
4649,183.87799999999996
4650,183.89500000000004
4651,183.82
4652,183.98
4653,184.02
4654,183.89
4655,183.7789
4656,183.82
4657,184.52
4658,184.55999999999997
4659,184.94
4660,184.73
4661,184.12
4662,184.72
4663,184.44
4664,184.41
4665,183.87
4666,183.26
4667,183.55
4668,183.1034
4669,182.95
4670,182.91499999999996
4671,182.5
4672,182.73
4673,183.3
4674,183.98
4675,184.07
4676,183.65000000000003
4677,183.44
4678,183.88200000000003
4679,183.325
4680,183.1737
4681,182.9
4682,182.18
4683,183.3
4684,183.19
4685,182.8801
4686,182.47
4687,182.37
4688,184.69999999999996
4689,184.44
4690,184.62
4691,184.69999999999996
4692,184.61
4693,185.23
4694,185.418
4695,185.72
4696,185.83
4697,185.99
4698,186.2427
4699,186.28
4700,186.50099999999998
4701,186.05
4702,186.144
4703,186.34
4704,186.40000000000003
4705,185.75
4706,185.79
4707,186.135
4708,186.24
4709,186.205
4710,186.13999999999996
4711,186.22000000000003
4712,186.31609999999998
4713,186.16
4714,186.12
4715,186.22000000000003
4716,186.31999999999996
4717,186.2
4718,186.17999999999998
4719,187.1
4720,186.46
4721,185.9
4722,185.638
4723,185.34
4724,184.58
4725,184.4999
4726,185.21
4727,185.02990000000003
4728,184.69999999999996
4729,185.09999999999997
4730,184.75
4731,184.74
4732,185.34
4733,185.91000000000003
4734,185.76
4735,185.2993
4736,185.4099
4737,185.3399
4738,185.27999999999997
4739,185.11
4740,185.2901
4741,185.43
4742,185.54
4743,185.47
4744,185.41999999999996
4745,185.467
4746,185.52
4747,185.52
4748,185.34990000000002
4749,185.38
4750,185.24
4751,183.35940000000002
4752,183.38000000000002
4753,183.41
4754,183.4
4755,183.27
4756,183.42
4757,184.18
4758,184.42000000000002
4759,184.74
4760,184.505
4761,184.85
4762,185.59999999999997
4763,186.02
4764,185.88
4765,185.73000000000002
4766,185.85999999999999
4767,185.88
4768,185.76999999999998
4769,185.62
4770,185.85
4771,185.07
4772,184.74
4773,184.9
4774,185.07
4775,185.36999999999998
4776,184.71
4777,184.84900000000002
4778,185.06
4779,185.04999999999998
4780,185.36000000000004
4781,185.67
4782,185.64000000000001
4783,184.23999999999998
4784,184.32999999999998
4785,184.1452
4786,183.7199
4787,182.88
4788,182.94
4789,182.75000000000003
4790,182.96
4791,183.31
4792,183.62
4793,183.4
4794,183.06999999999996
4795,182.78
4796,182.55
4797,182.92
4798,182.81
4799,183.13
4800,183.08
4801,182.74
4802,182.62
4803,182.8
4804,182.4
4805,181.95
4806,180.76
4807,182.86
4808,182.4
4809,182.05
4810,180.96
4811,180.82
4812,182.87
4813,183.1246
4814,184.2202
4815,184.86999999999998
4816,185.34
4817,184.9
4818,184.75
4819,184.75
4820,184.6892
4821,184.81
4822,185.27999999999997
4823,185.688
4824,185.09
4825,185.24
4826,185.25
4827,185.39
4828,185.18000000000004
4829,185.25
4830,185.18729999999996
4831,185.54
4832,185.50999999999996
4833,185.72
4834,185.79
4835,185.36999999999998
4836,185.50000000000003
4837,184.9
4838,185.76999999999998
4839,185.79
4840,185.01000000000002
4841,185.01000000000002
4842,186.35999999999999
4843,185.31749999999997
4844,184.8135
4845,185.32000000000002
4846,186.1276
4847,186.26
4848,185.76999999999998
4849,185.83
4850,185.74
4851,186.05
4852,185.96
4853,185.97
4854,186.26999999999998
4855,186.54000000000002
4856,186.49000000000004
4857,186.28799999999998
4858,186.235
4859,186.2944
4860,186.29
4861,186.16
4862,186.6
4863,186.5399
4864,186.40999999999997
4865,186.3899
4866,186.15599999999998
4867,185.99999999999997
4868,186.47
4869,186.39
4870,186.16900000000004
4871,186.1401
4872,186.02
4873,187.92
4874,188.19
4875,189.09
4876,188.94
4877,189.10999999999999
4878,189.06019999999998
4879,189.51999999999998
4880,189.45
4881,189.10999999999999
4882,189.21
4883,189.65000000000003
4884,189.45970000000003
4885,189.69
4886,189.31
4887,189.03
4888,189.56999999999996
4889,189.18
4890,188.74
4891,188.34999999999997
4892,187.6802
4893,188.5919
4894,188.5
4895,188.9251
4896,189.2
4897,189.49
4898,190.0
4899,188.96
4900,189.141
4901,189.42999999999998
4902,189.96
4903,190.01
4904,189.74000000000004
4905,189.81
4906,190.21
4907,189.8925
4908,189.65000000000003
4909,189.85
4910,189.81
4911,189.55
4912,189.55
4913,189.49
4914,189.6
4915,189.59
4916,189.605
4917,189.90989999999996
4918,189.5
4919,189.61
4920,189.55
4921,189.7202
4922,189.22
4923,189.51
4924,189.51999999999998
4925,189.88000000000002
4926,190.03
4927,189.84
4928,189.92
4929,190.23999999999998
4930,190.04
4931,189.82999999999998
4932,189.97000000000003
4933,190.14999999999998
4934,190.19999999999996
4935,191.0
4936,190.60000000000002
4937,190.41
4938,190.66
4939,190.81
4940,190.77
4941,190.65
4942,191.2911
4943,190.98
4944,190.97
4945,190.8012
4946,191.11
4947,191.09999999999997
4948,191.0761
4949,190.48
4950,190.55000000000004
4951,190.14999999999998
4952,190.5327
4953,190.16
4954,189.51
4955,189.86
4956,189.81
4957,190.17
4958,189.82999999999998
4959,189.15000000000003
4960,189.24999999999997
4961,190.23
4962,189.838
4963,189.1501
4964,189.2
4965,189.1427
4966,190.34
4967,190.19999999999996
4968,190.16
4969,190.23999999999998
4970,190.05999999999997
4971,189.92
4972,189.93
4973,190.13
4974,189.88000000000002
4975,189.5
4976,189.59
4977,189.58700000000005
4978,189.45
4979,189.8076
4980,189.77
4981,190.1
4982,189.88000000000002
4983,189.97809999999998
4984,189.84
4985,190.05999999999997
4986,190.05
4987,190.19
4988,190.22
4989,190.16319999999996
4990,190.05
4991,190.45
4992,190.23
4993,190.17
4994,190.05999999999997
4995,190.21
4996,190.42
4997,190.94009999999997
4998,191.07
4999,190.86
5000,190.73000000000002
5001,190.58
5002,190.92120000000003
5003,191.0501
5004,191.11999999999998
5005,190.89
5006,190.5554
5007,190.75
5008,190.6
5009,190.708
5010,190.86
5011,190.77999999999997
5012,190.8
5013,190.87
5014,190.8
5015,190.51
5016,190.2
5017,189.93
5018,189.72880000000004
5019,190.18
5020,190.43
5021,190.35
5022,190.81
5023,190.13
5024,190.42
5025,190.35
5026,190.84
5027,190.81
5028,190.01
5029,190.54000000000002
5030,190.59000000000003
5031,190.28
5032,190.5
5033,190.05
5034,190.13
5035,190.2599
5036,190.51
5037,190.54000000000002
5038,190.47
5039,190.33999999999997
5040,190.2
5041,190.278
5042,190.27
5043,190.06
5044,190.04
5045,189.99
5046,189.99
5047,189.98
5048,190.08
5049,190.058
5050,190.11000000000004
5051,190.33
5052,190.231
5053,189.99
5054,190.13999999999996
5055,190.36
5056,190.21
5057,189.98
5058,190.02
5059,191.139
5060,190.77
5061,191.19
5062,191.16
5063,191.28
5064,191.43
5065,191.49
5066,191.57
5067,191.5825
5068,191.26999999999998
5069,191.23
5070,191.25
5071,191.21999999999997
5072,191.24
5073,191.37000000000003
5074,191.1001
5075,191.14
5076,191.13
5077,190.99
5078,190.92999999999998
5079,190.8102
5080,190.95
5081,190.89
5082,191.34
5083,191.21999999999997
5084,191.3
5085,190.90009999999998
5086,191.32000000000002
5087,191.23
5088,191.36
5089,191.31
5090,189.83
5091,190.12
5092,190.77999999999997
5093,190.57
5094,190.42
5095,190.10000000000002
5096,190.27
5097,190.03
5098,190.12
5099,190.35
5100,190.35
5101,190.25000000000003
5102,190.1899
5103,189.94
5104,189.93
5105,190.02200000000002
5106,190.05
5107,189.962
5108,189.7701
5109,189.575
5110,190.14799999999997
5111,190.16
5112,189.9724
5113,190.01
5114,189.99
5115,190.56
5116,189.98
5117,189.99999999999997
5118,189.97
5119,190.23
5120,190.56
5121,188.9
5122,189.62000000000003
5123,188.81
5124,189.06999999999996
5125,189.02
5126,188.68
5127,188.73999999999998
5128,188.82
5129,188.72
5130,188.59449999999998
5131,188.8805
5132,188.8
5133,188.65
5134,188.84000000000003
5135,188.8
5136,188.98000000000002
5137,189.3
5138,189.145
5139,189.05489999999998
5140,189.15
5141,188.9001
5142,188.868
5143,188.91990000000004
5144,189.11
5145,188.92999999999998
5146,188.09999999999997
5147,189.02
5148,189.09
5149,189.0
5150,187.9299
5151,188.10999999999999
5152,186.89
5153,186.49
5154,186.78
5155,186.47
5156,187.0
5157,187.37
5158,187.94
5159,187.65
5160,188.2419
5161,188.321
5162,188.72999999999996
5163,188.6501
5164,188.851
5165,188.92
5166,189.2101
5167,188.91
5168,188.945
5169,188.50000000000003
5170,187.72000000000003
5171,187.5525
5172,187.26
5173,187.19
5174,187.72979999999998
5175,187.98
5176,188.42
5177,189.96000000000004
5178,187.71
5179,188.0
5180,188.45
5181,189.99999999999997
5182,189.80999999999997
5183,200.42000000000002
5184,199.16000000000003
5185,198.98
5186,198.7937
5187,199.57
5188,200.09000000000003
5189,200.23
5190,199.89
5191,199.48
5192,199.43
5193,199.16000000000003
5194,198.89
5195,198.38000000000002
5196,198.53000000000003
5197,199.13
5198,198.84
5199,198.9699
5200,198.89
5201,199.4327
5202,199.22
5203,198.93
5204,199.2102
5205,198.88
5206,199.08
5207,199.27
5208,198.8
5209,198.87000000000003
5210,199.09
5211,199.26
5212,198.99
5213,198.95
5214,200.88
5215,201.89
5216,202.9228
5217,204.38
5218,205.39
5219,205.16
5220,205.6
5221,205.72
5222,205.89910000000003
5223,204.91
5224,204.49
5225,204.97
5226,205.23
5227,205.85
5228,206.68
5229,206.85000000000002
5230,206.70000000000002
5231,208.09
5232,207.67999999999998
5233,207.77
5234,207.14000000000001
5235,207.57999999999998
5236,207.03999999999996
5237,205.81999999999996
5238,204.5401
5239,204.98
5240,207.02
5241,205.606
5242,204.54
5243,205.09
5244,205.09
5245,207.27
5246,206.11099999999996
5247,206.7301
5248,206.0785
5249,205.66999999999996
5250,205.93000000000004
5251,205.1885
5252,205.22
5253,205.2599
5254,203.381
5255,204.234
5256,203.69000000000003
5257,204.36
5258,204.72
5259,204.18000000000004
5260,204.14
5261,203.5
5262,203.4901
5263,204.52000000000004
5264,204.571
5265,204.62
5266,205.11889999999997
5267,205.04999999999998
5268,205.48999999999998
5269,205.39
5270,205.2
5271,205.03
5272,205.51
5273,205.35
5274,204.88
5275,205.18999999999997
5276,204.8
5277,204.89899999999997
5278,204.99
5279,205.23
5280,204.78
5281,204.06
5282,204.54
5283,203.5899
5284,204.21999999999997
5285,204.33
5286,203.89
5287,204.136
5288,204.34339999999997
5289,204.31400000000002
5290,204.4
5291,204.15
5292,204.02
5293,203.9595
5294,204.25
5295,204.696
5296,204.366
5297,204.1299
5298,204.46
5299,203.92999999999998
5300,203.4801
5301,203.88000000000002
5302,204.47
5303,203.89
5304,203.47999999999996
5305,203.86
5306,203.88000000000002
5307,205.8
5308,206.28990000000002
5309,206.37000000000003
5310,205.79
5311,205.45
5312,205.78000000000003
5313,205.42
5314,205.39
5315,204.23
5316,203.03
5317,202.85999999999999
5318,202.95000000000002
5319,202.77000000000004
5320,202.99999999999997
5321,202.57
5322,202.4178
5323,203.13999999999996
5324,203.26
5325,202.89
5326,202.85899999999998
5327,202.4
5328,202.5717
5329,202.5
5330,202.23
5331,202.53
5332,202.28
5333,202.55999999999997
5334,202.2263
5335,202.55
5336,202.23150000000004
5337,202.48
5338,202.1385
5339,200.1
5340,198.7603
5341,199.53
5342,200.46
5343,199.99000000000004
5344,199.3
5345,199.7
5346,199.09999999999997
5347,199.3
5348,199.10999999999999
5349,199.05
5350,198.99
5351,198.43000000000004
5352,198.08599999999998
5353,197.13
5354,197.82240000000002
5355,197.53
5356,197.58
5357,197.71
5358,197.1644
5359,197.83
5360,197.63999999999996
5361,197.79900000000004
5362,197.59
5363,197.38
5364,197.64999999999998
5365,197.78
5366,197.59
5367,197.12000000000003
5368,197.31000000000003
5369,197.03
5370,196.97000000000003
5371,196.89
5372,196.08999999999997
5373,196.0
5374,193.86000000000004
5375,193.43
5376,194.43
5377,193.9099
5378,194.08999999999997
5379,194.54
5380,193.70000000000002
5381,193.88999999999996
5382,193.28099999999998
5383,193.23
5384,194.13019999999997
5385,193.88999999999996
5386,193.59099999999998
5387,193.04
5388,192.85
5389,192.57
5390,193.15
5391,192.94
5392,192.13
5393,192.16
5394,192.27
5395,192.91
5396,191.97
5397,192.13099999999994
5398,192.22
5399,192.32
5400,192.78000000000003
5401,194.3
5402,195.71400000000006
5403,194.37
5404,194.88
5405,195.59999999999997
5406,195.52
5407,195.3
5408,195.22
5409,195.22
5410,195.23989999999998
5411,195.5801
5412,195.30999999999997
5413,195.49
5414,195.32
5415,194.66
5416,195.08
5417,195.2725
5418,195.17
5419,195.00999999999996
5420,195.93999999999997
5421,196.2
5422,196.52
5423,196.32
5424,196.17
5425,196.39
5426,196.54
5427,196.4
5428,196.16
5429,196.5511
5430,196.47
5431,195.90000000000003
5432,195.55
5433,195.63
5434,195.06
5435,194.818
5436,195.1
5437,194.66999999999996
5438,193.88999999999996
5439,193.3
5440,191.5
5441,191.57
5442,190.77
5443,191.0
5444,189.04809999999998
5445,189.96000000000004
5446,189.8232
5447,190.16
5448,189.77000000000004
5449,190.91
5450,190.47
5451,189.69
5452,189.87
5453,189.495
5454,189.3625
5455,189.66500000000002
5456,188.50000000000003
5457,189.63
5458,189.38
5459,189.74
5460,188.67
5461,188.50000000000003
5462,188.2401
5463,188.72999999999996
5464,188.79
5465,191.72
5466,191.63
5467,190.75
5468,191.21999999999997
5469,190.8
5470,190.76
5471,191.05
5472,190.31
5473,189.845
5474,188.95
5475,187.25
5476,188.27
5477,189.14
5478,188.78
5479,187.77000000000004
5480,188.09999999999997
5481,189.19
5482,189.27
5483,189.3651
5484,188.95
5485,188.67
5486,189.36
5487,189.29
5488,189.2462
5489,188.6351
5490,189.3
5491,189.24
5492,189.18000000000004
5493,189.31
5494,187.1999
5495,188.58999999999997
5496,188.77
5497,187.65
5498,188.35000000000002
5499,188.06000000000003
5500,188.3801
5501,187.99
5502,187.45
5503,187.6
5504,186.8
5505,186.75
5506,188.3
5507,187.91
5508,188.1
5509,188.1401
5510,188.02999999999997
5511,188.6301
5512,188.8
5513,188.52
5514,188.32
5515,188.09
5516,188.23000000000002
5517,188.55
5518,188.44
5519,188.71
5520,188.22
5521,188.54
5522,188.45
5523,188.4
5524,188.75
5525,190.4346
5526,191.33
5527,191.5499
5528,191.97
5529,192.3812
5530,193.80999999999997
5531,193.0732
5532,193.35999999999999
5533,193.18
5534,192.7232
5535,192.7866
5536,192.67
5537,192.93079999999998
5538,192.9
5539,192.67
5540,192.45000000000002
5541,192.35000000000002
5542,192.45000000000002
5543,192.59999999999997
5544,192.2692
5545,193.37599999999998
5546,193.47
5547,192.70000000000002
5548,192.94999999999996
5549,191.18999999999997
5550,190.86
5551,192.69
5552,192.9725
5553,191.33
5554,190.97
5555,190.81
5556,192.10000000000002
5557,193.3
5558,193.7599
5559,194.32
5560,194.75
5561,194.48
5562,194.65999999999997
5563,193.8605
5564,194.18
5565,193.59999999999997
5566,193.87
5567,194.015
5568,193.85
5569,193.78
5570,193.774
5571,193.63
5572,193.86750000000004
5573,193.8
5574,194.04
5575,194.19
5576,194.08
5577,194.07
5578,193.98
5579,193.69
5580,193.3
5581,194.16000000000003
5582,193.99
5583,193.69999999999996
5584,193.3
5585,194.05999999999997
5586,194.03009999999998
5587,194.4101
5588,194.6
5589,194.14
5590,193.1145
5591,193.21000000000004
5592,193.9492
5593,194.04
5594,193.98
5595,193.80999999999997
5596,193.77
5597,194.29
5598,194.05999999999997
5599,194.05679999999998
5600,194.0201
5601,194.1201
5602,194.2
5603,194.05999999999997
5604,193.97
5605,193.87030000000001
5606,193.91000000000003
5607,193.89
5608,194.0
5609,193.9
5610,194.23
5611,194.1799
5612,194.35
5613,193.9
5614,194.12
5615,194.14239999999998
5616,194.39
5617,194.34
5618,198.26
5619,197.89
5620,199.2507
5621,198.9996
5622,199.34000000000003
5623,199.3
5624,199.3083
5625,199.57
5626,199.57
5627,199.8201
5628,199.7
5629,199.54000000000002
5630,199.72
5631,199.94000000000003
5632,200.3812
5633,200.14000000000001
5634,200.6
5635,200.53999999999996
5636,200.2719
5637,200.35
5638,200.96
5639,200.99
5640,201.00000000000003
5641,200.9552
5642,200.66
5643,201.50000000000003
5644,200.99
5645,200.95
5646,200.68
5647,201.61000000000004
5648,201.46
5649,203.44999999999996
5650,203.10999999999999
5651,202.98900000000003
5652,203.4
5653,201.9051
5654,201.96
5655,201.73
5656,201.74
5657,201.68
5658,201.64999999999998
5659,201.79
5660,201.32990000000004
5661,201.79500000000002
5662,202.13
5663,202.07
5664,202.59999999999997
5665,202.59
5666,202.945
5667,202.98
5668,203.01
5669,203.22
5670,202.98
5671,203.09999999999997
5672,203.17
5673,202.73
5674,202.98
5675,203.13010000000003
5676,203.09999999999997
5677,202.79
5678,202.87
5679,202.85999999999999
5680,204.9002
5681,204.47
5682,204.67299999999997
5683,204.47
5684,204.33
5685,204.0594
5686,203.62
5687,204.0
5688,204.18
5689,203.60999999999999
5690,204.03
5691,204.15
5692,203.8006
5693,203.15
5694,203.73
5695,203.12
5696,201.96
5697,202.3699
5698,202.9081
5699,202.99999999999997
5700,203.34999999999997
5701,203.37
5702,203.15
5703,203.34999999999997
5704,203.03
5705,203.26
5706,203.15
5707,203.38
5708,203.0402
5709,203.39
5710,203.25
5711,203.88400000000001
5712,204.62000000000003
5713,204.02000000000004
5714,204.32
5715,204.69
5716,203.94
5717,203.5
5718,203.95
5719,203.344
5720,203.35999999999999
5721,203.47599999999997
5722,203.54
5723,203.4
5724,203.63
5725,203.1428
5726,203.3401
5727,203.35340000000002
5728,203.42
5729,203.63989999999998
5730,203.4492
5731,203.3522
5732,202.63
5733,202.17
5734,202.06
5735,201.70000000000002
5736,201.99999999999997
5737,202.13999999999996
5738,202.08
5739,201.68
5740,201.9449
5741,201.99999999999997
5742,202.83
5743,202.59999999999997
5744,202.715
5745,203.3896
5746,203.34999999999997
5747,203.18
5748,203.24
5749,203.78
5750,203.91000000000003
5751,203.98
5752,204.18879999999996
5753,204.54
5754,204.35
5755,204.23
5756,204.25
5757,204.27000000000004
5758,204.29
5759,203.8275
5760,204.17
5761,204.09
5762,203.25
5763,203.09999999999997
5764,203.70999999999998
5765,203.68
5766,204.33
5767,204.49
5768,203.72
5769,203.70999999999998
5770,204.36
5771,204.58
5772,204.51000000000002
5773,206.87
5774,207.34
5775,207.69
5776,207.62
5777,207.31
5778,207.31
5779,207.22
5780,207.11
5781,207.295
5782,207.29
5783,207.31
5784,206.78000000000003
5785,207.01400000000004
5786,207.39
5787,207.3
5788,207.51
5789,207.71
5790,207.57999999999998
5791,207.57
5792,207.545
5793,207.52
5794,207.07999999999998
5795,206.56999999999996
5796,205.76
5797,206.31
5798,206.45
5799,206.63
5800,205.86999999999998
5801,206.24
5802,206.4
5803,206.49
5804,207.03000000000003
5805,206.75
5806,206.49
5807,206.49
5808,205.94
5809,206.2
5810,205.993
5811,205.96
5812,205.95
5813,206.24990000000003
5814,206.5199
5815,206.53000000000003
5816,206.66
5817,206.6
5818,206.56999999999996
5819,206.32000000000002
5820,206.74
5821,206.61
5822,205.31
5823,205.72000000000003
5824,205.92000000000002
5825,205.85
5826,206.36999999999998
5827,206.38
5828,206.43000000000004
5829,207.0
5830,206.36
5831,206.3685
5832,206.42000000000002
5833,206.79
5834,207.0
5835,206.75
5836,206.07000000000002
5837,205.75
5838,206.2066
5839,206.58000000000004
5840,206.56999999999996
5841,206.13
5842,206.11
5843,206.13
5844,206.1
5845,206.1
5846,205.4
5847,205.76
5848,205.05
5849,204.88
5850,204.36
5851,204.7793
5852,204.69
5853,205.31
5854,205.31
5855,205.0
5856,204.63
5857,205.15
5858,205.4
5859,205.25
5860,205.96
5861,205.15
5862,205.4
5863,205.22000000000003
5864,205.8
5865,205.9
5866,201.91
5867,201.03999999999996
5868,201.66
5869,201.83
5870,201.96
5871,201.35000000000002
5872,201.27
5873,201.54999999999998
5874,201.72
5875,201.94
5876,201.49
5877,201.82
5878,201.47
5879,201.00000000000003
5880,200.66
5881,200.53
5882,200.88
5883,200.9201
5884,199.9
5885,200.3599
5886,200.55000000000004
5887,200.6
5888,200.5449
5889,200.37
5890,200.73
5891,200.42
5892,200.5449
5893,200.37
5894,200.74
5895,200.49
5896,200.51
5897,199.3
5898,199.31
5899,199.34000000000003
5900,199.5072
5901,199.2
5902,199.235
5903,199.09000000000003
5904,199.22999999999996
5905,199.35
5906,199.36
5907,199.53
5908,199.46
5909,199.63
5910,199.68
5911,200.04000000000002
5912,200.06
5913,200.11
5914,200.22
5915,200.22
5916,200.16
5917,200.16
5918,200.1556
5919,199.9
5920,200.0625
5921,200.08999999999997
5922,199.93
5923,199.9
5924,200.04000000000002
5925,200.08
5926,200.01
5927,199.95
5928,203.97
5929,204.84
5930,204.9
5931,204.95450000000002
5932,205.35
5933,204.62000000000003
5934,204.71
5935,204.71
5936,204.74009999999998
5937,204.5501
5938,204.79
5939,204.81
5940,204.75
5941,204.9701
5942,204.72000000000003
5943,204.74970000000002
5944,204.68599999999998
5945,204.4451
5946,204.05999999999997
5947,204.57
5948,204.73
5949,204.63
5950,205.04
5951,205.09
5952,204.95
5953,205.86999999999998
5954,205.04
5955,205.08
5956,204.95
5957,205.79
5958,205.88
5959,204.05999999999997
5960,203.18
5961,203.66000000000003
5962,203.4112
5963,204.0
5964,204.02000000000004
5965,203.77
5966,203.32
5967,203.55
5968,203.69999999999996
5969,203.8373
5970,203.74
5971,203.60999999999999
5972,203.52
5973,203.89240000000004
5974,203.9
5975,204.05
5976,204.04
5977,204.3012
5978,204.62000000000003
5979,204.79629999999997
5980,204.85
5981,204.58
5982,204.6824
5983,204.39
5984,204.44
5985,204.58
5986,204.68
5987,204.35
5988,204.33
5989,204.44
5990,204.85
5991,204.79
5992,204.39
5993,204.22
5994,204.6
5995,204.47
5996,204.6
5997,204.96
5998,204.94899999999998
5999,204.7348
6000,204.15
6001,204.34
6002,204.3604
6003,204.2616
6004,204.22
6005,204.2
6006,204.18
6007,204.3401
6008,204.13
6009,204.39
6010,204.5
6011,204.34
6012,204.23
6013,204.27
6014,204.2
6015,204.13
6016,204.25
6017,204.27
6018,204.13
6019,204.14
6020,204.13
6021,200.19
6022,200.43
6023,201.1399
6024,201.17
6025,202.04
6026,202.28
6027,202.3
6028,202.16
6029,202.15
6030,202.26
6031,202.1
6032,201.5
6033,202.18
6034,200.78
6035,200.58
6036,200.62
6037,200.66
6038,200.8501
6039,200.58
6040,200.62
6041,200.66
6042,200.75
6043,200.8
6044,200.77
6045,200.6
6046,200.75
6047,200.59
6048,200.66
6049,200.6
6050,200.52
6051,201.55900000000003
6052,200.96
6053,201.25
6054,200.93
6055,200.85
6056,200.3
6057,199.16
6058,199.0694
6059,199.23
6060,198.95
6061,199.1399
6062,199.4
6063,199.04
6064,199.25
6065,199.26
6066,199.5799
6067,199.55
6068,200.14
6069,199.86
6070,199.82
6071,199.79
6072,199.47
6073,199.9401
6074,200.35
6075,200.39
6076,199.95
6077,199.98
6078,200.36
6079,200.36
6080,199.87
6081,199.95
6082,202.12
6083,202.22
6084,201.14
6085,200.76
6086,201.06
6087,201.25
6088,201.28
6089,201.02
6090,200.9715
6091,201.2175
6092,201.375
6093,201.1701
6094,201.08
6095,201.25
6096,201.45
6097,201.44
6098,201.0699
6099,201.18
6100,201.28
6101,201.63
6102,201.44
6103,200.8899
6104,200.83
6105,200.9
6106,200.0307
6107,196.91
6108,200.79
6109,200.9
6110,199.9454
6111,196.87
6112,196.97
6113,198.71
6114,199.3
6115,200.44
6116,200.43
6117,200.81099999999998
6118,200.18
6119,198.9181
6120,198.85
6121,198.74
6122,198.58
6123,198.32
6124,197.89
6125,197.63
6126,197.93
6127,197.415
6128,196.42
6129,196.5399
6130,197.07
6131,196.94
6132,196.58
6133,196.8
6134,196.77
6135,196.32
6136,196.4637
6137,196.61
6138,196.12
6139,196.32
6140,196.49
6141,196.585
6142,196.12
6143,196.23
6144,197.55
6145,198.04
6146,196.6499
6147,197.14
6148,196.87
6149,197.67
6150,197.81900000000002
6151,197.6399
6152,197.24599999999998
6153,197.352
6154,197.22
6155,197.45
6156,197.8775
6157,198.56799999999998
6158,198.1
6159,198.33
6160,198.7199
6161,198.79
6162,198.2998
6163,198.14
6164,198.65
6165,198.435
6166,198.22
6167,198.05
6168,197.32
6169,196.5
6170,198.2398
6171,198.01
6172,197.28
6173,196.62
6174,196.51
6175,199.38
6176,199.4001
6177,198.64
6178,198.6781
6179,198.0
6180,197.50599999999997
6181,197.52
6182,196.41
6183,192.7
6184,192.389
6185,192.97
6186,193.04
6187,193.54
6188,193.4
6189,192.88
6190,192.32
6191,192.26
6192,192.17
6193,192.111
6194,192.206
6195,192.6351
6196,193.31
6197,193.36
6198,193.48
6199,193.28400000000002
6200,193.32
6201,193.26
6202,193.37
6203,193.28
6204,193.37
6205,193.29
6206,190.29
6207,190.41
6208,190.5
6209,190.86
6210,191.63
6211,191.5
6212,190.7399
6213,190.365
6214,190.65
6215,190.8312
6216,190.68
6217,190.74
6218,191.0
6219,190.52
6220,191.44
6221,191.5199
6222,191.27
6223,190.78
6224,190.66400000000002
6225,190.264
6226,189.74
6227,189.58
6228,189.2
6229,188.83
6230,189.43
6231,189.0
6232,189.22
6233,188.79
6234,189.41
6235,188.8
6236,188.82
6237,189.23
6238,189.47
6239,189.59
6240,190.4601
6241,190.92
6242,189.998
6243,190.65
6244,191.49
6245,191.92
6246,191.562
6247,191.2
6248,191.12
6249,191.25
6250,191.23
6251,190.82
6252,190.3606
6253,191.08
6254,191.09
6255,190.87
6256,190.25
6257,190.2
6258,189.9388
6259,190.13
6260,190.24
6261,190.11
6262,189.83
6263,190.11
6264,190.19
6265,190.17
6266,189.82
6267,189.84
6268,191.22
6269,192.34
6270,192.0501
6271,192.1101
6272,193.28
6273,193.1199
6274,193.451
6275,193.27599999999998
6276,193.17
6277,192.9701
6278,192.89
6279,192.57
6280,192.69
6281,193.07
6282,193.07
6283,193.15
6284,192.73
6285,192.87
6286,193.33
6287,193.48
6288,194.62
6289,194.8301
6290,196.22
6291,196.48
6292,196.77
6293,197.45
6294,196.1501
6295,196.3301
6296,196.77
6297,198.11
6298,197.9
6299,198.18
6300,197.73
6301,198.2495
6302,198.13
6303,198.08
6304,197.51
6305,197.822
6306,197.96
6307,197.96
6308,197.95
6309,197.46
6310,197.3
6311,197.2994
6312,197.66
6313,197.0
6314,196.9301
6315,197.28
6316,197.12
6317,197.04
6318,196.94
6319,196.28
6320,196.52
6321,197.0
6322,196.51
6323,196.5483
6324,196.6
6325,196.98
6326,196.59
6327,196.54
6328,196.44
6329,196.4
6330,197.3049
6331,197.3085
6332,196.55
6333,196.08
6334,195.84
6335,195.84
6336,195.36
6337,194.575
6338,194.0701
6339,194.02
6340,194.11
6341,194.35
6342,194.4337
6343,194.9
6344,194.672
6345,194.2901
6346,194.43
6347,194.2
6348,194.41
6349,194.49
6350,194.24
6351,194.44
6352,194.75400000000002
6353,195.0
6354,194.63
6355,194.7
6356,194.75
6357,194.95
6358,194.61
6359,194.495
6360,194.7
6361,194.97
6362,193.7299
6363,193.2503
6364,193.68
6365,193.553
6366,194.6137
6367,194.83599999999998
6368,195.69
6369,196.1
6370,195.396
6371,195.74
6372,195.96
6373,196.98
6374,196.77
6375,196.56
6376,196.9
6377,196.54
6378,196.8698
6379,197.0399
6380,196.42
6381,196.9715
6382,196.9201
6383,197.075
6384,196.87
6385,196.73
6386,197.02
6387,197.06
6388,196.83
6389,196.74
6390,196.98
6391,196.96
6392,195.01
6393,195.13
6394,195.4898
6395,196.08
6396,196.62
6397,196.96
6398,196.42
6399,195.9599
6400,196.27
6401,196.09
6402,196.19
6403,195.95
6404,196.0
6405,196.0
6406,195.97
6407,195.592
6408,195.34
6409,195.33
6410,195.6119
6411,195.38
6412,195.26
6413,194.83
6414,195.104
6415,194.32
6416,193.75
6417,194.17
6418,195.11
6419,194.35
6420,193.77
6421,194.0
6422,194.1
6423,195.39
6424,195.95
6425,196.3093
6426,195.95
6427,195.88
6428,195.69
6429,195.726
6430,196.02
6431,195.9
6432,195.9
6433,195.965
6434,195.81
6435,195.4537
6436,195.37
6437,195.6
6438,195.56
6439,195.41
6440,195.21
6441,195.48
6442,195.26
6443,195.67
6444,194.89
6445,194.93
6446,194.66
6447,195.02
6448,195.03
6449,194.92
6450,194.62
6451,195.01
6452,195.35
6453,195.23
6454,194.1
6455,192.97
6456,192.68
6457,192.73
6458,192.199
6459,193.01
6460,193.11
6461,193.35
6462,193.05
6463,192.97799999999998
6464,192.97
6465,192.55
6466,192.25599999999997
6467,192.4594
6468,192.3219
6469,192.58
6470,192.53
6471,192.61
6472,192.46
6473,192.63
6474,192.73
6475,192.6015
6476,192.43
6477,192.31
6478,192.56
6479,191.77
6480,192.57
6481,192.33
6482,192.61
6483,191.97
6484,191.86
6485,193.51
6486,193.88
6487,193.99
6488,194.01
6489,192.98
6490,193.37
6491,193.15
6492,192.8
6493,192.855
6494,193.21
6495,193.4876
6496,193.61
6497,193.769
6498,193.69
6499,193.34
