,0
0,13.949999999999998
1,13.935
2,13.92
3,13.905
4,13.859999999999998
5,13.854999999999999
6,13.804999999999998
7,13.83
8,13.859999999999998
9,13.819999999999999
10,13.865
11,13.83
12,13.88
13,13.914999999999997
14,13.914999999999997
15,13.92
16,13.995
17,13.985000000000001
18,13.949999999999998
19,13.55
20,13.530000000000001
21,13.510000000000002
22,13.425
23,13.39
24,13.305
25,13.37
26,13.315
27,13.344999999999999
28,13.32
29,13.3
30,13.305
31,13.36
32,13.315
33,13.275
34,13.309999999999999
35,13.265
36,13.200000000000001
37,13.185
38,13.200000000000001
39,13.22
40,13.185
41,13.140000000000002
42,13.155
43,13.235000000000001
44,13.23
45,12.984999999999998
46,12.59
47,12.52
48,12.645
49,12.77
50,12.740000000000002
51,12.79
52,12.86
53,12.780000000000001
54,12.75
55,12.745000000000001
56,12.68
57,12.745000000000001
58,12.685000000000002
59,12.665
60,12.685000000000002
61,12.695
62,12.745000000000001
63,12.92
64,13.019999999999998
65,13.045
66,13.074999999999998
67,12.97
68,13.034999999999998
69,13.025
70,12.99
71,12.93
72,12.93
73,12.95
74,12.955
75,12.924999999999999
76,12.95
77,12.915
78,12.924999999999999
79,12.46
80,12.290000000000001
81,12.234999999999998
82,12.270000000000001
83,12.3
84,12.234999999999998
85,12.159999999999998
86,12.22
87,12.22
88,12.3
89,12.28
90,12.285000000000002
91,12.285000000000002
92,12.265000000000002
93,12.245
94,12.245
95,12.19
96,12.175000000000002
97,12.17
98,12.195000000000002
99,12.195000000000002
100,12.195000000000002
101,12.250000000000002
102,12.255
103,12.320000000000002
104,12.275
105,12.15
106,12.26
107,12.37
108,12.33
109,12.230000000000002
110,12.185
111,12.230000000000002
112,12.325000000000001
113,12.290000000000001
114,12.245
115,12.22
116,12.205
117,12.230000000000002
118,12.205
119,12.139999999999999
120,12.199999999999998
121,12.214999999999998
122,12.159999999999998
123,12.26
124,12.195000000000002
125,12.315
126,12.250000000000002
127,12.26
128,12.205
129,12.195000000000002
130,12.199999999999998
131,12.270000000000001
132,12.355
133,12.3
134,12.320000000000002
135,12.3
136,12.22
137,12.225
138,12.195000000000002
139,12.15
140,12.19
141,12.124999999999998
142,12.19
143,12.199999999999998
144,12.234999999999998
145,12.185
146,12.164999999999997
147,12.159999999999998
148,12.13
149,12.144999999999998
150,12.12
151,12.1
152,12.095
153,12.084999999999999
154,12.06
155,11.99
156,11.920000000000002
157,11.385
158,11.435
159,11.475
160,11.35
161,11.33
162,11.285
163,11.2
164,11.2
165,11.195
166,11.135
167,11.125
168,11.17
169,11.155
170,11.15
171,11.155
172,11.155
173,11.14
174,11.15
175,11.135
176,11.04
177,11.145
178,11.24
179,11.155
180,11.145
181,11.22
182,11.15
183,11.46
184,11.455
185,11.45
186,11.5
187,11.5
188,11.545
189,11.795
190,11.78
191,11.8
192,11.865000000000002
193,11.93
194,11.995
195,11.985
196,11.9
197,11.81
198,11.775
199,11.835
200,11.77
201,11.825
202,11.875
203,11.91
204,11.935
205,11.965
206,11.975
207,11.965
208,11.940000000000001
209,12.33
210,12.28
211,12.26
212,12.250000000000002
213,12.305000000000001
214,12.285000000000002
215,12.17
216,12.159999999999998
217,12.124999999999998
218,12.195000000000002
219,12.15
220,12.17
221,12.13
222,12.159999999999998
223,12.164999999999997
224,12.159999999999998
225,12.205
226,12.275
227,12.24
228,12.33
229,12.28
230,12.26
231,12.255
232,12.26
233,12.225
234,12.24
235,12.53
236,12.564999999999998
237,12.555
238,12.595000000000002
239,12.559999999999999
240,12.575
241,12.55
242,12.64
243,12.59
244,12.555
245,12.564999999999998
246,12.605
247,12.634999999999998
248,12.605
249,12.599999999999998
250,12.599999999999998
251,12.52
252,12.559999999999999
253,12.619999999999997
254,12.595000000000002
255,12.599999999999998
256,12.575
257,12.599999999999998
258,12.575
259,12.544999999999998
260,12.579999999999998
261,12.535
262,12.475
263,12.4
264,12.435
265,12.4
266,12.340000000000002
267,12.275
268,12.26
269,12.250000000000002
270,12.26
271,12.214999999999998
272,12.234999999999998
273,12.205
274,12.199999999999998
275,12.185
276,12.159999999999998
277,12.135
278,12.124999999999998
279,12.144999999999998
280,12.214999999999998
281,12.245
282,12.26
283,12.210000000000003
284,12.179999999999998
285,12.164999999999997
286,12.22
287,12.11
288,12.045
289,12.03
290,12.035
291,12.069999999999999
292,12.049999999999999
293,12.08
294,12.19
295,12.15
296,12.11
297,12.104999999999999
298,12.104999999999999
299,12.164999999999997
300,12.135
301,12.13
302,12.124999999999998
303,12.12
304,12.115
305,12.115
306,12.104999999999999
307,12.095
308,12.095
309,12.11
310,12.115
311,12.115
312,12.12
313,12.455
314,12.4
315,12.45
316,12.445
317,12.465
318,12.415000000000001
319,12.425
320,12.465
321,12.46
322,12.485
323,12.46
324,12.445
325,12.445
326,12.43
327,12.455
328,12.445
329,12.489999999999998
330,12.485
331,12.465
332,12.489999999999998
333,12.46
334,12.455
335,12.475
336,12.469999999999999
337,12.48
338,12.54
339,12.315
340,12.325000000000001
341,12.22
342,12.230000000000002
343,12.205
344,12.159999999999998
345,12.11
346,12.124999999999998
347,12.250000000000002
348,12.185
349,12.144999999999998
350,12.135
351,12.139999999999999
352,12.144999999999998
353,12.12
354,12.144999999999998
355,12.115
356,12.12
357,12.19
358,12.175000000000002
359,12.15
360,12.185
361,12.135
362,12.135
363,12.164999999999997
364,12.17
365,11.86
366,11.8
367,11.76
368,11.665
369,11.795
370,11.78
371,11.755
372,11.805
373,11.875
374,11.870000000000001
375,11.915
376,11.870000000000001
377,11.835
378,11.86
379,11.88
380,11.88
381,11.905000000000001
382,11.895
383,11.98
384,12.025
385,12.069999999999999
386,12.015
387,12.08
388,12.135
389,12.11
390,12.12
391,12.13
392,12.179999999999998
393,12.164999999999997
394,12.24
395,12.234999999999998
396,12.159999999999998
397,12.115
398,12.135
399,12.13
400,12.17
401,12.164999999999997
402,12.144999999999998
403,12.13
404,12.13
405,12.159999999999998
406,12.195000000000002
407,12.225
408,12.28
409,12.295
410,12.270000000000001
411,12.275
412,12.26
413,12.305000000000001
414,12.275
415,12.295
416,12.315
417,12.455
418,12.45
419,12.44
420,12.51
421,12.64
422,12.77
423,12.835
424,12.780000000000001
425,12.85
426,12.93
427,12.88
428,12.885
429,12.865
430,12.889999999999999
431,12.855
432,12.84
433,12.81
434,12.81
435,12.79
436,12.805
437,12.760000000000002
438,12.690000000000001
439,12.725000000000001
440,12.68
441,12.755
442,12.695
443,12.630000000000003
444,12.675
445,12.670000000000002
446,12.665
447,12.68
448,12.71
449,12.740000000000002
450,12.785
451,12.81
452,12.77
453,12.785
454,12.795
455,12.795
456,12.8
457,12.785
458,12.765
459,12.755
460,12.775
461,12.755
462,12.735
463,12.675
464,12.619999999999997
465,12.57
466,12.564999999999998
467,12.555
468,12.53
469,12.695
470,12.705000000000002
471,12.77
472,12.865
473,12.93
474,12.87
475,12.944999999999999
476,12.999999999999998
477,13.070000000000002
478,13.200000000000001
479,13.12
480,13.110000000000001
481,13.095
482,13.160000000000002
483,13.135
484,13.13
485,13.155
486,13.090000000000002
487,13.115
488,13.095
489,13.155
490,13.155
491,13.135
492,13.095
493,13.185
494,13.17
495,13.39
496,13.29
497,13.404999999999998
498,13.344999999999999
499,13.34
500,13.43
501,13.45
502,13.445
503,13.42
504,13.315
505,13.32
506,13.285
507,13.305
508,13.29
509,13.29
510,13.29
511,13.305
512,13.265
513,13.29
514,13.33
515,13.37
516,13.365
517,13.395
518,13.375
519,13.385
520,13.4
521,13.28
522,13.315
523,13.34
524,13.47
525,13.435
526,13.495
527,13.535
528,13.43
529,13.465
530,13.505
531,13.465
532,13.405
533,13.425
534,13.415
535,13.47
536,13.43
537,13.465
538,13.49
539,13.495
540,13.49
541,13.505
542,13.49
543,13.475
544,13.495
545,13.495
546,13.48
547,13.56
548,13.57
549,13.66
550,13.620000000000001
551,13.74
552,13.675000000000002
553,13.775000000000002
554,13.72
555,13.695000000000002
556,13.745
557,13.69
558,13.665
559,13.665
560,13.69
561,13.63
562,13.7
563,13.724999999999998
564,13.72
565,13.66
566,13.63
567,13.595
568,13.525
569,13.565
570,13.614999999999998
571,13.6
572,13.53
573,13.47
574,13.46
575,13.5
576,13.51
577,13.545
578,13.5
579,13.52
580,13.52
581,13.585
582,13.595
583,13.59
584,13.595
585,13.58
586,13.565
587,13.565
588,13.53
589,13.51
590,13.52
591,13.54
592,13.47
593,13.43
594,13.4
595,13.435
596,13.445
597,13.485
598,13.525
599,13.31
600,13.295
601,13.3
602,13.18
603,13.13
604,13.055
605,13.08
606,13.105
607,13.07
608,13.15
609,13.21
610,13.27
611,13.17
612,13.12
613,13.125
614,13.175
615,13.195
616,13.195
617,13.225
618,13.16
619,13.175
620,13.17
621,13.12
622,13.11
623,13.105
624,13.08
625,13.09
626,13.09
627,13.01
628,13.03
629,13.14
630,13.06
631,13.11
632,13.23
633,13.225
634,13.25
635,13.22
636,13.21
637,13.185
638,13.13
639,13.16
640,13.095
641,13.105
642,13.17
643,13.15
644,13.16
645,13.13
646,13.13
647,13.085
648,13.12
649,13.115
650,13.14
651,13.255
652,13.35
653,13.34
654,13.28
655,13.26
656,13.25
657,13.23
658,13.15
659,13.13
660,13.17
661,13.14
662,13.1
663,13.01
664,13.07
665,13.025
666,13.11
667,13.1
668,13.11
669,13.085
670,13.14
671,13.215
672,13.205
673,13.285
674,13.34
675,13.305
676,13.28
677,13.46
678,13.42
679,13.43
680,13.47
681,13.49
682,13.49
683,13.575
684,13.58
685,13.555
686,13.59
687,13.595
688,13.63
689,13.634999999999998
690,13.610000000000001
691,13.604999999999999
692,13.64
693,13.595
694,13.64
695,13.66
696,13.65
697,13.65
698,13.645
699,13.745
700,13.799999999999999
701,13.785000000000002
702,13.78
703,13.585
704,13.56
705,13.59
706,13.620000000000001
707,13.620000000000001
708,13.634999999999998
709,13.595
710,13.58
711,13.610000000000001
712,13.54
713,13.57
714,13.59
715,13.595
716,13.610000000000001
717,13.6
718,13.620000000000001
719,13.624999999999998
720,13.614999999999998
721,13.614999999999998
722,13.67
723,13.69
724,13.68
725,13.695000000000002
726,13.69
727,13.675000000000002
728,13.64
729,13.5
730,13.48
731,13.49
732,13.47
733,13.47
734,13.42
735,13.46
736,13.49
737,13.47
738,13.495
739,13.485
740,13.495
741,13.43
742,13.445
743,13.435
744,13.445
745,13.47
746,13.475
747,13.505
748,13.49
749,13.5
750,13.495
751,13.515
752,13.525
753,13.515
754,13.565
755,13.73
756,13.71
757,13.74
758,13.765
759,13.795000000000002
760,13.75
761,13.755
762,13.73
763,13.724999999999998
764,13.65
765,13.66
766,13.59
767,13.54
768,13.585
769,13.545
770,13.54
771,13.54
772,13.51
773,13.115
774,13.235
775,13.255
776,13.24
777,13.325
778,13.35
779,13.335
780,13.315
781,13.085
782,13.095
783,13.14
784,13.19
785,13.255
786,13.315
787,13.32
788,13.305
789,13.23
790,13.195
791,13.21
792,13.24
793,13.245
794,13.28
795,13.255
796,13.3
797,13.33
798,13.415
799,13.43
800,13.4
801,13.38
802,13.39
803,13.36
804,13.395
805,13.425
806,13.395
807,13.66
808,13.775000000000002
809,13.86
810,13.795000000000002
811,13.78
812,13.81
813,13.814999999999998
814,13.785000000000002
815,13.765
816,13.745
817,13.76
818,13.76
819,13.73
820,13.785000000000002
821,13.73
822,13.75
823,13.755
824,13.74
825,13.734999999999998
826,13.705000000000002
827,13.734999999999998
828,13.734999999999998
829,13.805000000000001
830,13.799999999999999
831,13.805000000000001
832,13.79
833,13.75
834,13.76
835,13.745
836,13.765
837,13.765
838,13.714999999999998
839,13.734999999999998
840,13.74
841,13.724999999999998
842,13.714999999999998
843,13.724999999999998
844,13.76
845,13.76
846,13.795000000000002
847,13.81
848,13.81
849,13.805000000000001
850,13.81
851,13.795000000000002
852,13.795000000000002
853,13.78
854,13.74
855,13.745
856,13.745
857,13.765
858,13.78
859,13.614999999999998
860,13.64
861,13.69
862,13.624999999999998
863,13.57
864,13.6
865,13.57
866,13.575
867,13.585
868,13.6
869,13.565
870,13.6
871,13.634999999999998
872,13.65
873,13.64
874,13.655
875,13.665
876,13.655
877,13.675000000000002
878,13.655
879,13.620000000000001
880,13.595
881,13.64
882,13.634999999999998
883,13.624999999999998
884,13.610000000000001
885,13.405
886,13.41
887,13.395
888,13.385
889,13.355
890,13.34
891,13.34
892,13.34
893,13.34
894,13.33
895,13.335
896,13.34
897,13.335
898,13.29
899,13.285
900,13.285
901,13.275
902,13.265
903,13.275
904,13.28
905,13.305
906,13.345
907,13.355
908,13.37
909,13.365
910,13.415
911,13.525
912,13.58
913,13.55
914,13.55
915,13.610000000000001
916,13.58
917,13.59
918,13.545
919,13.515
920,13.525
921,13.53
922,13.52
923,13.5
924,13.51
925,13.485
926,13.485
927,13.485
928,13.515
929,13.505
930,13.5
931,13.5
932,13.5
933,13.535
934,13.545
935,13.505
936,13.49
937,13.58
938,13.624999999999998
939,13.67
940,13.604999999999999
941,13.620000000000001
942,13.624999999999998
943,13.685000000000002
944,13.66
945,13.65
946,13.665
947,13.655
948,13.655
949,13.620000000000001
950,13.614999999999998
951,13.57
952,13.585
953,13.555
954,13.525
955,13.515
956,13.49
957,13.47
958,13.475
959,13.49
960,13.52
961,13.535
962,13.51
963,13.37
964,13.41
965,13.52
966,13.535
967,13.610000000000001
968,13.610000000000001
969,13.614999999999998
970,13.56
971,13.6
972,13.585
973,13.58
974,13.56
975,13.58
976,13.58
977,13.610000000000001
978,13.63
979,13.610000000000001
980,13.614999999999998
981,13.6
982,13.575
983,13.6
984,13.58
985,13.57
986,13.56
987,13.58
988,13.56
989,13.48
990,13.57
991,13.55
992,13.6
993,13.63
994,13.54
995,13.51
996,13.55
997,13.565
998,13.59
999,13.614999999999998
1000,13.61
1001,13.61
1002,13.62
1003,13.595
1004,13.575000000000001
1005,13.555
1006,13.525
1007,13.515
1008,13.509999999999998
1009,13.54
1010,13.534999999999998
1011,13.555
1012,13.495
1013,13.49
1014,13.515
1015,13.23
1016,13.24
1017,13.25
1018,13.24
1019,13.22
1020,13.23
1021,13.259999999999998
1022,13.245
1023,13.235
1024,13.255
1025,13.255
1026,13.24
1027,13.245
1028,13.23
1029,13.235
1030,13.25
1031,13.205000000000002
1032,13.225
1033,13.22
1034,13.24
1035,13.24
1036,13.235
1037,13.215
1038,13.205000000000002
1039,13.19
1040,13.180000000000001
1041,13.135
1042,13.139999999999999
1043,13.15
1044,13.139999999999999
1045,13.2
1046,13.2
1047,13.21
1048,13.22
1049,13.259999999999998
1050,13.27
1051,13.259999999999998
1052,13.259999999999998
1053,13.265
1054,13.24
1055,13.295
1056,13.27
1057,13.29
1058,13.23
1059,13.215
1060,13.205000000000002
1061,13.17
1062,13.205000000000002
1063,13.25
1064,13.27
1065,13.265
1066,13.28
1067,13.16
1068,13.114999999999998
1069,13.08
1070,13.03
1071,13.04
1072,13.03
1073,13.035000000000002
1074,13.005
1075,13.025
1076,12.98
1077,12.975
1078,12.945
1079,12.91
1080,12.955
1081,12.99
1082,12.965
1083,12.94
1084,12.88
1085,12.795
1086,12.79
1087,12.785000000000002
1088,12.775
1089,12.87
1090,12.88
1091,12.835
1092,12.864999999999998
1093,13.009999999999998
1094,13.07
1095,13.09
1096,13.08
1097,13.105
1098,13.095
1099,13.055
1100,13.05
1101,12.99
1102,13.005
1103,13.015
1104,12.96
1105,12.99
1106,12.97
1107,12.965
1108,12.945
1109,12.98
1110,12.98
1111,12.985
1112,12.97
1113,12.95
1114,12.92
1115,12.895
1116,12.9
1117,12.885
1118,12.875
1119,12.955
1120,13.04
1121,13.075000000000001
1122,13.05
1123,13.005
1124,12.985
1125,12.94
1126,12.965
1127,12.945
1128,13.015
1129,13.05
1130,13.015
1131,13.025
1132,13.045
1133,13.075000000000001
1134,13.03
1135,13.045
1136,13.05
1137,13.05
1138,13.035000000000002
1139,13.045
1140,13.055
1141,13.009999999999998
1142,12.985
1143,12.945
1144,12.96
1145,13.114999999999998
1146,13.075000000000001
1147,12.98
1148,12.98
1149,13.04
1150,13.07
1151,13.060000000000002
1152,13.11
1153,13.12
1154,13.07
1155,13.1
1156,13.145
1157,13.165
1158,13.175
1159,13.175
1160,13.19
1161,13.15
1162,13.195
1163,13.235
1164,13.215
1165,13.29
1166,13.305
1167,13.305
1168,13.259999999999998
1169,13.245
1170,13.28
1171,13.735
1172,13.639999999999999
1173,13.615
1174,13.665
1175,13.675
1176,13.67
1177,13.685
1178,13.72
1179,13.810000000000002
1180,13.78
1181,13.79
1182,13.76
1183,13.82
1184,13.82
1185,13.765
1186,13.795
1187,13.825000000000001
1188,13.845
1189,13.815
1190,13.79
1191,13.795
1192,13.735
1193,13.75
1194,13.755
1195,13.784999999999998
1196,13.77
1197,13.95
1198,13.895
1199,13.95
1200,13.965
1201,13.955000000000002
1202,13.99
1203,14.065
1204,14.085000000000003
1205,14.179999999999998
1206,14.2
1207,14.275
1208,14.21
1209,14.225
1210,14.21
1211,14.16
1212,14.12
1213,14.11
1214,14.095
1215,14.179999999999998
1216,14.205000000000002
1217,14.185
1218,14.165
1219,14.179999999999998
1220,14.205000000000002
1221,14.185
1222,14.139999999999999
1223,14.15
1224,14.13
1225,14.015
1226,14.065
1227,14.074999999999998
1228,14.005
1229,14.055
1230,14.08
1231,14.09
1232,14.074999999999998
1233,14.09
1234,14.115
1235,14.085000000000003
1236,14.074999999999998
1237,14.03
1238,14.01
1239,13.99
1240,14.005
1241,13.97
1242,13.97
1243,13.985
1244,14.0
1245,13.985
1246,13.97
1247,13.985
1248,13.99
1249,13.97
1250,14.15
1251,14.135
1252,14.135
1253,14.07
1254,14.09
1255,14.115
1256,14.185
1257,14.215
1258,14.215
1259,14.2
1260,14.215
1261,14.235
1262,14.2
1263,14.175
1264,14.15
1265,14.125
1266,14.139999999999999
1267,14.15
1268,14.15
1269,14.195
1270,14.17
1271,14.17
1272,14.179999999999998
1273,14.185
1274,14.17
1275,14.429999999999998
1276,14.46
1277,14.485
1278,14.47
1279,14.455000000000002
1280,14.485
1281,14.495000000000001
1282,14.49
1283,14.495000000000001
1284,14.425
1285,14.37
1286,14.41
1287,14.365
1288,14.355
1289,14.375
1290,14.385
1291,14.39
1292,14.385
1293,14.41
1294,14.445
1295,14.445
1296,14.429999999999998
1297,14.435
1298,14.465
1299,14.46
1300,14.45
1301,14.635
1302,14.679999999999998
1303,14.735
1304,14.745000000000001
1305,14.72
1306,14.78
1307,14.75
1308,14.71
1309,14.715
1310,14.7
1311,14.67
1312,14.67
1313,14.69
1314,14.685
1315,14.69
1316,14.679999999999998
1317,14.704999999999998
1318,14.730000000000002
1319,14.745000000000001
1320,14.76
1321,14.79
1322,14.845
1323,14.865
1324,14.885
1325,14.885
1326,14.94
1327,15.04
1328,15.04
1329,15.0
1330,15.0
1331,14.99
1332,14.980000000000002
1333,14.935
1334,14.88
1335,14.84
1336,14.805
1337,14.87
1338,14.87
1339,14.895
1340,14.82
1341,14.84
1342,14.805
1343,14.77
1344,14.76
1345,14.82
1346,14.815
1347,14.805
1348,14.895
1349,14.915
1350,14.9
1351,14.94
1352,14.905
1353,15.020000000000001
1354,15.07
1355,15.08
1356,15.015
1357,14.965
1358,14.975
1359,14.99
1360,14.985
1361,14.97
1362,14.954999999999998
1363,14.97
1364,14.96
1365,14.985
1366,14.985
1367,14.99
1368,14.99
1369,15.045
1370,15.065
1371,15.074999999999998
1372,15.105
1373,15.11
1374,15.13
1375,15.105
1376,15.095
1377,15.095
1378,15.099999999999998
1379,15.025
1380,15.01
1381,14.929999999999998
1382,14.865
1383,14.88
1384,14.84
1385,14.82
1386,14.88
1387,14.850000000000001
1388,14.91
1389,14.915
1390,14.915
1391,14.89
1392,14.94
1393,14.96
1394,14.945
1395,14.94
1396,14.965
1397,14.965
1398,14.96
1399,14.95
1400,14.96
1401,14.945
1402,14.954999999999998
1403,14.945
1404,14.96
1405,14.88
1406,14.929999999999998
1407,14.92
1408,14.915
1409,14.95
1410,14.96
1411,15.005
1412,15.05
1413,15.025
1414,15.055
1415,15.035
1416,15.05
1417,15.065
1418,15.07
1419,15.074999999999998
1420,15.105
1421,15.095
1422,15.09
1423,15.135
1424,15.11
1425,15.099999999999998
1426,15.09
1427,15.085000000000003
1428,15.065
1429,15.074999999999998
1430,15.09
1431,15.085000000000003
1432,15.105
1433,15.059999999999999
1434,15.095
1435,15.055
1436,15.020000000000001
1437,15.05
1438,15.05
1439,15.07
1440,15.07
1441,15.03
1442,15.055
1443,15.04
1444,15.025
1445,15.085000000000003
1446,15.08
1447,15.13
1448,15.15
1449,15.22
1450,15.059999999999999
1451,15.01
1452,15.015
1453,15.065
1454,15.059999999999999
1455,15.055
1456,15.03
1457,14.925
1458,15.0
1459,15.020000000000001
1460,15.015
1461,14.965
1462,15.015
1463,15.05
1464,15.05
1465,15.045
1466,15.020000000000001
1467,15.055
1468,15.05
1469,15.045
1470,15.07
1471,15.015
1472,14.995000000000001
1473,15.005
1474,15.005
1475,15.01
1476,15.0
1477,14.985
1478,14.954999999999998
1479,14.89
1480,14.765
1481,14.83
1482,14.795
1483,14.71
1484,14.625000000000002
1485,14.625000000000002
1486,14.63
1487,14.679999999999998
1488,14.63
1489,14.66
1490,14.574999999999998
1491,14.505
1492,14.54
1493,14.52
1494,14.53
1495,14.54
1496,14.55
1497,14.605
1498,14.605
1499,14.55
1500,14.510000000000002
1501,14.474999999999998
1502,14.54
1503,14.47
1504,14.435
1505,14.495
1506,14.505
1507,14.58
1508,14.55
1509,14.49
1510,14.49
1511,14.62
1512,14.625
1513,14.62
1514,14.635000000000002
1515,14.725000000000001
1516,14.725000000000001
1517,14.71
1518,14.689999999999998
1519,14.680000000000001
1520,14.67
1521,14.695
1522,14.71
1523,14.745
1524,14.75
1525,14.734999999999998
1526,14.74
1527,14.755
1528,14.75
1529,14.74
1530,14.715
1531,14.73
1532,14.734999999999998
1533,14.760000000000002
1534,14.765
1535,14.39
1536,14.33
1537,14.24
1538,14.255
1539,14.21
1540,14.170000000000002
1541,14.245
1542,14.259999999999998
1543,14.349999999999998
1544,14.36
1545,14.29
1546,14.29
1547,14.340000000000002
1548,14.365
1549,14.405
1550,14.415
1551,14.420000000000002
1552,14.385000000000002
1553,14.37
1554,14.37
1555,14.38
1556,14.375000000000002
1557,14.36
1558,14.365
1559,14.345
1560,14.349999999999998
1561,14.080000000000002
1562,14.21
1563,14.214999999999998
1564,14.21
1565,14.105
1566,14.089999999999998
1567,14.07
1568,14.009999999999998
1569,14.044999999999998
1570,14.05
1571,14.055
1572,14.06
1573,14.03
1574,14.03
1575,14.03
1576,14.089999999999998
1577,14.06
1578,14.07
1579,14.080000000000002
1580,14.105
1581,14.1
1582,14.11
1583,14.12
1584,14.125000000000002
1585,14.165
1586,14.14
1587,14.07
1588,14.195
1589,14.304999999999998
1590,14.165
1591,14.170000000000002
1592,14.170000000000002
1593,14.2
1594,14.155
1595,14.175
1596,14.134999999999998
1597,14.105
1598,14.085
1599,14.075
1600,14.1
1601,14.04
1602,14.035000000000002
1603,14.05
1604,14.04
1605,14.025
1606,14.009999999999998
1607,14.04
1608,14.03
1609,14.025
1610,14.035000000000002
1611,14.065
1612,14.03
1613,14.065
1614,14.000000000000002
1615,14.05
1616,14.05
1617,13.964999999999998
1618,13.88
1619,13.9
1620,13.975
1621,13.985
1622,13.97
1623,14.009999999999998
1624,14.000000000000002
1625,14.02
1626,14.025
1627,14.055
1628,14.04
1629,14.03
1630,14.075
1631,14.089999999999998
1632,14.11
1633,14.125000000000002
1634,14.11
1635,14.105
1636,14.11
1637,14.085
1638,14.11
1639,14.160000000000002
1640,14.080000000000002
1641,14.02
1642,13.990000000000002
1643,14.02
1644,13.98
1645,13.919999999999998
1646,13.96
1647,13.98
1648,13.955000000000002
1649,13.97
1650,14.000000000000002
1651,14.009999999999998
1652,14.009999999999998
1653,14.044999999999998
1654,14.02
1655,14.05
1656,14.015
1657,13.990000000000002
1658,14.015
1659,14.025
1660,14.05
1661,14.055
1662,14.04
1663,14.009999999999998
1664,13.990000000000002
1665,14.23
1666,14.24
1667,14.175
1668,14.19
1669,14.250000000000002
1670,14.265
1671,14.265
1672,14.275
1673,14.295000000000002
1674,14.295000000000002
1675,14.32
1676,14.315
1677,14.295000000000002
1678,14.285
1679,14.285
1680,14.275
1681,14.285
1682,14.29
1683,14.285
1684,14.295000000000002
1685,14.295000000000002
1686,14.28
1687,14.285
1688,14.28
1689,14.304999999999998
1690,14.295000000000002
1691,14.27
1692,14.24
1693,14.255
1694,14.31
1695,14.33
1696,14.36
1697,14.36
1698,14.38
1699,14.394999999999998
1700,14.420000000000002
1701,14.47
1702,14.474999999999998
1703,14.46
1704,14.45
1705,14.445
1706,14.39
1707,14.37
1708,14.36
1709,14.295000000000002
1710,14.3
1711,14.285
1712,14.245
1713,14.255
1714,14.245
1715,14.214999999999998
1716,14.2
1717,14.39
1718,14.179999999999998
1719,14.23
1720,14.175
1721,14.155
1722,14.170000000000002
1723,14.095
1724,14.089999999999998
1725,14.105
1726,14.06
1727,14.085
1728,14.115
1729,14.085
1730,14.134999999999998
1731,14.1
1732,14.089999999999998
1733,14.089999999999998
1734,14.14
1735,14.179999999999998
1736,14.155
1737,14.15
1738,14.205000000000002
1739,14.2
1740,14.2
1741,14.155
1742,14.145
1743,14.265
1744,14.179999999999998
1745,14.2
1746,14.13
1747,14.080000000000002
1748,14.11
1749,14.1
1750,14.165
1751,14.125000000000002
1752,14.105
1753,14.11
1754,14.095
1755,14.06
1756,14.009999999999998
1757,14.03
1758,13.97
1759,13.94
1760,13.94
1761,13.964999999999998
1762,13.915
1763,13.9
1764,13.910000000000002
1765,13.925
1766,13.945
1767,13.925
1768,13.885
1769,13.935
1770,13.855
1771,13.98
1772,13.975
1773,13.925
1774,13.964999999999998
1775,13.925
1776,13.9
1777,13.95
1778,13.964999999999998
1779,13.94
1780,13.93
1781,13.9
1782,13.910000000000002
1783,13.925
1784,13.9
1785,13.88
1786,13.874999999999998
1787,13.95
1788,13.985
1789,14.015
1790,14.009999999999998
1791,13.975
1792,13.975
1793,13.945
1794,13.93
1795,13.88
1796,14.009999999999998
1797,13.995
1798,14.025
1799,14.065
1800,14.089999999999998
1801,14.080000000000002
1802,14.044999999999998
1803,14.1
1804,14.075
1805,14.07
1806,14.04
1807,14.044999999999998
1808,14.06
1809,14.075
1810,14.105
1811,14.095
1812,14.05
1813,14.015
1814,13.97
1815,13.96
1816,13.96
1817,13.96
1818,13.945
1819,13.964999999999998
1820,14.000000000000002
1821,14.245
1822,14.36
1823,14.48
1824,14.49
1825,14.420000000000002
1826,14.37
1827,14.465000000000002
1828,14.49
1829,14.54
1830,14.515
1831,14.49
1832,14.49
1833,14.545000000000002
1834,14.57
1835,14.505
1836,14.495
1837,14.495
1838,14.474999999999998
1839,14.54
1840,14.525
1841,14.585
1842,14.71
1843,14.685
1844,14.625
1845,14.595
1846,14.689999999999998
1847,14.82
1848,14.525
1849,14.54
1850,14.505
1851,14.535
1852,14.445
1853,14.465000000000002
1854,14.5
1855,14.465000000000002
1856,14.49
1857,14.510000000000002
1858,14.485
1859,14.510000000000002
1860,14.45
1861,14.495
1862,14.495
1863,14.57
1864,14.54
1865,14.625
1866,14.590000000000002
1867,14.55
1868,14.53
1869,14.535
1870,14.54
1871,14.545000000000002
1872,14.53
1873,14.599999999999998
1874,14.63
1875,14.63
1876,14.595
1877,14.57
1878,14.564999999999998
1879,14.599999999999998
1880,14.62
1881,14.625
1882,14.595
1883,14.56
1884,14.555000000000001
1885,14.564999999999998
1886,14.564999999999998
1887,14.535
1888,14.505
1889,14.485
1890,14.474999999999998
1891,14.48
1892,14.5
1893,14.485
1894,14.474999999999998
1895,14.474999999999998
1896,14.445
1897,14.465000000000002
1898,14.519999999999998
1899,14.5
1900,14.405
1901,14.53
1902,14.555000000000001
1903,14.515
1904,14.54
1905,14.525
1906,14.519999999999998
1907,14.48
1908,14.49
1909,14.495
1910,14.515
1911,14.519999999999998
1912,14.510000000000002
1913,14.53
1914,14.519999999999998
1915,14.510000000000002
1916,14.525
1917,14.515
1918,14.525
1919,14.525
1920,14.519999999999998
1921,14.510000000000002
1922,14.505
1923,14.505
1924,14.48
1925,14.64
1926,14.65
1927,14.685
1928,14.689999999999998
1929,14.715
1930,14.72
1931,14.715
1932,14.689999999999998
1933,14.67
1934,14.689999999999998
1935,14.675
1936,14.695
1937,14.695
1938,14.705
1939,14.705
1940,14.685
1941,14.655
1942,14.675
1943,14.689999999999998
1944,14.695
1945,14.675
1946,14.7
1947,14.705
1948,14.695
1949,14.705
1950,14.680000000000001
1951,15.125
1952,15.08
1953,15.135
1954,15.110000000000001
1955,15.07
1956,14.99
1957,14.925
1958,14.9
1959,14.885
1960,14.949999999999998
1961,14.96
1962,14.92
1963,14.97
1964,14.97
1965,14.975000000000001
1966,14.98
1967,14.965
1968,14.975000000000001
1969,14.97
1970,14.975000000000001
1971,14.98
1972,14.940000000000001
1973,14.935
1974,14.940000000000001
1975,14.92
1976,14.91
1977,14.83
1978,14.770000000000001
1979,14.81
1980,14.8
1981,14.814999999999998
1982,14.74
1983,14.75
1984,14.79
1985,14.760000000000002
1986,14.734999999999998
1987,14.770000000000001
1988,14.765
1989,14.765
1990,14.75
1991,14.72
1992,14.755
1993,14.745
1994,14.770000000000001
1995,14.775
1996,14.75
1997,14.734999999999998
1998,14.734999999999998
1999,14.73
2000,14.715
2001,14.705
2002,14.69
2003,14.775
2004,14.75
2005,14.84
2006,14.815
2007,14.81
2008,14.73
2009,14.75
2010,14.73
2011,14.74
2012,14.74
2013,14.75
2014,14.78
2015,14.775
2016,14.755
2017,14.72
2018,14.725
2019,14.84
2020,14.82
2021,14.835
2022,14.8
2023,14.785
2024,14.8
2025,14.845
2026,14.825
2027,14.845
2028,14.88
2029,14.97
2030,14.955
2031,14.955
2032,14.955
2033,14.92
2034,14.91
2035,14.905
2036,14.92
2037,14.9
2038,14.85
2039,14.86
2040,14.84
2041,14.855
2042,14.865
2043,14.825
2044,14.835
2045,14.84
2046,14.815
2047,14.76
2048,14.77
2049,14.755
2050,14.745
2051,14.745
2052,14.775
2053,14.785
2054,14.77
2055,14.5
2056,14.465
2057,14.615
2058,14.625
2059,14.63
2060,14.66
2061,14.71
2062,14.73
2063,14.745
2064,14.765
2065,14.79
2066,14.81
2067,14.815
2068,14.835
2069,14.82
2070,14.84
2071,14.835
2072,14.84
2073,14.845
2074,14.87
2075,14.85
2076,14.875
2077,14.89
2078,14.865
2079,14.875
2080,14.855
2081,14.92
2082,14.825
2083,14.825
2084,14.785
2085,14.82
2086,14.81
2087,14.86
2088,14.83
2089,14.79
2090,14.81
2091,14.815
2092,14.84
2093,14.87
2094,14.91
2095,14.9
2096,14.895
2097,14.915
2098,14.945
2099,14.94
2100,14.93
2101,14.95
2102,14.94
2103,14.92
2104,14.935
2105,14.93
2106,14.935
2107,14.275
2108,14.295
2109,14.255
2110,14.19
2111,14.22
2112,14.25
2113,14.235
2114,14.24
2115,14.295
2116,14.35
2117,14.365
2118,14.425
2119,14.42
2120,14.395
2121,14.395
2122,14.38
2123,14.39
2124,14.425
2125,14.41
2126,14.42
2127,14.445
2128,14.48
2129,14.445
2130,14.47
2131,14.44
2132,14.42
2133,14.495
2134,14.495
2135,14.53
2136,14.545
2137,14.56
2138,14.585
2139,14.605
2140,14.645
2141,14.665
2142,14.665
2143,14.64
2144,14.615
2145,14.58
2146,14.575
2147,14.57
2148,14.575
2149,14.595
2150,14.61
2151,14.595
2152,14.635
2153,14.61
2154,14.6
2155,14.59
2156,14.595
2157,14.575
2158,14.52
2159,14.54
2160,14.49
2161,14.475
2162,14.51
2163,14.545
2164,14.49
2165,14.48
2166,14.46
2167,14.465
2168,14.445
2169,14.425
2170,14.48
2171,14.49
2172,14.455
2173,14.455
2174,14.465
2175,14.48
2176,14.44
2177,14.445
2178,14.45
2179,14.445
2180,14.435
2181,14.425
2182,14.405
2183,14.365
2184,14.355
2185,14.395
2186,14.43
2187,14.35
2188,14.37
2189,14.365
2190,14.335
2191,14.325
2192,14.315
2193,14.31
2194,14.305
2195,14.315
2196,14.305
2197,14.305
2198,14.34
2199,14.335
2200,14.31
2201,14.325
2202,14.35
2203,14.355
2204,14.395
2205,14.415
2206,14.425
2207,14.425
2208,14.415
2209,14.43
2210,14.425
2211,14.155
2212,14.125
2213,14.105
2214,14.115
2215,14.15
2216,14.135
2217,14.11
2218,14.115
2219,14.095
2220,14.12
2221,14.13
2222,14.15
2223,14.16
2224,14.185
2225,14.17
2226,14.21
2227,14.18
2228,14.175
2229,14.19
2230,14.21
2231,14.23
2232,14.2
2233,14.185
2234,14.185
2235,14.195
2236,14.19
2237,13.875
2238,13.875
2239,13.865
2240,13.885
2241,13.895
2242,13.885
2243,13.885
2244,13.885
2245,13.875
2246,13.865
2247,13.855
2248,13.825
2249,13.83
2250,13.835
2251,13.84
2252,13.825
2253,13.82
2254,13.785
2255,13.795
2256,13.8
2257,13.815
2258,13.78
2259,13.755
2260,13.795
2261,13.795
2262,13.82
2263,13.7
2264,13.77
2265,13.795
2266,13.875
2267,13.865
2268,13.825
2269,13.84
2270,13.83
2271,13.765
2272,13.735
2273,13.785
2274,13.76
2275,13.775
2276,13.78
2277,13.76
2278,13.75
2279,13.705
2280,13.645
2281,13.665
2282,13.655
2283,13.68
2284,13.65
2285,13.615
2286,13.605
2287,13.6
2288,13.6
2289,13.72
2290,13.67
2291,13.535
2292,13.485
2293,13.525
2294,13.46
2295,13.41
2296,13.39
2297,13.42
2298,13.34
2299,13.36
2300,13.4
2301,13.355
2302,13.35
2303,13.33
2304,13.32
2305,13.345
2306,13.325
2307,13.335
2308,13.325
2309,13.265
2310,13.2
2311,13.215
2312,13.28
2313,13.28
2314,13.26
2315,13.43
2316,13.55
2317,13.63
2318,13.58
2319,13.64
2320,13.625
2321,13.65
2322,13.54
2323,13.55
2324,13.61
2325,13.58
2326,13.585
2327,13.555
2328,13.545
2329,13.55
2330,13.6
2331,13.62
2332,13.63
2333,13.32
2334,13.325
2335,13.395
2336,13.43
2337,13.485
2338,13.455
2339,13.35
2340,13.345
2341,13.12
2342,13.075
2343,13.11
2344,13.11
2345,13.065
2346,13.085
2347,13.09
2348,13.155
2349,13.13
2350,13.085
2351,13.1
2352,13.135
2353,13.165
2354,13.175
2355,13.21
2356,13.205
2357,13.21
2358,13.2
2359,13.295
2360,13.245
2361,13.27
2362,13.27
2363,13.295
2364,13.3
2365,13.315
2366,13.3
2367,13.44
2368,13.48
2369,13.49
2370,13.45
2371,13.44
2372,13.48
2373,13.405
2374,13.395
2375,13.425
2376,13.415
2377,13.425
2378,13.41
2379,13.355
2380,13.3
2381,13.33
2382,13.315
2383,13.32
2384,13.35
2385,13.34
2386,13.355
2387,13.405
2388,13.37
2389,13.375
2390,13.375
2391,13.365
2392,13.39
2393,13.755
2394,13.735
2395,13.765
2396,13.755
2397,13.72
2398,13.685
2399,13.62
2400,13.61
2401,13.595
2402,13.6
2403,13.61
2404,13.61
2405,13.59
2406,13.595
2407,13.54
2408,13.54
2409,13.565
2410,13.575
2411,13.53
2412,13.53
2413,13.545
2414,13.58
2415,13.59
2416,13.56
2417,13.57
2418,13.55
2419,13.57
2420,13.56
2421,13.52
2422,13.49
2423,13.49
2424,13.545
2425,13.605
2426,13.635
2427,13.56
2428,13.54
2429,13.53
2430,13.56
2431,13.575
2432,13.54
2433,13.56
2434,13.545
2435,13.545
2436,13.55
2437,13.575
2438,13.59
2439,13.625
2440,13.645
2441,13.615
2442,13.635
2443,13.625
2444,13.62
2445,13.72
2446,13.725
2447,13.73
2448,13.73
2449,13.755
2450,13.76
2451,13.75
2452,13.765
2453,13.705
2454,13.75
2455,13.755
2456,13.715
2457,13.715
2458,13.72
2459,13.665
2460,13.685
2461,13.705
2462,13.715
2463,13.705
2464,13.695
2465,13.665
2466,13.66
2467,13.67
2468,13.645
2469,13.635
2470,13.615
2471,13.93
2472,13.89
2473,13.915
2474,13.91
2475,13.925
2476,13.935
2477,13.93
2478,13.955
2479,13.935
2480,13.965
2481,13.975
2482,13.96
2483,13.94
2484,13.97
2485,13.96
2486,13.975
2487,13.975
2488,13.985
2489,13.995
2490,14.005
2491,13.975
2492,14.005
2493,14.005
2494,13.99
2495,13.995
2496,14.04
2497,13.28
2498,13.355
2499,13.32
2500,13.26
2501,13.35
2502,13.205
2503,13.225
2504,13.2
2505,13.18
2506,13.165
2507,13.08
2508,13.085
2509,13.06
2510,13.02
2511,13.034999999999998
2512,13.034999999999998
2513,13.04
2514,13.015
2515,13.025
2516,13.005
2517,12.975000000000001
2518,13.0
2519,13.005
2520,13.025
2521,13.055
2522,13.005
2523,12.425000000000002
2524,12.365
2525,12.28
2526,12.26
2527,12.355
2528,12.255
2529,12.29
2530,12.29
2531,12.38
2532,12.29
2533,12.27
2534,12.295
2535,12.275
2536,12.28
2537,12.28
2538,12.31
2539,12.245
2540,12.234999999999998
2541,12.2
2542,12.2
2543,12.195
2544,12.155
2545,12.155
2546,12.095
2547,12.185
2548,12.185
2549,12.449999999999998
2550,12.514999999999999
2551,12.585
2552,12.545000000000002
2553,12.49
2554,12.495
2555,12.425000000000002
2556,12.365
2557,12.39
2558,12.455000000000002
2559,12.43
2560,12.4
2561,12.445
2562,12.47
2563,12.485
2564,12.47
2565,12.485
2566,12.485
2567,12.455000000000002
2568,12.48
2569,12.55
2570,12.65
2571,12.675
2572,12.65
2573,12.705
2574,12.71
2575,12.98
2576,12.97
2577,12.944999999999999
2578,12.955
2579,12.935
2580,12.955
2581,13.015
2582,13.034999999999998
2583,13.064999999999998
2584,13.12
2585,13.125
2586,13.115
2587,13.095
2588,13.064999999999998
2589,13.08
2590,13.095
2591,13.125
2592,13.160000000000002
2593,13.195
2594,13.165
2595,13.160000000000002
2596,13.15
2597,13.175
2598,13.175
2599,13.17
2600,13.190000000000001
2601,13.18
2602,13.185
2603,13.205
2604,13.14
2605,13.09
2606,13.135
2607,13.190000000000001
2608,13.145
2609,13.135
2610,13.165
2611,13.17
2612,13.195
2613,13.255000000000003
2614,13.26
2615,13.265
2616,13.26
2617,13.279999999999998
2618,13.275
2619,13.27
2620,13.23
2621,13.215
2622,13.225
2623,13.22
2624,13.205
2625,13.215
2626,13.27
2627,13.15
2628,13.1
2629,13.155
2630,13.190000000000001
2631,13.245
2632,13.249999999999998
2633,13.18
2634,13.105
2635,13.115
2636,13.129999999999999
2637,13.085
2638,13.055
2639,13.045
2640,13.04
2641,13.04
2642,13.06
2643,13.1
2644,13.11
2645,13.115
2646,13.125
2647,13.06
2648,13.055
2649,13.08
2650,13.09
2651,13.105
2652,13.1
2653,12.88
2654,12.849999999999998
2655,12.760000000000002
2656,12.77
2657,12.77
2658,12.725
2659,12.7
2660,12.729999999999999
2661,12.695
2662,12.695
2663,12.715
2664,12.74
2665,12.685
2666,12.695
2667,12.664999999999997
2668,12.675
2669,12.675
2670,12.685
2671,12.72
2672,12.695
2673,12.664999999999997
2674,12.66
2675,12.65
2676,12.664999999999997
2677,12.74
2678,12.735
2679,12.475
2680,12.58
2681,12.59
2682,12.575000000000001
2683,12.62
2684,12.7
2685,12.745
2686,12.755
2687,12.75
2688,12.760000000000002
2689,12.795
2690,12.865
2691,12.86
2692,12.875
2693,12.89
2694,12.845
2695,12.865
2696,12.86
2697,12.849999999999998
2698,12.825
2699,12.86
2700,12.89
2701,12.855000000000002
2702,12.815
2703,12.875
2704,12.865
2705,13.08
2706,13.1
2707,13.06
2708,13.06
2709,13.025
2710,12.965
2711,12.93
2712,12.92
2713,12.915
2714,12.925
2715,12.95
2716,12.92
2717,12.99
2718,12.91
2719,12.93
2720,12.985
2721,12.975000000000001
2722,12.944999999999999
2723,12.925
2724,12.944999999999999
2725,12.915
2726,12.93
2727,12.985
2728,12.965
2729,12.975000000000001
2730,13.015
2731,13.23
2732,13.27
2733,13.24
2734,13.21
2735,13.160000000000002
2736,13.190000000000001
2737,13.190000000000001
2738,13.235
2739,13.235
2740,13.190000000000001
2741,13.190000000000001
2742,13.190000000000001
2743,13.195
2744,13.195
2745,13.205
2746,13.21
2747,13.2
2748,13.205
2749,13.18
2750,13.195
2751,13.175
2752,13.175
2753,13.185
2754,13.165
2755,13.165
2756,13.165
2757,13.285
2758,13.295
2759,13.275
2760,13.285
2761,13.275
2762,13.275
2763,13.255000000000003
2764,13.255000000000003
2765,13.26
2766,13.265
2767,13.265
2768,13.255000000000003
2769,13.249999999999998
2770,13.225
2771,13.205
2772,13.54
2773,13.55
2774,13.48
2775,13.45
2776,13.51
2777,13.505
2778,13.55
2779,13.545
2780,13.58
2781,13.560000000000002
2782,13.545
2783,13.57
2784,13.555
2785,13.555
2786,13.565
2787,13.565
2788,13.565
2789,13.555
2790,13.555
2791,13.560000000000002
2792,13.545
2793,13.53
2794,13.545
2795,13.555
2796,13.545
2797,13.545
2798,13.42
2799,13.45
2800,13.494999999999997
2801,13.44
2802,13.434999999999999
2803,13.405000000000001
2804,13.395
2805,13.375000000000002
2806,13.355
2807,13.39
2808,13.365
2809,13.35
2810,13.344999999999999
2811,13.355
2812,13.395
2813,13.355
2814,13.38
2815,13.375000000000002
2816,13.41
2817,13.425
2818,13.425
2819,13.415
2820,13.425
2821,13.405000000000001
2822,13.445
2823,13.434999999999999
2824,13.7
2825,13.71
2826,13.74
2827,13.67
2828,13.69
2829,13.72
2830,13.735
2831,13.69
2832,13.69
2833,13.695
2834,13.71
2835,13.735
2836,13.71
2837,13.705
2838,13.69
2839,13.665
2840,13.679999999999998
2841,13.645
2842,13.67
2843,13.665
2844,13.685000000000002
2845,13.675
2846,13.71
2847,13.675
2848,13.66
2849,13.649999999999999
2850,13.590000000000002
2851,13.705
2852,13.649999999999999
2853,13.66
2854,13.67
2855,13.655
2856,13.590000000000002
2857,13.57
2858,13.565
2859,13.590000000000002
2860,13.585
2861,13.595
2862,13.560000000000002
2863,13.55
2864,13.57
2865,13.575
2866,13.590000000000002
2867,13.615
2868,13.605
2869,13.575
2870,13.585
2871,13.595
2872,13.595
2873,13.63
2874,13.605
2875,13.64
2876,13.88
2877,13.86
2878,13.834999999999999
2879,13.875
2880,13.894999999999998
2881,13.915
2882,13.984999999999998
2883,14.035
2884,14.14
2885,14.165
2886,14.225
2887,14.205000000000002
2888,14.17
2889,14.185
2890,14.199999999999998
2891,14.215
2892,14.199999999999998
2893,14.22
2894,14.195
2895,14.175000000000002
2896,14.175000000000002
2897,14.175000000000002
2898,14.205000000000002
2899,14.195
2900,14.19
2901,14.13
2902,14.095
2903,14.215
2904,14.31
2905,14.315
2906,14.305
2907,14.37
2908,14.32
2909,14.3
2910,14.294999999999998
2911,14.205000000000002
2912,14.19
2913,14.205000000000002
2914,14.205000000000002
2915,14.235000000000001
2916,14.225
2917,14.24
2918,14.245
2919,14.25
2920,14.235000000000001
2921,14.255
2922,14.245
2923,14.255
2924,14.255
2925,14.264999999999999
2926,14.255
2927,14.27
2928,14.27
2929,14.294999999999998
2930,14.325000000000001
2931,14.365
2932,14.41
2933,14.390000000000002
2934,14.41
2935,14.41
2936,14.384999999999998
2937,14.390000000000002
2938,14.384999999999998
2939,14.375
2940,14.365
2941,14.37
2942,14.375
2943,14.38
2944,14.365
2945,14.365
2946,14.384999999999998
2947,14.384999999999998
2948,14.384999999999998
2949,14.365
2950,14.345
2951,14.325000000000001
2952,14.384999999999998
2953,14.4
2954,14.445
2955,14.375
2956,14.41
2957,14.425
2958,14.46
2959,14.44
2960,14.414999999999997
2961,14.405
2962,14.31
2963,14.34
2964,14.345
2965,14.315
2966,14.315
2967,14.305
2968,14.31
2969,14.325000000000001
2970,14.305
2971,14.31
2972,14.3
2973,14.305
2974,14.31
2975,14.31
2976,14.285
2977,14.285
2978,14.264999999999999
2979,14.26
2980,14.21
2981,14.199999999999998
2982,14.23
2983,14.205000000000002
2984,14.22
2985,14.28
2986,14.26
2987,14.27
2988,14.294999999999998
2989,14.35
2990,14.35
2991,14.38
2992,14.375
2993,14.38
2994,14.38
2995,14.384999999999998
2996,14.355
2997,14.35
2998,14.34
2999,14.33
3000,14.34
3001,14.335
3002,14.345
3003,14.365000000000002
3004,14.375
3005,14.369999999999997
3006,14.325
3007,14.325
3008,14.335
3009,14.305
3010,14.32
3011,14.33
3012,14.355
3013,14.345
3014,14.355
3015,14.345
3016,14.35
3017,14.35
3018,14.365000000000002
3019,14.355
3020,14.35
3021,14.355
3022,14.355
3023,14.355
3024,14.355
3025,14.345
3026,14.345
3027,14.355
3028,14.369999999999997
3029,14.415
3030,14.385
3031,14.405
3032,14.450000000000001
3033,14.46
3034,14.415
3035,14.455
3036,14.47
3037,14.465
3038,14.475
3039,14.48
3040,14.475
3041,14.475
3042,14.475
3043,14.485
3044,14.47
3045,14.48
3046,14.48
3047,14.485
3048,14.485
3049,14.495
3050,14.5
3051,14.505
3052,14.515
3053,14.525
3054,14.535
3055,14.615
3056,14.635
3057,14.67
3058,14.67
3059,14.59
3060,14.56
3061,14.569999999999999
3062,14.505
3063,14.495
3064,14.485
3065,14.495
3066,14.525
3067,14.545
3068,14.54
3069,14.535
3070,14.489999999999998
3071,14.5
3072,14.505
3073,14.5
3074,14.5
3075,14.54
3076,14.615
3077,14.645
3078,14.62
3079,14.610000000000001
3080,14.62
3081,14.48
3082,14.575
3083,14.56
3084,14.595
3085,14.58
3086,14.54
3087,14.555
3088,14.569999999999999
3089,14.55
3090,14.55
3091,14.56
3092,14.565
3093,14.56
3094,14.569999999999999
3095,14.6
3096,14.595
3097,14.585
3098,14.610000000000001
3099,14.615
3100,14.610000000000001
3101,14.615
3102,14.605
3103,14.610000000000001
3104,14.645
3105,14.685
3106,14.665
3107,14.685
3108,14.555
3109,14.565
3110,14.58
3111,14.595
3112,14.595
3113,14.595
3114,14.6
3115,14.615
3116,14.615
3117,14.610000000000001
3118,14.569999999999999
3119,14.569999999999999
3120,14.555
3121,14.555
3122,14.555
3123,14.555
3124,14.545
3125,14.545
3126,14.555
3127,14.525
3128,14.535
3129,14.525
3130,14.525
3131,14.505
3132,14.485
3133,14.56
3134,14.55
3135,14.54
3136,14.52
3137,14.52
3138,14.555
3139,14.585
3140,14.54
3141,14.515
3142,14.450000000000001
3143,14.38
3144,14.38
3145,14.369999999999997
3146,14.36
3147,14.38
3148,14.385
3149,14.39
3150,14.395
3151,14.385
3152,14.36
3153,14.355
3154,14.35
3155,14.325
3156,14.275
3157,14.305
3158,14.315
3159,14.36
3160,14.335
3161,14.285000000000002
3162,14.289999999999997
3163,14.24
3164,14.17
3165,14.215
3166,14.24
3167,14.175
3168,14.195
3169,14.215
3170,14.22
3171,14.205000000000002
3172,14.155
3173,14.135
3174,14.145
3175,14.105
3176,14.115
3177,14.16
3178,14.165
3179,14.165
3180,14.135
3181,14.145
3182,14.165
3183,14.165
3184,14.135
3185,14.325
3186,14.36
3187,14.409999999999998
3188,14.395
3189,14.385
3190,14.395
3191,14.409999999999998
3192,14.455
3193,14.455
3194,14.455
3195,14.455
3196,14.450000000000001
3197,14.455
3198,14.44
3199,14.445
3200,14.46
3201,14.44
3202,14.425
3203,14.425
3204,14.409999999999998
3205,14.42
3206,14.405
3207,14.425
3208,14.44
3209,14.435
3210,14.48
3211,14.5
3212,14.42
3213,14.409999999999998
3214,14.42
3215,14.39
3216,14.409999999999998
3217,14.385
3218,14.38
3219,14.409999999999998
3220,14.43
3221,14.455
3222,14.445
3223,14.42
3224,14.425
3225,14.42
3226,14.435
3227,14.450000000000001
3228,14.475
3229,14.495
3230,14.489999999999998
3231,14.495
3232,14.515
3233,14.525
3234,14.5
3235,14.485
3236,14.489999999999998
3237,14.955
3238,14.99
3239,14.945
3240,14.92
3241,14.935
3242,14.985
3243,15.04
3244,15.01
3245,15.015
3246,15.0
3247,15.01
3248,15.01
3249,15.0
3250,15.025
3251,15.02
3252,15.005
3253,15.015
3254,15.025
3255,15.025
3256,15.015
3257,15.005
3258,15.015
3259,15.015
3260,15.005
3261,15.035
3262,15.045
3263,15.14
3264,15.09
3265,15.08
3266,15.005
3267,14.974999999999998
3268,14.970000000000002
3269,14.995
3270,15.015
3271,15.035
3272,15.050000000000002
3273,15.065
3274,15.09
3275,15.085
3276,15.1
3277,15.095
3278,15.115
3279,15.115
3280,15.115
3281,15.095
3282,15.075
3283,15.075
3284,15.085
3285,15.1
3286,15.105
3287,15.115
3288,15.130000000000003
3289,15.17
3290,15.175
3291,15.125
3292,15.14
3293,15.130000000000003
3294,15.130000000000003
3295,15.15
3296,15.155
3297,15.145
3298,15.134999999999998
3299,15.14
3300,15.11
3301,15.125
3302,15.14
3303,15.145
3304,15.145
3305,15.155
3306,15.155
3307,15.155
3308,15.134999999999998
3309,15.130000000000003
3310,15.134999999999998
3311,15.134999999999998
3312,15.16
3313,15.175
3314,15.19
3315,15.19
3316,15.09
3317,15.075
3318,15.08
3319,15.03
3320,15.025
3321,15.005
3322,15.005
3323,15.0
3324,14.96
3325,14.965
3326,14.96
3327,14.955
3328,14.935
3329,14.925
3330,14.890000000000002
3331,14.835
3332,14.835
3333,14.845
3334,14.805
3335,14.809999999999999
3336,14.8
3337,14.805
3338,14.805
3339,14.809999999999999
3340,14.795
3341,14.809999999999999
3342,14.84
3343,14.809999999999999
3344,14.835
3345,14.82
3346,14.83
3347,14.86
3348,14.875
3349,14.94
3350,14.94
3351,14.93
3352,14.94
3353,14.935
3354,14.935
3355,14.93
3356,14.94
3357,14.92
3358,14.890000000000002
3359,14.875
3360,14.91
3361,14.905
3362,14.885
3363,14.87
3364,14.88
3365,14.875
3366,14.91
3367,14.875
3368,14.765
3369,14.770000000000001
3370,14.809999999999999
3371,14.8
3372,14.795
3373,14.78
3374,14.795
3375,14.825
3376,14.809999999999999
3377,14.795
3378,14.795
3379,14.8
3380,14.805
3381,14.8
3382,14.770000000000001
3383,14.795
3384,14.79
3385,14.785
3386,14.805
3387,14.815
3388,14.835
3389,14.845
3390,14.845
3391,14.845
3392,14.894999999999998
3393,14.91
3394,14.970000000000002
3395,14.95
3396,14.974999999999998
3397,14.974999999999998
3398,14.974999999999998
3399,14.995
3400,14.985
3401,14.985
3402,14.974999999999998
3403,14.970000000000002
3404,14.970000000000002
3405,14.96
3406,14.965
3407,14.96
3408,14.96
3409,14.955
3410,14.96
3411,14.96
3412,15.01
3413,15.025
3414,15.025
3415,15.025
3416,15.015
3417,14.995
3418,14.995
3419,15.03
3420,15.015
3421,15.08
3422,15.11
3423,15.07
3424,15.045
3425,15.01
3426,15.054999999999998
3427,15.08
3428,15.054999999999998
3429,15.07
3430,15.09
3431,15.115
3432,15.11
3433,15.11
3434,15.115
3435,15.12
3436,15.12
3437,15.12
3438,15.11
3439,15.130000000000003
3440,15.134999999999998
3441,15.14
3442,15.130000000000003
3443,15.125
3444,15.165
3445,15.17
3446,15.134999999999998
3447,15.115
3448,15.125
3449,15.115
3450,15.15
3451,15.12
3452,15.134999999999998
3453,15.125
3454,15.175
3455,15.145
3456,15.145
3457,15.155
3458,15.16
3459,15.185
3460,15.185
3461,15.175
3462,15.185
3463,15.19
3464,15.145
3465,15.130000000000003
3466,15.165
3467,15.155
3468,15.134999999999998
3469,15.145
3470,15.145
3471,15.14
3472,15.11
3473,15.1
3474,15.15
3475,15.134999999999998
3476,15.16
3477,15.235
3478,15.205
3479,15.205
3480,15.165
3481,15.165
3482,15.155
3483,15.125
3484,15.14
3485,15.130000000000003
3486,15.16
3487,15.155
3488,15.16
3489,15.145
3490,15.145
3491,15.145
3492,15.155
3493,15.155
3494,15.16
3495,15.155
3496,15.155
3497,15.155
3498,15.07
3499,15.06
3500,15.125
3501,15.195
3502,15.195
3503,15.2
3504,15.23
3505,15.235
3506,15.215
3507,15.225
3508,15.225
3509,15.249999999999998
3510,15.24
3511,15.210000000000003
3512,15.205
3513,15.205
3514,15.205
3515,15.205
3516,15.215
3517,15.205
3518,15.215
3519,15.215
3520,15.215
3521,15.24
3522,15.235
3523,15.22
3524,15.34
3525,15.305
3526,15.335
3527,15.31
3528,15.305
3529,15.34
3530,15.325
3531,15.335
3532,15.345000000000002
3533,15.32
3534,15.3
3535,15.315
3536,15.33
3537,15.315
3538,15.325
3539,15.325
3540,15.325
3541,15.335
3542,15.325
3543,15.325
3544,15.405
3545,15.37
3546,15.384999999999998
3547,15.384999999999998
3548,15.36
3549,15.36
3550,15.46
3551,15.455
3552,15.46
3553,15.45
3554,15.45
3555,15.42
3556,15.44
3557,15.435
3558,15.415
3559,15.425
3560,15.425
3561,15.445
3562,15.45
3563,15.475
3564,15.47
3565,15.49
3566,15.480000000000002
3567,15.475
3568,15.465
3569,15.455
3570,15.455
3571,15.445
3572,15.425
3573,15.42
3574,15.395
3575,15.405
3576,15.49
3577,15.465
3578,15.455
3579,15.42
3580,15.41
3581,15.425
3582,15.47
3583,15.46
3584,15.480000000000002
3585,15.505
3586,15.47
3587,15.47
3588,15.485
3589,15.495
3590,15.495
3591,15.5
3592,15.47
3593,15.485
3594,15.480000000000002
3595,15.480000000000002
3596,15.485
3597,15.49
3598,15.505
3599,15.525
3600,15.535
3601,15.54
3602,15.635
3603,15.615000000000002
3604,15.69
3605,15.665
3606,15.68
3607,15.66
3608,15.675
3609,15.735
3610,15.73
3611,15.7
3612,15.695
3613,15.710000000000003
3614,15.72
3615,15.735
3616,15.73
3617,15.745
3618,15.76
3619,15.77
3620,15.76
3621,15.73
3622,15.715
3623,15.715
3624,15.710000000000003
3625,15.74
3626,15.765
3627,15.81
3628,15.88
3629,15.975
3630,15.985
3631,15.985
3632,15.985
3633,15.975
3634,15.99
3635,15.99
3636,15.965
3637,15.980000000000002
3638,15.975
3639,15.985
3640,15.985
3641,15.985
3642,15.975
3643,15.965
3644,15.965
3645,15.955
3646,15.935
3647,15.915
3648,15.895
3649,15.87
3650,15.865
3651,15.855
3652,15.845000000000002
3653,15.84
3654,15.89
3655,15.945
3656,15.895
3657,15.88
3658,15.83
3659,15.915
3660,15.935
3661,15.980000000000002
3662,15.995
3663,16.06
3664,16.155
3665,16.095
3666,16.125
3667,16.115
3668,16.105
3669,16.085
3670,16.065
3671,16.07
3672,16.075
3673,16.085
3674,16.1
3675,16.155
3676,16.175
3677,16.195
3678,16.205
3679,16.19
3680,16.09
3681,16.035
3682,16.07
3683,16.065
3684,16.015
3685,15.945
3686,15.945
3687,16.005
3688,15.935
3689,15.915
3690,15.905
3691,15.915
3692,15.97
3693,16.02
3694,16.05
3695,16.075
3696,16.105
3697,16.09
3698,16.135
3699,16.075
3700,16.06
3701,16.035
3702,16.08
3703,16.085
3704,16.105
3705,16.12
3706,16.095
3707,16.035
3708,15.965
3709,15.884999999999998
3710,15.84
3711,15.84
3712,15.8
3713,15.87
3714,15.795
3715,15.785
3716,15.785
3717,15.884999999999998
3718,15.85
3719,15.895
3720,15.865
3721,15.895
3722,15.895
3723,15.845000000000002
3724,15.815
3725,15.865
3726,15.87
3727,15.875
3728,15.905
3729,15.935
3730,15.97
3731,15.97
3732,15.93
3733,16.0
3734,15.96
3735,16.0
3736,16.03
3737,16.0
3738,15.99
3739,15.985
3740,15.955
3741,15.955
3742,15.935
3743,15.9
3744,15.92
3745,15.92
3746,15.935
3747,15.955
3748,15.94
3749,15.95
3750,15.980000000000002
3751,15.995
3752,15.995
3753,15.995
3754,15.99
3755,16.005
3756,15.97
3757,15.995
3758,16.0
3759,16.035
3760,15.855
3761,15.78
3762,15.8
3763,15.78
3764,15.715
3765,15.750000000000002
3766,15.72
3767,15.745
3768,15.775
3769,15.8
3770,15.83
3771,15.84
3772,15.815
3773,15.83
3774,15.815
3775,15.825
3776,15.825
3777,15.789999999999997
3778,15.76
3779,15.775
3780,15.785
3781,15.775
3782,15.765
3783,15.789999999999997
3784,15.750000000000002
3785,15.74
3786,15.835
3787,15.83
3788,15.78
3789,15.745
3790,15.73
3791,15.710000000000003
3792,15.735
3793,15.73
3794,15.72
3795,15.705
3796,15.695
3797,15.695
3798,15.705
3799,15.725
3800,15.74
3801,15.725
3802,15.78
3803,15.755
3804,15.745
3805,15.73
3806,15.745
3807,15.745
3808,15.715
3809,15.710000000000003
3810,15.755
3811,15.7
3812,15.710000000000003
3813,15.715
3814,15.77
3815,15.789999999999997
3816,15.845000000000002
3817,15.855
3818,15.87
3819,15.875
3820,15.91
3821,15.925
3822,15.925
3823,15.925
3824,15.915
3825,15.895
3826,15.88
3827,15.905
3828,15.9
3829,15.865
3830,15.895
3831,15.9
3832,15.895
3833,15.884999999999998
3834,15.89
3835,15.86
3836,16.01
3837,16.11
3838,16.0
3839,16.0
3840,15.97
3841,16.035
3842,15.995
3843,15.97
3844,15.895
3845,15.884999999999998
3846,15.905
3847,15.945
3848,15.93
3849,15.96
3850,15.92
3851,15.935
3852,15.91
3853,15.905
3854,15.85
3855,15.88
3856,15.855
3857,15.84
3858,15.805
3859,15.855
3860,15.815
3861,15.775
3862,15.57
3863,15.545
3864,15.62
3865,15.685
3866,15.73
3867,15.785
3868,15.815
3869,15.84
3870,15.87
3871,15.87
3872,15.87
3873,15.845000000000002
3874,15.88
3875,15.93
3876,15.884999999999998
3877,15.72
3878,15.789999999999997
3879,15.84
3880,15.85
3881,15.89
3882,15.91
3883,15.865
3884,15.87
3885,15.895
3886,15.93
3887,15.89
3888,15.69
3889,15.62
3890,15.595
3891,15.62
3892,15.65
3893,15.605
3894,15.575
3895,15.56
3896,15.6
3897,15.575
3898,15.67
3899,15.63
3900,15.67
3901,15.67
3902,15.73
3903,15.83
3904,15.8
3905,15.74
3906,15.725
3907,15.710000000000003
3908,15.76
3909,15.73
3910,15.695
3911,15.74
3912,15.725
3913,15.73
3914,15.695
3915,15.675
3916,15.710000000000003
3917,15.715
3918,15.69
3919,15.7
3920,15.68
3921,15.710000000000003
3922,15.715
3923,15.72
3924,15.715
3925,15.745
3926,15.69
3927,15.66
3928,15.67
3929,15.675
3930,15.65
3931,15.63
3932,15.6
3933,15.64
3934,15.66
3935,15.654999999999998
3936,15.61
3937,15.565
3938,15.615000000000002
3939,15.63
3940,15.69
3941,15.69
3942,15.705
3943,15.635
3944,15.635
3945,15.67
3946,15.64
3947,15.67
3948,15.66
3949,15.62
3950,15.654999999999998
3951,15.635
3952,15.62
3953,15.63
3954,15.625
3955,15.63
3956,15.65
3957,15.69
3958,15.69
3959,15.7
3960,15.67
3961,15.675
3962,15.665
3963,15.675
3964,15.69
3965,15.67
3966,15.59
3967,15.62
3968,15.55
3969,15.585
3970,15.66
3971,15.6
3972,15.615000000000002
3973,15.61
3974,15.63
3975,15.625
3976,15.63
3977,15.615000000000002
3978,15.58
3979,15.58
3980,15.56
3981,15.555
3982,15.54
3983,15.515
3984,15.535
3985,15.545
3986,15.55
3987,15.53
3988,15.525
3989,15.515
3990,15.525
3991,15.480000000000002
3992,15.635
3993,15.69
3994,15.69
3995,15.725
3996,15.69
3997,15.7
3998,15.7
3999,15.72
4000,15.755000000000003
4001,15.765000000000002
4002,15.69
4003,15.66
4004,15.665
4005,15.61
4006,15.625
4007,15.6
4008,15.56
4009,15.62
4010,15.635
4011,15.63
4012,15.625
4013,15.66
4014,15.61
4015,15.595000000000002
4016,15.595000000000002
4017,15.58
4018,15.685000000000002
4019,15.675000000000002
4020,15.65
4021,15.645
4022,15.53
4023,15.53
4024,15.605
4025,15.59
4026,15.63
4027,15.605
4028,15.565
4029,15.59
4030,15.565
4031,15.54
4032,15.565
4033,15.565
4034,15.595000000000002
4035,15.63
4036,15.635
4037,15.625
4038,15.595000000000002
4039,15.605
4040,15.62
4041,15.61
4042,15.615
4043,15.59
4044,15.75
4045,15.745
4046,15.705
4047,15.635
4048,15.72
4049,15.66
4050,15.7
4051,15.735
4052,15.705
4053,15.745
4054,15.77
4055,15.74
4056,15.72
4057,15.755000000000003
4058,15.735
4059,15.715
4060,15.715
4061,15.755000000000003
4062,15.6
4063,15.59
4064,15.595000000000002
4065,15.63
4066,15.645
4067,15.615
4068,15.665
4069,15.635
4070,15.665
4071,15.66
4072,15.64
4073,15.635
4074,15.65
4075,15.605
4076,15.585000000000003
4077,15.58
4078,15.57
4079,15.515
4080,15.505
4081,15.525
4082,15.545
4083,15.615
4084,15.605
4085,15.605
4086,15.595000000000002
4087,15.595000000000002
4088,15.59
4089,15.605
4090,15.635
4091,15.645
4092,15.61
4093,15.61
4094,15.61
4095,15.595000000000002
4096,15.585000000000003
4097,15.61
4098,15.64
4099,15.63
4100,15.6
4101,15.58
4102,15.615
4103,15.605
4104,15.635
4105,15.575
4106,15.54
4107,15.55
4108,15.535
4109,15.525
4110,15.515
4111,15.54
4112,15.515
4113,15.51
4114,15.53
4115,15.545
4116,15.545
4117,15.55
4118,15.535
4119,15.535
4120,15.525
4121,15.535
4122,15.34
4123,15.34
4124,15.385
4125,15.365
4126,15.369999999999997
4127,15.38
4128,15.38
4129,15.345
4130,15.32
4131,15.289999999999997
4132,15.295
4133,15.265
4134,15.205
4135,15.185
4136,15.145
4137,15.095
4138,15.079999999999998
4139,15.079999999999998
4140,15.075
4141,15.040000000000001
4142,15.035
4143,15.040000000000001
4144,15.049999999999999
4145,15.085
4146,15.085
4147,15.089999999999998
4148,15.049999999999999
4149,15.169999999999998
4150,15.175
4151,15.149999999999999
4152,15.149999999999999
4153,15.115
4154,15.155
4155,15.22
4156,15.21
4157,15.22
4158,15.169999999999998
4159,15.225
4160,15.179999999999998
4161,15.200000000000001
4162,15.22
4163,15.235
4164,15.245
4165,15.235
4166,15.279999999999998
4167,15.31
4168,15.289999999999997
4169,15.295
4170,15.3
4171,15.285
4172,15.295
4173,15.3
4174,15.33
4175,15.34
4176,15.31
4177,15.265
4178,15.279999999999998
4179,15.200000000000001
4180,15.169999999999998
4181,15.189999999999998
4182,15.175
4183,15.175
4184,15.21
4185,15.215
4186,15.215
4187,15.189999999999998
4188,15.175
4189,15.225
4190,15.235
4191,15.23
4192,15.269999999999998
4193,15.32
4194,15.3
4195,15.32
4196,15.315
4197,15.305
4198,15.335
4199,15.369999999999997
4200,15.42
4201,15.44
4202,15.4
4203,15.475
4204,15.465
4205,15.455
4206,15.425
4207,15.42
4208,15.44
4209,15.445
4210,15.49
4211,15.485
4212,15.359999999999998
4213,15.279999999999998
4214,15.200000000000001
4215,15.189999999999998
4216,15.195
4217,15.13
4218,15.159999999999998
4219,15.255
4220,15.205
4221,15.195
4222,15.21
4223,15.189999999999998
4224,15.205
4225,15.149999999999999
4226,15.249999999999998
4227,15.259999999999998
4228,15.34
4229,15.33
4230,15.425
4231,15.495
4232,15.63
4233,15.62
4234,15.615
4235,15.605
4236,15.605
4237,15.6
4238,15.6
4239,15.6
4240,15.6
4241,15.615
4242,15.63
4243,15.615
4244,15.635
4245,15.655
4246,15.675000000000002
4247,15.71
4248,15.715
4249,15.715
4250,15.71
4251,15.655
4252,15.53
4253,15.555
4254,15.605
4255,15.585000000000003
4256,15.675000000000002
4257,15.675000000000002
4258,15.705
4259,15.705
4260,15.73
4261,15.68
4262,15.63
4263,15.605
4264,15.6
4265,15.58
4266,15.575
4267,15.585000000000003
4268,15.585000000000003
4269,15.595000000000002
4270,15.62
4271,15.615
4272,15.585000000000003
4273,15.615
4274,15.625
4275,15.625
4276,15.655
4277,15.635
4278,15.725
4279,15.745
4280,15.72
4281,15.76
4282,15.89
4283,15.93
4284,15.875000000000002
4285,15.93
4286,16.005
4287,16.015
4288,16.0
4289,16.0
4290,15.98
4291,15.93
4292,15.905
4293,15.9
4294,15.93
4295,15.944999999999999
4296,15.97
4297,15.92
4298,15.934999999999999
4299,15.87
4300,15.83
4301,15.865000000000002
4302,15.844999999999999
4303,15.81
4304,16.04
4305,16.035
4306,16.185
4307,16.165
4308,16.15
4309,16.23
4310,16.205
4311,16.185
4312,16.18
4313,16.16
4314,16.155
4315,16.155
4316,16.155
4317,16.115
4318,16.14
4319,16.14
4320,16.18
4321,16.15
4322,16.15
4323,16.155
4324,16.16
4325,16.165
4326,16.175
4327,16.135
4328,16.155
4329,16.1
4330,16.12
4331,16.085
4332,16.15
4333,16.14
4334,16.15
4335,16.125
4336,16.075
4337,16.105
4338,16.11
4339,16.085
4340,16.115
4341,16.155
4342,16.165
4343,16.155
4344,16.155
4345,16.205
4346,16.17
4347,16.18
4348,16.185
4349,16.185
4350,16.195
4351,16.195
4352,16.215
4353,16.22
4354,16.215
4355,16.215
4356,16.035
4357,16.04
4358,16.11
4359,16.125
4360,16.165
4361,16.165
4362,16.195
4363,16.17
4364,16.06
4365,16.115
4366,16.135
4367,16.075
4368,16.075
4369,16.1
4370,16.08
4371,16.14
4372,16.155
4373,16.15
4374,16.17
4375,16.14
4376,16.145
4377,16.14
4378,16.12
4379,16.145
4380,16.135
4381,16.13
4382,16.23
4383,16.275
4384,16.265
4385,16.27
4386,16.345
4387,16.38
4388,16.375
4389,16.35
4390,16.325
4391,16.33
4392,16.335
4393,16.315
4394,16.33
4395,16.345
4396,16.365
4397,16.375
4398,16.36
4399,16.335
4400,16.315
4401,16.305
4402,16.315
4403,16.315
4404,16.31
4405,16.295
4406,16.285
4407,16.3
4408,16.23
4409,16.29
4410,16.28
4411,16.215
4412,16.22
4413,16.165
4414,16.175
4415,16.135
4416,16.16
4417,16.12
4418,16.105
4419,16.125
4420,16.17
4421,16.14
4422,16.105
4423,16.135
4424,16.12
4425,16.095
4426,16.065
4427,16.08
4428,16.095
4429,16.08
4430,16.055
4431,16.1
4432,16.115
4433,16.11
4434,16.08
4435,16.185
4436,16.18
4437,16.22
4438,16.2
4439,16.14
4440,16.135
4441,16.1
4442,16.09
4443,16.095
4444,16.095
4445,16.1
4446,16.1
4447,16.1
4448,16.105
4449,16.09
4450,16.08
4451,16.09
4452,16.08
4453,16.045
4454,16.03
4455,16.025
4456,16.035
4457,16.035
4458,16.035
4459,16.035
4460,15.715
4461,15.68
4462,15.7
4463,15.68
4464,15.655
4465,15.68
4466,15.655
4467,15.73
4468,15.695000000000002
4469,15.69
4470,15.72
4471,15.7
4472,15.79
4473,15.765000000000002
4474,15.72
4475,15.75
4476,15.74
4477,15.795000000000002
4478,15.76
4479,15.775000000000002
4480,15.77
4481,15.81
4482,15.844999999999999
4483,15.855000000000002
4484,15.875000000000002
4485,15.85
4486,16.19
4487,16.17
4488,16.135
4489,16.065
4490,16.085
4491,16.015
4492,15.955000000000002
4493,15.98
4494,15.995000000000001
4495,15.98
4496,15.97
4497,15.99
4498,16.045
4499,16.04
4500,16.04
4501,16.045
4502,16.01
4503,16.02
4504,15.975
4505,16.03
4506,16.015
4507,16.03
4508,16.055
4509,16.105
4510,16.105
4511,16.01
4512,16.08
4513,16.005
4514,16.045
4515,16.04
4516,16.01
4517,15.98
4518,15.959999999999999
4519,15.915000000000001
4520,15.940000000000001
4521,16.01
4522,16.02
4523,16.01
4524,15.994999999999997
4525,15.989999999999998
4526,15.985
4527,15.940000000000001
4528,15.985
4529,15.945
4530,16.045
4531,16.01
4532,16.02
4533,16.075
4534,16.03
4535,16.075
4536,16.095
4537,16.06
4538,16.215
4539,16.16
4540,16.175
4541,16.135
4542,16.175
4543,16.145
4544,16.185
4545,16.2
4546,16.21
4547,16.215
4548,16.19
4549,16.215
4550,16.185
4551,16.185
4552,16.205
4553,16.225
4554,16.23
4555,16.225
4556,16.235
4557,16.23
4558,16.215
4559,16.225
4560,16.23
4561,16.225
4562,16.235
4563,16.25
4564,16.315
4565,16.385
4566,16.375
4567,16.37
4568,16.45
4569,16.46
4570,16.41
4571,16.415
4572,16.43
4573,16.44
4574,16.45
4575,16.47
4576,16.465
4577,16.47
4578,16.475
4579,16.475
4580,16.49
4581,16.49
4582,16.505
4583,16.51
4584,16.48
4585,16.495
4586,16.505
4587,16.53
4588,16.52
4589,16.475
4590,16.515
4591,16.59
4592,16.595
4593,16.54
4594,16.485
4595,16.45
4596,16.435
4597,16.49
4598,16.485
4599,16.55
4600,16.545
4601,16.565
4602,16.605
4603,16.56
4604,16.575
4605,16.58
4606,16.585
4607,16.58
4608,16.595
4609,16.585
4610,16.575
4611,16.57
4612,16.585
4613,16.565
4614,16.57
4615,16.55
4616,16.44
4617,16.46
4618,16.46
4619,16.52
4620,16.54
4621,16.58
4622,16.55
4623,16.56
4624,16.565
4625,16.59
4626,16.595
4627,16.585
4628,16.635
4629,16.6
4630,16.585
4631,16.59
4632,16.585
4633,16.595
4634,16.595
4635,16.625
4636,16.63
4637,16.635
4638,16.64
4639,16.63
4640,16.645
4641,16.66
4642,16.7
4643,16.76
4644,16.69
4645,16.615
4646,16.63
4647,16.7
4648,16.735
4649,16.745
4650,16.75
4651,16.75
4652,16.745
4653,16.745
4654,16.735
4655,16.735
4656,16.745
4657,16.745
4658,16.755
4659,16.765
4660,16.785
4661,16.785
4662,16.795
4663,16.775
4664,16.775
4665,16.765
4666,16.765
4667,16.75
4668,16.785
4669,16.745
4670,16.765
4671,16.75
4672,16.69
4673,16.73
4674,16.735
4675,16.745
4676,16.73
4677,16.705
4678,16.695
4679,16.705
4680,16.715
4681,16.72
4682,16.725
4683,16.725
4684,16.725
4685,16.735
4686,16.725
4687,16.715
4688,16.725
4689,16.71
4690,16.7
4691,16.725
4692,16.715
4693,16.71
4694,16.78
4695,16.745
4696,16.725
4697,16.75
4698,16.79
4699,16.81
4700,16.805
4701,16.8
4702,16.775
4703,16.8
4704,16.805
4705,16.815
4706,16.835
4707,16.845
4708,16.85
4709,16.84
4710,16.84
4711,16.82
4712,16.82
4713,16.82
4714,16.825
4715,16.835
4716,16.84
4717,16.855
4718,16.855
4719,16.865
4720,16.91
4721,16.95
4722,16.895
4723,16.915
4724,16.915
4725,16.935
4726,16.935
4727,16.945
4728,16.96
4729,17.025
4730,17.06
4731,17.08
4732,17.055
4733,17.06
4734,17.065
4735,17.04
4736,17.04
4737,17.04
4738,17.025
4739,17.045
4740,17.075
4741,17.055
4742,17.0
4743,16.99
4744,16.965
4745,16.91
4746,16.895
4747,16.81
4748,16.73
4749,16.77
4750,16.845
4751,16.77
4752,16.78
4753,16.78
4754,16.78
4755,16.785
4756,16.795
4757,16.78
4758,16.815
4759,16.795
4760,16.7
4761,16.7
4762,16.645
4763,16.55
4764,16.555
4765,16.67
4766,16.645
4767,16.68
4768,16.665
4769,16.73
4770,16.685
4771,16.665
4772,16.625
4773,16.575
4774,16.665
4775,16.68
4776,16.65
4777,16.615
4778,16.635
4779,16.685
4780,16.67
4781,16.675
4782,16.695
4783,16.69
4784,16.675
4785,16.68
4786,16.67
4787,16.665
4788,16.68
4789,16.665
4790,16.65
4791,16.625
4792,16.615
4793,16.615
4794,16.58
4795,16.58
4796,16.575
4797,16.5
4798,16.67
4799,16.65
4800,16.645
4801,16.625
4802,16.575
4803,16.62
4804,16.61
4805,16.62
4806,16.6
4807,16.56
4808,16.555
4809,16.505
4810,16.53
4811,16.53
4812,16.52
4813,16.535
4814,16.44
4815,16.44
4816,16.4
4817,16.395
4818,16.415
4819,16.405
4820,16.44
4821,16.51
4822,16.54
4823,16.605
4824,16.43
4825,16.5
4826,16.435
4827,16.41
4828,16.42
4829,16.28
4830,16.355
4831,16.345
4832,16.345
4833,16.42
4834,16.38
4835,16.425
4836,16.455
4837,16.48
4838,16.385
4839,16.415
4840,16.39
4841,16.43
4842,16.48
4843,16.49
4844,16.495
4845,16.45
4846,16.49
4847,16.51
4848,16.505
4849,16.47
4850,16.515
4851,16.58
4852,16.655
4853,16.655
4854,16.65
4855,16.62
4856,16.61
4857,16.58
4858,16.54
4859,16.525
4860,16.535
4861,16.51
4862,16.46
4863,16.48
4864,16.475
4865,16.51
4866,16.53
4867,16.54
4868,16.58
4869,16.53
4870,16.54
4871,16.57
4872,16.545
4873,16.515
4874,16.47
4875,16.48
4876,16.44
4877,16.37
4878,16.445
4879,16.515
4880,16.55
4881,16.6
4882,16.635
4883,16.62
4884,16.64
4885,16.63
4886,16.63
4887,16.67
4888,16.675
4889,16.66
4890,16.65
4891,16.62
4892,16.625
4893,16.62
4894,16.605
4895,16.605
4896,16.57
4897,16.56
4898,16.535
4899,16.575
4900,16.545
4901,16.57
4902,16.925
4903,16.94
4904,16.97
4905,16.965
4906,16.98
4907,16.96
4908,16.985
4909,16.985
4910,17.0
4911,17.0
4912,17.025
4913,16.985
4914,16.955
4915,16.98
4916,16.975
4917,16.965
4918,16.955
4919,16.985
4920,16.955
4921,16.965
4922,16.945
4923,16.95
4924,16.965
4925,16.98
4926,16.98
4927,17.01
4928,16.75
4929,16.795
4930,16.785
4931,16.85
4932,16.89
4933,16.975
4934,17.07
4935,17.03
4936,17.09
4937,17.1
4938,17.095
4939,17.075
4940,17.065
4941,17.045
4942,17.04
4943,16.995
4944,17.0
4945,17.01
4946,16.995
4947,16.99
4948,16.955
4949,16.95
4950,16.99
4951,17.01
4952,17.015
4953,16.995
4954,17.77
4955,17.94
4956,17.645
4957,17.51
4958,17.475
4959,17.59
4960,17.7
4961,17.715
4962,17.74
4963,17.81
4964,17.79
4965,17.795
4966,17.78
4967,17.82
4968,17.91
4969,17.89
4970,17.91
4971,17.985
4972,17.945
4973,17.915
4974,17.965
4975,17.975
4976,17.985
4977,18.015
4978,17.965
4979,17.96
4980,18.85
4981,18.86
4982,18.7
4983,18.67
4984,18.645
4985,18.52
4986,18.455
4987,18.38
4988,18.46
4989,18.55
4990,18.71
4991,18.73
4992,18.67
4993,18.715
4994,18.74
4995,18.77
4996,18.875
4997,18.895
4998,18.945
4999,18.98
5000,18.94
5001,18.91
5002,18.865
5003,18.83
5004,18.785
5005,18.75
5006,18.87
5007,18.875
5008,18.83
5009,18.75
5010,18.785
5011,18.705
5012,18.77
5013,18.79
5014,18.875
5015,18.8
5016,18.855
5017,18.885
5018,18.9
5019,18.95
5020,18.98
5021,18.99
5022,18.985
5023,18.99
5024,18.96
5025,18.915
5026,18.9
5027,18.895
5028,18.905
5029,18.95
5030,18.97
5031,19.01
5032,19.66
5033,19.8
5034,20.06
5035,19.96
5036,19.89
5037,19.815
5038,19.965
5039,19.98
5040,20.02
5041,19.995
5042,19.91
5043,19.915
5044,19.83
5045,19.77
5046,19.91
5047,19.965
5048,20.0
5049,19.950000000000003
5050,19.875
5051,19.840000000000003
5052,19.845
5053,19.925
5054,19.985
5055,19.995
5056,19.985
5057,20.095
5058,19.66
5059,19.65
5060,19.729999999999997
5061,19.74
5062,19.765
5063,19.88
5064,19.955
5065,19.88
5066,19.86
5067,19.855
5068,19.85
5069,19.875
5070,19.92
5071,19.96
5072,19.950000000000003
5073,19.965
5074,19.985
5075,19.975
5076,19.975
5077,19.945
5078,19.985
5079,20.065
5080,20.04
5081,20.025
5082,20.065
5083,20.169999999999998
5084,19.77
5085,19.74
5086,19.76
5087,19.795
5088,19.795
5089,19.775
5090,19.81
5091,19.81
5092,19.78
5093,19.775
5094,19.75
5095,19.77
5096,19.76
5097,19.76
5098,19.77
5099,19.745
5100,19.784999999999997
5101,19.775
5102,19.815
5103,19.82
5104,19.81
5105,19.815
5106,19.79
5107,19.755
5108,19.705
5109,19.74
5110,19.875
5111,19.97
5112,19.89
5113,19.94
5114,19.955
5115,20.085
5116,20.145
5117,20.12
5118,20.15
5119,20.115
5120,20.165
5121,20.184999999999995
5122,20.16
5123,20.165
5124,20.195
5125,20.16
5126,20.129999999999995
5127,20.16
5128,20.14
5129,20.15
5130,20.105
5131,20.06
5132,20.08
5133,20.08
5134,20.04
5135,20.08
5136,19.96
5137,20.01
5138,20.035
5139,20.005000000000003
5140,20.025
5141,20.025
5142,20.03
5143,20.12
5144,20.095
5145,20.015
5146,20.015
5147,20.045000000000005
5148,20.015
5149,20.035
5150,20.045000000000005
5151,20.085
5152,20.125
5153,20.105
5154,20.04
5155,19.99
5156,19.995
5157,19.975
5158,20.04
5159,20.015
5160,20.025
5161,20.0
5162,20.05
5163,20.19
5164,20.145
5165,20.095
5166,20.095
5167,20.11
5168,20.14
5169,20.129999999999995
5170,20.16
5171,20.15
5172,20.11
5173,20.129999999999995
5174,20.16
5175,20.125
5176,20.145
5177,20.155
5178,20.155
5179,20.165
5180,20.175
5181,20.195
5182,20.195
5183,20.224999999999998
5184,20.275
5185,20.32
5186,20.275
5187,20.335000000000004
5188,20.45
5189,20.36
5190,20.33
5191,20.27
5192,20.245
5193,20.26
5194,20.29
5195,20.255
5196,20.169999999999998
5197,20.135
5198,20.145
5199,20.19
5200,20.14
5201,20.165
5202,20.18
5203,20.205
5204,20.235
5205,20.22
5206,20.23
5207,20.275
5208,20.275
5209,20.305
5210,20.305
5211,20.315
5212,20.335000000000004
5213,20.279999999999998
5214,20.29
5215,20.32
5216,20.315
5217,20.41
5218,20.42
5219,20.47
5220,20.42
5221,20.455
5222,20.465
5223,20.515
5224,20.575
5225,20.545
5226,20.565
5227,20.54
5228,20.565
5229,20.575
5230,20.655
5231,20.63
5232,20.62
5233,20.605
5234,20.595
5235,20.58
5236,20.615
5237,20.624999999999996
5238,20.61
5239,20.56
5240,20.56
5241,20.615
5242,20.624999999999996
5243,20.66
5244,20.679999999999996
5245,20.734999999999996
5246,20.725
5247,20.715
5248,20.734999999999996
5249,20.745
5250,20.765
5251,20.815
5252,20.835
5253,20.84
5254,20.679999999999996
5255,20.679999999999996
5256,20.66
5257,20.655
5258,20.595
5259,20.545
5260,20.52
5261,20.53
5262,20.505
5263,20.56
5264,20.55
5265,20.53
5266,20.525
5267,20.535
5268,20.525
5269,20.525
5270,20.54
5271,20.535
5272,20.525
5273,20.495
5274,20.475
5275,20.465
5276,20.435
5277,20.395
5278,20.335000000000004
5279,20.3
5280,20.43
5281,20.325
5282,20.36
5283,20.42
5284,20.475
5285,20.51
5286,20.485
5287,20.495
5288,20.46
5289,20.425
5290,20.395
5291,20.35
5292,20.34
5293,20.375
5294,20.37
5295,20.355
5296,20.355
5297,20.365
5298,20.355
5299,20.335000000000004
5300,20.345
5301,20.315
5302,20.31
5303,20.29
5304,20.275
5305,20.3
5306,20.734999999999996
5307,20.765
5308,20.815
5309,20.8
5310,20.83
5311,20.855
5312,20.955000000000002
5313,20.95
5314,20.975
5315,20.91
5316,20.885000000000005
5317,20.935
5318,20.925
5319,20.93
5320,20.96
5321,20.985
5322,21.045
5323,21.064999999999998
5324,20.99
5325,21.064999999999998
5326,21.04
5327,21.09
5328,21.119999999999997
5329,21.135
5330,21.165
5331,21.15
5332,21.47
5333,21.46
5334,21.54
5335,21.76
5336,21.76
5337,21.724999999999998
5338,21.775
5339,21.76
5340,21.87
5341,21.875
5342,21.724999999999998
5343,21.69
5344,21.645
5345,21.555
5346,21.61
5347,21.574999999999996
5348,21.53
5349,21.4
5350,21.51
5351,21.395000000000003
5352,21.43
5353,21.395000000000003
5354,21.43
5355,21.395000000000003
5356,21.405
5357,21.49
5358,21.265
5359,21.355
5360,21.215
5361,21.16
5362,21.235
5363,21.17
5364,21.174999999999997
5365,21.165
5366,21.125
5367,21.11
5368,21.06
5369,21.115
5370,21.085
5371,21.21
5372,21.09
5373,21.07
5374,21.16
5375,21.135
5376,21.16
5377,21.205
5378,21.2
5379,21.215
5380,21.14
5381,21.19
5382,21.195
5383,21.229999999999997
5384,21.684999999999995
5385,21.684999999999995
5386,21.675
5387,21.76
5388,21.815
5389,21.77
5390,21.780000000000005
5391,21.805
5392,21.785
5393,21.775
5394,21.79
5395,21.82
5396,21.795
5397,21.785
5398,21.805
5399,21.835000000000004
5400,21.825
5401,21.805
5402,21.83
5403,21.83
5404,21.805
5405,21.85
5406,21.765
5407,21.785
5408,21.8
5409,21.81
5410,21.91
5411,21.82
5412,21.845
5413,21.905
5414,21.895
5415,21.890000000000004
5416,21.895
5417,21.915
5418,21.895
5419,21.895
5420,21.935
5421,21.97
5422,21.985
5423,22.014999999999997
5424,22.035
5425,22.095
5426,22.08
5427,22.095
5428,22.115
5429,22.085
5430,22.085
5431,22.155
5432,22.2
5433,22.2
5434,22.17
5435,22.21
5436,22.2
5437,22.215
5438,22.124999999999996
5439,22.115
5440,22.025
5441,22.025
5442,22.055
5443,22.014999999999997
5444,22.075
5445,22.12
5446,22.135
5447,22.185
5448,22.2
5449,22.25
5450,22.23
5451,22.23
5452,22.27
5453,22.305
5454,22.36
5455,22.445
5456,22.495
5457,22.54
5458,23.074999999999996
5459,22.895000000000003
5460,22.76
5461,22.805
5462,22.765
5463,22.815
5464,22.91
5465,22.95
5466,23.035
5467,22.92
5468,22.88
5469,22.94
5470,22.9
5471,22.91
5472,22.96
5473,22.995
5474,23.08
5475,23.18
5476,23.19
5477,23.09
5478,22.955
5479,22.975
5480,22.964999999999996
5481,23.07
5482,23.03
5483,22.95
5484,22.86
5485,22.885
5486,22.89
5487,22.92
5488,23.06
5489,23.05
5490,22.98
5491,22.875
5492,22.89
5493,22.935
5494,22.96
5495,23.025
5496,23.025
5497,23.065
5498,23.025
5499,23.035
