,0
0,16.925
1,16.93
2,16.92
3,16.925
4,16.915
5,16.94
6,16.96
7,16.945
8,16.98
9,16.955
10,16.975
11,16.935
12,16.68
13,16.705
14,16.71
15,16.615
16,16.66
17,16.745
18,16.8
19,16.78
20,16.74
21,16.81
22,16.835
23,16.73
24,16.775
25,16.785
26,16.81
27,16.8
28,16.855
29,16.895
30,16.875
31,16.93
32,16.97
33,16.935
34,16.84
35,16.85
36,16.78
37,16.76
38,16.855
39,16.87
40,16.775
41,16.705
42,16.7
43,16.65
44,16.53
45,16.585
46,16.56
47,16.54
48,16.59
49,16.63
50,16.615
51,16.605
52,16.6
53,16.54
54,16.525
55,16.53
56,16.54
57,16.51
58,16.41
59,16.32
60,16.34
61,16.365
62,16.37
63,16.355
64,16.35
65,16.52
66,16.515
67,16.5
68,16.52
69,16.47
70,16.48
71,16.445
72,16.465
73,16.505
74,16.495
75,16.535
76,16.535
77,16.52
78,16.495
79,16.49
80,16.495
81,16.415
82,16.38
83,16.385
84,16.395
85,16.4
86,16.4
87,16.295
88,16.34
89,16.34
90,16.355
91,16.26
92,16.23
93,16.18
94,16.24
95,16.17
96,16.21
97,16.26
98,16.29
99,16.34
100,16.295
101,16.315
102,16.32
103,16.335
104,16.415
105,16.395
106,16.415
107,16.42
108,16.4
109,16.4
110,16.36
111,16.335
112,16.355
113,16.38
114,16.415
115,16.39
116,16.515
117,16.54
118,16.495
119,16.58
120,16.625
121,16.595
122,16.65
123,16.65
124,16.67
125,16.645
126,16.65
127,16.655
128,16.67
129,16.65
130,16.63
131,16.6
132,16.61
133,16.61
134,16.635
135,16.655
136,16.675
137,16.695
138,16.685
139,16.71
140,16.715
141,16.685
142,16.815
143,16.77
144,16.71
145,16.655
146,16.66
147,16.655
148,16.67
149,16.705
150,16.75
151,16.78
152,16.76
153,16.745
154,16.76
155,16.775
156,16.815
157,16.815
158,16.835
159,16.84
160,16.84
161,16.865
162,16.87
163,16.845
164,16.865
165,16.815
166,16.835
167,16.815
168,16.69
169,16.675
170,16.65
171,16.64
172,16.605
173,16.615
174,16.625
175,16.665
176,16.675
177,16.67
178,16.65
179,16.645
180,16.665
181,16.67
182,16.665
183,16.665
184,16.665
185,16.655
186,16.695
187,16.7
188,16.71
189,16.685
190,16.68
191,16.685
192,16.705
193,16.71
194,16.65
195,16.655
196,16.7
197,16.71
198,16.705
199,16.695
200,16.675
201,16.71
202,16.735
203,16.715
204,16.705
205,16.72
206,16.73
207,16.735
208,16.78
209,16.805
210,16.835
211,16.84
212,16.82
213,16.85
214,16.895
215,16.895
216,16.905
217,16.905
218,16.89
219,16.875
220,16.865
221,16.86
222,16.82
223,16.82
224,16.755
225,16.725
226,16.73
227,16.69
228,16.665
229,16.66
230,16.695
231,16.755
232,16.74
233,16.75
234,16.76
235,16.765
236,16.775
237,16.775
238,16.765
239,16.735
240,16.715
241,16.675
242,16.715
243,16.695
244,16.755
245,16.745
246,16.68
247,16.675
248,16.65
249,16.665
250,16.665
251,16.715
252,16.725
253,16.745
254,16.76
255,16.79
256,16.755
257,16.755
258,16.735
259,16.745
260,16.785
261,16.785
262,16.765
263,16.785
264,16.795
265,16.775
266,16.78
267,16.795
268,16.785
269,16.755
270,16.775
271,16.735
272,16.69
273,16.69
274,16.72
275,16.735
276,16.7
277,16.67
278,16.67
279,16.675
280,16.685
281,16.675
282,16.68
283,16.675
284,16.675
285,16.685
286,16.685
287,16.705
288,16.715
289,16.725
290,16.735
291,16.725
292,16.725
293,16.715
294,16.715
295,16.695
296,16.705
297,16.675
298,16.67
299,16.64
300,16.565
301,16.63
302,16.625
303,16.59
304,16.58
305,16.585
306,16.575
307,16.55
308,16.55
309,16.555
310,16.56
311,16.565
312,16.56
313,16.565
314,16.565
315,16.535
316,16.535
317,16.52
318,16.515
319,16.51
320,16.525
321,16.515
322,16.515
323,16.485
324,16.325
325,16.375
326,16.36
327,16.41
328,16.39
329,16.355
330,16.35
331,16.36
332,16.345
333,16.335
334,16.335
335,16.295
336,16.33
337,16.305
338,16.33
339,16.325
340,16.325
341,16.315
342,16.35
343,16.325
344,16.325
345,16.32
346,16.295
347,16.23
348,16.205
349,16.205
350,16.31
351,16.21
352,16.23
353,16.26
354,16.29
355,16.32
356,16.33
357,16.295
358,16.29
359,16.28
360,16.295
361,16.31
362,16.325
363,16.325
364,16.34
365,16.305
366,16.315
367,16.305
368,16.295
369,16.285
370,16.285
371,16.295
372,16.295
373,16.28
374,16.285
375,16.3
376,16.28
377,16.31
378,16.31
379,16.29
380,16.32
381,16.355
382,16.36
383,16.395
384,16.37
385,16.4
386,16.42
387,16.425
388,16.41
389,16.405
390,16.43
391,16.435
392,16.44
393,16.445
394,16.34
395,16.34
396,16.3
397,16.32
398,16.31
399,16.34
400,16.295
401,16.28
402,16.36
403,16.375
404,16.44
405,16.41
406,16.495
407,16.495
408,16.505
409,16.515
410,16.525
411,16.58
412,16.595
413,16.595
414,16.575
415,16.565
416,16.58
417,16.575
418,16.59
419,16.575
420,16.59
421,16.59
422,16.6
423,16.6
424,16.565
425,16.55
426,16.54
427,16.52
428,16.45
429,16.415
430,16.435
431,16.425
432,16.45
433,16.485
434,16.51
435,16.53
436,16.53
437,16.48
438,16.485
439,16.485
440,16.49
441,16.5
442,16.51
443,16.515
444,16.51
445,16.485
446,16.445
447,16.445
448,16.42
449,16.41
450,16.355
451,16.345
452,16.37
453,16.335
454,16.27
455,16.135
456,16.195
457,16.23
458,16.28
459,16.255
460,16.28
461,16.315
462,16.305
463,16.27
464,16.315
465,16.3
466,16.3
467,16.295
468,16.3
469,16.31
470,16.3
471,16.285
472,16.24
473,16.22
474,16.255
475,16.265
476,16.24
477,16.245
478,16.29
479,16.32
480,16.24
481,16.26
482,16.285
483,16.27
484,16.33
485,16.375
486,16.46
487,16.46
488,16.45
489,16.41
490,16.4
491,16.41
492,16.42
493,16.41
494,16.425
495,16.46
496,16.48
497,16.45
498,16.45
499,16.39
500,16.39
501,16.43
502,16.465
503,16.465
504,16.465
505,16.475
506,16.445
507,16.475
508,16.5
509,16.49
510,16.47
511,16.475
512,16.455
513,16.455
514,16.495
515,16.545
516,16.585
517,16.635
518,16.62
519,16.645
520,16.63
521,16.65
522,16.635
523,16.6
524,16.585
525,16.615
526,16.58
527,16.53
528,16.445
529,16.48
530,16.525
531,16.515
532,16.32
533,16.3
534,16.29
535,16.29
536,16.305
537,16.315
538,16.27
539,16.26
540,16.255
541,16.235
542,16.25
543,16.235
544,16.225
545,16.23
546,16.245
547,16.275
548,16.28
549,16.32
550,16.32
551,16.29
552,16.315
553,16.285
554,16.24
555,16.25
556,16.295
557,16.285
558,16.455
559,16.475
560,16.485
561,16.54
562,16.52
563,16.505
564,16.51
565,16.515
566,16.515
567,16.535
568,16.545
569,16.595
570,16.585
571,16.595
572,16.63
573,16.645
574,16.645
575,16.625
576,16.625
577,16.615
578,16.635
579,16.645
580,16.645
581,16.695
582,16.71
583,16.73
584,17.005
585,17.035
586,17.085
587,17.135
588,17.17
589,17.17
590,17.19
591,17.18
592,17.185
593,17.195
594,17.145
595,17.175
596,17.175
597,17.2
598,17.26
599,17.27
600,17.285
601,17.265
602,17.235
603,17.19
604,17.21
605,17.205
606,17.215
607,17.225
608,17.19
609,17.235
610,17.48
611,17.54
612,17.545
613,17.455
614,17.445
615,17.455
616,17.445
617,17.4
618,17.42
619,17.39
620,17.455
621,17.465
622,17.475
623,17.465
624,17.43
625,17.45
626,17.43
627,17.36
628,17.375
629,17.405
630,17.405
631,17.405
632,17.395
633,17.405
634,17.355
635,17.365
636,17.47
637,17.415
638,17.48
639,17.45
640,17.415
641,17.345
642,17.275
643,17.34
644,17.345
645,17.35
646,17.32
647,17.365
648,17.38
649,17.37
650,17.39
651,17.35
652,17.325
653,17.31
654,17.295
655,17.275
656,17.27
657,17.28
658,17.305
659,17.295
660,17.265
661,17.32
662,17.325
663,17.43
664,17.36
665,17.33
666,17.27
667,17.32
668,17.325
669,17.42
670,17.42
671,17.38
672,17.37
673,17.41
674,17.41
675,17.43
676,17.43
677,17.435
678,17.4
679,17.39
680,17.395
681,17.395
682,17.42
683,17.44
684,17.425
685,17.43
686,17.435
687,17.465
688,17.375
689,17.355
690,17.365
691,17.365
692,17.385
693,17.42
694,17.395
695,17.38
696,17.33
697,17.34
698,17.325
699,17.32
700,17.36
701,17.35
702,17.335
703,17.285
704,17.29
705,17.33
706,17.325
707,17.35
708,17.33
709,17.32
710,17.26
711,17.3
712,17.29
713,17.27
714,17.12
715,17.105
716,17.105
717,17.075
718,17.105
719,17.195
720,17.24
721,17.255
722,17.235
723,17.23
724,17.245
725,17.245
726,17.275
727,17.325
728,17.265
729,17.25
730,17.26
731,17.245
732,17.23
733,17.26
734,17.24
735,17.22
736,17.22
737,17.215
738,17.24
739,17.265
740,17.31
741,17.43
742,17.41
743,17.405
744,17.35
745,17.305
746,17.255
747,17.22
748,17.275
749,17.23
750,17.21
751,17.2
752,17.18
753,17.12
754,17.16
755,17.205
756,17.17
757,17.18
758,17.16
759,17.14
760,17.17
761,17.155
762,17.13
763,17.17
764,17.165
765,17.17
766,17.19
767,17.07
768,17.11
769,17.065
770,17.03
771,16.97
772,16.885
773,16.865
774,16.96
775,16.93
776,16.92
777,16.905
778,16.93
779,16.9
780,16.84
781,16.815
782,16.785
783,16.835
784,16.84
785,16.86
786,16.82
787,16.77
788,16.805
789,16.795
790,16.8
791,16.795
792,17.13
793,17.12
794,17.135
795,17.09
796,17.07
797,17.12
798,17.14
799,17.09
800,17.08
801,17.11
802,17.13
803,17.115
804,17.095
805,17.07
806,17.055
807,17.07
808,17.07
809,17.075
810,17.07
811,17.115
812,17.08
813,17.09
814,17.115
815,17.09
816,17.07
817,17.11
818,17.11
819,17.18
820,17.17
821,17.19
822,17.21
823,17.175
824,17.195
825,17.195
826,17.16
827,17.195
828,17.205
829,17.175
830,17.155
831,17.165
832,17.175
833,17.19
834,17.19
835,17.18
836,17.165
837,17.175
838,17.175
839,17.19
840,17.19
841,17.18
842,17.165
843,17.2
844,17.15
845,17.21
846,17.19
847,17.19
848,17.205
849,17.19
850,17.19
851,17.185
852,17.175
853,17.185
854,17.205
855,17.18
856,17.185
857,17.23
858,17.225
859,17.235
860,17.245
861,17.275
862,17.35
863,17.475
864,17.42
865,17.43
866,17.33
867,17.39
868,17.445
869,17.44
870,17.475
871,17.53
872,17.66
873,17.71
874,17.715
875,17.695
876,17.675
877,17.72
878,17.745
879,17.775
880,17.735
881,17.785
882,17.835
883,17.875
884,17.95
885,17.91
886,17.915
887,17.92
888,17.975
889,17.985
890,17.915
891,17.895
892,17.86
893,17.895
894,17.92
895,17.94
896,17.65
897,17.715
898,17.73
899,17.74
900,17.83
901,17.89
902,17.845
903,17.875
904,17.845
905,17.81
906,17.795
907,17.695
908,17.705
909,17.74
910,17.705
911,17.685
912,17.68
913,17.675
914,17.65
915,17.61
916,17.645
917,17.665
918,17.63
919,17.655
920,17.605
921,17.58
922,17.57
923,17.44
924,17.36
925,17.4
926,17.35
927,17.44
928,17.38
929,17.37
930,17.37
931,17.34
932,17.31
933,17.32
934,17.315
935,17.32
936,17.33
937,17.34
938,17.35
939,17.37
940,17.365
941,17.355
942,17.385
943,17.375
944,17.36
945,17.42
946,17.435
947,17.37
948,17.54
949,17.43
950,17.46
951,17.38
952,17.35
953,17.37
954,17.37
955,17.345
956,17.32
957,17.31
958,17.31
959,17.275
960,17.315
961,17.32
962,17.315
963,17.355
964,17.36
965,17.33
966,17.345
967,17.29
968,17.285
969,17.295
970,17.275
971,17.27
972,17.24
973,17.215
974,17.265
975,17.315
976,17.3
977,17.31
978,17.31
979,17.32
980,17.33
981,17.345
982,17.335
983,17.34
984,17.32
985,17.29
986,17.325
987,17.355
988,17.32
989,17.255
990,17.215
991,17.235
992,17.245
993,17.225
994,17.25
995,17.265
996,17.21
997,17.195
998,17.235
999,17.205
1000,17.45
1001,17.425
1002,17.35
1003,17.335
1004,17.31
1005,17.23
1006,17.195
1007,17.125
1008,16.87
1009,16.92
1010,16.865
1011,16.93
1012,16.945
1013,16.955
1014,16.99
1015,17.05
1016,17.01
1017,16.985
1018,16.965
1019,16.955
1020,16.955
1021,16.98
1022,16.92
1023,16.985
1024,16.985
1025,16.99
1026,17.065
1027,17.06
1028,17.11
1029,17.065
1030,17.06
1031,17.065
1032,17.03
1033,17.025
1034,16.955
1035,16.95
1036,16.965
1037,16.93
1038,16.915
1039,16.92
1040,16.88
1041,16.88
1042,16.9
1043,16.925
1044,16.885
1045,16.94
1046,16.93
1047,16.95
1048,16.9
1049,16.915
1050,16.955
1051,16.98
1052,17.18
1053,17.25
1054,17.205
1055,17.225
1056,17.24
1057,17.205
1058,17.195
1059,17.195
1060,17.22
1061,17.205
1062,17.2
1063,17.205
1064,17.205
1065,17.19
1066,17.18
1067,17.185
1068,17.185
1069,17.175
1070,17.22
1071,17.195
1072,17.185
1073,17.185
1074,17.175
1075,17.18
1076,17.19
1077,17.215
1078,17.31
1079,17.34
1080,17.36
1081,17.385
1082,17.36
1083,17.33
1084,17.33
1085,17.35
1086,17.32
1087,17.32
1088,17.3
1089,17.315
1090,17.335
1091,17.33
1092,17.29
1093,17.285
1094,17.305
1095,17.33
1096,17.315
1097,17.32
1098,17.32
1099,17.33
1100,17.34
1101,17.345
1102,17.34
1103,17.35
1104,17.21
1105,17.15
1106,17.14
1107,17.18
1108,17.22
1109,17.18
1110,17.155
1111,17.17
1112,17.185
1113,17.2
1114,17.205
1115,17.23
1116,17.215
1117,17.215
1118,17.23
1119,17.21
1120,17.165
1121,17.185
1122,17.21
1123,17.205
1124,17.19
1125,17.185
1126,17.215
1127,17.23
1128,17.255
1129,17.22
1130,17.16
1131,17.175
1132,17.14
1133,17.09
1134,17.1
1135,17.09
1136,17.055
1137,17.06
1138,17.07
1139,17.085
1140,17.115
1141,17.105
1142,17.08
1143,17.105
1144,17.125
1145,17.12
1146,17.145
1147,17.11
1148,17.08
1149,17.06
1150,17.065
1151,17.08
1152,17.105
1153,17.12
1154,17.145
1155,17.14
1156,17.1
1157,17.16
1158,17.11
1159,17.13
1160,17.11
1161,17.1
1162,17.06
1163,17.06
1164,17.025
1165,17.02
1166,16.975
1167,17.01
1168,16.99
1169,16.97
1170,16.955
1171,16.945
1172,16.935
1173,16.895
1174,16.89
1175,16.875
1176,16.845
1177,16.835
1178,16.79
1179,16.795
1180,16.785
1181,16.73
1182,16.525
1183,16.6
1184,16.615
1185,16.575
1186,16.52
1187,16.5
1188,16.52
1189,16.47
1190,16.475
1191,16.425
1192,16.375
1193,16.33
1194,16.405
1195,16.37
1196,16.335
1197,16.315
1198,16.29
1199,16.295
1200,16.29
1201,16.265
1202,16.325
1203,16.385
1204,16.42
1205,16.425
1206,16.4
1207,16.385
1208,16.4
1209,16.27
1210,16.295
1211,16.26
1212,16.33
1213,16.355
1214,16.395
1215,16.45
1216,16.39
1217,16.4
1218,16.435
1219,16.445
1220,16.42
1221,16.39
1222,16.44
1223,16.485
1224,16.46
1225,16.465
1226,16.4
1227,16.36
1228,16.33
1229,16.355
1230,16.36
1231,16.42
1232,16.42
1233,16.44
1234,16.45
1235,16.415
1236,16.35
1237,16.375
1238,16.405
1239,16.39
1240,16.43
1241,16.4
1242,16.425
1243,16.47
1244,16.445
1245,16.45
1246,16.445
1247,16.425
1248,16.43
1249,16.425
1250,16.43
1251,16.45
1252,16.515
1253,16.595
1254,16.555
1255,16.525
1256,16.555
1257,16.505
1258,16.59
1259,16.63
1260,16.52
1261,16.475
1262,16.46
1263,16.445
1264,16.4
1265,16.37
1266,16.36
1267,16.3
1268,16.315
1269,16.265
1270,16.22
1271,16.24
1272,16.21
1273,16.185
1274,16.205
1275,16.185
1276,16.165
1277,16.2
1278,16.27
1279,16.22
1280,16.21
1281,16.185
1282,16.135
1283,16.15
1284,16.205
1285,16.135
1286,15.775
1287,15.930000000000001
1288,15.849999999999998
1289,15.895
1290,15.94
1291,16.02
1292,16.075
1293,15.980000000000002
1294,16.0
1295,15.989999999999998
1296,15.965
1297,15.96
1298,15.955000000000002
1299,15.97
1300,15.95
1301,15.915
1302,15.925000000000002
1303,15.885
1304,15.874999999999998
1305,15.849999999999998
1306,15.815
1307,15.865
1308,15.83
1309,15.874999999999998
1310,15.844999999999999
1311,15.769999999999998
1312,16.18
1313,16.0
1314,16.025
1315,15.96
1316,16.01
1317,16.04
1318,15.980000000000002
1319,15.980000000000002
1320,16.02
1321,16.02
1322,15.989999999999998
1323,16.03
1324,16.055
1325,16.01
1326,16.025
1327,16.01
1328,16.02
1329,16.0
1330,16.015
1331,15.97
1332,15.97
1333,15.94
1334,15.790000000000001
1335,15.86
1336,15.92
1337,15.989999999999998
1338,16.21
1339,16.355
1340,16.27
1341,16.235
1342,16.225
1343,16.195
1344,16.095
1345,16.15
1346,16.13
1347,16.08
1348,16.035
1349,16.04
1350,16.03
1351,15.989999999999998
1352,15.980000000000002
1353,16.0
1354,16.1
1355,16.155
1356,16.16
1357,16.16
1358,16.22
1359,16.22
1360,16.255
1361,16.33
1362,16.28
1363,16.39
1364,15.935
1365,15.980000000000002
1366,15.819999999999999
1367,15.790000000000001
1368,15.86
1369,15.915
1370,15.96
1371,16.0
1372,15.994999999999997
1373,15.975
1374,16.035
1375,16.045
1376,15.994999999999997
1377,15.994999999999997
1378,15.975
1379,16.02
1380,15.985000000000001
1381,16.035
1382,16.005
1383,15.985000000000001
1384,15.985000000000001
1385,16.005
1386,16.035
1387,16.08
1388,16.125
1389,16.13
1390,16.14
1391,16.07
1392,16.0
1393,16.05
1394,16.09
1395,16.09
1396,16.1
1397,16.14
1398,16.15
1399,16.15
1400,16.225
1401,16.2
1402,16.17
1403,16.21
1404,16.22
1405,16.22
1406,16.24
1407,16.225
1408,16.19
1409,16.19
1410,16.19
1411,16.18
1412,16.21
1413,16.205
1414,16.205
1415,16.15
1416,16.1
1417,16.145
1418,16.1
1419,16.125
1420,16.1
1421,16.105
1422,16.14
1423,16.1
1424,16.1
1425,16.095
1426,16.08
1427,16.07
1428,16.095
1429,16.095
1430,16.09
1431,16.085
1432,16.07
1433,16.065
1434,16.065
1435,16.065
1436,16.045
1437,16.075
1438,16.05
1439,16.055
1440,16.075
1441,16.085
1442,16.07
1443,16.16
1444,16.24
1445,16.23
1446,16.225
1447,16.21
1448,16.26
1449,16.25
1450,16.21
1451,16.24
1452,16.25
1453,16.255
1454,16.26
1455,16.25
1456,16.25
1457,16.25
1458,16.265
1459,16.275
1460,16.24
1461,16.26
1462,16.285
1463,16.315
1464,16.305
1465,16.26
1466,16.27
1467,16.29
1468,16.305
1469,16.345
1470,16.265
1471,16.3
1472,16.34
1473,16.325
1474,16.295
1475,16.27
1476,16.285
1477,16.28
1478,16.285
1479,16.28
1480,16.32
1481,16.33
1482,16.325
1483,16.3
1484,16.315
1485,16.33
1486,16.325
1487,16.33
1488,16.32
1489,16.345
1490,16.345
1491,16.345
1492,16.355
1493,16.365
1494,16.365
1495,16.335
1496,16.275
1497,16.325
1498,16.38
1499,16.37
1500,16.425
1501,16.43
1502,16.43
1503,16.41
1504,16.405
1505,16.39
1506,16.435
1507,16.44
1508,16.445
1509,16.45
1510,16.415
1511,16.395
1512,16.38
1513,16.4
1514,16.385
1515,16.38
1516,16.395
1517,16.39
1518,16.38
1519,16.315
1520,16.105
1521,16.14
1522,16.21
1523,16.165
1524,16.12
1525,16.095
1526,16.09
1527,16.095
1528,16.08
1529,16.085
1530,16.115
1531,16.09
1532,16.07
1533,16.065
1534,16.055
1535,16.055
1536,16.055
1537,16.055
1538,16.02
1539,16.015
1540,15.98
1541,15.96
1542,15.96
1543,15.975
1544,15.985
1545,15.96
1546,15.12
1547,15.165
1548,15.34
1549,15.265
1550,15.28
1551,15.17
1552,15.155
1553,15.13
1554,15.19
1555,15.1
1556,15.15
1557,15.105
1558,15.075
1559,15.03
1560,14.935
1561,14.895
1562,14.945
1563,14.91
1564,14.885
1565,15.0
1566,14.929999999999998
1567,14.94
1568,14.965
1569,14.985
1570,14.96
1571,14.95
1572,15.04
1573,15.095
1574,15.15
1575,15.114999999999998
1576,15.155
1577,15.114999999999998
1578,15.09
1579,15.12
1580,15.135
1581,15.15
1582,15.2
1583,15.22
1584,15.265
1585,15.275
1586,15.25
1587,15.23
1588,15.155
1589,15.185
1590,15.215
1591,15.17
1592,15.155
1593,15.135
1594,15.175
1595,15.235
1596,15.21
1597,15.24
1598,15.17
1599,15.17
1600,15.2
1601,15.22
1602,15.195
1603,15.185
1604,15.155
1605,15.18
1606,15.195
1607,15.18
1608,15.175
1609,15.175
1610,15.16
1611,15.175
1612,15.185
1613,15.175
1614,15.18
1615,15.17
1616,15.165
1617,15.185
1618,15.185
1619,15.205
1620,15.185
1621,15.18
1622,15.175
1623,15.15
1624,15.18
1625,15.15
1626,15.14
1627,15.175
1628,15.175
1629,15.175
1630,15.16
1631,15.19
1632,15.19
1633,15.17
1634,15.18
1635,15.2
1636,15.17
1637,15.155
1638,15.15
1639,15.135
1640,15.105
1641,15.08
1642,15.09
1643,15.125
1644,15.085
1645,15.08
1646,15.085
1647,15.055
1648,15.05
1649,15.09
1650,15.165
1651,15.235
1652,15.26
1653,15.245
1654,15.17
1655,15.13
1656,15.165
1657,15.15
1658,15.17
1659,15.21
1660,15.235
1661,15.235
1662,15.225
1663,15.245
1664,15.25
1665,15.225
1666,15.185
1667,15.185
1668,15.185
1669,15.185
1670,15.195
1671,15.195
1672,15.225
1673,15.23
1674,15.225
1675,15.24
1676,15.06
1677,15.06
1678,15.09
1679,15.085
1680,15.12
1681,15.09
1682,15.085
1683,15.07
1684,15.075
1685,15.08
1686,15.095
1687,15.095
1688,15.085
1689,15.065
1690,15.06
1691,15.055
1692,15.06
1693,15.055
1694,15.055
1695,15.06
1696,15.065
1697,15.085
1698,15.085
1699,15.09
1700,15.065
1701,15.08
1702,14.91
1703,14.925
1704,14.89
1705,14.92
1706,14.91
1707,14.88
1708,14.88
1709,14.87
1710,14.89
1711,14.885
1712,14.875
1713,14.855
1714,14.85
1715,14.845
1716,14.81
1717,14.79
1718,14.765
1719,14.76
1720,14.78
1721,14.76
1722,14.79
1723,14.755
1724,14.735
1725,14.74
1726,14.744999999999997
1727,14.735
1728,14.82
1729,14.855
1730,14.76
1731,14.8
1732,14.785
1733,14.82
1734,14.84
1735,14.83
1736,14.865
1737,14.885
1738,14.88
1739,14.9
1740,14.87
1741,14.865
1742,14.88
1743,14.85
1744,14.845
1745,14.81
1746,14.835
1747,14.84
1748,14.845
1749,14.815
1750,14.8
1751,14.795
1752,14.795
1753,14.8
1754,14.83
1755,14.885
1756,14.98
1757,14.94
1758,14.91
1759,14.965
1760,14.96
1761,14.98
1762,14.995
1763,15.005
1764,15.005
1765,15.015
1766,15.03
1767,15.02
1768,15.0
1769,14.98
1770,14.98
1771,14.96
1772,14.91
1773,14.935
1774,14.89
1775,14.87
1776,14.89
1777,14.925
1778,14.89
1779,14.925
1780,14.77
1781,14.78
1782,14.845
1783,14.81
1784,14.79
1785,14.805
1786,14.78
1787,14.78
1788,14.77
1789,14.775
1790,14.775
1791,14.77
1792,14.79
1793,14.83
1794,14.81
1795,14.8
1796,14.765
1797,14.76
1798,14.755
1799,14.755
1800,14.695
1801,14.68
1802,14.685
1803,14.695
1804,14.7
1805,14.735
1806,14.855
1807,14.84
1808,14.835
1809,14.845
1810,14.88
1811,14.895
1812,14.925
1813,14.925
1814,14.935
1815,14.935
1816,14.97
1817,14.96
1818,15.01
1819,15.005
1820,15.0
1821,15.075
1822,15.075
1823,15.075
1824,15.075
1825,15.07
1826,15.075
1827,15.08
1828,15.095
1829,15.065
1830,15.075
1831,15.06
1832,15.01
1833,15.03
1834,15.045
1835,15.09
1836,15.09
1837,15.055
1838,15.065
1839,15.095
1840,15.085
1841,15.06
1842,15.05
1843,15.03
1844,15.025
1845,15.02
1846,15.025
1847,15.03
1848,15.025
1849,15.025
1850,15.04
1851,15.045
1852,15.02
1853,15.005
1854,15.005
1855,14.99
1856,15.005
1857,15.025
1858,14.98
1859,14.98
1860,14.94
1861,14.91
1862,14.87
1863,14.87
1864,14.87
1865,14.885
1866,14.87
1867,14.875
1868,14.885
1869,14.88
1870,14.88
1871,14.86
1872,14.865
1873,14.86
1874,14.86
1875,14.86
1876,14.86
1877,14.86
1878,14.84
1879,14.835
1880,14.815
1881,14.825
1882,14.815
1883,14.84
1884,14.744999999999997
1885,14.66
1886,14.55
1887,14.57
1888,14.55
1889,14.56
1890,14.52
1891,14.46
1892,14.495
1893,14.43
1894,14.45
1895,14.45
1896,14.47
1897,14.475
1898,14.48
1899,14.43
1900,14.445
1901,14.475
1902,14.51
1903,14.505
1904,14.52
1905,14.55
1906,14.565
1907,14.524999999999999
1908,14.565
1909,14.56
1910,14.465
1911,14.42
1912,14.39
1913,14.395
1914,14.405
1915,14.41
1916,14.455
1917,14.465
1918,14.475
1919,14.485
1920,14.445
1921,14.44
1922,14.435
1923,14.43
1924,14.415
1925,14.415
1926,14.415
1927,14.41
1928,14.395
1929,14.39
1930,14.44
1931,14.47
1932,14.465
1933,14.455
1934,14.475
1935,14.51
1936,14.5
1937,14.53
1938,14.5
1939,14.52
1940,14.52
1941,14.524999999999999
1942,14.635
1943,14.615
1944,14.61
1945,14.64
1946,14.635
1947,14.645
1948,14.605
1949,14.63
1950,14.635
1951,14.625
1952,14.635
1953,14.645
1954,14.635
1955,14.655
1956,14.665
1957,14.665
1958,14.67
1959,14.65
1960,14.675
1961,14.69
1962,14.53
1963,14.54
1964,14.59
1965,14.58
1966,14.61
1967,14.67
1968,14.665
1969,14.615
1970,14.65
1971,14.63
1972,14.58
1973,14.59
1974,14.575
1975,14.58
1976,14.54
1977,14.52
1978,14.515
1979,14.505
1980,14.51
1981,14.515
1982,14.48
1983,14.495
1984,14.515
1985,14.524999999999999
1986,14.545
1987,14.535
1988,14.615
1989,14.69
1990,14.67
1991,14.67
1992,14.65
1993,14.62
1994,14.605
1995,14.585
1996,14.55
1997,14.555
1998,14.575
1999,14.605
2000,14.62
2001,14.61
2002,14.615
2003,14.59
2004,14.59
2005,14.61
2006,14.585
2007,14.61
2008,14.615
2009,14.62
2010,14.635
2011,14.615
2012,14.615
2013,14.62
2014,14.68
2015,14.66
2016,14.66
2017,14.675
2018,14.675
2019,14.650000000000002
2020,14.66
2021,14.66
2022,14.68
2023,14.67
2024,14.685
2025,14.67
2026,14.665
2027,14.675
2028,14.675
2029,14.695
2030,14.705
2031,14.705
2032,14.705
2033,14.705
2034,14.705
2035,14.695
2036,14.69
2037,14.68
2038,14.7
2039,14.710000000000003
2040,14.710000000000003
2041,14.765
2042,14.76
2043,14.78
2044,14.775
2045,14.785
2046,14.775
2047,14.765
2048,14.775
2049,14.775
2050,14.775
2051,14.775
2052,14.79
2053,14.795
2054,14.765
2055,14.740000000000002
2056,14.725
2057,14.725
2058,14.725
2059,14.715
2060,14.725
2061,14.740000000000002
2062,14.735
2063,14.735
2064,14.720000000000002
2065,15.205
2066,15.179999999999998
2067,15.175
2068,15.215
2069,15.235
2070,15.269999999999998
2071,15.295
2072,15.22
2073,15.265
2074,15.24
2075,15.269999999999998
2076,15.249999999999998
2077,15.255
2078,15.265
2079,15.24
2080,15.22
2081,15.145
2082,15.185
2083,15.159999999999998
2084,15.175
2085,15.175
2086,15.189999999999998
2087,15.23
2088,15.215
2089,15.21
2090,15.215
2091,15.225
2092,15.185
2093,15.105
2094,15.100000000000001
2095,15.059999999999999
2096,15.055
2097,15.055
2098,15.055
2099,15.079999999999998
2100,15.069999999999999
2101,15.089999999999998
2102,15.065
2103,15.065
2104,15.085
2105,15.100000000000001
2106,15.105
2107,15.115
2108,15.125
2109,15.115
2110,15.125
2111,15.105
2112,15.125
2113,15.155
2114,15.145
2115,15.135
2116,15.14
2117,15.159999999999998
2118,15.185
2119,15.110000000000001
2120,15.120000000000001
2121,15.120000000000001
2122,15.159999999999998
2123,15.149999999999999
2124,15.175
2125,15.175
2126,15.155
2127,15.169999999999998
2128,15.145
2129,15.145
2130,15.135
2131,15.135
2132,15.115
2133,15.115
2134,15.105
2135,15.115
2136,15.110000000000001
2137,15.13
2138,15.135
2139,15.145
2140,15.145
2141,15.145
2142,15.149999999999999
2143,15.169999999999998
2144,15.189999999999998
2145,15.185
2146,15.159999999999998
2147,15.155
2148,15.169999999999998
2149,15.169999999999998
2150,15.13
2151,15.145
2152,15.155
2153,15.135
2154,15.149999999999999
2155,15.13
2156,15.125
2157,15.125
2158,15.105
2159,15.075
2160,15.079999999999998
2161,15.105
2162,15.105
2163,15.120000000000001
2164,15.100000000000001
2165,15.100000000000001
2166,15.095
2167,15.110000000000001
2168,15.13
2169,15.145
2170,15.13
2171,15.079999999999998
2172,15.089999999999998
2173,15.075
2174,15.065
2175,15.14
2176,15.169999999999998
2177,15.159999999999998
2178,15.185
2179,15.175
2180,15.200000000000001
2181,15.24
2182,15.255
2183,15.215
2184,15.255
2185,15.249999999999998
2186,15.259999999999998
2187,15.245
2188,15.235
2189,15.24
2190,15.265
2191,15.249999999999998
2192,15.245
2193,15.259999999999998
2194,15.259999999999998
2195,15.159999999999998
2196,15.21
2197,15.215
2198,15.24
2199,15.21
2200,15.169999999999998
2201,15.185
2202,15.159999999999998
2203,15.155
2204,15.149999999999999
2205,15.189999999999998
2206,15.179999999999998
2207,15.179999999999998
2208,15.165
2209,15.169999999999998
2210,15.215
2211,15.235
2212,15.255
2213,15.249999999999998
2214,15.265
2215,15.255
2216,15.23
2217,15.215
2218,15.215
2219,15.215
2220,15.21
2221,15.189999999999998
2222,15.159999999999998
2223,15.189999999999998
2224,15.189999999999998
2225,15.189999999999998
2226,15.235
2227,15.225
2228,15.215
2229,15.225
2230,15.24
2231,15.235
2232,15.235
2233,15.235
2234,15.249999999999998
2235,15.245
2236,15.245
2237,15.259999999999998
2238,15.255
2239,15.255
2240,15.225
2241,15.225
2242,15.22
2243,15.215
2244,15.215
2245,15.205
2246,15.215
2247,15.285
2248,15.315
2249,15.245
2250,15.24
2251,15.255
2252,15.279999999999998
2253,15.31
2254,15.345
2255,15.34
2256,15.395
2257,15.41
2258,15.44
2259,15.46
2260,15.42
2261,15.445
2262,15.42
2263,15.4
2264,15.4
2265,15.415
2266,15.435
2267,15.445
2268,15.415
2269,15.435
2270,15.435
2271,15.435
2272,15.435
2273,15.6
2274,15.55
2275,15.53
2276,15.535
2277,15.54
2278,15.545
2279,15.6
2280,15.575
2281,15.595000000000002
2282,15.595000000000002
2283,15.615
2284,15.625
2285,15.645
2286,15.64
2287,15.62
2288,15.615
2289,15.595000000000002
2290,15.595000000000002
2291,15.6
2292,15.585000000000003
2293,15.585000000000003
2294,15.565
2295,15.58
2296,15.605
2297,15.55
2298,15.575
2299,15.735
2300,15.75
2301,15.82
2302,15.81
2303,15.805
2304,15.8
2305,15.785000000000002
2306,15.825
2307,15.844999999999999
2308,15.844999999999999
2309,15.86
2310,15.855000000000002
2311,15.844999999999999
2312,15.834999999999999
2313,15.865000000000002
2314,15.855000000000002
2315,15.844999999999999
2316,15.844999999999999
2317,15.78
2318,15.785000000000002
2319,15.805
2320,15.805
2321,15.805
2322,15.825
2323,15.815
2324,15.844999999999999
2325,15.765000000000002
2326,15.834999999999999
2327,15.815
2328,15.83
2329,15.834999999999999
2330,15.844999999999999
2331,15.844999999999999
2332,15.84
2333,15.84
2334,15.87
2335,15.865000000000002
2336,15.87
2337,15.855000000000002
2338,15.87
2339,15.86
2340,15.865000000000002
2341,15.855000000000002
2342,15.885000000000002
2343,15.885000000000002
2344,15.89
2345,15.885000000000002
2346,15.875000000000002
2347,15.885000000000002
2348,15.905
2349,15.924999999999999
2350,15.93
2351,15.69
2352,15.705
2353,15.81
2354,15.72
2355,15.695000000000002
2356,15.665
2357,15.675000000000002
2358,15.625
2359,15.64
2360,15.685000000000002
2361,15.7
2362,15.645
2363,15.655
2364,15.655
2365,15.645
2366,15.67
2367,15.67
2368,15.645
2369,15.61
2370,15.57
2371,15.585000000000003
2372,15.57
2373,15.59
2374,15.605
2375,15.615
2376,15.59
2377,15.595000000000002
2378,15.62
2379,15.62
2380,15.57
2381,15.53
2382,15.545
2383,15.565
2384,15.58
2385,15.585000000000003
2386,15.56
2387,15.545
2388,15.565
2389,15.555
2390,15.525
2391,15.525
2392,15.52
2393,15.48
2394,15.445
2395,15.449999999999998
2396,15.445
2397,15.435
2398,15.425
2399,15.4
2400,15.415
2401,15.405
2402,15.42
2403,15.51
2404,15.51
2405,15.46
2406,15.52
2407,15.54
2408,15.47
2409,15.44
2410,15.34
2411,15.349999999999998
2412,15.375
2413,15.4
2414,15.42
2415,15.415
2416,15.415
2417,15.415
2418,15.435
2419,15.435
2420,15.435
2421,15.395
2422,15.415
2423,15.415
2424,15.415
2425,15.449999999999998
2426,15.385
2427,15.395
2428,15.44
2429,15.269999999999998
2430,15.235
2431,15.235
2432,15.249999999999998
2433,15.265
2434,15.259999999999998
2435,15.225
2436,15.215
2437,15.189999999999998
2438,15.195
2439,15.225
2440,15.245
2441,15.255
2442,15.255
2443,15.269999999999998
2444,15.289999999999997
2445,15.285
2446,15.269999999999998
2447,15.289999999999997
2448,15.285
2449,15.285
2450,15.259999999999998
2451,15.259999999999998
2452,15.255
2453,15.269999999999998
2454,15.279999999999998
2455,15.359999999999998
2456,15.369999999999997
2457,15.44
2458,15.48
2459,15.46
2460,15.46
2461,15.44
2462,15.475
2463,15.48
2464,15.52
2465,15.545
2466,15.575
2467,15.575
2468,15.565
2469,15.535
2470,15.515
2471,15.525
2472,15.555
2473,15.545
2474,15.575
2475,15.575
2476,15.575
2477,15.555
2478,15.555
2479,15.615
2480,15.595000000000002
2481,15.525
2482,15.55
2483,15.535
2484,15.54
2485,15.47
2486,15.455
2487,15.48
2488,15.47
2489,15.48
2490,15.475
2491,15.475
2492,15.475
2493,15.515
2494,15.53
2495,15.54
2496,15.535
2497,15.53
2498,15.55
2499,15.64
2500,15.62
2501,15.590000000000002
2502,15.554999999999998
2503,15.63
2504,15.64
2505,15.669999999999998
2506,15.669999999999998
2507,15.570000000000002
2508,15.534999999999998
2509,15.525
2510,15.534999999999998
2511,15.550000000000002
2512,15.519999999999998
2513,15.51
2514,15.539999999999997
2515,15.519999999999998
2516,15.534999999999998
2517,15.534999999999998
2518,15.534999999999998
2519,15.545
2520,15.545
2521,15.51
2522,15.539999999999997
2523,15.53
2524,15.539999999999997
2525,15.539999999999997
2526,15.53
2527,15.519999999999998
2528,15.525
2529,15.534999999999998
2530,15.539999999999997
2531,15.545
2532,15.545
2533,15.585000000000003
2534,15.58
2535,15.590000000000002
2536,15.545
2537,15.519999999999998
2538,15.550000000000002
2539,15.565
2540,15.550000000000002
2541,15.56
2542,15.545
2543,15.505
2544,15.485
2545,15.465
2546,15.485
2547,15.47
2548,15.475
2549,15.455000000000002
2550,15.455000000000002
2551,15.475
2552,15.47
2553,15.46
2554,15.45
2555,15.455000000000002
2556,15.45
2557,15.445
2558,15.46
2559,15.404999999999998
2560,15.45
2561,15.505
2562,15.51
2563,15.51
2564,15.53
2565,15.534999999999998
2566,15.539999999999997
2567,15.550000000000002
2568,15.53
2569,15.550000000000002
2570,15.550000000000002
2571,15.610000000000001
2572,15.605000000000002
2573,15.554999999999998
2574,15.550000000000002
2575,15.545
2576,15.534999999999998
2577,15.554999999999998
2578,15.550000000000002
2579,15.565
2580,15.590000000000002
2581,15.610000000000001
2582,15.625
2583,15.63
2584,15.63
2585,15.610000000000001
2586,15.635
2587,15.66
2588,15.649999999999999
2589,15.649999999999999
2590,15.669999999999998
2591,15.684999999999999
2592,15.7
2593,15.684999999999999
2594,15.669999999999998
2595,15.665
2596,15.66
2597,15.63
2598,15.615
2599,15.539999999999997
2600,15.565
2601,15.570000000000002
2602,15.539999999999997
2603,15.565
2604,15.534999999999998
2605,15.539999999999997
2606,15.534999999999998
2607,15.465
2608,15.45
2609,15.475
2610,15.495
2611,15.34
2612,15.379999999999999
2613,15.36
2614,15.34
2615,15.369999999999997
2616,15.41
2617,15.420000000000002
2618,15.355
2619,15.344999999999999
2620,15.325000000000001
2621,15.335
2622,15.349999999999998
2623,15.364999999999998
2624,15.364999999999998
2625,15.404999999999998
2626,15.404999999999998
2627,15.415
2628,15.445
2629,15.45
2630,15.46
2631,15.45
2632,15.420000000000002
2633,15.41
2634,15.399999999999999
2635,15.445
2636,15.47
2637,15.31
2638,15.369999999999997
2639,15.33
2640,15.349999999999998
2641,15.34
2642,15.335
2643,15.34
2644,15.355
2645,15.364999999999998
2646,15.355
2647,15.36
2648,15.384999999999998
2649,15.395
2650,15.36
2651,15.369999999999997
2652,15.41
2653,15.41
2654,15.41
2655,15.404999999999998
2656,15.420000000000002
2657,15.420000000000002
2658,15.435000000000002
2659,15.435000000000002
2660,15.415
2661,15.39
2662,15.395
2663,15.39
2664,15.36
2665,15.379999999999999
2666,15.375
2667,15.384999999999998
2668,15.384999999999998
2669,15.364999999999998
2670,15.364999999999998
2671,15.355
2672,15.349999999999998
2673,15.349999999999998
2674,15.349999999999998
2675,15.344999999999999
2676,15.355
2677,15.36
2678,15.33
2679,15.344999999999999
2680,15.344999999999999
2681,15.36
2682,15.349999999999998
2683,15.36
2684,15.32
2685,15.344999999999999
2686,15.33
2687,15.335
2688,15.335
2689,15.305000000000001
2690,15.315
2691,15.39
2692,15.375
2693,15.364999999999998
2694,15.369999999999997
2695,15.379999999999999
2696,15.415
2697,15.41
2698,15.404999999999998
2699,15.395
2700,15.415
2701,15.395
2702,15.39
2703,15.384999999999998
2704,15.39
2705,15.415
2706,15.404999999999998
2707,15.415
2708,15.440000000000001
2709,15.425
2710,15.395
2711,15.399999999999999
2712,15.395
2713,15.344999999999999
2714,15.369999999999997
2715,15.455000000000002
2716,15.519999999999998
2717,15.550000000000002
2718,15.525
2719,15.53
2720,15.590000000000002
2721,15.6
2722,15.590000000000002
2723,15.590000000000002
2724,15.56
2725,15.575000000000001
2726,15.58
2727,15.56
2728,15.56
2729,15.605000000000002
2730,15.635
2731,15.645
2732,15.635
2733,15.64
2734,15.625
2735,15.6
2736,15.6
2737,15.595
2738,15.610000000000001
2739,15.62
2740,15.590000000000002
2741,15.94
2742,15.96
2743,15.95
2744,15.93
2745,15.954999999999998
2746,15.994999999999997
2747,15.985
2748,15.98
2749,15.974999999999998
2750,15.965
2751,15.974999999999998
2752,15.974999999999998
2753,15.96
2754,15.974999999999998
2755,15.94
2756,15.945
2757,15.934999999999999
2758,15.910000000000002
2759,15.890000000000002
2760,15.875000000000002
2761,15.845
2762,15.860000000000001
2763,15.875000000000002
2764,15.845
2765,15.855000000000002
2766,15.855000000000002
2767,16.1
2768,16.09
2769,16.135
2770,16.085
2771,16.06
2772,16.065
2773,16.065
2774,16.055
2775,16.05
2776,16.045
2777,16.04
2778,16.025
2779,16.04
2780,16.05
2781,15.890000000000002
2782,15.875000000000002
2783,15.885
2784,15.905
2785,15.9
2786,15.885
2787,15.855000000000002
2788,15.834999999999999
2789,15.855000000000002
2790,15.865
2791,15.88
2792,15.885
2793,15.890000000000002
2794,15.890000000000002
2795,15.905
2796,15.905
2797,15.895000000000001
2798,15.905
2799,15.934999999999999
2800,15.895000000000001
2801,15.895000000000001
2802,15.915000000000001
2803,15.915000000000001
2804,15.93
2805,15.895000000000001
2806,15.934999999999999
2807,15.77
2808,15.740000000000002
2809,15.695
2810,15.675
2811,15.64
2812,15.649999999999999
2813,15.62
2814,15.565
2815,15.6
2816,15.56
2817,15.545
2818,15.545
2819,15.56
2820,15.595
2821,15.62
2822,15.64
2823,15.645
2824,15.635
2825,15.605000000000002
2826,15.595
2827,15.605000000000002
2828,15.590000000000002
2829,15.575000000000001
2830,15.590000000000002
2831,15.585000000000003
2832,15.590000000000002
2833,15.63
2834,15.595
2835,15.595
2836,15.62
2837,15.64
2838,15.595
2839,15.585000000000003
2840,15.575000000000001
2841,15.565
2842,15.58
2843,15.575000000000001
2844,15.56
2845,15.554999999999998
2846,15.570000000000002
2847,15.575000000000001
2848,15.585000000000003
2849,15.595
2850,15.6
2851,15.56
2852,15.645
2853,15.605000000000002
2854,15.570000000000002
2855,15.595
2856,15.575000000000001
2857,15.6
2858,15.590000000000002
2859,15.369999999999997
2860,15.379999999999999
2861,15.384999999999998
2862,15.440000000000001
2863,15.395
2864,15.49
2865,15.48
2866,15.46
2867,15.440000000000001
2868,15.47
2869,15.465
2870,15.475
2871,15.475
2872,15.445
2873,15.440000000000001
2874,15.48
2875,15.495
2876,15.465
2877,15.465
2878,15.499999999999998
2879,15.435000000000002
2880,15.43
2881,15.415
2882,15.440000000000001
2883,15.455000000000002
2884,15.445
2885,15.349999999999998
2886,15.315
2887,15.36
2888,15.349999999999998
2889,15.335
2890,15.369999999999997
2891,15.355
2892,15.344999999999999
2893,15.344999999999999
2894,15.344999999999999
2895,15.36
2896,15.364999999999998
2897,15.364999999999998
2898,15.404999999999998
2899,15.420000000000002
2900,15.415
2901,15.399999999999999
2902,15.39
2903,15.415
2904,15.415
2905,15.404999999999998
2906,15.384999999999998
2907,15.369999999999997
2908,15.379999999999999
2909,15.375
2910,15.364999999999998
2911,15.56
2912,15.56
2913,15.575000000000001
2914,15.570000000000002
2915,15.590000000000002
2916,15.63
2917,15.649999999999999
2918,15.649999999999999
2919,15.62
2920,15.62
2921,15.605000000000002
2922,15.610000000000001
2923,15.610000000000001
2924,15.605000000000002
2925,15.605000000000002
2926,15.590000000000002
2927,15.610000000000001
2928,15.6
2929,15.58
2930,15.539999999999997
2931,15.565
2932,15.570000000000002
2933,15.545
2934,15.545
2935,15.525
2936,15.56
2937,15.795
2938,15.760000000000002
2939,15.755000000000003
2940,15.78
2941,15.765
2942,15.745000000000001
2943,15.765
2944,15.73
2945,15.720000000000002
2946,15.684999999999999
2947,15.675
2948,15.684999999999999
2949,15.735
2950,15.715
2951,15.715
2952,15.689999999999998
2953,15.689999999999998
2954,15.675
2955,15.71
2956,15.735
2957,15.79
2958,15.799999999999999
2959,15.81
2960,15.785
2961,15.815
2962,15.845
2963,15.590000000000002
2964,15.455000000000002
2965,15.45
2966,15.45
2967,15.499999999999998
2968,15.48
2969,15.495
2970,15.49
2971,15.475
2972,15.48
2973,15.49
2974,15.49
2975,15.495
2976,15.499999999999998
2977,15.519999999999998
2978,15.505
2979,15.505
2980,15.525
2981,15.545
2982,15.514999999999999
2983,15.49
2984,15.514999999999999
2985,15.485
2986,15.475
2987,15.465
2988,15.495
2989,15.399999999999999
2990,15.395
2991,15.315
2992,15.384999999999998
2993,15.355
2994,15.379999999999999
2995,15.305000000000001
2996,15.270000000000001
2997,15.295
2998,15.265000000000002
2999,15.265000000000002
3000,15.255
3001,15.285
3002,15.280000000000001
3003,15.29
3004,15.26
3005,15.255
3006,15.26
3007,15.225
3008,15.21
3009,15.245
3010,15.235000000000001
3011,15.225
3012,15.189999999999998
3013,15.16
3014,15.2
3015,15.309999999999999
3016,15.340000000000002
3017,15.335000000000003
3018,15.36
3019,15.395
3020,15.425
3021,15.445000000000002
3022,15.425
3023,15.425
3024,15.435
3025,15.435
3026,15.465
3027,15.475000000000001
3028,15.485
3029,15.449999999999998
3030,15.47
3031,15.475000000000001
3032,15.475000000000001
3033,15.494999999999997
3034,15.494999999999997
3035,15.485
3036,15.465
3037,15.465
3038,15.485
3039,15.465
3040,15.490000000000002
3041,15.41
3042,15.449999999999998
3043,15.44
3044,15.435
3045,15.375
3046,15.375
3047,15.38
3048,15.399999999999999
3049,15.38
3050,15.385000000000002
3051,15.385000000000002
3052,15.39
3053,15.38
3054,15.365
3055,15.385000000000002
3056,15.399999999999999
3057,15.42
3058,15.430000000000001
3059,15.455
3060,15.449999999999998
3061,15.48
3062,15.52
3063,15.490000000000002
3064,15.545
3065,15.535000000000002
3066,15.53
3067,15.485
3068,15.515
3069,15.57
3070,15.59
3071,15.585
3072,15.565
3073,15.565
3074,15.550000000000002
3075,15.525
3076,15.51
3077,15.535000000000002
3078,15.51
3079,15.515
3080,15.515
3081,15.525
3082,15.515
3083,15.504999999999999
3084,15.515
3085,15.525
3086,15.515
3087,15.494999999999997
3088,15.504999999999999
3089,15.504999999999999
3090,15.515
3091,15.515
3092,15.515
3093,15.53
3094,15.56
3095,15.595000000000002
3096,15.580000000000002
3097,15.615
3098,15.615
3099,15.595000000000002
3100,15.605
3101,15.595000000000002
3102,15.59
3103,15.585
3104,15.56
3105,15.545
3106,15.545
3107,15.515
3108,15.535000000000002
3109,15.539999999999997
3110,15.535000000000002
3111,15.535000000000002
3112,15.535000000000002
3113,15.554999999999998
3114,15.56
3115,15.554999999999998
3116,15.545
3117,15.53
3118,15.525
3119,15.605
3120,15.605
3121,15.605
3122,15.59
3123,15.580000000000002
3124,15.57
3125,15.59
3126,15.599999999999998
3127,15.61
3128,15.615
3129,15.625
3130,15.615
3131,15.61
3132,15.605
3133,15.580000000000002
3134,15.61
3135,15.575
3136,15.585
3137,15.585
3138,15.585
3139,15.599999999999998
3140,15.599999999999998
3141,15.599999999999998
3142,15.595000000000002
3143,15.625
3144,15.61
3145,15.595000000000002
3146,15.605
3147,15.605
3148,15.61
3149,15.615
3150,15.61
3151,15.595000000000002
3152,15.575
3153,15.580000000000002
3154,15.57
3155,15.575
3156,15.575
3157,15.585
3158,15.595000000000002
3159,15.595000000000002
3160,15.580000000000002
3161,15.57
3162,15.56
3163,15.57
3164,15.595000000000002
3165,15.599999999999998
3166,15.599999999999998
3167,15.605
3168,15.59
3169,15.585
3170,15.59
3171,15.565
3172,15.535000000000002
3173,15.485
3174,15.47
3175,15.48
3176,15.465
3177,15.475000000000001
3178,15.490000000000002
3179,15.5
3180,15.51
3181,15.494999999999997
3182,15.48
3183,15.475000000000001
3184,15.465
3185,15.475000000000001
3186,15.490000000000002
3187,15.51
3188,15.494999999999997
3189,15.51
3190,15.494999999999997
3191,15.485
3192,15.525
3193,15.504999999999999
3194,15.504999999999999
3195,15.504999999999999
3196,15.490000000000002
3197,15.465
3198,15.475000000000001
3199,15.5
3200,15.485
3201,15.47
3202,15.455
3203,15.415
3204,15.449999999999998
3205,15.445000000000002
3206,15.435
3207,15.44
3208,15.449999999999998
3209,15.435
3210,15.425
3211,15.415
3212,15.425
3213,15.415
3214,15.415
3215,15.41
3216,15.395
3217,15.39
3218,15.38
3219,15.385000000000002
3220,15.375
3221,15.365
3222,15.35
3223,15.475000000000001
3224,15.47
3225,15.455
3226,15.445000000000002
3227,15.415
3228,15.42
3229,15.395
3230,15.395
3231,15.38
3232,15.33
3233,15.38
3234,15.399999999999999
3235,15.415
3236,15.425
3237,15.425
3238,15.42
3239,15.449999999999998
3240,15.490000000000002
3241,15.640000000000002
3242,15.640000000000002
3243,15.62
3244,15.575
3245,15.550000000000002
3246,15.595000000000002
3247,15.595000000000002
3248,15.59
3249,15.5
3250,15.47
3251,15.459999999999999
3252,15.415
3253,15.399999999999999
3254,15.340000000000002
3255,15.35
3256,15.340000000000002
3257,15.340000000000002
3258,15.32
3259,15.309999999999999
3260,15.305
3261,15.309999999999999
3262,15.325000000000001
3263,15.325000000000001
3264,15.305
3265,15.35
3266,15.340000000000002
3267,15.35
3268,15.370000000000001
3269,15.340000000000002
3270,15.294999999999998
3271,15.280000000000001
3272,15.275
3273,15.3
3274,15.255
3275,15.285
3276,15.335000000000003
3277,15.195
3278,15.189999999999998
3279,15.175
3280,15.085
3281,14.98
3282,15.004999999999999
3283,14.94
3284,14.870000000000001
3285,14.905
3286,14.895
3287,14.899999999999999
3288,14.899999999999999
3289,14.899999999999999
3290,14.944999999999999
3291,14.955
3292,14.994999999999997
3293,15.039999999999997
3294,14.994999999999997
3295,14.994999999999997
3296,14.989999999999998
3297,14.985
3298,15.0
3299,15.015
3300,14.989999999999998
3301,15.07
3302,15.105
3303,15.094999999999999
3304,15.07
3305,15.035000000000002
3306,15.004999999999999
3307,15.03
3308,15.039999999999997
3309,15.01
3310,15.025
3311,15.025
3312,15.045
3313,15.03
3314,15.01
3315,15.0
3316,15.0
3317,15.01
3318,15.01
3319,15.015
3320,15.004999999999999
3321,15.020000000000001
3322,15.055
3323,15.06
3324,15.065
3325,15.094999999999999
3326,15.07
3327,15.080000000000002
3328,15.06
3329,15.080000000000002
3330,15.094999999999999
3331,15.15
3332,15.140000000000002
3333,15.16
3334,15.17
3335,15.155
3336,15.099999999999998
3337,15.09
3338,15.049999999999999
3339,15.035000000000002
3340,15.039999999999997
3341,15.080000000000002
3342,15.09
3343,14.959999999999999
3344,14.98
3345,14.95
3346,14.97
3347,14.97
3348,14.965
3349,14.955
3350,14.97
3351,15.01
3352,14.994999999999997
3353,15.29
3354,15.275
3355,15.280000000000001
3356,15.280000000000001
3357,15.24
3358,15.3
3359,15.275
3360,15.29
3361,15.29
3362,15.315
3363,15.294999999999998
3364,15.26
3365,15.280000000000001
3366,15.255
3367,15.225
3368,15.215
3369,15.225
3370,15.189999999999998
3371,15.189999999999998
3372,15.21
3373,15.22
3374,15.195
3375,15.195
3376,15.189999999999998
3377,15.185000000000002
3378,15.189999999999998
3379,15.27
3380,15.255
3381,15.249999999999998
3382,15.285
3383,15.255
3384,15.249999999999998
3385,15.215
3386,15.27
3387,15.265
3388,15.24
3389,15.249999999999998
3390,15.230000000000002
3391,15.21
3392,15.204999999999998
3393,15.235000000000001
3394,15.22
3395,15.230000000000002
3396,15.215
3397,15.215
3398,15.2
3399,15.17
3400,15.16
3401,15.115
3402,15.12
3403,15.125000000000002
3404,15.125000000000002
3405,15.025
3406,15.049999999999999
3407,15.025
3408,15.0
3409,15.049999999999999
3410,15.06
3411,15.075
3412,15.06
3413,15.045
3414,15.075
3415,15.065
3416,15.045
3417,15.055
3418,15.065
3419,15.09
3420,15.15
3421,15.175
3422,15.17
3423,15.15
3424,15.155
3425,15.135
3426,15.135
3427,15.125000000000002
3428,15.16
3429,15.165
3430,15.2
3431,15.16
3432,15.189999999999998
3433,15.21
3434,15.189999999999998
3435,15.22
3436,15.189999999999998
3437,15.230000000000002
3438,15.235000000000001
3439,15.235000000000001
3440,15.24
3441,15.245
3442,15.255
3443,15.255
3444,15.245
3445,15.245
3446,15.21
3447,15.21
3448,15.185000000000002
3449,15.18
3450,15.185000000000002
3451,15.18
3452,15.18
3453,15.215
3454,15.204999999999998
3455,15.18
3456,15.215
3457,15.255
3458,15.26
3459,15.26
3460,15.285
3461,15.225
3462,15.225
3463,15.195
3464,15.21
3465,15.2
3466,15.18
3467,15.185000000000002
3468,15.189999999999998
3469,15.22
3470,15.189999999999998
3471,15.204999999999998
3472,15.195
3473,15.195
3474,15.189999999999998
3475,15.17
3476,15.17
3477,15.189999999999998
3478,15.185000000000002
3479,15.204999999999998
3480,15.189999999999998
3481,15.204999999999998
3482,15.215
3483,15.24
3484,15.230000000000002
3485,15.225
3486,15.225
3487,15.24
3488,15.249999999999998
3489,15.275
3490,15.265
3491,15.245
3492,15.230000000000002
3493,15.245
3494,15.265
3495,15.24
3496,15.249999999999998
3497,15.24
3498,15.24
3499,15.245
3500,15.250000000000002
3501,15.235
3502,15.245
3503,15.245
3504,15.24
3505,15.245
3506,15.24
3507,15.245
3508,15.250000000000002
3509,15.28
3510,15.29
3511,15.29
3512,15.29
3513,15.295
3514,15.29
3515,15.295
3516,15.285
3517,15.260000000000002
3518,15.28
3519,15.29
3520,15.28
3521,15.28
3522,15.28
3523,15.295
3524,15.31
3525,15.305
3526,15.305
3527,15.305
3528,15.3
3529,15.305
3530,15.305
3531,15.295
3532,15.295
3533,15.305
3534,15.315
3535,15.335
3536,15.345000000000002
3537,15.369999999999997
3538,15.39
3539,15.345000000000002
3540,15.254999999999999
3541,15.275
3542,15.215
3543,15.24
3544,15.18
3545,15.169999999999998
3546,15.23
3547,15.21
3548,15.169999999999998
3549,15.2
3550,15.18
3551,15.169999999999998
3552,15.155
3553,15.159999999999998
3554,15.195
3555,15.195
3556,15.19
3557,15.205
3558,15.19
3559,15.205
3560,15.22
3561,15.3
3562,15.34
3563,15.375
3564,15.385
3565,15.39
3566,15.43
3567,15.42
3568,15.435
3569,15.435
3570,15.43
3571,15.435
3572,15.435
3573,15.44
3574,15.435
3575,15.435
3576,15.435
3577,15.435
3578,15.45
3579,15.445000000000002
3580,15.43
3581,15.425
3582,15.425
3583,15.435
3584,15.415
3585,15.435
3586,15.44
3587,15.6
3588,15.59
3589,15.6
3590,15.57
3591,15.564999999999998
3592,15.585
3593,15.57
3594,15.545
3595,15.505
3596,15.495
3597,15.495
3598,15.505
3599,15.505
3600,15.485
3601,15.48
3602,15.485
3603,15.46
3604,15.46
3605,15.464999999999998
3606,15.475
3607,15.475
3608,15.464999999999998
3609,15.47
3610,15.464999999999998
3611,15.464999999999998
3612,15.45
3613,15.46
3614,15.49
3615,15.48
3616,15.5
3617,15.47
3618,15.48
3619,15.464999999999998
3620,15.45
3621,15.455000000000002
3622,15.455000000000002
3623,15.455000000000002
3624,15.455000000000002
3625,15.435
3626,15.43
3627,15.425
3628,15.435
3629,15.43
3630,15.42
3631,15.42
3632,15.495
3633,15.49
3634,15.515
3635,15.515
3636,15.53
3637,15.525
3638,15.53
3639,15.705
3640,15.77
3641,15.735
3642,15.775
3643,15.78
3644,15.759999999999998
3645,15.750000000000002
3646,15.745
3647,15.755
3648,15.759999999999998
3649,15.81
3650,15.835000000000003
3651,15.854999999999999
3652,15.915
3653,15.975
3654,16.015
3655,16.01
3656,15.995
3657,16.005
3658,16.045
3659,16.06
3660,16.105
3661,16.165
3662,16.18
3663,16.165
3664,16.165
3665,16.085
3666,16.215
3667,16.28
3668,16.235
3669,16.205
3670,16.115
3671,16.145
3672,16.165
3673,16.175
3674,16.185
3675,16.155
3676,16.175
3677,16.2
3678,16.195
3679,16.195
3680,16.195
3681,16.205
3682,16.165
3683,16.14
3684,16.15
3685,16.135
3686,16.12
3687,16.165
3688,16.165
3689,16.115
3690,16.12
3691,16.3
3692,16.335
3693,16.31
3694,16.315
3695,16.345
3696,16.37
3697,16.345
3698,16.38
3699,16.39
3700,16.375
3701,16.325
3702,16.305
3703,16.31
3704,16.31
3705,16.325
3706,16.335
3707,16.34
3708,16.355
3709,16.345
3710,16.39
3711,16.4
3712,16.39
3713,16.34
3714,16.305
3715,16.305
3716,16.295
3717,16.375
3718,16.405
3719,16.44
3720,16.445
3721,16.445
3722,16.435
3723,16.455
3724,16.41
3725,16.385
3726,16.375
3727,16.375
3728,16.38
3729,16.365
3730,16.355
3731,16.35
3732,16.365
3733,16.355
3734,16.355
3735,16.34
3736,16.345
3737,16.345
3738,16.365
3739,16.355
3740,16.345
3741,16.345
3742,16.32
3743,16.355
3744,16.335
3745,16.325
3746,16.315
3747,16.305
3748,16.28
3749,16.27
3750,16.28
3751,16.285
3752,16.275
3753,16.24
3754,16.24
3755,16.245
3756,16.245
3757,16.235
3758,16.225
3759,16.225
3760,16.225
3761,16.225
3762,16.195
3763,16.175
3764,16.15
3765,16.16
3766,16.175
3767,16.185
3768,16.19
3769,16.065
3770,16.06
3771,16.045
3772,16.025
3773,16.01
3774,16.02
3775,16.055
3776,16.025
3777,16.055
3778,16.08
3779,16.085
3780,16.07
3781,16.065
3782,16.055
3783,16.06
3784,16.055
3785,16.045
3786,16.04
3787,16.035
3788,16.035
3789,16.035
3790,16.02
3791,16.005
3792,16.02
3793,16.025
3794,16.015
3795,16.08
3796,16.08
3797,16.045
3798,16.025
3799,16.04
3800,16.035
3801,16.045
3802,16.08
3803,16.115
3804,16.13
3805,16.11
3806,16.095
3807,16.095
3808,16.095
3809,16.095
3810,16.075
3811,16.075
3812,16.055
3813,16.065
3814,16.055
3815,16.035
3816,16.035
3817,16.035
3818,16.035
3819,16.045
3820,16.08
3821,16.1
3822,16.08
3823,16.13
3824,16.135
3825,16.165
3826,16.185
3827,16.165
3828,16.155
3829,16.145
3830,16.135
3831,16.145
3832,16.155
3833,16.14
3834,16.125
3835,16.115
3836,16.1
3837,16.11
3838,16.115
3839,16.145
3840,16.15
3841,16.165
3842,16.205
3843,16.225
3844,16.23
3845,16.25
3846,16.27
3847,16.22
3848,16.18
3849,16.195
3850,16.175
3851,16.185
3852,16.17
3853,16.17
3854,16.14
3855,16.12
3856,16.1
3857,16.11
3858,16.085
3859,16.135
3860,16.115
3861,16.095
3862,16.105
3863,16.105
3864,16.125
3865,16.085
3866,16.085
3867,16.075
3868,16.055
3869,16.045
3870,16.055
3871,16.065
3872,16.1
3873,16.195
3874,16.19
3875,16.245
3876,16.22
3877,16.225
3878,16.255
3879,16.26
3880,16.235
3881,16.22
3882,16.24
3883,16.235
3884,16.215
3885,16.23
3886,16.235
3887,16.235
3888,16.225
3889,16.225
3890,16.225
3891,16.225
3892,16.2
3893,16.135
3894,16.09
3895,16.065
3896,16.115
3897,16.115
3898,16.115
3899,16.04
3900,15.99
3901,15.94
3902,15.925
3903,15.92
3904,15.935000000000002
3905,15.96
3906,15.96
3907,15.96
3908,15.985
3909,15.995
3910,15.98
3911,15.99
3912,15.985
3913,15.954999999999998
3914,15.96
3915,15.965
3916,15.965
3917,15.985
3918,15.985
3919,15.975
3920,15.99
3921,16.01
3922,16.01
3923,16.02
3924,16.02
3925,16.295
3926,16.325
3927,16.275
3928,16.3
3929,16.315
3930,16.325
3931,16.33
3932,16.33
3933,16.335
3934,16.335
3935,16.3
3936,16.295
3937,16.31
3938,16.31
3939,16.3
3940,16.28
3941,16.275
3942,16.295
3943,16.305
3944,16.305
3945,16.305
3946,16.29
3947,16.305
3948,16.35
3949,16.355
3950,16.36
3951,16.18
3952,16.185
3953,16.18
3954,16.16
3955,16.17
3956,16.155
3957,16.195
3958,16.215
3959,16.19
3960,16.195
3961,16.215
3962,16.235
3963,16.235
3964,16.235
3965,16.23
3966,16.22
3967,16.245
3968,16.225
3969,16.215
3970,16.195
3971,16.205
3972,16.185
3973,16.165
3974,16.14
3975,16.135
3976,16.155
3977,16.16
3978,16.15
3979,16.22
3980,16.195
3981,16.19
3982,16.165
3983,16.22
3984,16.205
3985,16.225
3986,16.25
3987,16.225
3988,16.255
3989,16.255
3990,16.245
3991,16.275
3992,16.255
3993,16.265
3994,16.3
3995,16.32
3996,16.345
3997,16.335
3998,16.35
3999,16.385
4000,16.385
4001,16.375
4002,16.37
4003,16.48
4004,16.535
4005,16.5
4006,16.475
4007,16.525
4008,16.59
4009,16.585
4010,16.595
4011,16.565
4012,16.545
4013,16.525
4014,16.545
4015,16.545
4016,16.52
4017,16.485
4018,16.475
4019,16.495
4020,16.49
4021,16.5
4022,16.485
4023,16.52
4024,16.555
4025,16.575
4026,16.555
4027,16.56
4028,16.56
4029,16.68
4030,16.665
4031,16.755
4032,16.765
4033,16.755
4034,16.765
4035,16.76
4036,16.76
4037,16.71
4038,16.685
4039,16.71
4040,16.71
4041,16.685
4042,16.7
4043,16.695
4044,16.7
4045,16.7
4046,16.73
4047,16.78
4048,16.765
4049,16.765
4050,16.76
4051,16.79
4052,16.81
4053,16.8
4054,16.795
4055,16.79
4056,16.805
4057,16.865
4058,16.9
4059,16.875
4060,16.84
4061,16.845
4062,16.775
4063,16.755
4064,16.73
4065,16.735
4066,16.735
4067,16.725
4068,16.735
4069,16.73
4070,16.72
4071,16.71
4072,16.67
4073,16.64
4074,16.685
4075,16.685
4076,16.7
4077,16.71
4078,16.71
4079,16.725
4080,16.73
4081,16.76
4082,16.79
4083,16.825
4084,16.75
4085,16.75
4086,16.735
4087,16.725
4088,16.725
4089,16.735
4090,16.745
4091,16.73
4092,16.715
4093,16.73
4094,16.725
4095,16.715
4096,16.725
4097,16.74
4098,16.73
4099,16.74
4100,16.735
4101,16.74
4102,16.735
4103,16.725
4104,16.715
4105,16.715
4106,16.71
4107,16.77
4108,16.785
4109,16.755
4110,16.785
4111,16.765
4112,16.75
4113,16.745
4114,16.74
4115,16.725
4116,16.725
4117,16.725
4118,16.71
4119,16.735
4120,16.72
4121,16.72
4122,16.72
4123,16.715
4124,16.725
4125,16.895
4126,16.905
4127,16.79
4128,16.87
4129,16.915
4130,16.87
4131,16.81
4132,16.77
4133,16.985
4134,17.005
4135,17.0
4136,16.99
4137,17.005
4138,17.01
4139,17.03
4140,17.03
4141,17.055
4142,17.06
4143,17.065
4144,17.1
4145,17.085
4146,17.1
4147,17.125
4148,17.12
4149,17.115
4150,17.115
4151,17.105
4152,17.075
4153,17.095
4154,17.095
4155,17.1
4156,17.08
4157,17.07
4158,17.04
4159,17.035
4160,17.075
4161,17.04
4162,17.02
4163,17.015
4164,17.015
4165,17.035
4166,17.01
4167,17.005
4168,17.0
4169,16.96
4170,17.0
4171,16.98
4172,16.925
4173,16.9
4174,17.0
4175,16.99
4176,17.0
4177,17.0
4178,17.015
4179,17.025
4180,17.005
4181,16.995
4182,16.975
4183,16.995
4184,16.95
4185,17.095
4186,17.165
4187,17.17
4188,17.1
4189,17.03
4190,17.05
4191,17.03
4192,17.11
4193,17.07
4194,17.06
4195,17.05
4196,17.05
4197,17.1
4198,17.13
4199,17.07
4200,17.115
4201,17.085
4202,17.08
4203,17.085
4204,17.03
4205,17.03
4206,17.04
4207,17.025
4208,17.025
4209,17.035
4210,17.03
4211,17.095
4212,17.12
4213,17.115
4214,17.125
4215,17.125
4216,17.12
4217,17.13
4218,17.145
4219,17.15
4220,17.165
4221,17.17
4222,17.185
4223,17.185
4224,17.15
4225,17.14
4226,17.105
4227,17.115
4228,17.085
4229,17.125
4230,17.11
4231,17.105
4232,17.11
4233,17.095
4234,17.065
4235,17.075
4236,17.05
4237,17.05
4238,17.02
4239,16.99
4240,16.995
4241,17.025
4242,17.035
4243,17.075
4244,17.055
4245,17.04
4246,17.045
4247,17.045
4248,17.01
4249,17.025
4250,17.01
4251,17.015
4252,17.015
4253,17.05
4254,17.055
4255,17.07
4256,17.08
4257,17.09
4258,17.105
4259,17.115
4260,17.135
4261,17.155
4262,17.18
4263,17.1
4264,17.04
4265,17.03
4266,17.025
4267,16.95
4268,16.995
4269,16.97
4270,17.0
4271,16.98
4272,16.935
4273,16.955
4274,16.905
4275,16.935
4276,16.94
4277,16.944999999999997
4278,16.93
4279,16.91
4280,16.88
4281,16.865
4282,16.865
4283,16.855
4284,16.855
4285,16.86
4286,16.85
4287,16.875
4288,16.87
4289,16.915
4290,16.96
4291,16.96
4292,16.97
4293,16.97
4294,16.955
4295,16.96
4296,16.925
4297,16.91
4298,16.935
4299,16.944999999999997
4300,16.965
4301,16.965
4302,16.92
4303,16.915
4304,16.925
4305,16.935
4306,16.965
4307,17.015
4308,17.035
4309,17.035
4310,17.025
4311,17.035
4312,17.02
4313,17.015
4314,17.03
4315,16.97
4316,16.955
4317,16.97
4318,16.975
4319,16.96
4320,16.94
4321,17.0
4322,16.99
4323,16.975
4324,17.005
4325,16.97
4326,16.97
4327,16.96
4328,16.985
4329,16.985
4330,17.005
4331,17.01
4332,16.995
4333,16.955
4334,16.944999999999997
4335,16.95
4336,16.985
4337,17.01
4338,17.035
4339,16.995
4340,17.02
4341,17.04
4342,17.025
4343,17.045
4344,17.055
4345,17.095
4346,17.075
4347,17.08
4348,17.09
4349,17.075
4350,17.075
4351,17.065
4352,17.02
4353,17.02
4354,17.035
4355,17.055
4356,17.005
4357,16.985
4358,17.01
4359,17.03
4360,17.045
4361,17.025
4362,17.045
4363,17.055
4364,17.07
4365,17.095
4366,17.065
4367,17.03
4368,17.025
4369,16.944999999999997
4370,16.99
4371,16.975
4372,16.995
4373,16.975
4374,16.965
4375,16.965
4376,16.965
4377,16.96
4378,16.975
4379,16.965
4380,16.955
4381,16.94
4382,16.96
4383,16.915
4384,16.905
4385,16.905
4386,16.91
4387,16.91
4388,16.865
4389,16.855
4390,16.84
4391,16.855
4392,16.81
4393,16.95
4394,16.925
4395,16.91
4396,16.915
4397,16.89
4398,16.83
4399,16.82
4400,16.775
4401,16.65
4402,16.7
4403,16.74
4404,16.72
4405,16.705
4406,16.8
4407,16.855
4408,16.885
4409,16.81
4410,16.81
4411,16.88
4412,16.865
4413,16.87
4414,16.91
4415,16.91
4416,16.885
4417,16.865
4418,16.88
4419,17.165
4420,17.2
4421,17.19
4422,17.18
4423,17.19
4424,17.225
4425,17.235
4426,17.23
4427,17.2
4428,17.215
4429,17.22
4430,17.235
4431,17.24
4432,17.245
4433,17.245
4434,17.23
4435,17.225
4436,17.225
4437,17.24
4438,17.26
4439,17.265
4440,17.25
4441,17.245
4442,17.27
4443,17.275
4444,17.28
4445,17.38
4446,17.355
4447,17.315
4448,17.335
4449,17.32
4450,17.31
4451,17.315
4452,17.31
4453,17.275
4454,17.275
4455,17.29
4456,17.28
4457,17.25
4458,17.24
4459,17.29
4460,17.34
4461,17.34
4462,17.32
4463,17.31
4464,17.34
4465,17.325
4466,17.31
4467,17.275
4468,17.3
4469,17.315
4470,17.28
4471,17.14
4472,17.15
4473,17.105
4474,17.11
4475,17.13
4476,17.11
4477,17.07
4478,17.015
4479,17.065
4480,17.065
4481,17.12
4482,17.12
4483,17.11
4484,17.06
4485,17.04
4486,17.085
4487,17.055
4488,17.04
4489,17.035
4490,17.0
4491,17.005
4492,16.99
4493,16.96
4494,16.944999999999997
4495,16.925
4496,16.88
4497,16.93
4498,16.855
4499,16.87
4500,16.8
4501,16.77
4502,16.75
4503,16.76
4504,16.82
4505,16.8
4506,16.8
4507,16.84
4508,16.81
4509,16.815
4510,16.8
4511,16.87
4512,16.89
4513,16.88
4514,16.935
4515,16.985
4516,17.01
4517,16.99
4518,16.99
4519,17.02
4520,17.06
4521,17.1
4522,17.11
4523,16.95
4524,16.91
4525,16.895
4526,16.88
4527,16.85
4528,16.88
4529,16.9
4530,16.905
4531,16.81
4532,16.815
4533,16.795
4534,16.76
4535,16.77
4536,16.78
4537,16.725
4538,16.735
4539,16.75
4540,16.685
4541,16.63
4542,16.57
4543,16.65
4544,16.68
4545,16.69
4546,16.69
4547,16.665
4548,16.6
4549,16.7
4550,16.7
4551,16.52
4552,16.375
4553,16.58
4554,16.6
4555,16.58
4556,16.535
4557,16.545
4558,16.61
4559,16.73
4560,16.68
4561,16.7
4562,16.675
4563,16.72
4564,16.66
4565,16.73
4566,16.735
4567,16.73
4568,16.61
4569,16.595
4570,16.55
4571,16.54
4572,16.505
4573,16.47
4574,16.52
4575,16.51
4576,16.47
4577,16.425
4578,16.44
4579,16.57
4580,16.6
4581,16.56
4582,16.56
4583,16.57
4584,16.55
4585,16.575
4586,16.595
4587,16.62
4588,16.64
4589,16.64
4590,16.62
4591,16.59
4592,16.58
4593,16.58
4594,16.56
4595,16.54
4596,16.55
4597,16.53
4598,16.48
4599,16.41
4600,16.58
4601,16.48
4602,16.455
4603,16.445
4604,16.46
4605,16.505
4606,16.54
4607,16.525
4608,16.565
4609,16.54
4610,16.57
4611,16.515
4612,16.525
4613,16.54
4614,16.565
4615,16.52
4616,16.52
4617,16.53
4618,16.54
4619,16.5
4620,16.515
4621,16.475
4622,16.47
4623,16.405
4624,16.485
4625,16.51
4626,15.9
4627,16.14
4628,16.11
4629,15.94
4630,15.890000000000002
4631,15.870000000000001
4632,15.9
4633,15.78
4634,15.705
4635,15.719999999999999
4636,15.635
4637,15.6
4638,15.45
4639,15.545
4640,15.629999999999999
4641,15.509999999999998
4642,15.620000000000001
4643,15.65
4644,15.669999999999998
4645,15.65
4646,15.69
4647,15.7
4648,15.7
4649,15.755
4650,15.830000000000002
4651,15.759999999999998
4652,15.79
4653,15.819999999999999
4654,15.770000000000001
4655,15.84
4656,15.979999999999999
4657,16.015
4658,16.04
4659,16.13
4660,16.07
4661,15.99
4662,16.07
4663,16.08
4664,16.1
4665,16.14
4666,16.16
4667,16.21
4668,16.22
4669,16.09
4670,16.1
4671,16.08
4672,16.1
4673,16.065
4674,16.11
4675,16.11
4676,16.095
4677,16.065
4678,16.22
4679,16.29
4680,16.355
4681,16.395
4682,16.32
4683,16.36
4684,16.365
4685,16.365
4686,16.37
4687,16.365
4688,16.33
4689,16.355
4690,16.345
4691,16.305
4692,16.23
4693,16.27
4694,16.3
4695,16.25
4696,16.23
4697,16.195
4698,16.225
4699,16.2
4700,16.235
4701,16.2
4702,16.205
4703,16.2
4704,16.31
4705,16.235
4706,16.21
4707,16.255
4708,16.255
4709,16.185
4710,16.195
4711,16.215
4712,16.19
4713,16.19
4714,16.185
4715,16.175
4716,16.185
4717,16.19
4718,16.21
4719,16.25
4720,16.24
4721,16.215
4722,16.26
4723,16.24
4724,16.245
4725,16.255
4726,16.27
4727,16.24
4728,16.275
4729,16.26
4730,16.35
4731,16.375
4732,16.415
4733,16.435
4734,16.435
4735,16.43
4736,16.455
4737,16.45
4738,16.46
4739,16.495
4740,16.495
4741,16.49
4742,16.49
4743,16.485
4744,16.49
4745,16.495
4746,16.535
4747,16.525
4748,16.54
4749,16.555
4750,16.575
4751,16.575
4752,16.595
4753,16.605
4754,16.58
4755,16.59
4756,16.64
4757,16.675
4758,16.635
4759,16.64
4760,16.59
4761,16.615
4762,16.64
4763,16.65
4764,16.655
4765,16.645
4766,16.615
4767,16.59
4768,16.56
4769,16.57
4770,16.585
4771,16.53
4772,16.51
4773,16.475
4774,16.475
4775,16.43
4776,16.46
4777,16.47
4778,16.445
4779,16.435
4780,16.405
4781,16.395
4782,16.59
4783,16.56
4784,16.595
4785,16.63
4786,16.645
4787,16.69
4788,16.715
4789,16.655
4790,16.65
4791,16.66
4792,16.73
4793,16.7
4794,16.685
4795,16.67
4796,16.69
4797,16.69
4798,16.695
4799,16.695
4800,16.72
4801,16.725
4802,16.7
4803,16.66
4804,16.62
4805,16.59
4806,16.625
4807,16.6
4808,16.68
4809,16.615
4810,16.61
4811,16.61
4812,16.645
4813,16.665
4814,16.61
4815,16.63
4816,16.65
4817,16.625
4818,16.64
4819,16.65
4820,16.645
4821,16.625
4822,16.605
4823,16.595
4824,16.615
4825,16.61
4826,16.625
4827,16.655
4828,16.65
4829,16.665
4830,16.665
4831,16.67
4832,16.7
4833,16.71
4834,16.615
4835,16.57
4836,16.56
4837,16.565
4838,16.555
4839,16.545
4840,16.565
4841,16.57
4842,16.55
4843,16.53
4844,16.55
4845,16.53
4846,16.54
4847,16.54
4848,16.59
4849,16.595
4850,16.595
4851,16.585
4852,16.59
4853,16.585
4854,16.565
4855,16.545
4856,16.555
4857,16.55
4858,16.58
4859,16.58
4860,16.67
4861,16.645
4862,16.655
4863,16.665
4864,16.68
4865,16.695
4866,16.72
4867,16.735
4868,16.735
4869,16.675
4870,16.705
4871,16.695
4872,16.695
4873,16.675
4874,16.695
4875,16.695
4876,16.705
4877,16.7
4878,16.705
4879,16.725
4880,16.735
4881,16.725
4882,16.745
4883,16.755
4884,16.785
4885,16.79
4886,16.795
4887,16.915
4888,16.89
4889,16.89
4890,16.88
4891,16.845
4892,16.835
4893,16.83
4894,16.81
4895,16.815
4896,16.78
4897,16.745
4898,16.755
4899,16.755
4900,16.77
4901,16.855
4902,16.8
4903,16.845
4904,16.865
4905,16.985
4906,16.95
4907,16.955
4908,16.93
4909,16.97
4910,17.01
4911,16.985
4912,16.98
4913,16.89
4914,16.885
4915,16.925
4916,16.885
4917,16.93
4918,16.97
4919,16.94
4920,16.965
4921,16.985
4922,16.98
4923,16.985
4924,17.01
4925,17.015
4926,17.02
4927,17.04
4928,17.095
4929,17.09
4930,17.1
4931,17.05
4932,17.06
4933,16.975
4934,17.01
4935,17.005
4936,16.995
4937,17.025
4938,17.15
4939,17.135
4940,17.15
4941,17.16
4942,17.18
4943,17.18
4944,17.185
4945,17.19
4946,17.175
4947,17.14
4948,17.155
4949,17.115
4950,17.14
4951,17.145
4952,17.145
4953,17.165
4954,17.155
4955,17.145
4956,17.15
4957,17.145
4958,17.14
4959,17.135
4960,17.135
4961,17.125
4962,17.145
4963,17.14
4964,17.16
4965,17.17
4966,17.185
4967,17.155
4968,17.185
4969,17.28
4970,17.29
4971,17.3
4972,17.31
4973,17.305
4974,17.295
4975,17.32
4976,17.315
4977,17.315
4978,17.325
4979,17.335
4980,17.335
4981,17.335
4982,17.335
4983,17.315
4984,17.31
4985,17.3
4986,17.29
4987,17.225
4988,17.235
4989,17.24
4990,17.24
4991,17.11
4992,17.13
4993,17.085
4994,17.095
4995,17.035
4996,17.05
4997,17.09
4998,17.075
4999,17.05
5000,17.12
5001,17.11
5002,17.13
5003,17.135
5004,17.14
5005,17.125
5006,17.11
5007,17.155
5008,17.145
5009,17.14
5010,17.125
5011,17.175
5012,17.165
5013,17.17
5014,17.195
5015,17.2
5016,17.255
5017,17.25
5018,17.29
5019,17.255
5020,17.25
5021,17.295
5022,17.295
5023,17.29
5024,17.295
5025,17.31
5026,17.34
5027,17.34
5028,17.36
5029,17.355
5030,17.355
5031,17.325
5032,17.265
5033,17.28
5034,17.285
5035,17.305
5036,17.3
5037,17.32
5038,17.33
5039,17.315
5040,17.325
5041,17.33
5042,17.37
5043,17.355
5044,17.31
5045,17.31
5046,17.345
5047,17.345
5048,17.325
5049,17.34
5050,17.335
5051,17.325
5052,17.31
5053,17.325
5054,17.325
5055,17.325
5056,17.325
5057,17.335
5058,17.345
5059,17.345
5060,17.34
5061,17.345
5062,17.345
5063,17.34
5064,17.325
5065,17.34
5066,17.335
5067,17.345
5068,17.28
5069,17.295
5070,17.3
5071,17.33
5072,17.325
5073,17.36
5074,17.335
5075,17.36
5076,17.335
5077,17.345
5078,17.33
5079,17.325
5080,17.315
5081,17.315
5082,17.325
5083,17.335
5084,17.34
5085,17.335
5086,17.335
5087,17.32
5088,17.335
5089,17.315
5090,17.315
5091,17.295
5092,17.32
5093,17.34
5094,17.37
5095,17.38
5096,17.375
5097,17.305
5098,17.34
5099,17.345
5100,17.365
5101,17.35
5102,17.345
5103,17.335
5104,17.345
5105,17.335
5106,17.325
5107,17.335
5108,17.345
5109,17.345
5110,17.345
5111,17.335
5112,17.345
5113,17.335
5114,17.335
5115,17.345
5116,17.345
5117,17.35
5118,17.345
5119,17.365
5120,17.445
5121,17.435
5122,17.41
5123,17.395
5124,17.365
5125,17.385
5126,17.34
5127,17.33
5128,17.345
5129,17.36
5130,17.335
5131,17.345
5132,17.365
5133,17.355
5134,17.365
5135,17.37
5136,17.355
5137,17.345
5138,17.335
5139,17.315
5140,17.3
5141,17.32
5142,17.325
5143,17.315
5144,17.335
5145,17.31
5146,17.255
5147,17.255
5148,17.245
5149,17.23
5150,17.165
5151,17.13
5152,17.075
5153,17.125
5154,17.185
5155,17.19
5156,17.175
5157,17.185
5158,17.18
5159,17.195
5160,17.21
5161,17.215
5162,17.225
5163,17.205
5164,17.22
5165,17.245
5166,17.225
5167,17.225
5168,17.25
5169,17.265
5170,17.3
5171,17.28
5172,17.27
5173,17.245
5174,17.215
5175,17.275
5176,17.265
5177,17.235
5178,17.215
5179,17.23
5180,17.185
5181,17.195
5182,17.185
5183,17.195
5184,17.175
5185,17.16
5186,17.14
5187,17.145
5188,17.135
5189,17.15
5190,17.14
5191,17.175
5192,17.18
5193,17.185
5194,17.2
5195,17.18
5196,17.225
5197,17.21
5198,17.16
5199,17.175
5200,17.215
5201,17.215
5202,17.195
5203,17.175
5204,17.175
5205,17.18
5206,17.16
5207,17.165
5208,17.165
5209,17.175
5210,17.175
5211,17.175
5212,17.165
5213,17.165
5214,17.155
5215,17.14
5216,17.125
5217,17.115
5218,17.13
5219,17.135
5220,17.145
5221,17.145
5222,17.13
5223,17.14
5224,17.015
5225,17.03
5226,17.065
5227,17.115
5228,17.12
5229,17.12
5230,17.085
5231,17.06
5232,17.06
5233,17.035
5234,17.025
5235,17.04
5236,17.08
5237,17.075
5238,17.08
5239,17.095
5240,17.085
5241,17.105
5242,17.12
5243,17.105
5244,17.125
5245,17.105
5246,17.095
5247,17.09
5248,17.07
5249,17.075
5250,17.1
5251,17.11
5252,17.13
5253,17.13
5254,17.165
5255,17.205
5256,17.205
5257,17.16
5258,17.165
5259,17.17
5260,17.19
5261,17.195
5262,17.185
5263,17.18
5264,17.16
5265,17.15
5266,17.155
5267,17.175
5268,17.185
5269,17.185
5270,17.175
5271,17.18
5272,17.18
5273,17.175
5274,17.155
5275,17.145
5276,17.135
5277,17.105
5278,17.055
5279,17.055
5280,17.03
5281,17.02
5282,17.035
5283,17.03
5284,17.045
5285,17.045
5286,17.035
5287,17.03
5288,17.035
5289,17.02
5290,17.02
5291,17.025
5292,17.03
5293,17.03
5294,17.055
5295,17.02
5296,17.015
5297,17.045
5298,17.035
5299,17.075
5300,17.075
5301,17.05
5302,16.955
5303,16.95
5304,16.965
5305,16.98
5306,16.995
5307,16.985
5308,16.98
5309,17.005
5310,16.99
5311,16.985
5312,16.985
5313,16.995
5314,16.985
5315,16.975
5316,16.965
5317,16.955
5318,16.97
5319,16.97
5320,16.975
5321,16.985
5322,16.985
5323,16.995
5324,16.975
5325,16.975
5326,16.985
5327,16.995
5328,17.095
5329,17.135
5330,17.135
5331,17.13
5332,17.155
5333,17.17
5334,17.155
5335,17.15
5336,17.145
5337,17.155
5338,17.175
5339,17.145
5340,17.145
5341,17.13
5342,17.115
5343,17.1
5344,17.135
5345,17.12
5346,17.1
5347,17.075
5348,17.075
5349,17.075
5350,17.1
5351,17.09
5352,17.115
5353,17.1
5354,17.255
5355,17.23
5356,17.225
5357,17.225
5358,17.205
5359,17.18
5360,17.165
5361,17.145
5362,17.155
5363,17.155
5364,17.145
5365,17.145
5366,17.135
5367,17.09
5368,17.09
5369,17.105
5370,17.115
5371,17.14
5372,17.14
5373,17.155
5374,17.145
5375,17.14
5376,17.15
5377,17.155
5378,17.165
5379,17.18
5380,17.18
5381,17.165
5382,17.145
5383,17.17
5384,17.145
5385,17.13
5386,17.1
5387,17.09
5388,17.11
5389,17.125
5390,17.145
5391,17.12
5392,17.135
5393,17.125
5394,17.115
5395,17.115
5396,17.105
5397,17.115
5398,17.105
5399,17.11
5400,17.115
5401,17.105
5402,17.115
5403,17.115
5404,17.105
5405,17.11
5406,17.065
5407,17.095
5408,17.09
5409,17.095
5410,17.07
5411,17.065
5412,17.055
5413,17.045
5414,17.055
5415,17.065
5416,17.065
5417,17.07
5418,17.065
5419,17.055
5420,17.055
5421,17.065
5422,17.065
5423,17.055
5424,17.055
5425,17.065
5426,17.075
5427,17.075
5428,17.075
5429,17.075
5430,17.075
5431,17.11
5432,17.135
5433,17.12
5434,17.105
5435,17.09
5436,17.07
5437,17.07
5438,17.065
5439,17.065
5440,17.07
5441,17.06
5442,17.04
5443,17.03
5444,17.04
5445,17.05
5446,16.915
5447,16.83
5448,16.79
5449,16.84
5450,16.785
5451,16.76
5452,16.76
5453,16.785
5454,16.775
5455,16.75
5456,16.765
5457,16.755
5458,16.76
5459,16.81
5460,16.825
5461,16.83
5462,16.82
5463,16.835
5464,16.8
5465,16.78
5466,16.795
5467,16.8
5468,16.82
5469,16.855
5470,16.83
5471,16.78
5472,16.935
5473,16.995
5474,16.995
5475,16.995
5476,16.99
5477,17.08
5478,17.08
5479,17.065
5480,17.075
5481,17.08
5482,17.075
5483,17.075
5484,17.045
5485,17.035
5486,17.065
5487,17.08
5488,17.08
5489,17.085
5490,17.095
5491,17.105
5492,17.11
5493,17.125
5494,17.125
5495,17.105
5496,17.115
5497,17.15
5498,17.2
5499,17.225
5500,17.26
5501,17.265
5502,17.265
5503,17.225
5504,17.205
5505,17.19
5506,17.19
5507,17.2
5508,17.205
5509,17.19
5510,17.185
5511,17.215
5512,17.205
5513,17.205
5514,17.195
5515,17.175
5516,17.235
5517,17.255
5518,17.26
5519,17.255
5520,17.265
5521,17.275
5522,17.275
5523,17.29
5524,17.24
5525,17.22
5526,17.22
5527,17.185
5528,17.155
5529,17.18
5530,17.175
5531,17.16
5532,17.215
5533,17.235
5534,17.255
5535,17.255
5536,17.295
5537,17.26
5538,17.27
5539,17.29
5540,17.275
5541,17.275
5542,17.235
5543,17.225
5544,17.205
5545,17.2
5546,17.195
5547,17.15
5548,17.185
5549,17.2
5550,17.495
5551,17.58
5552,17.595
5553,17.565
5554,17.57
5555,17.57
5556,17.585
5557,17.635
5558,17.645
5559,17.685
5560,17.665
5561,17.645
5562,17.665
5563,17.695
5564,17.685
5565,17.675
5566,17.685
5567,17.675
5568,17.685
5569,17.695
5570,17.685
5571,17.635
5572,17.645
5573,17.65
5574,17.6
5575,17.66
5576,17.64
5577,17.635
5578,17.685
5579,17.795
5580,17.805
5581,17.785
5582,17.8
5583,17.825
5584,17.825
5585,17.825
5586,17.79
5587,17.695
5588,17.725
5589,17.68
5590,17.67
5591,17.645
5592,17.55
5593,17.555
5594,17.54
5595,17.67
5596,17.69
5597,17.665
5598,17.66
5599,17.675
5600,17.655
5601,17.67
5602,17.365
5603,17.44
5604,17.29
5605,17.225
5606,17.255
5607,17.315
5608,17.27
5609,17.33
5610,17.345
5611,17.33
5612,17.35
5613,17.37
5614,17.405
5615,17.43
5616,17.46
5617,17.435
5618,17.475
5619,17.47
5620,17.46
5621,17.49
5622,17.455
5623,17.56
5624,17.525
5625,17.52
5626,17.565
5627,17.57
5628,17.625
5629,17.525
5630,17.555
5631,17.565
5632,17.525
5633,17.595
5634,17.645
5635,17.545
5636,17.585
5637,17.615
5638,17.6
5639,17.555
5640,17.59
5641,17.605
5642,17.63
5643,17.585
5644,17.575
5645,17.505
5646,17.525
5647,17.48
5648,17.47
5649,17.43
5650,17.475
5651,17.49
5652,17.395
5653,17.4
5654,17.585
5655,17.62
5656,17.62
5657,17.595
5658,17.595
5659,17.56
5660,17.555
5661,17.585
5662,17.585
5663,17.605
5664,17.605
5665,17.62
5666,17.635
5667,17.64
5668,17.625
5669,17.615
5670,17.63
5671,17.585
5672,17.595
5673,17.53
5674,17.53
5675,17.48
5676,17.535
5677,17.565
5678,17.5
5679,17.48
5680,17.425
5681,17.41
5682,17.32
5683,17.3
5684,17.285
5685,17.225
5686,17.25
5687,17.21
5688,17.215
5689,17.205
5690,17.22
5691,17.32
5692,17.31
5693,17.33
5694,17.34
5695,17.355
5696,17.32
5697,17.35
5698,17.345
5699,17.31
5700,17.27
5701,17.305
5702,17.29
5703,17.28
5704,17.19
5705,17.135
5706,17.22
5707,17.23
5708,17.17
5709,17.035
5710,16.96
5711,16.94
5712,16.86
5713,16.825
5714,16.775
5715,16.79
5716,16.9
5717,16.92
5718,16.94
5719,16.99
5720,16.91
5721,16.92
5722,16.94
5723,16.93
5724,16.87
5725,16.955
5726,16.84
5727,16.865
5728,16.9
5729,16.86
5730,16.865
5731,16.84
5732,16.63
5733,16.745
5734,16.9
5735,16.955
5736,16.92
5737,17.015
5738,17.045
5739,17.15
5740,17.12
5741,17.06
5742,17.05
5743,17.08
5744,17.08
5745,17.005
5746,16.965
5747,16.99
5748,17.04
5749,16.99
5750,17.02
5751,17.02
5752,17.015
5753,16.97
5754,16.915
5755,16.905
5756,16.82
5757,16.73
5758,16.955
5759,16.92
5760,16.895
5761,16.92
5762,16.94
5763,16.95
5764,16.98
5765,17.0
5766,17.035
5767,17.08
5768,17.115
5769,17.065
5770,17.05
5771,17.075
5772,17.075
5773,17.045
5774,17.055
5775,17.09
5776,17.14
5777,17.055
5778,17.01
5779,17.035
5780,17.075
5781,17.175
5782,17.24
5783,17.255
5784,17.46
5785,17.46
5786,17.425
5787,17.42
5788,17.41
5789,17.385
5790,17.355
5791,17.37
5792,17.385
5793,17.405
5794,17.405
5795,17.395
5796,17.415
5797,17.425
5798,17.425
5799,17.435
5800,17.42
5801,17.435
5802,17.435
5803,17.415
5804,17.405
5805,17.405
5806,17.435
5807,17.445
5808,17.475
5809,17.515
5810,17.585
5811,17.65
5812,17.685
5813,17.63
5814,17.655
5815,17.63
5816,17.615
5817,17.625
5818,17.615
5819,17.595
5820,17.575
5821,17.56
5822,17.585
5823,17.575
5824,17.595
5825,17.59
5826,17.635
5827,17.645
5828,17.66
5829,17.655
5830,17.665
5831,17.67
5832,17.65
5833,17.645
5834,17.655
5835,17.61
5836,17.605
5837,17.565
5838,17.6
5839,17.645
5840,17.65
5841,17.645
5842,17.605
5843,17.63
5844,17.625
5845,17.66
5846,17.665
5847,17.665
5848,17.665
5849,17.685
5850,17.695
5851,17.695
5852,17.685
5853,17.695
5854,17.695
5855,17.695
5856,17.685
5857,17.685
5858,17.695
5859,17.705
5860,17.695
5861,17.72
5862,17.825
5863,17.855
5864,17.845
5865,17.855
5866,17.84
5867,17.825
5868,17.855
5869,17.85
5870,17.905
5871,17.89
5872,17.92
5873,17.935
5874,17.96
5875,17.975
5876,17.985
5877,17.955
5878,17.965
5879,17.95
5880,17.935
5881,17.955
5882,17.97
5883,17.95
5884,17.965
5885,17.955
5886,17.975
5887,17.94
5888,17.95
5889,17.975
5890,17.985
5891,18.03
5892,18.065
5893,18.055
5894,18.085
5895,18.075
5896,18.05
5897,18.065
5898,18.08
5899,18.045
5900,18.02
5901,17.985
5902,17.955
5903,18.04
5904,18.03
5905,18.01
5906,18.015
5907,18.035
5908,18.035
5909,18.04
5910,18.03
5911,18.035
5912,18.03
5913,18.02
5914,18.01
5915,18.015
5916,18.01
5917,18.015
5918,18.025
5919,18.025
5920,18.025
5921,18.025
5922,18.02
5923,18.025
5924,18.025
5925,18.025
5926,18.005
5927,17.98
5928,18.035
5929,18.055
5930,18.085
5931,18.095
5932,18.145
5933,18.155
5934,18.155
5935,18.165
5936,18.175
5937,18.17
5938,18.14
5939,18.125
5940,18.135
5941,18.135
5942,18.14
5943,18.145
5944,18.14
5945,18.13
5946,18.145
5947,18.13
5948,18.105
5949,18.105
5950,18.115
5951,18.105
5952,18.125
5953,18.115
5954,18.065
5955,18.05
5956,18.02
5957,18.055
5958,18.075
5959,18.145
5960,18.105
5961,18.13
5962,18.115
5963,18.12
5964,18.135
5965,18.135
5966,18.115
5967,18.125
5968,18.135
5969,18.135
5970,18.115
5971,18.12
5972,18.135
5973,18.135
5974,18.165
5975,18.15
5976,18.155
5977,18.15
5978,18.16
5979,18.13
5980,18.155
5981,18.12
5982,18.1
5983,18.115
5984,18.12
5985,18.115
5986,18.1
5987,18.08
5988,18.06
5989,18.065
5990,18.03
5991,18.015
5992,17.985
5993,17.965
5994,17.965
5995,17.98
5996,17.98
5997,17.975
5998,17.94
5999,17.925
