,0
0,13.690000000000001
1,13.696
2,13.730000000000002
3,13.720000000000002
4,13.730000000000002
5,13.88
6,14.035
7,14.01
8,14.06
9,14.06
10,14.13
11,14.145
12,14.24
13,14.335000000000003
14,14.31
15,14.3
16,14.32
17,14.32
18,14.34
19,14.28
20,14.29
21,14.28
22,14.265
23,14.25
24,14.27
25,14.305000000000001
26,14.32
27,14.315
28,14.29
29,14.31
30,14.29
31,14.31
32,14.210000000000003
33,14.235
34,14.220999999999998
35,14.175
36,14.15
37,14.205
38,14.169999999999998
39,14.180000000000001
40,14.195
41,14.23
42,14.210000000000003
43,14.210000000000003
44,14.2663
45,14.2695
46,14.251
47,14.28
48,14.24
49,14.241
50,14.24
51,14.2794
52,14.284999999999998
53,14.2835
54,14.272500000000003
55,14.25
56,14.27
57,14.25
58,14.24
59,14.325
60,14.322000000000001
61,14.25
62,14.3599
63,14.368
64,14.37
65,14.34
66,14.31
67,14.315
68,14.3105
69,14.3
70,14.325
71,14.325
72,14.35
73,14.37
74,14.35
75,14.330500000000002
76,14.31
77,14.302999999999999
78,14.3295
79,14.36
80,14.405
81,14.419999999999998
82,14.415
83,14.4689
84,14.430000000000001
85,14.430000000000001
86,14.26
87,14.294999999999998
88,14.190000000000001
89,14.225
90,14.15
91,14.155
92,14.15
93,14.2
94,14.205
95,14.24
96,14.220000000000002
97,14.252
98,14.23
99,14.255
100,14.2648
101,14.245
102,14.220000000000002
103,14.220000000000002
104,14.220000000000002
105,14.2354
106,14.210000000000003
107,14.24
108,14.2624
109,14.275
110,14.32
111,14.29
112,14.29
113,14.485
114,14.5055
115,14.485
116,14.6099
117,14.64
118,14.655
119,14.680000000000001
120,14.65
121,14.651000000000002
122,14.670000000000002
123,14.680000000000001
124,14.69
125,14.72
126,14.735
127,14.73
128,14.75
129,14.7464
130,14.74
131,14.69
132,14.710000000000003
133,14.715
134,14.705
135,14.677999999999997
136,14.678999999999998
137,14.685
138,14.65
139,14.670000000000002
140,14.53
141,14.55
142,14.571
143,14.645
144,14.659999999999998
145,14.73
146,14.7275
147,14.725
148,14.74
149,14.73
150,14.680000000000001
151,14.7
152,14.69
153,14.675
154,14.655
155,14.625
156,14.61
157,14.63
158,14.64
159,14.670000000000002
160,14.64
161,14.64
162,14.670000000000002
163,14.65
164,14.659900000000002
165,14.62
166,14.61
167,14.56
168,14.53
169,14.56
170,14.5499
171,14.5901
172,14.59
173,14.58
174,14.525
175,14.5124
176,14.52
177,14.48
178,14.51
179,14.53
180,14.53
181,14.569500000000001
182,14.575
183,14.55
184,14.52
185,14.5
186,14.505
187,14.425
188,14.44
189,14.495
190,14.5314
191,14.58
192,14.65
193,14.64
194,14.55
195,14.515
196,14.54
197,14.55
198,14.59
199,14.5497
200,14.53
201,14.5296
202,14.5
203,14.5301
204,14.54
205,14.575
206,14.49
207,14.485
208,14.53
209,14.52
210,14.51
211,14.534999999999998
212,14.545000000000002
213,14.55
214,14.565
215,14.53
216,14.4999
217,14.525
218,14.505
219,14.5
220,14.49
221,14.44
222,14.430000000000001
223,14.505
224,14.619899999999998
225,14.63
226,14.69
227,14.69
228,14.74
229,14.73
230,14.73
231,14.715
232,14.720100000000002
233,14.7624
234,14.76
235,14.8204
236,14.8005
237,14.835
238,14.84
239,14.82
240,14.835
241,14.855
242,14.82
243,14.835
244,14.81
245,14.815
246,14.78
247,14.77
248,14.8254
249,14.8
250,14.83
251,14.82
252,14.75
253,14.715
254,14.755
255,14.82
256,14.815
257,14.825
258,14.82
259,14.829
260,14.83
261,14.84
262,14.85
263,14.86
264,14.84
265,14.84
266,14.83
267,14.8315
268,14.85
269,14.88
270,14.84
271,14.845
272,14.920000000000002
273,14.905
274,14.89
275,14.83
276,14.851999999999999
277,14.81
278,14.7785
279,14.780400000000002
280,14.805
281,14.82
282,14.845
283,14.8201
284,14.81
285,14.84
286,14.85
287,14.845
288,14.83
289,14.83
290,14.83
291,14.825
292,14.81
293,14.774999999999999
294,14.7345
295,14.770499999999998
296,14.774999999999999
297,14.79
298,14.73
299,14.7
300,14.76
301,14.77
302,14.838
303,14.83
304,14.8
305,14.802
306,14.8224
307,14.838
308,14.82
309,14.805
310,14.7915
311,14.78
312,14.725
313,14.72
314,14.75
315,14.7875
316,14.81
317,14.81
318,14.815
319,14.85
320,14.8301
321,14.8235
322,14.88
323,14.845
324,14.83
325,14.815
326,14.855
327,14.84
328,14.84
329,14.78
330,14.777999999999999
331,14.82
332,14.82
333,14.83
334,14.78
335,14.813
336,14.82
337,14.84
338,14.835
339,14.835
340,14.85
341,14.85
342,14.8442
343,14.86
344,14.869999999999997
345,14.869999999999997
346,14.899999999999999
347,14.885
348,14.855
349,14.88
350,14.869999999999997
351,14.845
352,14.831
353,14.835
354,14.81
355,14.81
356,14.84
357,14.865
358,14.83
359,14.815
360,14.81
361,14.78
362,14.774999999999999
363,14.774999999999999
364,14.755
365,14.74
366,14.73
367,14.755
368,14.774999999999999
369,14.774999999999999
370,14.765
371,14.745
372,14.7
373,14.715
374,14.725
375,14.725
376,14.73
377,14.745
378,14.745
379,14.735
380,14.75
381,14.75
382,14.305000000000001
383,14.37
384,14.485
385,14.395
386,14.44
387,14.4
388,14.36
389,14.27
390,14.24
391,14.25
392,14.215
393,14.28
394,14.180000000000001
395,14.169999999999998
396,14.175
397,14.165
398,14.169999999999998
399,14.185
400,14.155
401,14.165
402,14.165
403,14.185
404,14.145
405,14.11
406,14.105
407,14.180000000000001
408,14.37
409,14.15
410,13.970000000000002
411,14.13
412,14.13
413,14.24
414,14.225
415,14.210000000000003
416,14.16
417,14.08
418,14.035
419,14.015
420,14.055000000000001
421,14.04
422,14.01
423,13.98
424,14.0
425,14.015
426,14.015
427,14.08
428,14.09
429,14.195
430,14.210000000000003
431,14.2
432,14.195
433,14.16
434,14.07
435,13.855
436,13.85
437,13.86
438,13.834999999999999
439,13.81
440,13.8
441,13.855
442,13.925
443,13.945
444,13.945
445,13.965
446,13.919999999999998
447,13.959999999999999
448,14.195
449,14.27
450,14.3
451,14.25
452,14.235
453,14.255
454,14.255
455,14.205
456,14.165
457,14.16
458,14.145
459,14.165
460,14.175
461,14.185
462,14.205
463,14.190000000000001
464,14.205
465,14.190000000000001
466,14.185
467,14.195
468,14.180000000000001
469,14.195
470,14.235
471,14.195
472,14.165
473,14.190000000000001
474,14.36
475,14.430000000000001
476,14.385
477,14.38
478,14.315
479,14.325
480,14.29
481,14.210000000000003
482,14.169999999999998
483,14.24
484,14.245
485,14.215
486,14.245
487,14.2
488,14.215
489,14.220000000000002
490,14.210000000000003
491,14.190000000000001
492,14.23
493,14.27
494,14.25
495,14.275
496,14.235
497,14.25
498,14.24
499,14.29
500,14.19
501,14.19
502,13.93
503,13.970000000000002
504,14.059999999999999
505,13.98
506,13.96
507,13.995
508,13.99
509,13.970000000000002
510,13.909999999999998
511,13.89
512,13.835
513,13.87
514,13.865
515,13.875
516,13.880000000000003
517,13.880000000000003
518,13.905
519,13.865
520,13.880000000000003
521,13.884999999999998
522,13.9
523,13.915
524,13.915
525,13.895000000000001
526,13.875
527,13.844999999999999
528,13.84
529,14.14
530,14.12
531,14.115
532,14.110000000000001
533,14.110000000000001
534,14.124999999999998
535,14.12
536,14.115
537,14.110000000000001
538,14.110000000000001
539,14.115
540,14.105
541,14.14
542,14.164999999999997
543,14.24
544,14.17
545,14.17
546,14.155
547,14.205
548,14.205
549,14.255
550,14.285
551,14.235
552,14.255
553,14.245
554,14.265
555,14.249999999999998
556,14.27
557,14.24
558,14.215
559,14.23
560,14.215
561,14.175
562,14.15
563,14.160000000000002
564,14.124999999999998
565,14.08
566,14.074999999999998
567,14.095000000000002
568,14.08
569,14.03
570,14.03
571,14.045
572,14.055
573,14.02
574,14.025
575,14.065
576,14.070000000000002
577,14.065
578,14.025
579,14.045
580,14.105
581,14.249999999999998
582,14.225000000000001
583,14.095000000000002
584,14.124999999999998
585,14.045
586,14.08
587,14.070000000000002
588,14.059999999999999
589,14.009999999999998
590,14.02
591,14.025
592,13.965
593,13.98
594,13.94
595,13.935
596,13.985000000000001
597,14.0
598,14.02
599,14.009999999999998
600,14.005
601,14.0
602,14.015
603,14.045
604,14.03
605,14.084999999999999
606,14.05
607,14.285
608,14.339999999999998
609,14.435
610,14.529999999999998
611,14.5
612,14.590000000000002
613,14.590000000000002
614,14.605
615,14.595
616,14.640000000000002
617,14.625
618,14.645
619,14.605
620,14.575
621,14.615000000000002
622,14.63
623,14.635
624,14.675
625,14.635
626,14.645
627,14.66
628,14.675
629,14.685
630,14.655000000000001
631,14.679999999999998
632,14.695
633,14.679999999999998
634,14.54
635,14.565000000000001
636,14.605
637,14.54
638,14.514999999999999
639,14.545
640,14.56
641,14.57
642,14.63
643,14.625
644,14.590000000000002
645,14.579999999999998
646,14.585
647,14.579999999999998
648,14.554999999999998
649,14.56
650,14.554999999999998
651,14.565000000000001
652,14.579999999999998
653,14.595
654,14.585
655,14.585
656,14.595
657,14.405
658,14.395
659,14.37
660,14.365
661,14.39
662,14.36
663,14.350000000000001
664,14.36
665,14.37
666,14.355
667,14.335000000000003
668,14.350000000000001
669,14.38
670,14.385
671,14.339999999999998
672,14.28
673,14.295
674,14.289999999999997
675,14.295
676,14.33
677,14.32
678,14.28
679,14.274999999999999
680,14.32
681,14.265
682,14.22
683,14.249999999999998
684,14.200000000000001
685,14.209999999999999
686,14.215
687,14.22
688,14.205
689,14.235
690,14.289999999999997
691,14.265
692,14.32
693,14.314999999999998
694,14.305
695,14.314999999999998
696,14.289999999999997
697,14.305
698,14.33
699,14.365
700,14.375000000000002
701,14.395
702,14.375000000000002
703,14.38
704,14.39
705,14.375000000000002
706,14.24
707,14.249999999999998
708,14.28
709,14.235
710,14.200000000000001
711,14.18
712,14.124999999999998
713,14.099999999999998
714,14.135000000000002
715,14.115
716,14.135000000000002
717,14.12
718,14.095000000000002
719,14.12
720,14.135000000000002
721,14.110000000000001
722,14.110000000000001
723,14.115
724,14.14
725,14.160000000000002
726,14.124999999999998
727,14.124999999999998
728,14.17
729,14.145
730,14.215
731,14.24
732,13.96
733,14.009999999999998
734,14.005
735,13.965
736,13.970000000000002
737,13.87
738,13.855000000000002
739,13.815
740,13.78
741,13.765
742,13.71
743,13.89
744,13.844999999999999
745,13.87
746,13.880000000000003
747,13.895000000000001
748,13.89
749,13.815
750,13.81
751,13.775
752,13.815
753,13.81
754,13.83
755,13.855000000000002
756,13.865
757,13.859999999999998
758,13.84
759,13.875
760,13.89
761,13.925
762,13.94
763,13.985000000000001
764,13.970000000000002
765,14.17
766,14.145
767,14.14
768,13.48
769,13.415
770,13.425000000000002
771,13.415
772,13.445
773,13.46
774,13.48
775,13.494999999999997
776,13.494999999999997
777,13.485
778,13.48
779,13.494999999999997
780,13.490000000000002
781,13.475
782,13.45
783,13.445
784,13.445
785,13.429999999999998
786,13.429999999999998
787,13.42
788,13.385
789,13.395
790,13.404999999999998
791,13.400000000000002
792,13.364999999999998
793,13.355
794,13.335
795,13.46
796,13.52
797,13.51
798,13.54
799,13.515000000000002
800,13.490000000000002
801,13.494999999999997
802,13.505
803,13.48
804,13.46
805,13.435
806,13.445
807,13.454999999999998
808,13.445
809,13.465000000000002
810,13.475
811,13.47
812,13.454999999999998
813,13.42
814,13.429999999999998
815,13.445
816,13.425000000000002
817,13.435
818,13.425000000000002
819,13.395
820,13.37
821,13.300000000000002
822,13.255
823,13.27
824,13.250000000000002
825,13.225000000000001
826,13.2
827,13.235
828,13.255
829,13.255
830,13.235
831,13.214999999999998
832,13.205
833,13.195
834,13.18
835,13.245
836,13.23
837,13.225000000000001
838,13.225000000000001
839,13.250000000000002
840,13.225000000000001
841,13.245
842,13.285
843,13.290000000000001
844,13.305
845,13.295
846,13.339999999999998
847,13.335
848,13.339999999999998
849,13.305
850,13.364999999999998
851,13.445
852,13.55
853,13.51
854,13.525
855,13.54
856,13.535
857,13.505
858,13.530000000000001
859,13.5
860,13.494999999999997
861,13.485
862,13.465000000000002
863,13.475
864,13.454999999999998
865,13.494999999999997
866,13.494999999999997
867,13.490000000000002
868,13.475
869,13.465000000000002
870,13.445
871,13.429999999999998
872,13.425000000000002
873,13.37
874,13.345
875,13.33
876,13.35
877,13.35
878,13.345
879,13.325
880,13.31
881,13.315000000000001
882,13.335
883,13.345
884,13.355
885,13.36
886,13.364999999999998
887,13.364999999999998
888,13.37
889,13.37
890,13.364999999999998
891,13.375
892,13.364999999999998
893,13.36
894,13.364999999999998
895,13.355
896,13.364999999999998
897,13.37
898,13.339999999999998
899,13.46
900,13.47
901,13.55
902,13.525
903,13.505
904,13.535
905,13.55
906,13.575
907,13.555000000000001
908,13.54
909,13.54
910,13.535
911,13.535
912,13.515000000000002
913,13.48
914,13.485
915,13.51
916,13.494999999999997
917,13.494999999999997
918,13.494999999999997
919,13.465000000000002
920,13.445
921,13.38
922,13.375
923,13.38
924,13.375
925,13.51
926,13.52
927,13.55
928,13.52
929,13.51
930,13.485
931,13.475
932,13.51
933,13.494999999999997
934,13.494999999999997
935,13.494999999999997
936,13.47
937,13.445
938,13.425000000000002
939,13.425000000000002
940,13.429999999999998
941,13.415
942,13.440000000000001
943,13.435
944,13.440000000000001
945,13.435
946,13.435
947,13.42
948,13.435
949,13.385
950,13.454999999999998
951,13.41
952,13.435
953,13.435
954,13.435
955,13.429999999999998
956,13.425000000000002
957,13.445
958,13.454999999999998
959,13.47
960,13.425000000000002
961,13.425000000000002
962,13.425000000000002
963,13.445
964,13.465000000000002
965,13.465000000000002
966,13.45
967,13.445
968,13.435
969,13.440000000000001
970,13.429999999999998
971,13.435
972,13.465000000000002
973,13.465000000000002
974,13.585
975,13.57
976,13.565
977,13.555000000000001
978,13.545
979,13.604999999999999
980,13.6
981,13.61
982,13.604999999999999
983,13.629999999999999
984,13.619999999999997
985,13.625
986,13.615
987,13.604999999999999
988,13.55
989,13.575
990,13.565
991,13.585
992,13.575
993,13.585
994,13.585
995,13.665
996,13.745000000000001
997,13.705000000000002
998,13.765
999,13.74
1000,13.835
1001,13.86
1002,13.795000000000002
1003,13.785
1004,13.669999999999998
1005,13.745000000000001
1006,13.725000000000001
1007,13.725000000000001
1008,13.68
1009,13.71
1010,13.73
1011,13.704999999999998
1012,13.725000000000001
1013,13.704999999999998
1014,13.625
1015,13.614999999999998
1016,13.59
1017,13.59
1018,13.594999999999999
1019,13.594999999999999
1020,13.58
1021,13.58
1022,13.585
1023,13.594999999999999
1024,13.66
1025,13.6
1026,13.6
1027,13.57
1028,13.565
1029,13.525
1030,13.54
1031,13.52
1032,13.535
1033,13.525
1034,13.555
1035,13.525
1036,13.525
1037,13.525
1038,13.545
1039,13.515
1040,13.505
1041,13.515
1042,13.485
1043,13.51
1044,13.5
1045,13.48
1046,13.475
1047,13.475
1048,13.49
1049,13.495
1050,13.475
1051,13.475
1052,13.535
1053,13.565
1054,13.52
1055,13.535
1056,13.55
1057,13.535
1058,13.54
1059,13.535
1060,13.515
1061,13.5
1062,13.505
1063,13.485
1064,13.465
1065,13.46
1066,13.48
1067,13.46
1068,13.475
1069,13.485
1070,13.49
1071,13.48
1072,13.475
1073,13.465
1074,13.455
1075,13.455
1076,13.47
1077,13.5
1078,13.38
1079,13.355
1080,13.345
1081,13.38
1082,13.355
1083,13.315
1084,13.37
1085,13.355
1086,13.365
1087,13.37
1088,13.365
1089,13.385
1090,13.39
1091,13.405
1092,13.4
1093,13.43
1094,13.465
1095,13.52
1096,13.555
1097,13.56
1098,13.525
1099,13.515
1100,13.505
1101,13.435
1102,13.455
1103,13.48
1104,13.515
1105,13.44
1106,13.395
1107,13.425
1108,13.345
1109,13.355
1110,13.34
1111,13.31
1112,13.33
1113,13.305
1114,13.345
1115,13.33
1116,13.305
1117,13.305
1118,13.31
1119,13.285
1120,13.265
1121,13.235
1122,13.235
1123,13.295
1124,13.325
1125,13.315
1126,13.32
1127,13.315
1128,13.32
1129,13.275
1130,13.12
1131,13.135
1132,13.14
1133,13.2
1134,13.22
1135,13.21
1136,13.225
1137,13.215
1138,13.195
1139,13.22
1140,13.215
1141,13.225
1142,13.2
1143,13.185
1144,13.17
1145,13.175
1146,13.175
1147,13.185
1148,13.205
1149,13.195
1150,13.175
1151,13.185
1152,13.195
1153,13.215
1154,13.175
1155,13.14
1156,13.26
1157,13.09
1158,13.07
1159,12.98
1160,12.93
1161,12.99
1162,13.015
1163,12.99
1164,12.975
1165,12.995
1166,13.015
1167,12.995
1168,12.955
1169,12.96
1170,12.925
1171,12.915
1172,12.915
1173,12.935
1174,12.925
1175,12.925
1176,12.915
1177,12.93
1178,12.965
1179,12.965
1180,12.85
1181,12.83
1182,12.435
1183,12.29
1184,12.27
1185,12.28
1186,12.215
1187,12.23
1188,12.175
1189,12.165
1190,12.215
1191,12.23
1192,12.235
1193,12.255
1194,12.275
1195,12.26
1196,12.3
1197,12.295
1198,12.35
1199,12.335
1200,12.315
1201,12.32
1202,12.31
1203,12.285
1204,12.31
1205,12.265
1206,12.315
1207,12.335
1208,12.37
1209,12.415
1210,12.365
1211,12.325
1212,12.345
1213,12.325
1214,12.35
1215,12.385
1216,12.395
1217,12.395
1218,12.38
1219,12.35
1220,12.305
1221,12.29
1222,12.27
1223,12.27
1224,12.225
1225,12.235
1226,12.225
1227,12.23
1228,12.245
1229,12.25
1230,12.265
1231,12.255
1232,12.28
1233,12.265
1234,12.285
1235,12.28
1236,12.34
1237,12.365
1238,12.345
1239,12.34
1240,12.335
1241,12.37
1242,12.395
1243,12.385
1244,12.39
1245,12.385
1246,12.39
1247,12.375
1248,12.385
1249,12.37
1250,12.355
1251,12.335
1252,12.345
1253,12.34
1254,12.345
1255,12.305
1256,12.305
1257,12.305
1258,12.34
1259,12.315
1260,12.47
1261,12.545
1262,12.485
1263,12.5
1264,12.485
1265,12.51
1266,12.495
1267,12.485
1268,12.455
1269,12.455
1270,12.485
1271,12.465
1272,12.465
1273,12.47
1274,12.465
1275,12.455
1276,12.45
1277,12.445
1278,12.445
1279,12.445
1280,12.405
1281,12.44
1282,12.405
1283,12.42
1284,12.425
1285,12.44
1286,12.42
1287,12.41
1288,12.38
1289,12.395
1290,12.4
1291,12.395
1292,12.41
1293,12.395
1294,12.41
1295,12.415
1296,12.405
1297,12.385
1298,12.375
1299,12.365
1300,12.34
1301,12.355
1302,12.345
1303,12.28
1304,12.3
1305,12.305
1306,12.295
1307,12.31
1308,12.34
1309,12.28
1310,12.265
1311,12.25
1312,12.32
1313,12.265
1314,12.325
1315,12.315
1316,12.315
1317,12.325
1318,12.325
1319,12.335
1320,12.32
1321,12.315
1322,12.345
1323,12.36
1324,12.365
1325,12.335
1326,12.34
1327,12.335
1328,12.33
1329,12.33
1330,12.33
1331,12.305
1332,12.315
1333,12.31
1334,12.305
1335,12.305
1336,12.335
1337,12.33
1338,12.285
1339,12.3
1340,12.265
1341,12.28
1342,12.295
1343,12.295
1344,12.3
1345,12.295
1346,12.275
1347,12.265
1348,12.26
1349,12.275
1350,12.29
1351,12.29
1352,12.285
1353,12.275
1354,12.295
1355,12.305
1356,12.305
1357,12.345
1358,12.355
1359,12.355
1360,12.41
1361,12.395
1362,12.435
1363,12.415
1364,12.41
1365,12.36
1366,12.355
1367,12.355
1368,12.355
1369,12.38
1370,12.355
1371,12.345
1372,12.335
1373,12.34
1374,12.35
1375,12.34
1376,12.34
1377,12.355
1378,12.355
1379,12.35
1380,12.355
1381,12.35
1382,12.35
1383,12.355
1384,12.355
1385,12.35
1386,12.355
1387,12.33
1388,12.325
1389,12.3
1390,12.405
1391,12.42
1392,12.435
1393,12.445
1394,12.435
1395,12.445
1396,12.455
1397,12.425
1398,12.43
1399,12.395
1400,12.395
1401,12.36
1402,12.365
1403,12.375
1404,12.375
1405,12.375
1406,12.365
1407,12.365
1408,12.38
1409,12.375
1410,12.37
1411,12.355
1412,12.34
1413,12.35
1414,12.355
1415,12.34
1416,12.415
1417,12.565
1418,12.57
1419,12.63
1420,12.585
1421,12.595
1422,12.595
1423,12.62
1424,12.66
1425,12.685
1426,12.675
1427,12.625
1428,12.645
1429,12.635
1430,12.66
1431,12.645
1432,12.64
1433,12.645
1434,12.595
1435,12.65
1436,12.65
1437,12.62
1438,12.61
1439,12.635
1440,12.59
1441,12.6
1442,12.59
1443,12.5
1444,12.53
1445,12.5
1446,12.495
1447,12.53
1448,12.54
1449,12.49
1450,12.505
1451,12.495
1452,12.505
1453,12.475
1454,12.475
1455,12.475
1456,12.495
1457,12.515
1458,12.51
1459,12.505
1460,12.475
1461,12.465
1462,12.45
1463,12.455
1464,12.45
1465,12.475
1466,12.475
1467,12.49
1468,12.435
1469,12.385
1470,12.34
1471,12.35
1472,12.32
1473,12.305
1474,12.305
1475,12.32
1476,12.32
1477,12.315
1478,12.34
1479,12.345
1480,12.295
1481,12.345
1482,12.345
1483,12.315
1484,12.325
1485,12.345
1486,12.33
1487,12.405
1488,12.435
1489,12.415
1490,12.395
1491,12.35
1492,12.34
1493,12.335
1494,12.375
1495,12.395
1496,12.35
1497,12.315
1498,12.315
1499,12.35
1500,12.315
1501,12.3
1502,12.29
1503,12.295
1504,12.295
1505,12.335
1506,12.3
1507,12.245
1508,12.2
1509,12.19
1510,12.175
1511,12.17
1512,12.175
1513,12.145
1514,12.145
1515,12.115
1516,12.195
1517,12.21
1518,12.175
1519,12.185
1520,12.165
1521,12.175
1522,12.175
1523,12.165
1524,12.175
1525,12.185
1526,12.165
1527,12.165
1528,12.15
1529,12.155
1530,12.155
1531,12.165
1532,12.18
1533,12.235
1534,12.235
1535,12.215
1536,12.31
1537,12.315
1538,12.34
1539,12.34
1540,12.32
1541,12.325
1542,12.305
1543,12.31
1544,12.305
1545,12.305
1546,12.28
1547,12.24
1548,12.245
1549,12.275
1550,12.275
1551,12.255
1552,12.255
1553,12.285
1554,12.305
1555,12.31
1556,12.325
1557,12.285
1558,12.28
1559,12.385
1560,12.38
1561,12.385
1562,12.375
1563,12.355
1564,12.4
1565,12.385
1566,12.415
1567,12.415
1568,12.37
1569,12.32
1570,12.325
1571,12.37
1572,12.35
1573,12.3
1574,12.3
1575,12.295
1576,12.275
1577,12.27
1578,12.265
1579,12.275
1580,12.255
1581,12.245
1582,12.275
1583,12.245
1584,12.24
1585,12.125
1586,12.13
1587,12.13
1588,12.14
1589,12.13
1590,12.135
1591,12.175
1592,12.15
1593,12.175
1594,12.175
1595,12.235
1596,12.235
1597,12.22
1598,11.935
1599,12.0
1600,12.0
1601,12.055
1602,12.08
1603,12.075
1604,12.065
1605,12.07
1606,12.045
1607,12.025
1608,11.995
1609,11.985
1610,11.995
1611,11.99
1612,11.935
1613,11.975
1614,11.975
1615,11.995
1616,11.985
1617,12.005
1618,11.985
1619,11.965
1620,11.96
1621,11.965
1622,11.925
1623,11.885
1624,11.86
1625,11.87
1626,11.89
1627,11.855
1628,11.89
1629,11.865
1630,11.865
1631,11.815
1632,11.845
1633,11.845
1634,11.855
1635,11.875
1636,11.88
1637,11.875
1638,11.855
1639,11.865
1640,11.865
1641,11.89
1642,11.865
1643,11.855
1644,11.86
1645,11.85
1646,11.885
1647,11.88
1648,11.885
1649,11.905
1650,11.9
1651,11.855
1652,11.815
1653,11.79
1654,11.81
1655,11.815
1656,11.805
1657,11.775
1658,11.77
1659,11.775
1660,11.775
1661,11.765
1662,11.755
1663,11.745
1664,11.79
1665,11.805
1666,11.785
1667,11.785
1668,11.8
1669,11.79
1670,11.76
1671,11.735
1672,11.74
1673,11.755
1674,11.765
1675,11.785
1676,11.79
1677,11.845
1678,11.85
1679,11.795
1680,11.795
1681,11.775
1682,11.74
1683,11.755
1684,11.74
1685,11.735
1686,11.745
1687,11.745
1688,11.735
1689,11.71
1690,11.705
1691,11.7
1692,11.705
1693,11.695
1694,11.725
1695,11.715
1696,11.705
1697,11.69
1698,11.705
1699,11.705
1700,11.725
1701,11.705
1702,11.7
1703,11.735
1704,11.725
1705,11.75
1706,11.73
1707,11.685
1708,11.675
1709,11.7
1710,11.695
1711,11.71
1712,11.665
1713,11.69
1714,11.695
1715,11.67
1716,11.655
1717,11.64
1718,11.67
1719,11.665
1720,11.63
1721,11.61
1722,11.615
1723,11.625
1724,11.595
1725,11.585
1726,11.575
1727,11.565
1728,11.575
1729,11.465
1730,11.49
1731,11.47
1732,11.49
1733,11.47
1734,11.46
1735,11.44
1736,11.435
1737,11.415
1738,11.415
1739,11.405
1740,11.42
1741,11.415
1742,11.435
1743,11.425
1744,11.415
1745,11.425
1746,11.435
1747,11.445
1748,11.45
1749,11.46
1750,11.465
1751,11.455
1752,11.445
1753,11.425
1754,11.425
1755,11.46
1756,11.49
1757,11.5
1758,11.465
1759,11.435
1760,11.42
1761,11.43
1762,11.41
1763,11.405
1764,11.385
1765,11.365
1766,11.37
1767,11.375
1768,11.355
1769,11.35
1770,11.32
1771,11.315
1772,11.325
1773,11.325
1774,11.355
1775,11.335
1776,11.345
1777,11.395
1778,11.485
1779,11.485
1780,11.465
1781,11.505
1782,11.475
1783,11.44
1784,11.49
1785,11.525
1786,11.5
1787,11.495
1788,11.49
1789,11.505
1790,11.49
1791,11.49
1792,11.47
1793,11.455
1794,11.45
1795,11.45
1796,11.405
1797,11.42
1798,11.405
1799,11.42
1800,11.45
1801,11.44
1802,11.425
1803,11.475
1804,11.435
1805,11.415
1806,11.39
1807,11.455
1808,11.465
1809,11.47
1810,11.5
1811,11.51
1812,11.465
1813,11.435
1814,11.435
1815,11.435
1816,11.435
1817,11.45
1818,11.445
1819,11.445
1820,11.445
1821,11.435
1822,11.445
1823,11.47
1824,11.455
1825,11.47
1826,11.505
1827,11.515
1828,11.52
1829,11.475
1830,11.495
1831,11.5
1832,11.47
1833,11.615
1834,11.675
1835,11.65
1836,11.67
1837,11.7
1838,11.735
1839,11.735
1840,11.695
1841,11.7
1842,11.73
1843,11.705
1844,11.695
1845,11.705
1846,11.705
1847,11.71
1848,11.705
1849,11.72
1850,11.75
1851,11.755
1852,11.755
1853,11.745
1854,11.725
1855,11.705
1856,11.735
1857,11.72
1858,11.69
1859,11.835
1860,11.775
1861,11.785
1862,11.775
1863,11.735
1864,11.72
1865,11.72
1866,11.725
1867,11.745
1868,11.725
1869,11.72
1870,11.725
1871,11.68
1872,11.685
1873,11.695
1874,11.685
1875,11.675
1876,11.655
1877,11.66
1878,11.63
1879,11.635
1880,11.635
1881,11.635
1882,11.66
1883,11.7
1884,11.745
1885,11.605
1886,11.555
1887,11.47
1888,11.45
1889,11.43
1890,11.435
1891,11.405
1892,11.405
1893,11.385
1894,11.355
1895,11.335
1896,11.33
1897,11.34
1898,11.335
1899,11.31
1900,11.31
1901,11.315
1902,11.335
1903,11.305
1904,11.335
1905,11.305
1906,11.29
1907,11.275
1908,11.295
1909,11.265
1910,11.24
1911,11.36
1912,11.135
1913,11.165
1914,11.24
1915,11.27
1916,11.255
1917,11.245
1918,11.2
1919,11.215
1920,11.275
1921,11.235
1922,11.28
1923,11.33
1924,11.345
1925,11.315
1926,11.32
1927,11.3
1928,11.3
1929,11.35
1930,11.305
1931,11.345
1932,11.4
1933,11.355
1934,11.355
1935,11.335
1936,11.29
1937,11.245
1938,11.255
1939,11.3
1940,11.335
1941,11.44
1942,11.395
1943,11.37
1944,11.355
1945,11.36
1946,11.375
1947,11.365
1948,11.39
1949,11.425
1950,11.42
1951,11.355
1952,11.325
1953,11.355
1954,11.33
1955,11.32
1956,11.31
1957,11.315
1958,11.3
1959,11.285
1960,11.285
1961,11.315
1962,11.275
1963,11.05
1964,11.02
1965,10.98
1966,11.02
1967,11.025
1968,11.04
1969,11.08
1970,11.055
1971,11.025
1972,11.045
1973,11.045
1974,11.025
1975,10.98
1976,10.975
1977,10.98
1978,10.955
1979,10.94
1980,10.925
1981,10.915
1982,10.87
1983,10.875
1984,10.87
1985,10.78
1986,10.785
1987,10.795
1988,10.82
1989,10.99
1990,11.005
1991,10.99
1992,10.915
1993,10.95
1994,10.955
1995,10.945
1996,10.92
1997,10.915
1998,10.9
1999,10.895
2000,10.915
2001,10.865
2002,10.875
2003,10.865
2004,10.855
2005,10.875
2006,10.8
2007,10.82
2008,10.825
2009,10.81
2010,10.8
2011,10.765
2012,10.7
2013,10.68
2014,10.64
2015,10.77
2016,10.715
2017,10.72
2018,10.67
2019,10.675
2020,10.7
2021,10.7
2022,10.665
2023,10.675
2024,10.695
2025,10.7
2026,10.66
2027,10.67
2028,10.675
2029,10.65
2030,10.635
2031,10.6
2032,10.595
2033,10.585
2034,10.535
2035,10.56
2036,10.535
2037,10.525
2038,10.505
2039,10.54
2040,10.54
2041,10.565
2042,10.665
2043,10.655
2044,10.68
2045,10.685
2046,10.675
2047,10.665
2048,10.655
2049,10.66
2050,10.71
2051,10.71
2052,10.675
2053,10.675
2054,10.685
2055,10.71
2056,10.665
2057,10.665
2058,10.65
2059,10.645
2060,10.62
2061,10.63
2062,10.645
2063,10.645
2064,10.65
2065,10.685
2066,10.66
2067,10.61
2068,10.58
2069,10.545
2070,10.53
2071,10.52
2072,10.475
2073,10.43
2074,10.475
2075,10.45
2076,10.455
2077,10.47
2078,10.485
2079,10.48
2080,10.485
2081,10.435
2082,10.445
2083,10.425
2084,10.44
2085,10.65
2086,10.87
2087,10.845
2088,10.99
2089,10.945
2090,10.89
2091,10.83
2092,10.8
2093,10.835
2094,10.79
2095,10.675
2096,10.745
2097,10.75
2098,10.79
2099,10.835
2100,10.84
2101,10.91
2102,10.835
2103,10.855
2104,10.815
2105,10.82
2106,10.805
2107,10.795
2108,10.825
2109,10.84
2110,10.915
2111,10.925
2112,10.94
2113,10.915
2114,10.925
2115,10.955
2116,11.0
2117,11.015
2118,10.98
2119,11.06
2120,11.065
2121,10.925
2122,10.99
2123,10.925
2124,10.93
2125,10.92
2126,10.915
2127,10.955
2128,10.975
2129,10.915
2130,10.93
2131,10.905
2132,10.895
2133,10.905
2134,10.895
2135,10.81
2136,10.81
2137,10.795
2138,10.865
2139,10.825
2140,10.885
2141,10.855
2142,10.795
2143,10.76
2144,10.795
2145,10.62
2146,10.63
2147,10.575
2148,10.565
2149,10.585
2150,10.62
2151,10.575
2152,10.56
2153,10.49
2154,10.475
2155,10.48
2156,10.475
2157,10.47
2158,10.47
2159,10.465
2160,10.475
2161,10.46
2162,10.495
2163,10.525
2164,10.485
2165,10.525
2166,10.54
2167,10.49
2168,10.5
2169,10.51
2170,10.525
2171,10.585
2172,10.55
2173,10.62
2174,10.59
2175,10.64
2176,10.62
2177,10.625
2178,10.665
2179,10.64
2180,10.61
2181,10.615
2182,10.645
2183,10.63
2184,10.595
2185,10.585
2186,10.57
2187,10.48
2188,10.455
2189,10.405
2190,10.435
2191,10.435
2192,10.465
2193,10.53
2194,10.555
2195,10.57
2196,10.6
2197,10.735
2198,10.68
2199,10.67
2200,10.66
2201,10.685
2202,10.655
2203,10.625
2204,10.6
2205,10.6
2206,10.62
2207,10.645
2208,10.63
2209,10.615
2210,10.62
2211,10.605
2212,10.615
2213,10.625
2214,10.63
2215,10.66
2216,10.685
2217,10.67
2218,10.645
2219,10.645
2220,10.655
2221,10.69
2222,10.68
2223,10.55
2224,10.565
2225,10.555
2226,10.6
2227,10.64
2228,10.63
2229,10.63
2230,10.635
2231,10.615
2232,10.625
2233,10.605
2234,10.63
2235,10.635
2236,10.6
2237,10.595
2238,10.605
2239,10.595
2240,10.59
2241,10.58
2242,10.555
2243,10.575
2244,10.575
2245,10.545
2246,10.545
2247,10.595
2248,10.6
2249,10.6
2250,10.6
2251,10.605
2252,10.645
2253,10.685
2254,10.67
2255,10.725
2256,10.785
2257,10.765
2258,10.765
2259,10.765
2260,10.75
2261,10.735
2262,10.725
2263,10.73
2264,10.715
2265,10.68
2266,10.71
2267,10.77
2268,10.785
2269,10.805
2270,10.805
2271,10.81
2272,10.785
2273,10.765
2274,10.825
2275,10.835
2276,10.855
2277,10.88
2278,10.835
2279,10.885
2280,10.9
2281,10.875
2282,10.875
2283,10.865
2284,10.835
2285,10.87
2286,10.855
2287,10.865
2288,10.895
2289,10.91
2290,10.87
2291,10.875
2292,10.875
2293,10.87
2294,10.87
2295,10.845
2296,10.845
2297,10.86
2298,10.86
2299,10.84
2300,10.795
2301,10.645
2302,10.67
2303,10.65
2304,10.62
2305,10.58
2306,10.59
2307,10.595
2308,10.62
2309,10.615
2310,10.635
2311,10.645
2312,10.59
2313,10.615
2314,10.605
2315,10.63
2316,10.62
2317,10.605
2318,10.65
2319,10.675
2320,10.64
2321,10.605
2322,10.69
2323,10.705
2324,10.71
2325,10.705
2326,10.71
2327,10.74
2328,10.725
2329,10.65
2330,10.645
2331,10.65
2332,10.6
2333,10.595
2334,10.585
2335,10.585
2336,10.575
2337,10.565
2338,10.555
2339,10.53
2340,10.525
2341,10.525
2342,10.54
2343,10.54
2344,10.525
2345,10.505
2346,10.525
2347,10.525
2348,10.49
2349,10.52
2350,10.515
2351,10.535
2352,10.525
2353,10.77
2354,10.755
2355,10.81
2356,10.82
2357,10.8
2358,10.8
2359,10.77
2360,10.775
2361,10.79
2362,10.795
2363,10.795
2364,10.8
2365,10.835
2366,10.81
2367,10.815
2368,10.82
2369,10.815
2370,10.84
2371,10.895
2372,10.855
2373,10.865
2374,10.865
2375,10.895
2376,10.9
2377,10.905
2378,10.845
2379,10.825
2380,10.82
2381,10.795
2382,10.82
2383,10.82
2384,10.79
2385,10.775
2386,10.785
2387,10.795
2388,10.795
2389,10.815
2390,10.805
2391,10.8
2392,10.78
2393,10.815
2394,10.815
2395,10.805
2396,10.81
2397,10.805
2398,10.815
2399,10.805
2400,10.805
2401,10.805
2402,10.8
2403,10.77
2404,10.825
2405,11.075
2406,11.2
2407,11.14
2408,11.125
2409,11.175
2410,11.175
2411,11.185
2412,11.165
2413,11.135
2414,11.175
2415,11.185
2416,11.135
2417,11.145
2418,11.145
2419,11.165
2420,11.17
2421,11.175
2422,11.14
2423,11.07
2424,11.075
2425,11.02
2426,11.05
2427,11.09
2428,11.13
2429,11.145
2430,11.145
2431,11.01
2432,10.95
2433,10.905
2434,10.96
2435,10.925
2436,10.985
2437,11.03
2438,11.035
2439,11.01
2440,11.01
2441,10.98
2442,11.035
2443,11.03
2444,11.0
2445,11.0
2446,10.99
2447,10.97
2448,10.97
2449,10.975
2450,10.925
2451,10.935
2452,10.915
2453,10.885
2454,10.925
2455,10.945
2456,10.955
2457,11.0
2458,10.985
2459,11.02
2460,11.005
2461,11.0
2462,10.995
2463,11.0
2464,10.995
2465,11.02
2466,11.09
2467,11.085
2468,11.095
2469,11.08
2470,11.085
2471,11.105
2472,11.105
2473,11.12
2474,11.085
2475,11.07
2476,11.075
2477,11.065
2478,11.07
2479,11.065
2480,11.04
2481,11.085
2482,11.08
2483,10.98
2484,10.995
2485,10.985
2486,10.965
2487,10.97
2488,10.93
2489,10.955
2490,10.955
2491,10.965
2492,10.945
2493,10.96
2494,10.96
2495,10.95
2496,10.96
2497,10.965
2498,10.955
2499,10.965
2500,10.995
2501,10.965
2502,10.945
2503,10.95
2504,10.955
2505,10.955
2506,10.985
2507,10.99
2508,10.99
2509,10.705
2510,10.7
2511,10.7
2512,10.69
2513,10.695
2514,10.695
2515,10.7
2516,10.695
2517,10.77
2518,10.77
2519,10.75
2520,10.74
2521,10.745
2522,10.76
2523,10.755
2524,10.705
2525,10.715
2526,10.715
2527,10.705
2528,10.715
2529,10.73
2530,10.715
2531,10.725
2532,10.725
2533,10.725
2534,10.735
2535,10.895
2536,10.88
2537,10.915
2538,10.9
2539,10.92
2540,10.905
2541,10.875
2542,10.89
2543,10.885
2544,10.895
2545,10.905
2546,10.915
2547,10.915
2548,10.905
2549,10.905
2550,10.94
2551,10.925
2552,10.925
2553,10.92
2554,10.935
2555,10.945
2556,10.925
2557,10.935
2558,10.925
2559,10.925
2560,10.915
2561,10.76
2562,10.745
2563,10.72
2564,10.715
2565,10.72
2566,10.715
2567,10.695
2568,10.695
2569,10.715
2570,10.705
2571,10.685
2572,10.675
2573,10.685
2574,10.71
2575,10.7
2576,10.705
2577,10.705
2578,10.68
2579,10.68
2580,10.68
2581,10.665
2582,10.65
2583,10.645
2584,10.635
2585,10.655
2586,10.705
2587,10.44
2588,10.45
2589,10.415
2590,10.425
2591,10.41
2592,10.375
2593,10.395
2594,10.395
2595,10.375
2596,10.39
2597,10.395
2598,10.395
2599,10.405
2600,10.4
2601,10.39
2602,10.375
2603,10.365
2604,10.38
2605,10.38
2606,10.365
2607,10.37
2608,10.345
2609,10.345
2610,10.355
2611,10.335
2612,10.345
2613,10.315
2614,10.345
2615,10.335
2616,10.325
2617,10.32
2618,10.33
2619,10.345
2620,10.355
2621,10.36
2622,10.355
2623,10.365
2624,10.37
2625,10.33
2626,10.335
2627,10.34
2628,10.325
2629,10.315
2630,10.305
2631,10.35
2632,10.375
2633,10.35
2634,10.34
2635,10.3
2636,10.29
2637,10.225
2638,10.215
2639,10.205
2640,10.16
2641,10.195
2642,10.205
2643,10.33
2644,10.33
2645,10.315
2646,10.34
2647,10.345
2648,10.315
2649,10.325
2650,10.345
2651,10.335
2652,10.325
2653,10.315
2654,10.295
2655,10.285
2656,10.28
2657,10.225
2658,10.245
2659,10.255
2660,10.255
2661,10.235
2662,10.235
2663,10.205
2664,10.205
2665,10.215
2666,10.23
2667,10.195
2668,10.215
2669,10.205
2670,10.175
2671,10.165
2672,10.185
2673,10.165
2674,10.18
2675,10.15
2676,10.155
2677,10.165
2678,10.125
2679,10.125
2680,10.135
2681,10.18
2682,10.165
2683,10.185
2684,10.13
2685,10.135
2686,10.13
2687,10.115
2688,10.145
2689,10.12
2690,10.07
2691,10.145
2692,10.09
2693,10.065
2694,10.08
2695,10.045
2696,10.045
2697,10.055
2698,10.065
2699,10.055
2700,10.04
2701,10.08
2702,10.055
2703,10.03
2704,10.02
2705,10.02
2706,10.01
2707,10.0
2708,9.955
2709,9.925
2710,9.915
2711,9.955
2712,9.965
2713,9.995
2714,9.995
2715,10.005
2716,10.005
2717,9.855
2718,9.82
2719,9.73
2720,9.72
2721,9.735
2722,9.64
2723,9.625
2724,9.64
2725,9.56
2726,9.545
2727,9.54
2728,9.57
2729,9.62
2730,9.65
2731,9.635
2732,9.655
2733,9.7
2734,9.74
2735,9.725
2736,9.755
2737,9.74
2738,9.74
2739,9.705
2740,9.725
2741,9.735
2742,9.725
2743,9.655
2744,9.61
2745,9.645
2746,9.62
2747,9.56
2748,9.565
2749,9.475
2750,9.475
2751,9.44
2752,9.415
2753,9.445
2754,9.435
2755,9.425
2756,9.435
2757,9.445
2758,9.495
2759,9.55
2760,9.495
2761,9.52
2762,9.53
2763,9.565
2764,9.585
2765,9.58
2766,9.56
2767,9.545
2768,9.565
2769,9.695
2770,9.76
2771,9.865
2772,9.95
2773,9.97
2774,9.955
2775,9.955
2776,9.975
2777,9.97
2778,9.93
2779,9.9
2780,9.885
2781,9.9
2782,9.93
2783,9.925
2784,9.95
2785,9.955
2786,9.97
2787,9.965
2788,9.985
2789,9.955
2790,9.925
2791,9.9
2792,9.875
2793,9.875
2794,9.845
2795,10.04
2796,10.035
2797,10.065
2798,10.08
2799,10.075
2800,10.105
2801,10.095
2802,10.09
2803,10.095
2804,10.155
2805,10.175
2806,10.135
2807,10.21
2808,10.205
2809,10.21
2810,10.245
2811,10.225
2812,10.225
2813,10.22
2814,10.215
2815,10.245
2816,10.245
2817,10.215
2818,10.235
2819,10.225
2820,10.24
2821,10.13
2822,10.13
2823,10.15
2824,10.105
2825,10.095
2826,10.08
2827,10.075
2828,10.06
2829,10.145
2830,10.16
2831,10.17
2832,10.165
2833,10.155
2834,10.175
2835,10.165
2836,10.165
2837,10.165
2838,10.155
2839,10.13
2840,10.155
2841,10.145
2842,10.145
2843,10.11
2844,10.125
2845,10.115
2846,10.135
2847,9.93
2848,9.915
2849,9.94
2850,9.965
2851,9.975
2852,9.975
2853,9.975
2854,10.06
2855,10.04
2856,10.025
2857,10.025
2858,10.025
2859,10.015
2860,10.005
2861,10.03
2862,10.035
2863,10.005
2864,10.005
2865,10.015
2866,10.025
2867,10.015
2868,10.015
2869,9.975
2870,9.975
2871,10.005
2872,10.005
2873,9.935
2874,9.94
2875,9.975
2876,9.945
2877,9.985
2878,9.965
2879,9.985
2880,9.995
2881,9.995
2882,10.005
2883,10.02
2884,10.03
2885,10.015
2886,10.015
2887,10.025
2888,10.025
2889,10.025
2890,10.035
2891,10.06
2892,10.055
2893,10.07
2894,10.075
2895,10.075
2896,10.065
2897,10.025
2898,10.0
2899,9.89
2900,9.885
2901,9.885
2902,9.855
2903,9.875
2904,9.89
2905,9.875
2906,9.9
2907,9.9
2908,9.9
2909,9.9
2910,9.88
2911,9.885
2912,9.885
2913,9.855
2914,9.825
2915,9.855
2916,9.835
2917,9.825
2918,9.805
2919,9.795
2920,9.81
2921,9.745
2922,9.715
2923,9.71
2924,9.685
2925,9.755
2926,9.81
2927,9.82
2928,9.815
2929,9.775
2930,9.78
2931,9.8
2932,9.815
2933,9.825
2934,9.835
2935,9.805
2936,9.82
2937,9.815
2938,9.815
2939,9.815
2940,9.785
2941,9.765
2942,9.765
2943,9.73
2944,9.735
2945,9.755
2946,9.765
2947,9.735
2948,9.705
2949,9.695
2950,9.78
2951,9.78
2952,9.63
2953,9.715
2954,9.705
2955,9.765
2956,9.775
2957,9.86
2958,9.92
2959,9.905
2960,9.915
2961,9.895
2962,9.855
2963,9.855
2964,9.845
2965,9.815
2966,9.815
2967,9.825
2968,9.815
2969,9.815
2970,9.805
2971,9.795
2972,9.825
2973,9.795
2974,9.785
2975,9.775
2976,9.735
2977,9.715
2978,9.95
2979,9.86
2980,9.765
2981,9.78
2982,9.77
2983,9.765
2984,9.76
2985,9.795
2986,9.755
2987,9.765
2988,9.785
2989,9.79
2990,9.775
2991,9.815
2992,9.79
2993,9.785
2994,9.8
2995,9.82
2996,9.755
2997,9.775
2998,9.775
2999,9.805
3000,9.805
3001,9.805
3002,9.815
3003,9.815
3004,9.775
3005,9.845
3006,9.815
3007,9.775
3008,9.785
3009,9.735
3010,9.725
3011,9.725
3012,9.705
3013,9.7
3014,9.7
3015,9.715
3016,9.68
3017,9.64
3018,9.655
3019,9.665
3020,9.635
3021,9.615
3022,9.63
3023,9.625
3024,9.585
3025,9.62
3026,9.585
3027,9.56
3028,9.535
3029,9.495
3030,9.5
3031,9.5
3032,9.45
3033,9.45
3034,9.365
3035,9.41
3036,9.435
3037,9.4
3038,9.36
3039,9.38
3040,9.35
3041,9.36
3042,9.37
3043,9.36
3044,9.355
3045,9.37
3046,9.5
3047,9.505
3048,9.52
3049,9.46
3050,9.455
3051,9.515
3052,9.52
3053,9.54
3054,9.505
3055,9.53
3056,9.385
3057,9.305
3058,9.245
3059,9.225
3060,9.235
3061,9.175
3062,9.19
3063,7.47
3064,7.47
3065,7.4750000000000005
3066,7.38
3067,7.37
3068,7.32
3069,7.265
3070,6.94
3071,7.17
3072,6.985
3073,6.96
3074,6.86
3075,6.81
3076,6.74
3077,6.87
3078,6.905
3079,6.805
3080,6.75
3081,6.74
3082,6.64
3083,6.775
3084,6.695
3085,6.945
3086,6.9
3087,6.69
3088,6.53
3089,6.845
3090,6.86
3091,6.875
3092,6.9
3093,7.0
3094,6.98
3095,6.94
3096,7.015
3097,7.005
3098,7.005
3099,7.21
3100,6.98
3101,6.915
3102,6.925
3103,7.015
3104,6.885
3105,6.86
3106,6.85
3107,6.93
3108,7.065
3109,7.07
3110,7.005
3111,7.02
3112,7.16
3113,7.095
3114,7.11
3115,7.12
3116,7.23
3117,7.35
3118,7.26
3119,7.14
3120,7.1
3121,6.945
3122,6.93
3123,6.88
3124,6.785
3125,7.005
3126,7.03
3127,7.135
3128,7.165
3129,7.19
3130,7.11
3131,7.13
3132,7.09
3133,7.095
3134,7.13
3135,7.13
3136,7.12
3137,7.19
3138,7.255
3139,7.255
3140,7.23
3141,7.21
3142,7.285
3143,7.345
3144,7.385
3145,7.285
3146,7.34
3147,7.385
3148,7.375
3149,7.375
3150,7.225
3151,7.47
3152,7.46
3153,7.39
3154,7.33
3155,7.24
3156,7.23
3157,7.27
3158,7.225
3159,7.33
3160,7.345
3161,7.315
3162,7.29
3163,7.285
3164,7.335
3165,7.31
3166,7.315
3167,7.355
3168,7.345
3169,7.325
3170,7.295
3171,7.265
3172,7.255
3173,7.26
3174,7.215
3175,7.185
3176,7.19
3177,7.44
3178,7.4
3179,7.505000000000001
3180,7.514999999999999
3181,7.514999999999999
3182,7.48
3183,7.5
3184,7.505000000000001
3185,7.535000000000001
3186,7.574999999999999
3187,7.569999999999999
3188,7.61
3189,7.68
3190,7.694999999999999
3191,7.65
3192,7.685
3193,7.725
3194,7.72
3195,7.74
3196,7.820000000000001
3197,7.785000000000001
3198,7.769999999999999
3199,7.755
3200,7.715
3201,7.694999999999999
3202,7.760000000000001
3203,7.47
3204,7.45
3205,7.445
3206,7.514999999999999
3207,7.47
3208,7.514999999999999
3209,7.49
3210,7.510000000000001
3211,7.58
3212,7.555
3213,7.539999999999999
3214,7.465
3215,7.48
3216,7.435
3217,7.42
3218,7.41
3219,7.42
3220,7.425
3221,7.465
3222,7.415
3223,7.4
3224,7.365
3225,7.46
3226,7.525
3227,7.485
3228,7.405
3229,7.535000000000001
3230,7.519999999999999
3231,7.544999999999999
3232,7.574999999999999
3233,7.539999999999999
3234,7.5
3235,7.514999999999999
3236,7.47
3237,7.43
3238,7.43
3239,7.42
3240,7.435
3241,7.485
3242,7.435
3243,7.445
3244,7.425
3245,7.425
3246,7.44
3247,7.4750000000000005
3248,7.45
3249,7.465
3250,7.455
3251,7.465
3252,7.45
3253,7.45
3254,7.455
3255,6.9
3256,6.93
3257,6.925
3258,6.935
3259,6.9
3260,6.955
3261,6.975
3262,6.98
3263,7.045
3264,7.085
3265,7.045
3266,7.015
3267,7.005
3268,6.985
3269,6.975
3270,6.975
3271,6.945
3272,6.955
3273,7.0
3274,7.02
3275,6.975
3276,6.955
3277,6.975
3278,7.05
3279,6.96
3280,6.995
3281,6.96
3282,7.0
3283,7.05
3284,7.095
3285,7.045
3286,7.02
3287,6.965
3288,6.98
3289,7.0
3290,7.015
3291,6.995
3292,6.99
3293,6.99
3294,6.95
3295,6.975
3296,6.955
3297,6.895
3298,6.89
3299,6.88
3300,6.855
3301,6.89
3302,6.84
3303,6.835
3304,6.845
3305,6.88
3306,6.93
3307,6.965
3308,6.93
3309,6.875
3310,6.795
3311,6.755
3312,6.655
3313,6.625
3314,6.61
3315,6.52
3316,6.525
3317,6.535
3318,6.55
3319,6.6
3320,6.665
3321,6.605
3322,6.615
3323,6.555
3324,6.535
3325,6.54
3326,6.53
3327,6.535
3328,6.525
3329,6.545
3330,6.505
3331,6.51
3332,6.435
3333,6.15
3334,6.11
3335,6.24
3336,6.325
3337,6.285
3338,6.19
3339,6.2
3340,6.22
3341,6.25
3342,6.28
3343,6.23
3344,6.275
3345,6.315
3346,6.35
3347,6.315
3348,6.26
3349,6.185
3350,6.11
3351,6.12
3352,6.185
3353,6.15
3354,6.13
3355,6.29
3356,6.205
3357,6.16
3358,6.305
3359,6.58
3360,6.82
3361,6.82
3362,6.775
3363,6.88
3364,6.79
3365,6.84
3366,6.87
3367,6.895
3368,6.82
3369,6.74
3370,6.795
3371,6.795
3372,6.83
3373,6.885
3374,6.92
3375,6.875
3376,6.89
3377,6.91
3378,6.88
3379,6.895
3380,6.92
3381,6.98
3382,7.025
3383,7.04
3384,6.995
3385,8.21
3386,8.19
3387,8.17
3388,8.025
3389,7.86
3390,7.915000000000001
3391,7.835
3392,7.905
3393,7.824999999999999
3394,7.804999999999999
3395,7.799999999999999
3396,7.84
3397,7.61
3398,7.56
3399,7.635000000000001
3400,7.71
3401,7.725
3402,7.725
3403,7.665000000000001
3404,7.674999999999999
3405,7.690000000000001
3406,7.61
3407,7.660000000000001
3408,7.669999999999999
3409,7.58
3410,7.640000000000001
3411,7.530000000000001
3412,7.635000000000001
3413,7.485
3414,7.569999999999999
3415,7.514999999999999
3416,7.539999999999999
3417,7.660000000000001
3418,7.62
3419,7.569999999999999
3420,7.625
3421,7.829999999999999
3422,7.845
3423,7.790000000000001
3424,7.804999999999999
3425,7.804999999999999
3426,7.820000000000001
3427,7.845
3428,7.824999999999999
3429,7.765000000000001
3430,7.7299999999999995
3431,7.7299999999999995
3432,7.715
3433,7.705
3434,7.705
3435,7.74
3436,7.745
3437,7.97
3438,8.07
3439,8.07
3440,8.105
3441,8.165
3442,8.175
3443,8.115
3444,8.13
3445,8.16
3446,8.125
3447,8.14
3448,8.155
3449,8.18
3450,8.19
3451,8.195
3452,8.235
3453,8.225
3454,8.225
3455,8.245
3456,8.275
3457,8.28
3458,8.25
3459,8.34
3460,8.355
3461,8.39
3462,8.385
3463,8.28
3464,8.165
3465,8.23
3466,8.195
3467,8.2
3468,8.18
3469,8.21
3470,8.215
3471,8.255
3472,8.235
3473,8.185
3474,8.19
3475,8.1
3476,8.145
3477,8.15
3478,8.135
3479,8.135
3480,8.14
3481,8.15
3482,8.19
3483,8.185
3484,8.165
3485,8.17
3486,8.175
3487,8.215
3488,8.12
3489,8.225
3490,8.245
3491,8.23
3492,8.2
3493,8.15
3494,8.145
3495,8.18
3496,8.15
3497,8.175
3498,8.16
3499,8.21
3500,8.215
3501,8.205
3502,8.24
3503,8.25
3504,8.235
3505,8.265
3506,8.23
3507,8.22
3508,8.22
3509,8.16
3510,8.2
3511,8.165
3512,8.19
3513,8.225
3514,8.155
3515,8.11
3516,8.02
3517,8.07
3518,8.115
3519,8.08
3520,8.05
3521,8.055
3522,8.095
3523,8.08
3524,8.095
3525,8.085
3526,8.105
3527,8.08
3528,8.065
3529,8.09
3530,8.075
3531,8.025
3532,8.015
3533,8.025
3534,8.035
3535,8.02
3536,8.015
3537,8.02
3538,7.99
3539,7.945
3540,7.919999999999999
3541,7.38
3542,7.44
3543,7.42
3544,7.394999999999999
3545,7.385
3546,7.415
3547,7.43
3548,7.425
3549,7.415
3550,7.385
3551,7.394999999999999
3552,7.39
3553,7.355
3554,7.35
3555,7.345000000000001
3556,7.32
3557,7.31
3558,7.32
3559,7.225
3560,7.21
3561,7.235
3562,7.25
3563,7.245000000000001
3564,7.245000000000001
3565,7.3
3566,7.26
3567,6.89
3568,6.83
3569,6.82
3570,6.825000000000001
3571,6.835
3572,6.885
3573,6.93
3574,6.96
3575,6.975
3576,7.025
3577,7.025
3578,7.045
3579,7.015
3580,7.01
3581,7.01
3582,6.995
3583,6.99
3584,7.01
3585,7.025
3586,7.035000000000001
3587,7.005
3588,6.975
3589,6.93
3590,6.905
3591,6.95
3592,7.0
3593,7.22
3594,7.3
3595,7.3
3596,7.26
3597,7.265
3598,7.285
3599,7.33
3600,7.355
3601,7.37
3602,7.394999999999999
3603,7.39
3604,7.375
3605,7.43
3606,7.42
3607,7.435
3608,7.445
3609,7.435
3610,7.46
3611,7.475
3612,7.485
3613,7.51
3614,7.485
3615,7.449999999999999
3616,7.415
3617,7.3999999999999995
3618,7.475
3619,7.425
3620,7.33
3621,7.33
3622,7.34
3623,7.42
3624,7.415
3625,7.394999999999999
3626,7.375
3627,7.385
3628,7.345000000000001
3629,7.375
3630,7.355
3631,7.345000000000001
3632,7.36
3633,7.35
3634,7.34
3635,7.265
3636,7.28
3637,7.295000000000001
3638,7.25
3639,7.245000000000001
3640,7.25
3641,7.215
3642,7.24
3643,7.245000000000001
3644,7.21
3645,7.085000000000001
3646,7.09
3647,7.07
3648,7.145
3649,7.17
3650,7.155
3651,7.14
3652,7.09
3653,7.02
3654,7.025
3655,6.98
3656,7.0
3657,7.005
3658,7.045
3659,7.07
3660,7.04
3661,7.02
3662,7.01
3663,6.995
3664,6.985000000000001
3665,7.01
3666,7.0
3667,6.995
3668,6.985000000000001
3669,7.025
3670,6.985000000000001
3671,7.03
3672,7.07
3673,7.025
3674,7.045
3675,7.01
3676,7.0
3677,7.03
3678,7.065
3679,7.045
3680,6.97
3681,6.97
3682,6.99
3683,6.96
3684,6.965
3685,6.96
3686,6.945
3687,6.91
3688,6.905
3689,6.88
3690,6.865
3691,6.93
3692,6.86
3693,6.87
3694,6.88
3695,6.905
3696,7.045
3697,7.05
3698,7.15
3699,7.14
3700,7.125
3701,7.115
3702,7.1
3703,7.08
3704,7.015
3705,7.07
3706,7.05
3707,7.035000000000001
3708,7.045
3709,7.05
3710,7.055
3711,7.08
3712,7.06
3713,7.06
3714,7.065
3715,7.04
3716,7.075
3717,7.045
3718,7.045
3719,7.02
3720,7.02
3721,7.03
3722,6.99
3723,7.02
3724,7.0
3725,7.015
3726,6.98
3727,6.965
3728,6.97
3729,7.01
3730,7.025
3731,7.0
3732,7.005
3733,6.975
3734,6.985000000000001
3735,7.02
3736,6.995
3737,7.005
3738,6.99
3739,7.02
3740,6.98
3741,7.03
3742,7.025
3743,7.045
3744,7.035000000000001
3745,7.045
3746,7.08
3747,7.075
3748,7.05
3749,7.15
3750,7.21
3751,7.18
3752,7.16
3753,7.145
3754,7.155
3755,7.17
3756,7.175
3757,7.175
3758,7.18
3759,7.165
3760,7.195
3761,7.175
3762,7.215
3763,7.195
3764,7.195
3765,7.205
3766,7.23
3767,7.225
3768,7.305
3769,7.325
3770,7.27
3771,7.255
3772,7.315
3773,7.32
3774,7.365
3775,7.32
3776,7.3
3777,7.205
3778,7.16
3779,7.155
3780,7.165
3781,7.125
3782,7.155
3783,7.16
3784,7.155
3785,7.16
3786,7.195
3787,7.195
3788,7.15
3789,7.155
3790,7.12
3791,7.125
3792,7.15
3793,7.134999999999999
3794,7.13
3795,7.15
3796,7.125
3797,7.105
3798,7.145
3799,7.175
3800,7.015
3801,7.02
3802,6.97
3803,6.975
3804,6.955
3805,6.95
3806,6.965
3807,6.97
3808,6.985000000000001
3809,6.985000000000001
3810,6.99
3811,6.985000000000001
3812,6.98
3813,6.975
3814,6.975
3815,6.985000000000001
3816,6.985000000000001
3817,6.99
3818,6.985000000000001
3819,6.965
3820,6.98
3821,6.955
3822,6.99
3823,7.0
3824,7.025
3825,6.99
3826,6.995
3827,6.99
3828,6.965
3829,6.965
3830,6.985000000000001
3831,6.995
3832,7.005
3833,7.025
3834,6.99
3835,7.0
3836,6.975
3837,6.985000000000001
3838,6.985000000000001
3839,6.985000000000001
3840,6.99
3841,6.975
3842,6.965
3843,6.965
3844,6.995
3845,6.98
3846,6.975
3847,6.98
3848,6.965
3849,6.955
3850,6.935
3851,6.905
3852,6.9
3853,6.874999999999999
3854,6.855
3855,6.835
3856,6.835
3857,6.835
3858,6.835
3859,6.815
3860,6.825000000000001
3861,6.825000000000001
3862,6.835
3863,6.705
3864,6.625
3865,6.62
3866,6.675
3867,6.685
3868,6.67
3869,6.71
3870,6.7700000000000005
3871,6.78
3872,6.73
3873,6.645
3874,6.625
3875,6.6
3876,6.575
3877,6.37
3878,6.055
3879,6.08
3880,6.18
3881,6.215
3882,6.22
3883,6.16
3884,6.13
3885,6.115
3886,6.145
3887,6.135
3888,6.125
3889,6.12
3890,6.085
3891,6.11
3892,6.085
3893,6.065
3894,6.06
3895,6.02
3896,6.055
3897,6.085
3898,6.089999999999999
3899,6.040000000000001
3900,6.025
3901,6.015
3902,6.035
3903,6.07
3904,6.205
3905,6.26
3906,6.225
3907,6.22
3908,6.26
3909,6.31
3910,6.300000000000001
3911,6.300000000000001
3912,6.275
3913,6.300000000000001
3914,6.295
3915,6.28
3916,6.250000000000001
3917,6.315
3918,6.295
3919,6.285
3920,6.36
3921,6.365
3922,6.349999999999999
3923,6.325
3924,6.335
3925,6.295
3926,6.28
3927,6.305
3928,6.295
3929,6.31
3930,6.44
3931,6.375
3932,6.335
3933,6.36
3934,6.3549999999999995
3935,6.445
3936,6.425
3937,6.415
3938,6.45
3939,6.445
3940,6.4
3941,6.39
3942,6.37
3943,6.385
3944,6.349999999999999
3945,6.34
3946,6.3549999999999995
3947,6.345
3948,6.3549999999999995
3949,6.3549999999999995
3950,6.365
3951,6.36
3952,6.425
3953,6.435
3954,6.525
3955,6.58
3956,6.745
3957,6.795
3958,6.765
3959,6.785
3960,6.755
3961,6.785
3962,6.795
3963,6.765
3964,6.675
3965,6.725
3966,6.735
3967,6.735
3968,6.725
3969,6.735
3970,6.725
3971,6.71
3972,6.695
3973,6.73
3974,6.735
3975,6.695
3976,6.685
3977,6.685
3978,6.63
3979,6.57
3980,6.525
3981,6.485
3982,6.460000000000001
3983,6.47
3984,6.455
3985,6.435
3986,6.415
3987,6.43
3988,6.425
3989,6.415
3990,6.45
3991,6.455
3992,6.425
3993,6.44
3994,6.42
3995,6.45
3996,6.425
3997,6.41
3998,6.4
3999,6.345
4000,6.36
4001,6.345
4002,6.395
4003,6.335
4004,6.36
4005,6.325
4006,6.25
4007,6.165
4008,6.415
4009,6.42
4010,6.365
4011,6.355
4012,6.31
4013,6.33
4014,6.31
4015,6.315
4016,6.36
4017,6.35
4018,6.36
4019,6.375
4020,6.335
4021,6.345
4022,6.335
4023,6.3
4024,6.235
4025,6.265
4026,6.19
4027,6.25
4028,6.22
4029,6.2
4030,6.175
4031,6.21
4032,6.29
4033,6.35
4034,6.28
4035,6.19
4036,6.23
4037,6.235
4038,6.215
4039,6.195
4040,6.21
4041,6.2
4042,6.24
4043,6.225
4044,6.185
4045,6.2
4046,6.195
4047,6.19
4048,6.2
4049,6.195
4050,6.205
4051,6.22
4052,6.19
4053,6.185
4054,6.185
4055,6.205
4056,6.205
4057,6.185
4058,6.2
4059,6.11
4060,6.13
4061,6.1
4062,6.14
4063,6.105
4064,6.07
4065,6.05
4066,6.045
4067,6.045
4068,6.045
4069,6.055
4070,5.995
4071,5.97
4072,5.91
4073,5.88
4074,5.835
4075,5.825
4076,5.695
4077,5.705
4078,5.67
4079,5.64
4080,5.63
4081,5.625
4082,5.63
4083,5.575
4084,5.585
4085,5.525
4086,5.33
4087,5.225
4088,5.325
4089,5.285
4090,5.415
4091,5.36
4092,5.375
4093,5.365
4094,5.325
4095,5.355
4096,5.4
4097,5.385
4098,5.465
4099,5.405
4100,5.32
4101,5.335
4102,5.31
4103,5.32
4104,5.28
4105,5.295
4106,5.315
4107,5.275
4108,5.25
4109,5.34
4110,5.49
4111,5.745
4112,5.615
4113,5.71
4114,5.7
4115,5.69
4116,5.74
4117,5.735
4118,5.7
4119,5.685
4120,5.67
4121,5.68
4122,5.63
4123,5.555
4124,5.535
4125,5.565
4126,5.61
4127,5.68
4128,5.62
4129,5.635
4130,5.6
4131,5.605
4132,5.59
4133,5.605
4134,5.62
4135,5.71
4136,5.78
4137,5.765
4138,5.745
4139,5.7
4140,5.78
4141,5.75
4142,5.79
4143,5.92
4144,6.06
4145,6.035
4146,6.18
4147,6.135
4148,6.11
4149,6.12
4150,6.06
4151,6.075
4152,6.125
4153,6.135
4154,6.085
4155,6.12
4156,6.15
4157,6.185
4158,6.175
4159,6.175
4160,6.19
4161,6.14
4162,6.23
4163,6.3
4164,6.155
4165,6.16
4166,6.155
4167,6.155
4168,6.105
4169,6.025
4170,6.01
4171,6.07
4172,6.055
4173,6.045
4174,6.005
4175,5.965
4176,5.945
4177,5.93
4178,5.93
4179,5.965
4180,5.9
4181,5.945
4182,5.935
4183,5.955
4184,5.97
4185,5.98
4186,6.0
4187,6.015
4188,5.985
4189,5.91
4190,6.145
4191,6.155
4192,6.17
4193,6.18
4194,6.22
4195,6.225
4196,6.2
4197,6.185
4198,6.2
4199,6.19
4200,6.195
4201,6.215
4202,6.215
4203,6.185
4204,6.18
4205,6.185
4206,6.185
4207,6.18
4208,6.17
4209,6.185
4210,6.225
4211,6.19
4212,6.165
4213,6.185
4214,6.205
4215,6.285
4216,6.17
4217,6.22
4218,6.24
4219,6.31
4220,6.45
4221,6.425
4222,6.375
4223,6.375
4224,6.41
4225,6.445
4226,6.445
4227,6.39
4228,6.35
4229,6.34
4230,6.315
4231,6.365
4232,6.355
4233,6.4
4234,6.405
4235,6.37
4236,6.36
4237,6.355
4238,6.4
4239,6.375
4240,6.435
4241,6.38
4242,6.475
4243,6.385
4244,6.42
4245,6.425
4246,6.45
4247,6.42
4248,6.43
4249,6.445
4250,6.455
4251,6.475
4252,6.475
4253,6.555000000000001
4254,6.575
4255,6.614999999999999
4256,6.610000000000001
4257,6.610000000000001
4258,6.610000000000001
4259,6.625
4260,6.695
4261,6.695
4262,6.680000000000001
4263,6.62
4264,6.67
4265,6.625
4266,6.684999999999999
4267,6.584999999999999
4268,6.345
4269,6.275
4270,6.305
4271,6.265
4272,6.24
4273,6.19
4274,6.22
4275,6.2
4276,6.22
4277,6.205
4278,6.205
4279,6.19
4280,6.185
4281,6.205
4282,6.225
4283,6.235
4284,6.27
4285,6.26
4286,6.235
4287,6.235
4288,6.25
4289,6.27
4290,6.3
4291,6.23
4292,6.235
4293,6.22
4294,6.34
4295,6.3
4296,6.25
4297,6.18
4298,6.165
4299,6.17
4300,6.19
4301,6.16
4302,6.13
4303,6.135
4304,6.15
4305,6.16
4306,6.165
4307,6.155
4308,6.155
4309,6.155
4310,6.155
4311,6.195
4312,6.165
4313,6.165
4314,6.155
4315,6.215
4316,6.17
4317,6.195
4318,6.165
4319,6.18
4320,6.19
4321,6.175
4322,6.145
4323,6.09
4324,6.06
4325,6.095
4326,6.1
4327,6.095
4328,6.085
4329,6.1
4330,6.07
4331,6.08
4332,6.095
4333,6.07
4334,6.085
4335,6.095
4336,6.07
4337,6.085
4338,6.09
4339,6.085
4340,6.07
4341,6.08
4342,6.085
4343,6.065
4344,6.09
4345,6.035
4346,6.34
4347,6.23
4348,6.315
4349,6.44
4350,6.46
4351,6.415
4352,6.41
4353,6.42
4354,6.475
4355,6.455
4356,6.435
4357,6.39
4358,6.425
4359,6.42
4360,6.43
4361,6.435
4362,6.445
4363,6.480000000000001
4364,6.51
4365,6.54
4366,6.489999999999999
4367,6.545
4368,6.739999999999999
4369,6.63
4370,6.67
4371,6.62
4372,6.739999999999999
4373,6.72
4374,6.739999999999999
4375,6.839999999999999
4376,6.730000000000001
4377,6.745
4378,6.755
4379,6.76
4380,6.76
4381,6.680000000000001
4382,6.62
4383,6.655
4384,6.614999999999999
4385,6.64
4386,6.64
4387,6.57
4388,6.505
4389,6.535
4390,6.455
4391,6.425
4392,6.435
4393,6.405
4394,6.44
4395,6.42
4396,6.425
4397,6.39
4398,6.395
4399,6.275
4400,6.21
4401,6.275
4402,6.25
4403,6.23
4404,6.215
4405,6.185
4406,6.21
4407,6.23
4408,6.26
4409,6.3
4410,6.34
4411,6.31
4412,6.33
4413,6.295
4414,6.33
4415,6.395
4416,6.43
4417,6.415
4418,6.37
4419,6.464999999999999
4420,6.45
4421,6.580000000000001
4422,6.62
4423,6.62
4424,6.614999999999999
4425,6.610000000000001
4426,6.595
4427,6.559999999999999
4428,6.565
4429,6.57
4430,6.565
4431,6.550000000000001
4432,6.535
4433,6.535
4434,6.525
4435,6.480000000000001
4436,6.435
4437,6.395
4438,6.39
4439,6.43
4440,6.45
4441,6.455
4442,6.47
4443,6.445
4444,6.445
4445,6.44
4446,6.47
4447,6.555000000000001
4448,6.51
4449,6.559999999999999
4450,6.57
4451,6.565
4452,6.605000000000001
4453,6.625
4454,6.67
4455,6.675000000000001
4456,6.64
4457,6.645
4458,6.67
4459,6.635
4460,6.63
4461,6.65
4462,6.67
4463,6.675000000000001
4464,6.730000000000001
4465,6.665
4466,6.67
4467,6.665
4468,6.684999999999999
4469,6.665
4470,6.645
4471,6.709999999999999
4472,6.72
4473,6.57
4474,6.62
4475,6.589999999999999
4476,6.614999999999999
4477,6.66
4478,6.610000000000001
4479,6.6
4480,6.610000000000001
4481,6.595
4482,6.614999999999999
4483,6.625
4484,6.65
4485,6.6
4486,6.610000000000001
4487,6.62
4488,6.625
4489,6.605000000000001
4490,6.595
4491,6.559999999999999
4492,6.559999999999999
4493,6.57
4494,6.559999999999999
4495,6.550000000000001
4496,6.51
4497,6.52
4498,6.47
4499,6.589999999999999
4500,6.59
4501,6.505
4502,6.53
4503,6.5
4504,6.47
4505,6.52
4506,6.53
4507,6.55
4508,6.52
4509,6.505
4510,6.51
4511,6.525
4512,6.52
4513,6.51
4514,6.525
4515,6.56
4516,6.57
4517,6.57
4518,6.57
4519,6.575
4520,6.56
4521,6.59
4522,6.595
4523,6.63
4524,6.605
4525,7.04
4526,6.98
4527,6.935
4528,6.915
4529,6.97
4530,6.965
4531,6.965
4532,6.97
4533,6.995
4534,7.025
4535,7.045
4536,7.06
4537,7.065
4538,7.06
4539,7.11
4540,7.09
4541,7.115
4542,7.185
4543,7.15
4544,7.185
4545,7.185
4546,7.18
4547,7.195
4548,7.19
4549,7.215
4550,7.21
4551,7.195
4552,7.15
4553,7.17
4554,7.27
4555,7.31
4556,7.395
4557,7.38
4558,7.35
4559,7.32
4560,7.31
4561,7.35
4562,7.325
4563,7.34
4564,7.36
4565,7.335
4566,7.37
4567,7.37
4568,7.34
4569,7.31
4570,7.26
4571,7.315
4572,7.3
4573,7.3
4574,7.325
4575,7.315
4576,7.355
4577,7.1
4578,7.11
4579,7.09
4580,7.03
4581,7.025
4582,7.04
4583,7.01
4584,7.005
4585,7.02
4586,7.015
4587,7.04
4588,7.025
4589,7.02
4590,7.025
4591,7.06
4592,7.035
4593,7.05
4594,7.05
4595,7.035
4596,7.03
4597,7.005
4598,7.015
4599,6.96
4600,6.925
4601,6.875
4602,6.825
4603,6.48
4604,6.56
4605,6.57
4606,6.635
4607,6.6
4608,6.505
4609,6.48
4610,6.465
4611,6.42
4612,6.43
4613,6.44
4614,6.42
4615,6.46
4616,6.425
4617,6.42
4618,6.465
4619,6.535
4620,6.51
4621,6.55
4622,6.63
4623,6.65
4624,6.6
4625,6.565
4626,6.51
4627,6.5
4628,6.41
4629,6.64
4630,6.595
4631,6.65
4632,6.675
4633,6.67
4634,6.69
4635,6.655
4636,6.655
4637,6.655
4638,6.645
4639,6.655
4640,6.66
4641,6.655
4642,6.615
4643,6.63
4644,6.615
4645,6.67
4646,6.635
4647,6.63
4648,6.625
4649,6.625
4650,6.665
4651,6.685
4652,6.705
4653,6.675
4654,6.715
4655,6.82
4656,6.75
4657,6.68
4658,6.67
4659,6.715
4660,6.71
4661,6.71
4662,6.735
4663,6.7
4664,6.69
4665,6.7
4666,6.74
4667,6.71
4668,6.75
4669,6.775
4670,6.78
4671,6.79
4672,6.815
4673,6.84
4674,6.835
4675,6.835
4676,6.87
4677,6.885
4678,6.925
4679,6.905
4680,6.895
4681,6.73
4682,6.66
4683,6.66
4684,6.645
4685,6.63
4686,6.635
4687,6.635
4688,6.615
4689,6.615
4690,6.615
4691,6.615
4692,6.605
4693,6.54
4694,6.565
4695,6.595
4696,6.6
4697,6.59
4698,6.6
4699,6.545
4700,6.555
4701,6.49
4702,6.49
4703,6.475
4704,6.47
4705,6.5
4706,6.485
4707,6.52
4708,6.49
4709,6.46
4710,6.41
4711,6.4
4712,6.38
4713,6.37
4714,6.34
4715,6.38
4716,6.37
4717,6.36
4718,6.32
4719,6.315
4720,6.36
4721,6.365
4722,6.355
4723,6.34
4724,6.39
4725,6.38
4726,6.415
4727,6.395
4728,6.41
4729,6.435
4730,6.39
4731,6.415
4732,6.42
4733,6.53
4734,6.57
4735,6.5
4736,6.475
4737,6.485
4738,6.48
4739,6.465
4740,6.455
4741,6.44
4742,6.42
4743,6.41
4744,6.42
4745,6.425
4746,6.425
4747,6.42
4748,6.425
4749,6.45
4750,6.48
4751,6.48
4752,6.51
4753,6.5
4754,6.495
4755,6.485
4756,6.515
4757,6.535
4758,6.545
4759,6.345
4760,6.305
4761,6.315
4762,6.31
4763,6.315
4764,6.34
4765,6.325
4766,6.315
4767,6.325
4768,6.325
4769,6.325
4770,6.315
4771,6.315
4772,6.32
4773,6.31
4774,6.305
4775,6.28
4776,6.255
4777,6.245
4778,6.225
4779,6.225
4780,6.225
4781,6.215
4782,6.205
4783,6.165
4784,6.17
4785,6.235
4786,6.135
4787,6.125
4788,6.08
4789,6.1
4790,6.09
4791,6.06
4792,6.065
4793,6.11
4794,6.095
4795,6.06
4796,6.055
4797,6.04
4798,6.085
4799,6.13
4800,6.115
4801,6.09
4802,6.115
4803,6.05
4804,6.035
4805,6.06
4806,6.035
4807,6.045
4808,6.065
4809,6.04
4810,6.055
4811,6.18
4812,6.175
4813,6.21
4814,6.245
4815,6.26
4816,6.27
4817,6.28
4818,6.28
4819,6.26
4820,6.265
4821,6.265
4822,6.255
4823,6.255
4824,6.265
4825,6.285
4826,6.25
4827,6.235
4828,6.23
4829,6.26
4830,6.255
4831,6.245
4832,6.235
4833,6.205
4834,6.195
4835,6.185
4836,6.22
4837,6.15
4838,6.125
4839,6.1
4840,6.085
4841,6.075
4842,6.085
4843,6.095
4844,6.085
4845,6.07
4846,6.065
4847,6.065
4848,6.07
4849,6.065
4850,6.075
4851,6.065
4852,6.075
4853,6.075
4854,6.065
4855,6.075
4856,6.055
4857,6.05
4858,6.04
4859,6.035
4860,6.035
4861,6.06
4862,6.055
4863,6.06
4864,6.08
4865,6.115
4866,6.18
4867,6.2
4868,6.205
4869,6.19
4870,6.165
4871,6.115
4872,6.125
4873,6.06
4874,6.1
4875,6.14
4876,6.145
4877,6.135
4878,6.15
4879,6.21
4880,6.18
4881,6.215
4882,6.18
4883,6.17
4884,6.205
4885,6.18
4886,6.195
4887,6.165
4888,6.13
4889,6.055
4890,6.055
4891,6.05
4892,6.03
4893,6.03
4894,6.05
4895,6.055
4896,6.055
4897,6.05
4898,6.045
4899,6.045
4900,6.04
4901,6.065
4902,6.045
4903,6.035
4904,6.045
4905,6.05
4906,6.035
4907,6.025
4908,6.045
4909,6.045
4910,6.03
4911,6.025
4912,5.985
4913,5.945
4914,5.905
4915,5.945
4916,5.975
4917,5.985
4918,5.995
4919,5.985
4920,5.975
4921,5.965
4922,5.945
4923,5.945
4924,5.935
4925,5.915
4926,5.93
4927,5.86
4928,5.88
4929,5.89
4930,5.925
4931,5.915
4932,5.91
4933,5.89
4934,5.86
4935,5.85
4936,5.855
4937,5.81
4938,5.805
4939,5.795
4940,5.795
4941,5.82
4942,5.78
4943,5.79
4944,5.765
4945,5.785
4946,5.825
4947,5.815
4948,5.805
4949,5.825
4950,5.815
4951,5.785
4952,5.795
4953,5.81
4954,5.82
4955,5.835
4956,5.865
4957,5.875
4958,5.855
4959,5.865
4960,5.845
4961,5.855
4962,5.85
4963,5.87
4964,5.845
4965,5.815
4966,5.78
4967,5.64
4968,5.58
4969,5.6
4970,5.605
4971,5.595
4972,5.555
4973,5.575
4974,5.6
4975,5.595
4976,5.595
4977,5.595
4978,5.58
4979,5.58
4980,5.585
4981,5.615
4982,5.595
4983,5.555
4984,5.555
4985,5.57
4986,5.555
4987,5.575
4988,5.55
4989,5.525
4990,5.525
4991,5.515
4992,5.495
4993,5.555
4994,5.49
4995,5.48
4996,5.475
4997,5.46
4998,5.45
4999,5.44
5000,5.375
5001,5.335
5002,5.365
5003,5.415
5004,5.365
5005,5.39
5006,5.405
5007,5.395
5008,5.365
5009,5.37
5010,5.365
5011,5.36
5012,5.345
5013,5.37
5014,5.36
5015,5.345
5016,5.365
5017,5.365
5018,5.37
5019,5.235
5020,5.205
5021,5.165
5022,5.17
5023,5.195
5024,5.19
5025,5.165
5026,5.155
5027,5.155
5028,5.155
5029,5.155
5030,5.165
5031,5.18
5032,5.19
5033,5.195
5034,5.205
5035,5.17
5036,5.165
5037,5.155
5038,5.155
5039,5.145
5040,5.145
5041,5.165
5042,5.155
5043,5.185
5044,5.145
5045,5.265
5046,5.265
5047,5.295
5048,5.285
5049,5.3
5050,5.29
5051,5.29
5052,5.265
5053,5.22
5054,5.215
5055,5.16
5056,5.175
5057,5.135
5058,5.18
5059,5.445
5060,5.36
5061,5.405
5062,5.415
5063,5.4
5064,5.385
5065,5.37
5066,5.385
5067,5.385
5068,5.365
5069,5.355
5070,5.315
5071,5.315
5072,5.315
5073,5.315
5074,5.335
5075,5.325
5076,5.305
5077,5.305
5078,5.265
5079,5.2
5080,5.195
5081,5.19
5082,5.165
5083,5.165
5084,5.245
5085,5.165
5086,5.14
5087,5.155
5088,5.205
5089,5.255
5090,5.195
5091,5.185
5092,5.19
5093,5.18
5094,5.14
5095,5.155
5096,5.14
5097,5.135
5098,5.145
5099,5.115
5100,5.115
5101,5.105
5102,5.075
5103,5.035
5104,5.09
5105,5.11
5106,5.075
5107,5.115
5108,5.125
5109,5.105
5110,5.085
5111,5.34
5112,5.215
5113,5.265
5114,5.31
5115,5.325
5116,5.345
5117,5.305
5118,5.31
5119,5.285
5120,5.265
5121,5.245
5122,5.255
5123,5.245
5124,5.245
5125,5.255
5126,5.2
5127,5.18
5128,5.215
5129,5.255
5130,5.285
5131,5.285
5132,5.335
5133,5.365
5134,5.385
5135,5.4
5136,5.425
5137,5.4
5138,5.385
5139,5.38
5140,5.45
5141,5.4
5142,5.385
5143,5.33
5144,5.33
5145,5.345
5146,5.385
5147,5.36
5148,5.355
5149,5.355
5150,5.345
5151,5.34
5152,5.385
5153,5.44
5154,5.495
5155,5.545
5156,5.575
5157,5.53
5158,5.58
5159,5.555
5160,5.595
5161,5.555
5162,5.535
5163,5.645
5164,5.735
5165,5.82
5166,5.83
5167,5.805
5168,5.81
5169,5.74
5170,5.765
5171,5.71
5172,5.72
5173,5.73
5174,5.73
5175,5.735
5176,5.755
5177,5.725
5178,5.74
5179,5.725
5180,5.735
5181,5.725
5182,5.735
5183,5.725
5184,5.675
5185,5.7
5186,5.695
5187,5.675
5188,5.64
5189,5.835
5190,5.875
5191,5.83
5192,5.87
5193,5.87
5194,5.875
5195,5.865
5196,5.855
5197,5.855
5198,5.865
5199,5.875
5200,5.89
5201,5.92
5202,5.935
5203,5.915
5204,5.915
5205,5.9
5206,5.865
5207,5.81
5208,5.835
5209,5.81
5210,5.84
5211,5.785
5212,5.76
5213,5.775
5214,5.79
5215,5.725
5216,5.8
5217,5.86
5218,5.88
5219,5.855
5220,5.84
5221,5.86
5222,5.87
5223,5.81
5224,5.815
5225,5.815
5226,5.795
5227,5.795
5228,5.775
5229,5.735
5230,5.765
5231,5.75
5232,5.74
5233,5.755
5234,5.765
5235,5.79
5236,5.815
5237,5.845
5238,5.82
5239,5.785
5240,5.785
5241,5.75
5242,5.83
5243,5.82
5244,5.775
5245,5.795
5246,5.785
5247,5.76
5248,5.77
5249,5.83
5250,5.805
5251,5.795
5252,5.845
5253,5.84
5254,5.845
5255,5.81
5256,5.82
5257,5.82
5258,5.815
5259,5.79
5260,5.805
5261,5.79
5262,5.785
5263,5.8
5264,5.835
5265,5.89
5266,5.89
5267,5.835
5268,5.835
5269,5.755
5270,5.77
5271,5.785
5272,5.795
5273,5.72
5274,5.72
5275,5.685
5276,5.715
5277,5.71
5278,5.685
5279,5.685
5280,5.7
5281,5.655
5282,5.675
5283,5.67
5284,5.675
5285,5.675
5286,5.665
5287,5.64
5288,5.63
5289,5.64
5290,5.67
5291,5.675
5292,5.58
5293,5.66
5294,5.69
5295,5.75
5296,5.735
5297,5.735
5298,5.78
5299,5.815
5300,5.82
5301,5.83
5302,5.77
5303,5.78
5304,5.76
5305,5.775
5306,5.75
5307,5.745
5308,5.76
5309,5.765
5310,5.755
5311,5.755
5312,5.765
5313,5.785
5314,5.765
5315,5.775
5316,5.785
5317,5.755
5318,5.715
5319,5.565
5320,5.58
5321,5.55
5322,5.495
5323,5.485
5324,5.48
5325,5.455
5326,5.455
5327,5.45
5328,5.415
5329,5.425
5330,5.425
5331,5.455
5332,5.45
5333,5.425
5334,5.455
5335,5.475
5336,5.475
5337,5.455
5338,5.485
5339,5.445
5340,5.455
5341,5.435
5342,5.445
5343,5.455
5344,5.445
5345,5.555
5346,5.54
5347,5.555
5348,5.525
5349,5.495
5350,5.49
5351,5.46
5352,5.485
5353,5.495
5354,5.51
5355,5.505
5356,5.49
5357,5.49
5358,5.495
5359,5.505
5360,5.505
5361,5.495
5362,5.505
5363,5.49
5364,5.475
5365,5.39
5366,5.385
5367,5.34
5368,5.28
5369,5.265
5370,5.31
5371,5.335
5372,5.3
5373,5.26
5374,5.285
5375,5.275
5376,5.25
5377,5.24
5378,5.23
5379,5.24
5380,5.255
5381,5.285
5382,5.265
5383,5.28
5384,5.275
5385,5.28
5386,5.32
5387,5.27
5388,5.245
5389,5.225
5390,5.26
5391,5.225
5392,5.225
5393,5.22
5394,5.245
5395,5.225
5396,5.225
5397,5.295
5398,5.315
5399,5.32
5400,5.27
5401,5.245
5402,5.255
5403,5.255
5404,5.28
5405,5.285
5406,5.26
5407,5.245
5408,5.26
5409,5.275
5410,5.255
5411,5.255
5412,5.26
5413,5.275
5414,5.27
5415,5.275
5416,5.28
5417,5.275
5418,5.275
5419,5.285
5420,5.29
5421,5.285
5422,5.265
5423,5.305
5424,5.36
5425,5.405
5426,5.365
5427,5.365
5428,5.35
5429,5.335
5430,5.31
5431,5.285
5432,5.265
5433,5.285
5434,5.28
5435,5.265
5436,5.265
5437,5.265
5438,5.265
5439,5.255
5440,5.25
5441,5.245
5442,5.24
5443,5.245
5444,5.245
5445,5.235
5446,5.215
5447,5.185
5448,5.19
5449,5.14
5450,5.06
5451,5.035
5452,5.065
5453,5.05
5454,5.035
5455,5.025
5456,5.04
5457,5.015
5458,5.015
5459,5.015
5460,5.025
5461,5.015
5462,5.035
5463,5.025
5464,5.025
5465,5.005
5466,5.025
5467,5.01
5468,5.005
5469,5.015
5470,5.025
5471,4.945
5472,4.945
5473,4.945
5474,4.99
5475,5.145
5476,5.075
5477,5.105
5478,5.135
5479,5.125
5480,5.115
5481,5.135
5482,5.125
5483,5.115
5484,5.125
5485,5.125
5486,5.13
5487,5.135
5488,5.13
5489,5.145
5490,5.135
5491,5.135
5492,5.135
5493,5.115
5494,5.135
5495,5.185
5496,5.175
5497,5.21
5498,5.195
5499,5.185
