,0
0,22.695
1,22.62
2,22.625
3,22.63
4,22.645
5,22.645
6,22.625
7,22.58
8,22.615
9,22.595
10,22.555
11,22.54
12,22.54
13,22.61
14,22.655
15,22.655
16,22.675
17,22.7
18,22.65
19,23.025
20,23.025
21,23.06
22,23.21
23,23.115
24,23.04
25,23.09
26,23.06
27,23.04
28,22.965
29,22.965
30,22.98
31,22.995
32,23.01
33,23.07
34,23.02
35,23.07
36,23.05
37,23.05
38,23.0
39,22.9
40,22.865
41,22.93
42,22.92
43,22.935
44,22.86
45,22.71
46,22.695
47,22.675
48,22.58
49,22.585
50,22.69
51,22.705
52,22.62
53,22.645
54,22.55
55,22.605
56,22.635
57,22.68
58,22.72
59,22.715
60,22.665
61,22.7
62,22.72
63,22.68
64,22.635
65,22.625
66,22.63
67,22.655
68,22.725
69,22.715
70,22.71
71,23.0
72,23.19
73,23.1
74,23.145
75,23.195
76,23.245
77,23.335
78,23.255
79,23.245
80,23.22
81,23.27
82,23.235
83,23.26
84,23.27
85,23.29
86,23.295
87,23.31
88,23.28
89,23.27
90,23.265
91,23.31
92,23.33
93,23.32
94,23.29
95,23.31
96,23.27
97,23.22
98,23.32
99,23.31
100,23.325
101,23.25
102,23.23
103,23.24
104,23.285
105,23.27
106,23.245
107,23.24
108,23.255
109,23.25
110,23.19
111,23.145
112,23.19
113,23.16
114,23.18
115,23.135
116,23.11
117,23.105
118,23.13
119,23.115
120,23.105
121,23.085
122,23.11
123,23.17
124,23.19
125,23.175
126,23.08
127,23.09
128,23.12
129,23.165
130,23.095
131,23.095
132,23.09
133,23.105
134,23.0
135,22.99
136,22.95
137,22.92
138,22.955
139,22.965
140,22.96
141,22.945
142,22.945
143,22.925
144,22.9
145,22.935
146,22.875
147,22.885
148,22.885
149,22.64
150,22.55
151,22.555
152,22.505
153,22.49
154,22.53
155,22.615
156,22.58
157,22.53
158,22.525
159,22.52
160,22.56
161,22.545
162,22.525
163,22.565
164,22.63
165,22.66
166,22.65
167,22.625
168,22.63
169,22.635
170,22.62
171,22.645
172,22.675
173,22.67
174,22.665
175,22.72
176,22.725
177,22.785
178,22.92
179,23.015
180,23.015
181,23.055
182,23.13
183,23.095
184,23.11
185,23.125
186,23.05
187,23.07
188,23.07
189,23.08
190,23.07
191,23.05
192,23.11
193,23.075
194,23.04
195,23.055
196,23.095
197,23.125
198,23.135
199,23.14
200,23.11
201,23.13
202,23.055
203,23.055
204,22.985
205,23.12
206,23.05
207,23.035
208,23.005
209,23.01
210,22.985
211,23.03
212,23.04
213,23.015
214,22.965
215,23.0
216,23.015
217,23.185
218,23.14
219,23.125
220,23.125
221,23.105
222,23.085
223,23.135
224,23.16
225,23.155
226,23.07
227,23.38
228,23.37
229,23.44
230,23.425
231,23.43
232,23.455
233,23.455
234,23.48
235,23.435
236,23.42
237,23.435
238,23.44
239,23.46
240,23.47
241,23.475
242,23.495
243,23.525
244,23.49
245,23.495
246,23.44
247,23.45
248,23.435
249,23.435
250,23.41
251,23.475
252,23.395
253,23.4
254,23.34
255,23.78
256,23.68
257,23.79
258,23.865
259,23.895
260,23.955
261,23.885
262,23.87
263,23.83
264,23.83
265,23.94
266,24.015
267,24.155
268,24.08
269,24.055
270,24.065
271,24.105
272,24.1
273,24.115
274,24.105
275,24.07
276,24.055
277,24.075
278,23.98
279,24.274999999999995
280,24.395
281,24.32
282,24.345
283,24.485000000000003
284,24.61
285,24.660000000000004
286,24.675
287,24.489999999999995
288,24.53
289,24.55
290,24.56
291,24.59
292,24.604999999999997
293,24.59
294,24.615
295,24.680000000000003
296,24.745
297,24.664999999999996
298,24.664999999999996
299,24.63
300,24.604999999999997
301,24.59
302,24.535
303,24.59
304,24.564999999999998
305,24.575
306,24.429999999999996
307,24.36
308,24.44
309,24.51
310,24.405000000000005
311,24.35
312,24.389999999999997
313,24.429999999999996
314,24.409999999999997
315,24.34
316,24.37
317,24.429999999999996
318,24.409999999999997
319,24.405000000000005
320,24.389999999999997
321,24.37
322,24.375
323,24.38
324,24.34
325,24.34
326,24.365
327,24.405000000000005
328,24.469999999999995
329,24.495
330,24.57
331,24.250000000000004
332,24.274999999999995
333,24.290000000000003
334,24.35
335,24.310000000000002
336,24.34
337,24.389999999999997
338,24.34
339,24.389999999999997
340,24.455
341,24.46
342,24.44
343,24.465000000000003
344,24.449999999999996
345,24.425000000000004
346,24.429999999999996
347,24.48
348,24.495
349,24.505000000000003
350,24.55
351,24.555
352,24.53
353,24.544999999999998
354,24.505000000000003
355,24.485000000000003
356,24.51
357,24.74
358,24.67
359,24.675
360,24.685000000000002
361,24.73
362,24.715
363,24.7
364,24.69
365,24.695
366,24.71
367,24.71
368,24.74
369,24.725
370,24.72
371,24.7
372,24.725
373,24.72
374,24.71
375,24.715
376,24.755
377,24.765
378,24.77
379,24.745
380,24.779999999999998
381,24.775
382,24.759999999999998
383,24.7
384,24.72
385,24.7
386,24.71
387,24.735
388,24.745
389,24.79
390,24.785
391,24.759999999999998
392,24.779999999999998
393,24.65
394,24.680000000000003
395,24.67
396,24.604999999999997
397,24.544999999999998
398,24.57
399,24.54
400,24.535
401,24.544999999999998
402,24.564999999999998
403,24.54
404,24.56
405,24.535
406,24.535
407,24.575
408,24.604999999999997
409,24.584999999999997
410,24.544999999999998
411,24.525000000000002
412,24.53
413,24.515
414,24.555
415,24.564999999999998
416,24.575
417,24.3
418,24.209999999999997
419,24.209999999999997
420,24.185
421,24.195
422,24.22
423,24.234999999999996
424,24.22
425,24.2
426,24.14
427,24.155
428,24.155
429,24.115
430,24.115
431,24.115
432,24.035
433,24.09
434,24.11
435,24.06
436,24.105
437,24.08
438,24.065
439,24.07
440,24.105
441,24.135
442,24.209999999999997
443,24.32
444,24.375
445,24.409999999999997
446,24.455
447,24.48
448,24.409999999999997
449,24.409999999999997
450,24.415
451,24.409999999999997
452,24.425000000000004
453,24.52
454,24.51
455,24.46
456,24.485000000000003
457,24.55
458,24.59
459,24.600000000000005
460,24.61
461,24.604999999999997
462,24.644999999999996
463,24.620000000000005
464,24.59
465,24.61
466,24.615
467,24.604999999999997
468,24.575
469,24.48
470,24.465000000000003
471,24.52
472,24.535
473,24.595
474,24.655
475,24.620000000000005
476,24.584999999999997
477,24.525000000000002
478,24.564999999999998
479,24.495
480,24.465000000000003
481,24.435
482,24.525000000000002
483,24.635
484,24.55
485,24.604999999999997
486,24.615
487,24.604999999999997
488,24.604999999999997
489,24.575
490,24.615
491,24.624999999999996
492,24.600000000000005
493,24.615
494,24.67
495,25.429999999999996
496,25.450000000000003
497,25.48
498,25.51
499,25.38
500,25.415
501,25.45
502,25.46
503,25.47
504,25.43
505,25.51
506,25.515
507,25.555
508,25.485
509,25.48
510,25.46
511,25.495
512,25.515
513,25.555
514,25.585
515,25.575
516,25.6
517,25.575
518,25.575
519,25.575
520,25.51
521,25.64
522,25.705
523,25.53
524,25.53
525,25.46
526,25.46
527,25.375
528,25.365
529,25.355
530,25.41
531,25.39
532,25.4
533,25.395
534,25.37
535,25.35
536,25.36
537,25.315
538,25.325
539,25.275
540,25.29
541,25.295
542,25.3
543,25.245
544,25.25
545,25.23
546,25.215
547,25.545
548,25.445
549,25.54
550,25.505
551,25.49
552,25.485
553,25.51
554,25.495
555,25.495
556,25.53
557,25.515
558,25.545
559,25.58
560,25.53
561,25.495
562,25.6
563,25.64
564,25.615
565,25.525
566,25.47
567,25.495
568,25.54
569,25.53
570,25.525
571,25.465
572,25.43
573,25.28
574,25.3
575,25.2
576,25.18
577,25.13
578,25.125
579,25.135
580,25.13
581,25.11
582,25.105
583,25.09
584,25.14
585,25.175
586,25.18
587,25.2
588,25.205
589,25.19
590,25.17
591,25.18
592,25.175
593,25.2
594,25.225
595,25.265
596,25.28
597,25.295
598,25.255
599,25.13
600,25.18
601,25.17
602,25.28
603,25.345
604,25.305
605,25.345
606,25.305
607,25.27
608,25.265
609,25.22
610,25.225
611,25.25
612,25.23
613,25.25
614,25.26
615,25.235
616,25.225
617,25.235
618,25.265
619,25.295
620,25.325
621,25.295
622,25.25
623,25.195
624,25.2
625,25.72
626,25.645
627,25.475
628,25.55
629,25.55
630,25.425
631,25.38
632,25.425
633,25.35
634,25.295
635,25.345
636,25.435
637,25.405
638,25.4
639,25.41
640,25.43
641,25.385
642,25.38
643,25.315
644,25.3
645,25.33
646,25.36
647,25.315
648,25.305
649,25.26
650,25.265
651,25.4
652,25.38
653,25.52
654,25.515
655,25.405
656,25.39
657,25.395
658,25.335
659,25.39
660,25.385
661,25.44
662,25.41
663,25.45
664,25.435
665,25.465
666,25.435
667,25.375
668,25.385
669,25.28
670,25.28
671,25.265
672,25.3
673,25.375
674,25.33
675,25.345
676,25.36
677,25.41
678,25.45
679,25.41
680,25.445
681,25.5
682,25.485
683,25.39
684,25.4
685,25.34
686,25.32
687,25.305
688,25.3
689,25.21
690,25.165
691,25.13
692,25.15
693,25.16
694,25.23
695,25.31
696,25.35
697,25.37
698,25.33
699,25.305
700,25.33
701,25.315
702,25.32
703,25.185
704,25.25
705,25.345
706,25.37
707,25.375
708,25.395
709,25.345
710,25.28
711,25.315
712,25.31
713,25.31
714,25.28
715,25.325
716,25.32
717,25.34
718,25.33
719,25.325
720,25.33
721,25.355
722,25.36
723,25.33
724,25.335
725,25.32
726,25.3
727,25.305
728,25.31
729,25.23
730,25.175
731,25.14
732,25.11
733,25.07
734,25.145
735,25.095
736,25.135
737,25.155
738,25.185
739,25.12
740,25.14
741,25.16
742,25.14
743,25.2
744,25.235
745,25.215
746,25.225
747,25.24
748,25.245
749,25.265
750,25.25
751,25.255
752,25.285
753,25.275
754,25.33
755,25.31
756,25.34
757,25.37
758,25.44
759,25.435
760,25.47
761,25.46
762,25.43
763,25.435
764,25.395
765,25.47
766,25.475
767,25.495
768,25.52
769,25.505
770,25.47
771,25.48
772,25.46
773,25.33
774,25.255
775,25.235
776,25.13
777,25.11
778,25.12
779,25.13
780,25.175
781,25.33
782,25.36
783,25.42
784,25.395
785,25.4
786,25.4
787,25.32
788,25.3
789,25.29
790,25.31
791,25.255
792,25.31
793,25.31
794,25.34
795,25.335
796,25.31
797,25.325
798,25.325
799,25.315
800,25.325
801,25.27
802,25.25
803,25.265
804,25.245
805,25.225
806,25.2
807,25.19
808,25.1
809,25.015
810,24.99
811,24.955
812,24.93
813,24.91
814,24.895
815,24.88
816,24.91
817,24.935
818,24.955
819,24.935
820,24.915
821,24.96
822,24.99
823,24.96
824,24.96
825,25.005
826,24.955
827,24.955
828,24.925
829,24.905
830,24.865
831,24.875
832,24.86
833,24.53
834,24.53
835,24.64
836,24.715
837,24.7
838,24.73
839,24.7
840,24.66
841,24.63
842,24.62
843,24.575
844,24.575
845,24.64
846,24.585
847,24.575
848,24.565
849,24.53
850,24.515
851,24.52
852,24.535
853,24.51
854,24.52
855,24.505
856,24.565
857,24.58
858,24.445
859,24.44
860,24.255
861,24.12
862,24.09
863,23.99
864,23.83
865,23.53
866,23.29
867,23.21
868,23.31
869,23.23
870,23.205
871,23.16
872,23.18
873,23.045
874,23.075
875,23.025
876,22.975
877,23.07
878,23.04
879,23.09
880,23.075
881,23.15
882,23.045
883,23.005
884,23.01
885,22.75
886,22.76
887,22.84
888,22.93
889,23.02
890,23.16
891,23.05
892,23.08
893,23.075
894,23.1
895,23.02
896,22.855
897,22.735
898,22.825
899,22.775
900,22.84
901,22.91
902,22.915
903,22.965
904,22.925
905,23.035
906,23.07
907,23.035
908,23.055
909,23.01
910,22.95
911,23.17
912,23.25
913,23.26
914,23.27
915,23.365
916,23.33
917,23.455
918,23.42
919,23.32
920,23.325
921,23.31
922,23.28
923,23.325
924,23.365
925,23.2
926,23.17
927,23.17
928,23.215
929,23.21
930,23.21
931,23.265
932,23.21
933,23.165
934,23.055
935,23.04
936,23.08
937,23.135
938,23.06
939,23.175
940,23.26
941,23.21
942,23.235
943,23.245
944,23.165
945,23.15
946,23.115
947,23.035
948,23.01
949,23.045
950,23.015
951,23.0
952,23.04
953,23.0
954,22.96
955,22.955
956,22.965
957,22.945
958,22.855
959,22.795
960,22.865
961,23.135
962,23.13
963,22.42
964,22.5
965,22.625
966,22.64
967,22.71
968,22.735
969,22.65
970,22.78
971,22.835
972,22.83
973,22.87
974,22.84
975,22.83
976,22.875
977,22.93
978,22.9
979,22.84
980,22.855
981,22.8
982,22.81
983,22.795
984,22.85
985,22.9
986,22.97
987,23.01
988,23.04
989,23.125
990,23.055
991,23.2
992,23.21
993,23.275
994,23.325
995,23.45
996,23.395
997,23.41
998,23.42
999,23.45
1000,23.435
1001,23.425
1002,23.405
1003,23.44
1004,23.44
1005,23.465
1006,23.58
1007,23.645
1008,23.645
1009,23.615
1010,23.56
1011,23.56
1012,23.54
1013,23.545
1014,23.485
1015,23.43
1016,23.5
1017,23.38
1018,23.36
1019,23.48
1020,23.58
1021,23.49
1022,23.445
1023,23.445
1024,23.44
1025,23.4
1026,23.415
1027,23.385
1028,23.35
1029,23.39
1030,23.415
1031,23.42
1032,23.43
1033,23.39
1034,23.435
1035,23.395
1036,23.415
1037,23.415
1038,23.405
1039,23.345
1040,23.35
1041,23.475
1042,23.54
1043,23.595
1044,23.61
1045,23.635
1046,23.69
1047,23.66
1048,23.715
1049,23.68
1050,23.7
1051,23.72
1052,23.77
1053,23.71
1054,23.72
1055,23.765
1056,23.81
1057,23.83
1058,23.83
1059,23.88
1060,23.94
1061,23.96
1062,23.92
1063,23.945
1064,23.875
1065,23.86
1066,23.87
1067,23.78
1068,23.83
1069,23.92
1070,23.875
1071,23.94
1072,23.905
1073,23.86
1074,23.89
1075,23.9
1076,23.835
1077,23.865
1078,23.875
1079,23.84
1080,23.84
1081,23.85
1082,23.88
1083,23.82
1084,23.82
1085,23.75
1086,23.76
1087,23.77
1088,23.7
1089,23.735
1090,23.72
1091,23.72
1092,23.6
1093,23.605
1094,23.41
1095,23.355
1096,23.415
1097,23.325
1098,23.2
1099,23.17
1100,23.23
1101,23.2
1102,23.185
1103,23.195
1104,23.32
1105,23.375
1106,23.365
1107,23.46
1108,23.42
1109,23.39
1110,23.43
1111,23.44
1112,23.455
1113,23.525
1114,23.47
1115,23.52
1116,23.545
1117,23.585
1118,23.59
1119,23.42
1120,23.36
1121,23.255
1122,23.345
1123,23.3
1124,23.29
1125,23.37
1126,23.38
1127,23.395
1128,23.465
1129,23.48
1130,23.44
1131,23.45
1132,23.38
1133,23.42
1134,23.415
1135,23.43
1136,23.435
1137,23.46
1138,23.48
1139,23.475
1140,23.415
1141,23.425
1142,23.425
1143,23.435
1144,23.42
1145,23.615
1146,23.77
1147,23.735
1148,23.7
1149,23.58
1150,23.635
1151,23.5
1152,23.42
1153,23.57
1154,23.49
1155,23.53
1156,23.51
1157,23.56
1158,23.54
1159,23.525
1160,23.51
1161,23.475
1162,23.53
1163,23.53
1164,23.59
1165,23.525
1166,23.415
1167,23.365
1168,23.25
1169,23.24
1170,23.16
1171,23.13
1172,23.209999999999997
1173,23.32
1174,23.335
1175,23.27
1176,23.295
1177,23.31
1178,23.43
1179,23.355
1180,23.295
1181,23.325
1182,23.31
1183,23.27
1184,23.29
1185,23.36
1186,23.415
1187,23.4
1188,23.375
1189,23.335
1190,23.28
1191,23.33
1192,23.205
1193,23.27
1194,23.27
1195,23.285
1196,23.27
1197,23.14
1198,22.975
1199,23.085
1200,23.14
1201,23.15
1202,23.1
1203,23.055
1204,23.13
1205,23.12
1206,23.15
1207,23.145
1208,23.17
1209,23.14
1210,23.22
1211,23.255
1212,23.28
1213,23.245
1214,23.265
1215,23.315
1216,23.28
1217,23.22
1218,23.15
1219,23.2
1220,23.195
1221,23.185
1222,23.16
1223,23.195
1224,23.23
1225,23.24
1226,23.22
1227,23.19
1228,23.12
1229,23.13
1230,23.095
1231,23.02
1232,23.005
1233,22.94
1234,22.964999999999996
1235,23.035
1236,23.08
1237,23.105
1238,23.085
1239,23.13
1240,23.125
1241,23.09
1242,23.065
1243,23.08
1244,23.085
1245,23.075
1246,23.04
1247,22.99
1248,23.015
1249,22.795
1250,22.835
1251,22.815
1252,22.77
1253,22.719999999999995
1254,22.615
1255,22.665
1256,22.69
1257,22.7
1258,22.7
1259,22.73
1260,22.76
1261,22.73
1262,22.75
1263,22.79
1264,22.77
1265,22.665
1266,22.68
1267,22.665
1268,22.675
1269,22.675
1270,22.725
1271,22.715
1272,22.76
1273,22.845
1274,22.92
1275,22.89
1276,22.875
1277,22.835
1278,22.815
1279,22.775
1280,22.745
1281,22.73
1282,22.74
1283,22.685
1284,22.705
1285,22.77
1286,22.73
1287,22.74
1288,22.719999999999995
1289,22.815
1290,22.82
1291,22.89
1292,22.915
1293,22.87
1294,22.89
1295,22.8
1296,22.81
1297,22.77
1298,22.655
1299,22.625
1300,22.64
1301,22.875
1302,22.815
1303,22.86
1304,22.845
1305,22.785
1306,22.795
1307,22.76
1308,22.775
1309,22.66
1310,22.58
1311,22.545
1312,22.525
1313,22.51
1314,22.595
1315,22.51
1316,22.48
1317,22.5
1318,22.525
1319,22.505
1320,22.495
1321,22.45
1322,22.425
1323,22.385
1324,22.34
1325,22.29
1326,22.425
1327,22.415
1328,22.355
1329,22.375
1330,22.405
1331,22.485
1332,22.55
1333,22.51
1334,22.455
1335,22.545
1336,22.57
1337,22.595
1338,22.61
1339,22.57
1340,22.57
1341,22.57
1342,22.575
1343,22.595
1344,22.585
1345,22.66
1346,22.66
1347,22.725
1348,22.815
1349,22.775
1350,22.81
1351,22.97
1352,22.91
1353,22.695
1354,22.73
1355,22.74
1356,22.735
1357,22.65
1358,22.65
1359,22.51
1360,22.41
1361,22.54
1362,22.6
1363,22.57
1364,22.6
1365,22.65
1366,22.69
1367,22.735
1368,22.735
1369,22.775
1370,22.865
1371,22.77
1372,22.8
1373,22.785
1374,22.815
1375,22.81
1376,22.7
1377,23.025
1378,23.12
1379,23.125
1380,23.06
1381,23.005
1382,23.01
1383,23.015
1384,23.06
1385,23.03
1386,22.964999999999996
1387,22.935
1388,22.945
1389,22.925
1390,22.955
1391,22.86
1392,22.89
1393,22.92
1394,22.935
1395,22.92
1396,22.91
1397,22.925
1398,22.835
1399,22.84
1400,22.735
1401,22.705
1402,22.73
1403,22.964999999999996
1404,22.87
1405,22.89
1406,22.905
1407,22.885
1408,22.945
1409,22.895
1410,22.94
1411,22.97
1412,22.97
1413,23.02
1414,23.035
1415,23.075
1416,23.03
1417,22.98
1418,22.97
1419,23.025
1420,23.085
1421,23.09
1422,23.15
1423,23.125
1424,23.115
1425,23.13
1426,23.115
1427,23.125
1428,23.08
1429,22.955
1430,22.885
1431,22.905
1432,22.93
1433,22.865
1434,22.9
1435,22.81
1436,22.825
1437,22.805
1438,22.81
1439,22.76
1440,22.775
1441,22.755
1442,22.73
1443,22.63
1444,22.67
1445,22.69
1446,22.81
1447,22.8
1448,22.895
1449,22.855
1450,22.855
1451,22.765
1452,22.795
1453,22.865
1454,22.719999999999995
1455,23.575
1456,23.675
1457,23.76
1458,23.67
1459,23.625
1460,23.61
1461,23.625
1462,23.515
1463,23.47
1464,23.545
1465,23.605
1466,23.615
1467,23.605
1468,23.635
1469,23.615
1470,23.625
1471,23.635
1472,23.655
1473,23.665
1474,23.715
1475,23.685
1476,23.65
1477,23.62
1478,23.63
1479,23.65
1480,23.62
1481,24.125
1482,24.12
1483,24.12
1484,24.18
1485,24.15
1486,24.225
1487,24.315
1488,24.28
1489,24.225
1490,24.225
1491,24.215
1492,24.235
1493,24.18
1494,24.19
1495,24.205
1496,24.165
1497,24.195
1498,24.185
1499,24.23
1500,24.19
1501,24.2
1502,24.155
1503,24.075
1504,24.055
1505,24.03
1506,23.99
1507,24.005
1508,24.075
1509,24.015
1510,23.93
1511,23.975
1512,24.005
1513,24.06
1514,24.16
1515,24.05
1516,24.02
1517,24.055
1518,24.0
1519,24.015
1520,24.11
1521,24.15
1522,24.075
1523,24.18
1524,24.09
1525,24.06
1526,24.04
1527,24.07
1528,24.02
1529,24.03
1530,24.025
1531,23.975
1532,23.875
1533,23.81
1534,23.78
1535,23.67
1536,23.58
1537,23.625
1538,23.565
1539,23.6
1540,23.63
1541,23.59
1542,23.6
1543,23.645
1544,23.625
1545,23.665
1546,23.76
1547,23.69
1548,23.705
1549,23.695
1550,23.655
1551,23.645
1552,23.685
1553,23.715
1554,23.705
1555,23.705
1556,23.72
1557,23.71
1558,23.65
1559,23.575
1560,23.68
1561,23.68
1562,23.63
1563,23.59
1564,23.55
1565,23.53
1566,23.54
1567,23.48
1568,23.46
1569,23.52
1570,23.515
1571,23.485
1572,23.455
1573,23.445
1574,23.475
1575,23.44
1576,23.435
1577,23.43
1578,23.44
1579,23.43
1580,23.42
1581,23.435
1582,23.385
1583,23.41
1584,23.33
1585,23.51
1586,23.41
1587,23.4
1588,23.42
1589,23.435
1590,23.49
1591,23.53
1592,23.54
1593,23.59
1594,23.6
1595,23.635
1596,23.655
1597,23.67
1598,23.53
1599,23.54
1600,23.625
1601,23.65
1602,23.73
1603,23.74
1604,23.755
1605,23.7
1606,23.715
1607,23.665
1608,23.615
1609,23.655
1610,23.625
1611,23.545
1612,23.46
1613,23.43
1614,23.4
1615,23.34
1616,23.395
1617,23.39
1618,23.445
1619,23.46
1620,23.45
1621,23.49
1622,23.5
1623,23.505
1624,23.53
1625,23.51
1626,23.5
1627,23.495
1628,23.44
1629,23.435
1630,23.435
1631,23.425
1632,23.445
1633,23.45
1634,23.475
1635,23.45
1636,23.53
1637,23.52
1638,23.55
1639,23.55
1640,23.66
1641,23.605
1642,23.555
1643,23.52
1644,23.495
1645,23.51
1646,23.52
1647,23.535
1648,23.565
1649,23.58
1650,23.53
1651,23.555
1652,23.565
1653,23.59
1654,23.55
1655,23.68
1656,23.685
1657,23.69
1658,23.73
1659,23.73
1660,23.695
1661,23.735
1662,23.77
1663,23.955
1664,23.97
1665,23.95
1666,23.99
1667,23.905
1668,23.84
1669,23.9
1670,23.89
1671,23.96
1672,23.88
1673,23.8
1674,23.825
1675,23.825
1676,23.845
1677,23.845
1678,23.82
1679,23.8
1680,23.85
1681,23.83
1682,23.83
1683,23.855
1684,23.82
1685,23.79
1686,23.795
1687,23.84
1688,23.84
1689,23.845
1690,23.78
1691,23.74
1692,23.74
1693,23.69
1694,23.7
1695,23.68
1696,23.695
1697,23.76
1698,23.77
1699,23.705
1700,23.685
1701,23.615
1702,23.65
1703,23.615
1704,23.605
1705,23.64
1706,23.66
1707,23.655
1708,23.65
1709,23.665
1710,23.685
1711,23.71
1712,23.715
1713,23.72
1714,23.73
1715,23.835
1716,23.85
1717,23.96
1718,23.98
1719,24.04
1720,23.96
1721,23.965
1722,23.97
1723,23.93
1724,23.92
1725,23.92
1726,23.88
1727,23.92
1728,23.95
1729,23.95
1730,23.96
1731,23.985
1732,24.015
1733,23.985
1734,24.0
1735,23.95
1736,23.92
1737,23.945
1738,23.93
1739,23.93
1740,23.95
1741,24.15
1742,24.165
1743,24.28
1744,24.275
1745,24.17
1746,24.23
1747,24.185
1748,24.13
1749,24.135
1750,24.165
1751,24.165
1752,24.145
1753,24.095
1754,24.11
1755,24.125
1756,24.07
1757,24.12
1758,24.13
1759,24.07
1760,24.05
1761,24.065
1762,24.085
1763,24.085
1764,24.02
1765,23.88
1766,23.98
1767,24.015
1768,23.975
1769,24.02
1770,23.97
1771,24.02
1772,24.045
1773,24.15
1774,24.165
1775,24.14
1776,24.06
1777,24.09
1778,24.07
1779,24.085
1780,24.055
1781,24.08
1782,24.09
1783,24.09
1784,24.105
1785,24.1
1786,24.12
1787,24.135
1788,24.155
1789,24.145
1790,24.135
1791,24.14
1792,24.14
1793,24.21
1794,24.015
1795,24.01
1796,23.925
1797,23.93
1798,23.96
1799,24.09
1800,24.075
1801,24.06
1802,24.08
1803,24.125
1804,24.14
1805,24.15
1806,24.085
1807,24.07
1808,24.045
1809,24.085
1810,24.085
1811,24.08
1812,24.105
1813,24.11
1814,24.06
1815,24.03
1816,24.005
1817,24.045
1818,24.07
1819,23.9
1820,23.89
1821,23.86
1822,23.785
1823,23.78
1824,23.765
1825,23.79
1826,23.77
1827,23.81
1828,23.76
1829,23.78
1830,23.81
1831,23.86
1832,23.83
1833,23.835
1834,23.835
1835,23.825
1836,23.87
1837,23.97
1838,23.955
1839,23.99
1840,23.985
1841,23.94
1842,23.925
1843,23.945
1844,23.99
1845,24.02
1846,24.085
1847,24.09
1848,24.115
1849,24.085
1850,24.115
1851,24.09
1852,24.085
1853,24.06
1854,24.09
1855,24.075
1856,24.065
1857,24.08
1858,24.095
1859,24.09
1860,24.1
1861,24.075
1862,24.065
1863,24.055
1864,23.99
1865,23.995
1866,23.99
1867,24.0
1868,24.005
1869,24.04
1870,24.06
1871,24.1
1872,24.09
1873,24.135
1874,24.07
1875,23.98
1876,23.965
1877,24.015
1878,24.01
1879,24.025
1880,24.055
1881,24.02
1882,24.0
1883,23.985
1884,23.99
1885,24.005
1886,23.995
1887,24.005
1888,23.99
1889,24.005
1890,24.0
1891,23.985
1892,23.995
1893,24.005
1894,24.005
1895,24.045
1896,24.0
1897,23.315
1898,23.065
1899,23.01
1900,23.03
1901,23.06
1902,22.875
1903,22.945
1904,22.96
1905,22.955
1906,22.935
1907,22.845
1908,22.775
1909,22.765
1910,22.86
1911,22.81
1912,22.77
1913,22.72
1914,22.66
1915,22.565
1916,22.52
1917,22.54
1918,22.565
1919,22.625
1920,22.605
1921,22.555
1922,22.59
1923,22.715
1924,22.66
1925,22.83
1926,22.885
1927,22.8
1928,22.84
1929,22.81
1930,22.71
1931,22.55
1932,22.55
1933,22.605
1934,22.655
1935,22.62
1936,22.71
1937,22.66
1938,22.67
1939,22.71
1940,22.74
1941,22.935
1942,22.95
1943,22.985
1944,22.935
1945,22.92
1946,22.895
1947,22.85
1948,22.75
1949,23.105
1950,23.135
1951,23.21
1952,23.185
1953,23.14
1954,23.26
1955,23.245
1956,23.29
1957,23.195
1958,23.185
1959,23.23
1960,23.23
1961,23.245
1962,23.205
1963,23.19
1964,23.17
1965,23.165
1966,23.2
1967,23.18
1968,23.185
1969,23.21
1970,23.17
1971,23.04
1972,23.02
1973,23.005
1974,23.045
1975,23.035
1976,23.04
1977,23.04
1978,22.985
1979,22.97
1980,22.895
1981,22.83
1982,22.99
1983,23.0
1984,23.06
1985,23.09
1986,23.09
1987,23.07
1988,23.02
1989,23.065
1990,23.055
1991,23.025
1992,23.015
1993,23.01
1994,23.015
1995,23.04
1996,23.025
1997,23.055
1998,23.03
1999,23.035
2000,23.05
2001,23.015
2002,22.935
2003,22.95
2004,23.03
2005,23.03
2006,23.045
2007,23.08
2008,23.12
2009,23.175
2010,23.2
2011,23.225
2012,23.17
2013,23.195
2014,23.15
2015,23.205
2016,23.245
2017,23.23
2018,23.23
2019,23.23
2020,23.255
2021,23.385
2022,23.45
2023,23.475
2024,23.445
2025,23.43
2026,23.4
2027,23.365
2028,23.305
2029,23.285
2030,23.325
2031,23.26
2032,23.295
2033,23.245
2034,23.295
2035,23.315
2036,23.265
2037,23.33
2038,23.425
2039,23.405
2040,23.42
2041,23.4
2042,23.405
2043,23.415
2044,23.385
2045,23.34
2046,23.335
2047,23.33
2048,23.305
2049,23.295
2050,23.32
2051,23.375
2052,23.36
2053,23.405
2054,23.52
2055,23.55
2056,23.545
2057,23.515
2058,23.425
2059,23.42
2060,23.375
2061,23.255
2062,23.26
2063,23.26
2064,23.375
2065,23.39
2066,23.35
2067,23.29
2068,23.275
2069,23.27
2070,23.3
2071,23.29
2072,23.295
2073,23.32
2074,23.305
2075,23.34
2076,23.295
2077,23.27
2078,23.25
2079,23.345
2080,23.415
2081,23.32
2082,23.31
2083,23.3
2084,23.21
2085,23.265
2086,23.275
2087,23.205
2088,23.175
2089,23.23
2090,23.27
2091,23.28
2092,23.26
2093,23.295
2094,23.265
2095,23.25
2096,23.25
2097,23.305
2098,23.33
2099,23.335
2100,23.33
2101,23.295
2102,23.32
2103,23.29
2104,23.23
2105,23.175
2106,23.185
2107,23.09
2108,22.99
2109,23.065
2110,23.1
2111,23.095
2112,23.085
2113,23.07
2114,23.085
2115,23.07
2116,23.105
2117,23.095
2118,23.07
2119,23.05
2120,23.005
2121,23.035
2122,23.035
2123,22.975
2124,22.96
2125,22.925
2126,22.905
2127,22.935
2128,22.9
2129,22.92
2130,22.9
2131,22.475
2132,22.215
2133,22.2
2134,22.135
2135,22.23
2136,22.345
2137,22.24
2138,22.275
2139,22.22
2140,22.23
2141,22.24
2142,22.25
2143,22.27
2144,22.265
2145,22.285
2146,22.215
2147,22.205
2148,22.175
2149,22.14
2150,22.205
2151,22.225
2152,22.12
2153,22.14
2154,22.22
2155,22.245
2156,22.41
2157,22.39
2158,22.41
2159,22.41
2160,22.555
2161,22.43
2162,22.415
2163,22.42
2164,22.45
2165,22.42
2166,22.49
2167,22.47
2168,22.455
2169,22.475
2170,22.51
2171,22.525
2172,22.515
2173,22.525
2174,22.485
2175,22.515
2176,22.52
2177,22.55
2178,22.52
2179,22.515
2180,22.515
2181,22.525
2182,22.64
2183,22.16
2184,22.27
2185,22.37
2186,22.31
2187,22.37
2188,22.43
2189,22.43
2190,22.36
2191,22.42
2192,22.49
2193,22.55
2194,22.585
2195,22.51
2196,22.525
2197,22.565
2198,22.535
2199,22.555
2200,22.55
2201,22.535
2202,22.505
2203,22.47
2204,22.51
2205,22.51
2206,22.48
2207,22.455
2208,22.43
2209,22.5
2210,22.535
2211,22.585
2212,22.58
2213,22.615
2214,22.63
2215,22.675
2216,22.615
2217,22.605
2218,22.605
2219,22.615
2220,22.595
2221,22.56
2222,22.615
2223,22.63
2224,22.6
2225,22.575
2226,22.545
2227,22.535
2228,22.52
2229,22.54
2230,22.54
2231,22.505
2232,22.48
2233,22.425
2234,22.41
2235,22.135
2236,22.145
2237,22.24
2238,22.285
2239,22.235
2240,22.185
2241,22.185
2242,22.185
2243,22.245
2244,22.215
2245,22.255
2246,22.245
2247,22.24
2248,22.285
2249,22.245
2250,22.27
2251,22.28
2252,22.27
2253,22.285
2254,22.32
2255,22.4
2256,22.375
2257,22.335
2258,22.28
2259,22.245
2260,22.23
2261,22.4
2262,22.455
2263,22.49
2264,22.53
2265,22.45
2266,22.52
2267,22.505
2268,22.455
2269,22.49
2270,22.54
2271,22.58
2272,22.535
2273,22.485
2274,22.455
2275,22.465
2276,22.495
2277,22.48
2278,22.53
2279,22.57
2280,22.545
2281,22.54
2282,22.575
2283,22.565
2284,22.595
2285,22.6
2286,22.6
2287,22.935
2288,23.03
2289,22.945
2290,22.865
2291,22.905
2292,22.905
2293,22.97
2294,23.055
2295,23.055
2296,23.035
2297,23.11
2298,23.065
2299,23.105
2300,23.17
2301,23.125
2302,23.15
2303,23.12
2304,23.18
2305,23.165
2306,23.045
2307,23.045
2308,23.03
2309,22.98
2310,23.015
2311,22.995
2312,22.97
2313,23.33
2314,23.485
2315,23.505
2316,23.58
2317,23.595
2318,23.58
2319,23.6
2320,23.555
2321,23.56
2322,23.535
2323,23.53
2324,23.5
2325,23.5
2326,23.615
2327,23.61
2328,23.59
2329,23.565
2330,23.445
2331,23.545
2332,23.545
2333,23.38
2334,23.34
2335,23.435
2336,23.555
2337,23.555
2338,23.66
2339,23.79
2340,23.86
2341,23.94
2342,23.93
2343,23.84
2344,23.91
2345,23.91
2346,23.765
2347,23.575
2348,23.64
2349,23.71
2350,23.68
2351,23.615
2352,23.6
2353,23.62
2354,23.655
2355,23.625
2356,23.595
2357,23.645
2358,23.64
2359,23.68
2360,23.73
2361,23.76
2362,23.73
2363,23.765
2364,23.8
2365,24.0
2366,23.925
2367,23.81
2368,23.86
2369,23.83
2370,23.77
2371,23.835
2372,23.82
2373,23.85
2374,23.885
2375,23.885
2376,23.84
2377,23.855
2378,23.895
2379,23.86
2380,23.865
2381,23.815
2382,23.805
2383,23.815
2384,23.815
2385,23.795
2386,23.74
2387,23.69
2388,23.73
2389,23.77
2390,23.77
2391,23.4
2392,23.5
2393,23.45
2394,23.54
2395,23.48
2396,23.4
2397,23.285
2398,23.36
2399,23.28
2400,23.25
2401,23.23
2402,23.295
2403,23.385
2404,23.38
2405,23.345
2406,23.385
2407,23.39
2408,23.49
2409,23.5
2410,23.71
2411,23.6
2412,23.57
2413,23.67
2414,23.77
2415,23.755
2416,23.755
2417,23.79
2418,23.92
2419,23.75
2420,23.71
2421,23.67
2422,23.69
2423,23.695
2424,23.77
2425,23.78
2426,23.74
2427,23.705
2428,23.62
2429,23.65
2430,23.6
2431,23.57
2432,23.55
2433,23.54
2434,23.505
2435,23.51
2436,23.53
2437,23.54
2438,23.54
2439,23.58
2440,23.62
2441,23.54
2442,23.55
2443,23.48
2444,23.46
2445,23.47
2446,23.47
2447,23.55
2448,23.5
2449,23.5
2450,23.515
2451,23.55
2452,23.52
2453,23.495
2454,23.49
2455,23.51
2456,23.465
2457,23.45
2458,23.455
2459,23.44
2460,23.43
2461,23.405
2462,23.41
2463,23.39
2464,23.415
2465,23.41
2466,23.415
2467,23.425
2468,23.44
2469,23.75
2470,23.81
2471,23.935
2472,23.895
2473,23.905
2474,23.875
2475,23.835
2476,23.785
2477,23.805
2478,23.86
2479,23.855
2480,23.865
2481,23.845
2482,23.895
2483,23.94
2484,23.955
2485,23.925
2486,23.985
2487,23.94
2488,23.9
2489,23.9
2490,23.905
2491,23.905
2492,23.905
2493,23.91
2494,23.9
2495,23.74
2496,23.625
2497,23.67
2498,23.655
2499,23.72
2500,23.700000000000003
2501,23.67
2502,23.69
2503,23.739999999999995
2504,23.71
2505,23.71
2506,23.680000000000003
2507,23.660000000000004
2508,23.725
2509,23.739999999999995
2510,23.71
2511,23.695
2512,23.695
2513,23.685
2514,23.645
2515,23.625
2516,23.61
2517,23.585
2518,23.57
2519,23.53
2520,23.49
2521,23.26
2522,23.25
2523,23.24
2524,23.285
2525,23.33
2526,23.28
2527,23.2
2528,23.26
2529,23.31
2530,23.3
2531,23.235000000000003
2532,23.215000000000003
2533,23.185
2534,23.165
2535,23.13
2536,23.14
2537,23.125
2538,23.09
2539,23.11
2540,23.125
2541,23.15
2542,23.15
2543,23.135
2544,23.13
2545,23.105
2546,23.14
2547,23.135
2548,23.06
2549,23.025
2550,22.97
2551,22.96
2552,23.0
2553,23.02
2554,23.07
2555,23.045
2556,22.99
2557,22.95
2558,22.94
2559,22.91
2560,22.91
2561,22.915
2562,22.955
2563,22.95
2564,22.96
2565,22.944999999999997
2566,23.0
2567,22.985
2568,22.995
2569,23.035
2570,22.985
2571,22.924999999999997
2572,22.95
2573,22.93
2574,22.885000000000005
2575,22.829999999999995
2576,22.8
2577,22.94
2578,22.93
2579,22.93
2580,22.89
2581,22.85
2582,22.835
2583,22.789999999999996
2584,22.845
2585,22.815
2586,22.789999999999996
2587,22.8
2588,22.795
2589,22.805
2590,22.805
2591,22.85
2592,22.85
2593,22.84
2594,22.835
2595,22.835
2596,22.785
2597,22.795
2598,22.809999999999995
2599,22.944999999999997
2600,23.125
2601,23.05
2602,23.02
2603,22.96
2604,22.84
2605,22.82
2606,22.855
2607,22.94
2608,22.955
2609,22.964999999999996
2610,22.96
2611,22.94
2612,22.97
2613,22.98
2614,22.97
2615,22.944999999999997
2616,22.95
2617,22.99
2618,23.015
2619,23.005
2620,22.975
2621,22.985
2622,22.92
2623,22.93
2624,22.9
2625,23.06
2626,23.18
2627,23.205
2628,23.16
2629,23.225
2630,23.22
2631,23.29
2632,23.369999999999997
2633,23.42
2634,23.515
2635,23.54
2636,23.55
2637,23.49
2638,23.515
2639,23.57
2640,23.585
2641,23.5
2642,23.495
2643,23.355
2644,23.429999999999996
2645,23.375
2646,23.32
2647,23.345
2648,23.305
2649,23.31
2650,23.28
2651,23.755
2652,23.915
2653,23.9
2654,23.84
2655,23.86
2656,23.75
2657,23.78
2658,23.805
2659,23.834999999999997
2660,23.79
2661,23.905
2662,23.905
2663,23.91
2664,23.915
2665,23.91
2666,23.92
2667,23.91
2668,23.955
2669,23.92
2670,23.854999999999997
2671,23.865
2672,23.834999999999997
2673,23.874999999999996
2674,23.905
2675,23.885
2676,23.88
2677,24.52
2678,24.570000000000004
2679,24.445
2680,24.52
2681,24.495
2682,24.49
2683,24.475
2684,24.359999999999996
2685,24.21
2686,24.12
2687,24.299999999999997
2688,24.23
2689,24.23
2690,24.115
2691,24.11
2692,24.07
2693,24.2
2694,24.295
2695,24.35
2696,24.38
2697,24.415
2698,24.43
2699,24.46
2700,24.43
2701,24.46
2702,24.319999999999997
2703,24.54
2704,24.455
2705,24.37
2706,24.38
2707,24.37
2708,24.339999999999996
2709,24.339999999999996
2710,24.375
2711,24.375
2712,24.385
2713,24.33
2714,24.35
2715,24.339999999999996
2716,24.305
2717,24.295
2718,24.31
2719,24.299999999999997
2720,24.255
2721,24.2
2722,24.19
2723,24.25
2724,24.31
2725,24.339999999999996
2726,24.33
2727,24.325
2728,24.260000000000005
2729,24.54
2730,24.525
2731,24.62
2732,24.72
2733,24.824999999999996
2734,24.895
2735,24.82
2736,24.885
2737,24.88
2738,24.7
2739,24.635
2740,24.675
2741,24.695
2742,24.68
2743,24.8
2744,24.735
2745,24.68
2746,24.784999999999997
2747,24.855
2748,24.9
2749,24.845
2750,24.784999999999997
2751,24.79
2752,24.8
2753,24.81
2754,24.784999999999997
2755,24.865
2756,24.875
2757,24.835
2758,24.86
2759,24.875
2760,24.85
2761,24.905
2762,24.89
2763,24.95
2764,24.885
2765,24.905
2766,24.919999999999998
2767,24.935
2768,24.94
2769,24.885
2770,24.94
2771,25.025
2772,25.03
2773,25.03
2774,25.01
2775,25.01
2776,25.025
2777,25.065
2778,25.09
2779,25.025
2780,25.0
2781,25.045
2782,25.025
2783,25.04
2784,25.045
2785,24.95
2786,24.905
2787,24.824999999999996
2788,24.824999999999996
2789,24.775
2790,24.83
2791,24.85
2792,24.8
2793,24.715
2794,24.71
2795,24.81
2796,24.85
2797,24.77
2798,24.72
2799,24.705
2800,24.695
2801,24.715
2802,24.81
2803,24.87
2804,24.845
2805,24.91
2806,24.89
2807,24.895
2808,24.885
2809,24.885
2810,24.895
2811,24.88
2812,24.855
2813,24.84
2814,24.835
2815,24.815
2816,24.81
2817,24.775
2818,24.764999999999997
2819,24.82
2820,24.83
2821,24.755
2822,24.75
2823,24.67
2824,24.755
2825,24.81
2826,24.79
2827,24.79
2828,24.71
2829,24.764999999999997
2830,24.77
2831,24.835
2832,24.845
2833,24.89
2834,24.93
2835,24.94
2836,24.94
2837,24.97
2838,24.975
2839,24.975
2840,24.955
2841,24.935
2842,24.915
2843,24.919999999999998
2844,24.885
2845,24.915
2846,24.905
2847,24.69
2848,24.695
2849,24.75
2850,24.7
2851,24.7
2852,24.78
2853,24.78
2854,24.645
2855,24.66
2856,24.675
2857,24.66
2858,24.615
2859,24.54
2860,24.535
2861,24.55
2862,24.55
2863,24.595
2864,24.615
2865,24.570000000000004
2866,24.575
2867,24.565
2868,24.605
2869,24.6
2870,24.585
2871,24.655
2872,24.595
2873,24.305
2874,24.42
2875,24.545
2876,24.565
2877,24.5
2878,24.42
2879,24.5
2880,24.485
2881,24.44
2882,24.49
2883,24.43
2884,24.45
2885,24.41
2886,24.455
2887,24.455
2888,24.46
2889,24.45
2890,24.455
2891,24.47
2892,24.465
2893,24.465
2894,24.445
2895,24.43
2896,24.435
2897,24.405
2898,24.359999999999996
2899,24.49
2900,24.405
2901,24.46
2902,24.42
2903,24.465
2904,24.515
2905,24.495
2906,24.5
2907,24.505
2908,24.51
2909,24.515
2910,24.53
2911,24.51
2912,24.56
2913,24.555
2914,24.545
2915,24.525
2916,24.515
2917,24.52
2918,24.55
2919,24.53
2920,24.55
2921,24.565
2922,24.575
2923,24.605
2924,24.630000000000003
2925,24.11
2926,24.035
2927,23.995
2928,23.985
2929,23.995
2930,24.14
2931,24.16
2932,24.12
2933,24.165000000000003
2934,24.095
2935,24.075
2936,24.11
2937,24.145000000000003
2938,24.155
2939,24.280000000000005
2940,24.265
2941,24.24
2942,24.19
2943,24.21
2944,24.19
2945,24.204999999999995
2946,24.21
2947,24.245
2948,24.305
2949,24.265
2950,24.22
2951,24.085
2952,24.045
2953,24.065
2954,24.04
2955,24.09
2956,24.15
2957,24.135
2958,24.1
2959,24.075
2960,24.13
2961,24.14
2962,24.08
2963,24.03
2964,24.03
2965,24.065
2966,24.055
2967,24.055
2968,24.025
2969,24.005
2970,24.065
2971,24.04
2972,24.005
2973,23.98
2974,23.995
2975,23.975
2976,23.995
2977,23.88
2978,23.825
2979,23.87
2980,23.805
2981,23.625
2982,23.719999999999995
2983,23.71
2984,23.695
2985,23.685
2986,23.640000000000004
2987,23.62
2988,23.705
2989,23.735
2990,23.719999999999995
2991,23.845
2992,23.905
2993,23.96
2994,23.88
2995,23.935
2996,23.894999999999996
2997,23.92
2998,23.885
2999,23.93
3000,23.96
3001,23.905
3002,23.9
3003,24.1
3004,24.15
3005,24.125
3006,24.085
3007,24.085
3008,24.075
3009,24.085
3010,24.06
3011,24.06
3012,24.01
3013,23.975
3014,23.94
3015,23.87
3016,23.835
3017,23.87
3018,23.85
3019,23.885
3020,23.915
3021,23.93
3022,23.965
3023,23.95
3024,23.955
3025,24.045
3026,24.07
3027,24.065
3028,24.05
3029,24.01
3030,24.015
3031,24.055
3032,24.11
3033,23.925
3034,23.97
3035,23.94
3036,23.895
3037,23.87
3038,23.925
3039,23.9
3040,23.905
3041,23.925
3042,23.91
3043,23.92
3044,23.95
3045,23.99
3046,23.98
3047,23.99
3048,23.995
3049,24.005
3050,24.005
3051,24.005
3052,24.025
3053,24.045
3054,23.95
3055,23.94
3056,23.84
3057,23.75
3058,23.76
3059,23.74
3060,23.7
3061,23.81
3062,23.785
3063,23.81
3064,23.785
3065,23.82
3066,23.805
3067,23.83
3068,23.83
3069,23.85
3070,23.83
3071,23.85
3072,23.825
3073,23.765
3074,23.77
3075,23.75
3076,23.765
3077,23.725
3078,23.685
3079,23.725
3080,23.79
3081,23.915
3082,23.935
3083,23.89
3084,23.885
3085,23.92
3086,23.88
3087,23.865
3088,23.875
3089,23.905
3090,23.925
3091,23.925
3092,23.965
3093,23.95
3094,23.96
3095,23.98
3096,23.985
3097,23.985
3098,23.995
3099,24.03
3100,24.01
3101,24.02
3102,24.005
3103,23.945
3104,23.955
3105,23.965
3106,23.93
3107,24.535
3108,24.42
3109,24.4
3110,24.435
3111,24.43
3112,24.5
3113,24.525
3114,24.575
3115,24.575
3116,24.635
3117,24.645
3118,24.615
3119,24.55
3120,24.535
3121,24.495
3122,24.46
3123,24.475
3124,24.475
3125,24.49
3126,24.56
3127,24.52
3128,24.515
3129,24.575
3130,24.535
3131,24.56
3132,24.485
3133,24.57
3134,24.585
3135,24.63
3136,24.59
3137,24.495
3138,24.48
3139,24.485
3140,24.49
3141,24.54
3142,24.47
3143,24.45
3144,24.42
3145,24.45
3146,24.41
3147,24.405
3148,24.36
3149,24.365
3150,24.39
3151,24.38
3152,24.38
3153,24.355
3154,24.31
3155,24.23
3156,24.21
3157,24.205
3158,24.21
3159,24.35
3160,24.265
3161,24.29
3162,24.42
3163,24.415
3164,24.405
3165,24.295
3166,24.33
3167,24.36
3168,24.35
3169,24.355
3170,24.325
3171,24.27
3172,24.22
3173,24.27
3174,24.16
3175,24.15
3176,24.12
3177,24.17
3178,24.12
3179,24.055
3180,24.12
3181,24.11
3182,24.165
3183,24.185
3184,24.12
3185,24.09
3186,24.025
3187,23.99
3188,24.105
3189,24.16
3190,24.135
3191,24.09
3192,24.06
3193,24.065
3194,24.085
3195,24.14
3196,24.11
3197,24.085
3198,24.08
3199,24.08
3200,24.055
3201,24.085
3202,24.09
3203,24.095
3204,24.1
3205,24.095
3206,24.1
3207,24.075
3208,24.085
3209,24.1
3210,24.03
3211,24.255
3212,24.175
3213,24.205
3214,24.18
3215,24.13
3216,24.12
3217,24.195
3218,24.2
3219,24.145
3220,24.15
3221,24.165
3222,24.2
3223,24.23
3224,24.225
3225,24.22
3226,24.255
3227,24.265
3228,24.26
3229,24.255
3230,24.255
3231,24.205
3232,24.195
3233,24.185
3234,24.185
3235,24.215
3236,24.12
3237,24.39
3238,24.45
3239,24.46
3240,24.365
3241,24.34
3242,24.37
3243,24.35
3244,24.32
3245,24.4
3246,24.405
3247,24.425
3248,24.42
3249,24.445
3250,24.44
3251,24.445
3252,24.44
3253,24.45
3254,24.455
3255,24.46
3256,24.475
3257,24.485
3258,24.475
3259,24.435
3260,24.425
3261,24.435
3262,24.44
3263,24.48
3264,24.47
3265,24.48
3266,24.41
3267,24.305
3268,24.32
3269,24.35
3270,24.425
3271,24.475
3272,24.415
3273,24.41
3274,24.37
3275,24.435
3276,24.46
3277,24.485
3278,24.48
3279,24.49
3280,24.52
3281,24.535
3282,24.52
3283,24.555
3284,24.555
3285,24.555
3286,24.545
3287,24.555
3288,24.58
3289,24.52
3290,24.52
3291,24.455
3292,24.575
3293,24.52
3294,24.43
3295,24.48
3296,24.45
3297,24.42
3298,24.415
3299,24.4
3300,24.445
3301,24.46
3302,24.485
3303,24.5
3304,24.5
3305,24.505
3306,24.52
3307,24.515
3308,24.45
3309,24.42
3310,24.39
3311,24.45
3312,24.435
3313,24.32
3314,24.38
3315,24.81
3316,24.83
3317,24.94
3318,24.955
3319,24.99
3320,25.06
3321,25.015
3322,25.005
3323,25.01
3324,24.975
3325,24.985
3326,24.985
3327,24.92
3328,24.975
3329,24.985
3330,24.99
3331,24.995
3332,24.965
3333,24.82
3334,24.88
3335,24.945
3336,24.975
3337,24.965
3338,24.975
3339,24.99
3340,24.955
3341,24.965
3342,24.945
3343,24.995
3344,24.97
3345,24.96
3346,24.97
3347,24.93
3348,24.905
3349,24.935
3350,24.935
3351,24.93
3352,24.96
3353,24.985
3354,24.975
3355,24.96
3356,24.965
3357,24.97
3358,24.95
3359,24.935
3360,24.995
3361,24.995
3362,24.995
3363,24.985
3364,24.99
3365,24.975
3366,24.95
3367,24.99
3368,24.97
3369,25.01
3370,25.07
3371,25.095
3372,25.175
3373,25.23
3374,25.22
3375,25.285
3376,25.295
3377,25.33
3378,25.22
3379,25.19
3380,25.095
3381,25.085
3382,25.01
3383,25.04
3384,25.045
3385,25.025
3386,25.045
3387,25.035
3388,24.99
3389,24.995
3390,24.915
3391,24.86
3392,24.88
3393,24.58
3394,24.655
3395,24.6
3396,24.635
3397,24.69
3398,24.73
3399,24.675
3400,24.62
3401,24.67
3402,24.67
3403,24.66
3404,24.66
3405,24.68
3406,24.64
3407,24.67
3408,24.63
3409,24.645
3410,24.63
3411,24.61
3412,24.6
3413,24.605
3414,24.645
3415,24.66
3416,24.655
3417,24.665
3418,24.73
3419,24.4
3420,24.39
3421,24.355
3422,24.41
3423,24.45
3424,24.41
3425,24.345
3426,24.31
3427,24.33
3428,24.32
3429,24.335
3430,24.31
3431,24.31
3432,24.36
3433,24.325
3434,24.34
3435,24.33
3436,24.335
3437,24.32
3438,24.295
3439,24.315
3440,24.28
3441,24.25
3442,24.22
3443,24.16
3444,24.12
3445,24.03
3446,23.88
3447,24.025
3448,23.865
3449,23.93
3450,23.915
3451,23.93
3452,23.855
3453,23.86
3454,23.81
3455,23.845
3456,23.835
3457,23.88
3458,23.865
3459,23.91
3460,23.87
3461,23.84
3462,23.845
3463,23.895
3464,23.875
3465,23.83
3466,23.81
3467,23.82
3468,23.83
3469,23.835
3470,23.85
3471,24.27
3472,24.34
3473,24.29
3474,24.335
3475,24.35
3476,24.35
3477,24.375
3478,24.425
3479,24.43
3480,24.43
3481,24.42
3482,24.42
3483,24.385
3484,24.39
3485,24.415
3486,24.435
3487,24.44
3488,24.46
3489,24.455
3490,24.46
3491,24.455
3492,24.395
3493,24.425
3494,24.45
3495,24.445
3496,24.41
3497,24.74
3498,24.755
3499,24.64
3500,24.67
3501,24.62
3502,24.57
3503,24.585
3504,24.55
3505,24.56
3506,24.54
3507,24.56
3508,24.56
3509,24.545
3510,24.5
3511,24.5
3512,24.49
3513,24.47
3514,24.525
3515,24.55
3516,24.555
3517,24.545
3518,24.56
3519,24.545
3520,24.545
3521,24.56
3522,24.46
3523,24.55
3524,24.54
3525,24.48
3526,24.52
3527,24.525
3528,24.44
3529,24.36
3530,24.38
3531,24.42
3532,24.44
3533,24.47
3534,24.46
3535,24.445
3536,24.375
3537,24.33
3538,24.34
3539,24.325
3540,24.32
3541,24.295
3542,24.145
3543,24.135
3544,24.16
3545,24.13
3546,24.145
3547,24.18
3548,24.18
3549,24.1
3550,24.04
3551,23.895
3552,23.89
3553,23.9
3554,23.915
3555,24.005
3556,23.94
3557,23.94
3558,23.94
3559,23.9
3560,23.87
3561,23.85
3562,23.845
3563,23.815
3564,23.82
3565,23.84
3566,23.84
3567,23.805
3568,23.81
3569,23.765
3570,23.77
3571,23.7
3572,23.695
3573,23.71
3574,23.645
3575,23.55
3576,23.56
3577,23.695
3578,23.63
3579,23.625
3580,23.565
3581,23.58
3582,23.755
3583,23.78
3584,23.835
3585,23.8
3586,23.775
3587,23.84
3588,23.82
3589,23.83
3590,23.79
3591,23.74
3592,23.73
3593,23.73
3594,23.71
3595,23.7
3596,23.66
3597,23.69
3598,23.68
3599,23.68
3600,23.62
3601,23.58
3602,23.5
3603,23.37
3604,23.205
3605,23.27
3606,23.235
3607,23.24
3608,23.235
3609,23.285
3610,23.255
3611,23.28
3612,23.33
3613,23.335
3614,23.265
3615,23.255
3616,23.27
3617,23.225
3618,23.145
3619,23.19
3620,23.23
3621,23.25
3622,23.26
3623,23.265
3624,23.32
3625,23.345
3626,23.375
3627,23.805
3628,23.805
3629,23.82
3630,23.78
3631,23.75
3632,23.8
3633,23.75
3634,23.735
3635,23.785
3636,23.8
3637,23.84
3638,23.825
3639,23.825
3640,23.85
3641,23.85
3642,23.845
3643,23.825
3644,23.835
3645,23.79
3646,23.825
3647,23.845
3648,23.825
3649,23.84
3650,23.84
3651,23.855
3652,23.82
3653,23.79
3654,23.83
3655,23.83
3656,23.82
3657,23.85
3658,23.865
3659,23.82
3660,23.9
3661,23.93
3662,23.94
3663,23.905
3664,23.92
3665,23.86
3666,23.84
3667,23.84
3668,23.8
3669,23.785
3670,23.79
3671,23.795
3672,23.78
3673,23.785
3674,23.79
3675,23.78
3676,23.8
3677,23.805
3678,23.75
3679,23.8
3680,23.715
3681,23.78
3682,23.77
3683,23.86
3684,23.895
3685,23.905
3686,23.86
3687,23.82
3688,23.82
3689,23.87
3690,23.885
3691,23.84
3692,23.82
3693,23.855
3694,23.85
3695,23.83
3696,23.84
3697,23.82
3698,23.855
3699,23.86
3700,23.86
3701,23.835
3702,23.86
3703,23.845
3704,23.85
3705,23.99
3706,24.035
3707,23.975
3708,23.95
3709,23.89
3710,23.92
3711,23.84
3712,23.82
3713,23.875
3714,23.795
3715,23.815
3716,23.79
3717,23.775
3718,23.77
3719,23.8
3720,23.845
3721,23.825
3722,23.835
3723,23.855
3724,23.87
3725,23.875
3726,23.865
3727,23.865
3728,23.845
3729,23.805
3730,23.775
3731,23.83
3732,23.78
3733,23.76
3734,23.715
3735,23.66
3736,23.69
3737,23.675
3738,23.605
3739,23.61
3740,23.64
3741,23.65
3742,23.615
3743,23.63
3744,23.635
3745,23.645
3746,23.635
3747,23.64
3748,23.66
3749,23.66
3750,23.645
3751,23.655
3752,23.645
3753,23.655
3754,23.685
3755,23.705
3756,23.715
3757,23.315
3758,23.25
3759,23.27
3760,23.275
3761,23.4
3762,23.47
3763,23.545
3764,23.48
3765,23.515
3766,23.51
3767,23.465
3768,23.525
3769,23.565
3770,23.605
3771,23.635
3772,23.66
3773,23.66
3774,23.665
3775,23.635
3776,23.63
3777,23.665
3778,23.635
3779,23.665
3780,23.685
3781,23.63
3782,23.59
3783,23.73
3784,23.755
3785,23.76
3786,23.77
3787,23.74
3788,23.76
3789,23.83
3790,23.84
3791,23.83
3792,23.845
3793,23.87
3794,23.895
3795,23.935
3796,23.985
3797,24.02
3798,24.025
3799,24.005
3800,23.985
3801,23.93
3802,23.895
3803,23.89
3804,23.925
3805,23.9
3806,23.9
3807,23.885
3808,23.87
3809,23.965
3810,23.89
3811,23.95
3812,23.895
3813,23.88
3814,23.92
3815,23.935
3816,23.94
3817,23.885
3818,23.895
3819,23.89
3820,23.915
3821,23.895
3822,23.86
3823,23.84
3824,23.875
3825,23.91
3826,23.895
3827,23.91
3828,23.915
3829,23.905
3830,23.95
3831,23.905
3832,23.94
3833,23.965
3834,23.89
3835,23.975
3836,24.025
3837,24.16
3838,24.13
3839,24.135
3840,24.15
3841,24.155
3842,24.105
3843,24.06
3844,24.115
3845,24.105
3846,24.095
3847,24.105
3848,24.155
3849,24.145
3850,24.12
3851,24.12
3852,24.105
3853,24.105
3854,24.14
3855,24.135
3856,24.155
3857,24.145
3858,24.13
3859,24.115
3860,24.1
3861,23.58
3862,23.65
3863,23.62
3864,23.55
3865,23.465
3866,23.48
3867,23.485
3868,23.465
3869,23.46
3870,23.49
3871,23.35
3872,23.34
3873,23.335
3874,23.32
3875,23.24
3876,23.345
3877,23.36
3878,23.385
3879,23.355
3880,23.34
3881,23.325
3882,23.275
3883,23.29
3884,23.3
3885,23.345
3886,23.3
3887,23.51
3888,23.435
3889,23.475
3890,23.435
3891,23.44
3892,23.4
3893,23.325
3894,23.32
3895,23.31
3896,23.3
3897,23.28
3898,23.3
3899,23.285
3900,23.41
3901,23.46
3902,23.425
3903,23.455
3904,23.445
3905,23.48
3906,23.45
3907,23.435
3908,23.455
3909,23.465
3910,23.475
3911,23.465
3912,23.42
3913,23.185
3914,23.135
3915,22.945
3916,22.86
3917,22.925
3918,22.915
3919,22.91
3920,22.75
3921,22.8
3922,22.82
3923,22.875
3924,22.86
3925,22.86
3926,22.895
3927,22.915
3928,22.875
3929,22.865
3930,22.885
3931,22.87
3932,22.885
3933,22.87
3934,22.865
3935,22.875
3936,22.865
3937,22.935
3938,22.965
3939,23.115
3940,23.17
3941,23.18
3942,23.135
3943,23.19
3944,23.185
3945,23.105
3946,23.055
3947,23.035
3948,23.015
3949,22.97
3950,22.98
3951,22.985
3952,22.975
3953,22.92
3954,22.9
3955,22.92
3956,22.965
3957,23.035
3958,23.005
3959,22.97
3960,22.975
3961,22.92
3962,22.905
3963,22.925
3964,22.9
3965,23.165
3966,23.175
3967,23.245
3968,23.215
3969,23.195
3970,23.235
3971,23.235
3972,23.255
3973,23.28
3974,23.3
3975,23.29
3976,23.35
3977,23.36
3978,23.33
3979,23.355
3980,23.35
3981,23.355
3982,23.39
3983,23.375
3984,23.365
3985,23.355
3986,23.36
3987,23.4
3988,23.395
3989,23.375
3990,23.35
3991,23.7
3992,23.66
3993,23.675
3994,23.685
3995,23.745
3996,23.79
3997,23.795
3998,23.795
3999,23.88
4000,23.925
4001,23.96
4002,23.97
4003,23.980000000000004
4004,23.955
4005,24.005
4006,24.005
4007,23.985
4008,23.94
4009,23.905
4010,23.85
4011,23.955
4012,23.925
4013,23.909999999999997
4014,23.925
4015,23.955
4016,23.97
4017,24.06
4018,24.08
4019,24.19
4020,24.26
4021,24.285
4022,24.325
4023,24.345000000000002
4024,24.290000000000003
4025,24.275
4026,24.24
4027,24.254999999999995
4028,24.265
4029,24.285
4030,24.27
4031,24.225
4032,24.19
4033,24.16
4034,24.185
4035,24.205
4036,24.245
4037,24.275
4038,24.3
4039,24.295
4040,24.295
4041,24.295
4042,24.325
4043,24.37
4044,24.47
4045,24.435000000000002
4046,24.445
4047,24.41
4048,24.35
4049,24.375
4050,24.375
4051,24.395
4052,24.385
4053,24.405
4054,24.385
4055,24.42
4056,24.405
4057,24.395
4058,24.385
4059,24.36
4060,24.245
4061,24.25
4062,24.285
4063,24.27
4064,24.225
4065,24.25
4066,24.28
4067,24.22
4068,24.25
4069,24.16
4070,24.235000000000003
4071,24.28
4072,24.37
4073,24.33
4074,24.32
4075,24.28
4076,24.290000000000003
4077,24.275
4078,24.275
4079,24.254999999999995
4080,24.25
4081,24.285
4082,24.285
4083,24.295
4084,24.3
4085,24.285
4086,24.290000000000003
4087,24.33
4088,24.305
4089,24.3
4090,24.295
4091,24.305
4092,24.32
4093,24.32
4094,24.39
4095,24.72
4096,24.73
4097,24.735
4098,24.69
4099,24.715
4100,24.645
4101,24.675
4102,24.735
4103,24.724999999999998
4104,24.715
4105,24.68
4106,24.705
4107,24.715
4108,24.7
4109,24.685
4110,24.695
4111,24.735
4112,24.745
4113,24.759999999999998
4114,24.755
4115,24.745
4116,24.74
4117,24.705
4118,24.71
4119,24.705
4120,24.695
4121,24.745
4122,24.81
4123,24.89
4124,24.745
4125,24.81
4126,24.814999999999998
4127,24.8
4128,24.855
4129,24.869999999999997
4130,24.875
4131,24.885000000000005
4132,24.935
4133,24.940000000000005
4134,24.975
4135,24.985
4136,24.935
4137,24.95
4138,24.959999999999997
4139,24.945
4140,24.924999999999997
4141,24.92
4142,24.9
4143,24.895
4144,24.89
4145,24.875
4146,24.86
4147,24.81
4148,24.755
4149,24.7
4150,24.765
4151,24.75
4152,24.759999999999998
4153,24.79
4154,24.83
4155,24.825
4156,24.78
4157,24.81
4158,24.72
4159,24.75
4160,24.755
4161,24.765
4162,24.75
4163,24.759999999999998
4164,24.759999999999998
4165,25.03
4166,25.1
4167,25.19
4168,25.214999999999996
4169,25.04
4170,25.035
4171,25.025
4172,25.055
4173,25.045
4174,24.98
4175,24.955
4176,25.069999999999997
4177,25.09
4178,25.08
4179,25.125
4180,25.140000000000004
4181,25.155
4182,25.159999999999997
4183,25.18
4184,25.175
4185,25.155
4186,25.2
4187,25.225
4188,25.21
4189,25.185
4190,25.24
4191,25.275
4192,25.245
4193,25.235
4194,25.225
4195,25.235
4196,25.250000000000004
4197,25.205
4198,25.17
4199,24.905000000000005
4200,25.035
4201,25.025
4202,25.035
4203,24.99
4204,24.940000000000005
4205,25.01
4206,24.924999999999997
4207,24.985
4208,25.025
4209,25.02
4210,25.014999999999997
4211,25.03
4212,25.035
4213,25.045
4214,25.03
4215,25.03
4216,24.995000000000005
4217,24.975
4218,24.975
4219,24.98
4220,24.955
4221,24.955
4222,24.959999999999997
4223,25.03
4224,25.0
4225,25.005
4226,24.99
4227,24.955
4228,24.98
4229,24.92
4230,24.83
4231,24.825
4232,24.785
4233,24.735
4234,24.735
4235,24.655
4236,24.7
4237,24.685
4238,24.724999999999998
4239,24.735
4240,24.735
4241,24.745
4242,24.735
4243,24.715
4244,24.724999999999998
4245,24.7
4246,24.715
4247,24.74
4248,24.785
4249,24.715
4250,24.755
4251,24.759999999999998
4252,24.875
4253,24.895
4254,24.869999999999997
4255,24.850000000000005
4256,24.814999999999998
4257,24.75
4258,24.72
4259,24.765
4260,24.8
4261,24.78
4262,24.814999999999998
4263,24.940000000000005
4264,24.869999999999997
4265,24.850000000000005
4266,24.865
4267,24.89
4268,24.9
4269,24.84
4270,24.84
4271,24.845
4272,24.83
4273,24.825
4274,24.845
4275,24.805
4276,24.81
4277,25.33
4278,25.385
4279,25.31
4280,25.365
4281,25.355
4282,25.375
4283,25.414999999999996
4284,25.41
4285,25.395000000000003
4286,25.395000000000003
4287,25.425
4288,25.42
4289,25.455
4290,25.465
4291,25.535
4292,25.515
4293,25.535
4294,25.585
4295,25.504999999999995
4296,25.555
4297,25.575
4298,25.605
4299,25.51
4300,25.515
4301,25.504999999999995
4302,25.41
4303,25.58
4304,25.58
4305,25.485000000000003
4306,25.555
4307,25.55
4308,25.495
4309,25.495
4310,25.495
4311,25.475
4312,25.485000000000003
4313,25.504999999999995
4314,25.469999999999995
4315,25.465
4316,25.495
4317,25.475
4318,25.495
4319,25.475
4320,25.469999999999995
4321,25.475
4322,25.445
4323,25.365
4324,25.345
4325,25.4
4326,25.395000000000003
4327,25.425
4328,25.44
4329,25.435
4330,25.450000000000003
4331,25.455
4332,25.450000000000003
4333,25.4
4334,25.4
4335,25.445
4336,25.4
4337,25.405
4338,25.405
4339,25.405
4340,25.42
4341,25.42
4342,25.414999999999996
4343,25.38
4344,25.385
4345,25.385
4346,25.375
4347,25.359999999999996
4348,25.359999999999996
4349,25.345
4350,25.340000000000003
4351,25.355
4352,25.355
4353,25.335
4354,25.33
4355,25.450000000000003
4356,25.495
4357,25.51
4358,25.48
4359,25.469999999999995
4360,25.485000000000003
4361,25.5
4362,25.49
4363,25.57
4364,25.59
4365,25.595000000000002
4366,25.6
4367,25.595000000000002
4368,25.605
4369,25.61
4370,25.614999999999995
4371,25.62
4372,25.605
4373,25.61
4374,25.635
4375,25.635
4376,25.635
4377,25.614999999999995
4378,25.6
4379,25.605
4380,25.62
4381,25.72
4382,25.78
4383,25.66
4384,25.745
4385,25.755
4386,25.805
4387,25.805
4388,25.795
4389,25.795
4390,25.805
4391,25.765
4392,25.765
4393,25.755
4394,25.775
4395,25.815
4396,25.825
4397,25.795
4398,25.8
4399,25.815
4400,25.919999999999998
4401,25.875
4402,25.875
4403,25.89
4404,25.875
4405,25.87
4406,25.86
4407,25.83
4408,25.84
4409,25.83
4410,25.825
4411,25.84
4412,25.84
4413,25.805
4414,25.825
4415,25.83
4416,25.835
4417,25.895
4418,25.875
4419,25.83
4420,25.815
4421,25.845
4422,25.835
4423,25.815
4424,25.8
4425,25.8
4426,25.785
4427,25.795
4428,25.795
4429,25.785
4430,25.765
4431,25.725
4432,25.71
4433,25.815
4434,25.855
4435,25.905
4436,25.89
4437,25.875
4438,25.905
4439,25.935
4440,25.955
4441,26.0
4442,26.045000000000005
4443,26.11
4444,26.165
4445,26.100000000000005
4446,26.190000000000005
4447,26.215
4448,26.174999999999997
4449,26.2
4450,26.205
4451,26.18
4452,26.17
4453,26.165
4454,26.17
4455,26.174999999999997
4456,26.145
4457,26.105
4458,26.119999999999997
4459,26.23
4460,26.22
4461,26.26
4462,26.195
4463,26.2
4464,26.14
4465,26.15
4466,26.205
4467,26.064999999999998
4468,26.07
4469,26.08
4470,26.100000000000005
4471,26.16
4472,26.115
4473,26.105
4474,26.11
4475,26.119999999999997
4476,26.135
4477,26.15
4478,26.165
4479,26.18
4480,26.2
4481,26.209999999999997
4482,26.185
4483,26.174999999999997
4484,26.195
4485,26.2
4486,26.15
4487,26.145
4488,26.115
4489,25.974999999999998
4490,25.974999999999998
4491,26.005
4492,26.0
4493,25.99
4494,25.98
4495,25.95
4496,25.935
4497,25.919999999999998
4498,25.905
4499,25.915
4500,25.860000000000003
4501,25.849999999999998
4502,25.845
4503,25.855
4504,25.825
4505,25.815
4506,25.810000000000002
4507,25.775
4508,25.815
4509,25.830000000000002
4510,25.860000000000003
4511,25.885
4512,25.839999999999996
4513,25.785
4514,25.769999999999996
4515,25.769999999999996
4516,25.725
4517,25.725
4518,25.755
4519,25.78
4520,25.769999999999996
4521,25.735
4522,25.755
4523,25.755
4524,25.765
4525,25.830000000000002
4526,25.839999999999996
4527,25.855
4528,25.890000000000004
4529,25.905
4530,25.910000000000004
4531,25.915
4532,25.895
4533,25.885
4534,25.885
4535,25.905
4536,25.945
4537,25.725
4538,25.69
4539,25.665
4540,25.69
4541,25.739999999999995
4542,25.78
4543,25.789999999999996
4544,25.765
4545,25.775
4546,25.765
4547,25.825
4548,25.860000000000003
4549,25.855
4550,25.845
4551,25.835
4552,25.819999999999997
4553,25.805
4554,25.795
4555,25.76
4556,25.775
4557,25.785
4558,25.815
4559,25.815
4560,25.785
4561,25.795
4562,25.819999999999997
4563,25.745
4564,25.65
4565,25.67
4566,25.615
4567,25.55
4568,25.515
4569,25.61
4570,25.504999999999995
4571,25.59
4572,25.62
4573,25.625000000000004
4574,25.58
4575,25.575000000000003
4576,25.57
4577,25.545
4578,25.575000000000003
4579,25.58
4580,25.54
4581,25.535
4582,25.524999999999995
4583,25.46
4584,25.425
4585,25.445
4586,25.475
4587,25.485
4588,25.445
4589,25.22
4590,25.47
4591,25.524999999999995
4592,25.59
4593,25.675000000000004
4594,25.76
4595,25.810000000000002
4596,25.71
4597,25.685
4598,25.705
4599,25.8
4600,25.810000000000002
4601,25.789999999999996
4602,25.715
4603,25.775
4604,25.785
4605,25.775
4606,25.785
4607,25.835
4608,25.845
4609,25.890000000000004
4610,25.95
4611,25.925
4612,25.99
4613,25.88
4614,25.839999999999996
4615,26.2
4616,26.25
4617,26.28
4618,26.21
4619,26.21
4620,26.19
4621,26.239999999999995
4622,26.245
4623,26.225
4624,26.2
4625,26.205
4626,26.215
4627,26.205
4628,26.215
4629,26.205
4630,26.235
4631,26.255
4632,26.255
4633,26.299999999999997
4634,26.319999999999997
4635,26.275
4636,26.25
4637,26.295
4638,26.265
4639,26.295
4640,26.245
4641,26.310000000000002
4642,26.340000000000003
4643,26.360000000000003
4644,26.349999999999998
4645,26.26
4646,26.319999999999997
4647,26.325
4648,26.299999999999997
4649,26.26
4650,26.26
4651,26.239999999999995
4652,26.255
4653,26.239999999999995
4654,26.235
4655,26.235
4656,26.23
4657,26.18
4658,26.145
4659,26.125000000000004
4660,26.15
4661,26.125000000000004
4662,26.125000000000004
4663,26.165
4664,26.155000000000005
4665,26.205
4666,26.2
4667,26.410000000000004
4668,26.475
4669,26.410000000000004
4670,26.420000000000005
4671,26.425
4672,26.415
4673,26.435
4674,26.445
4675,26.49
4676,26.51
4677,26.524999999999995
4678,26.53
4679,26.524999999999995
4680,26.54
4681,26.52
4682,26.515
4683,26.495
4684,26.48
4685,26.47
4686,26.47
4687,26.475
4688,26.49
4689,26.545
4690,26.515
4691,26.54
4692,26.485
4693,26.349999999999998
4694,26.390000000000004
4695,26.340000000000003
4696,26.319999999999997
4697,26.28
4698,26.340000000000003
4699,26.340000000000003
4700,26.360000000000003
4701,26.319999999999997
4702,26.310000000000002
4703,26.38
4704,26.385
4705,26.365
4706,26.355
4707,26.4
4708,26.410000000000004
4709,26.46
4710,26.495
4711,26.51
4712,26.52
4713,26.58
4714,26.56
4715,26.55
4716,26.504999999999995
4717,26.524999999999995
4718,26.575000000000003
4719,27.1
4720,27.125000000000004
4721,27.105000000000004
4722,27.054999999999996
4723,27.034999999999997
4724,27.07
4725,27.04
4726,27.064999999999998
4727,27.11
4728,27.12
4729,27.11
4730,27.1
4731,27.14
4732,27.1
4733,27.125000000000004
4734,27.145
4735,27.165
4736,27.14
4737,27.145
4738,27.14
4739,27.12
4740,27.125000000000004
4741,27.14
4742,27.145
4743,27.15
4744,27.15
4745,27.26
4746,27.385
4747,27.285
4748,27.25
4749,27.289999999999996
4750,27.28
4751,27.295
4752,27.289999999999996
4753,27.269999999999996
4754,27.26
4755,27.265
4756,27.289999999999996
4757,27.299999999999997
4758,27.365
4759,27.360000000000003
4760,27.365
4761,27.345
4762,27.335
4763,27.310000000000002
4764,27.295
4765,27.269999999999996
4766,27.28
4767,27.239999999999995
4768,27.185
4769,27.145
4770,27.175
4771,27.59
4772,27.59
4773,27.584999999999997
4774,27.56
4775,27.55
4776,27.57
4777,27.61
4778,27.65
4779,27.71
4780,27.715
4781,27.73
4782,27.755
4783,27.739999999999995
4784,27.765
4785,27.755
4786,27.775
4787,27.785
4788,27.76
4789,27.810000000000002
4790,27.785
4791,27.765
4792,27.735
4793,27.695
4794,27.635000000000005
4795,27.62
4796,27.7
4797,27.73
4798,27.705
4799,27.66
4800,27.62
4801,27.46
4802,27.55
4803,27.44
4804,27.44
4805,27.595
4806,27.51
4807,27.454999999999995
4808,27.365
4809,27.41
4810,27.45
4811,27.49
4812,27.49
4813,27.545
4814,27.57
4815,27.615
4816,27.58
4817,27.53
4818,27.525000000000002
4819,27.575000000000003
4820,27.66
4821,27.645
4822,27.63
4823,27.88
4824,27.83
4825,27.810000000000002
4826,27.825
4827,27.845
4828,27.799999999999997
4829,27.965
4830,27.94
4831,27.870000000000005
4832,27.815
4833,27.799999999999997
4834,27.895
4835,27.815
4836,27.860000000000003
4837,27.855
4838,27.860000000000003
4839,27.855
4840,27.845
4841,27.819999999999997
4842,27.819999999999997
4843,27.840000000000003
4844,27.855
4845,27.835
4846,27.785
4847,27.76
4848,27.73
4849,27.655000000000005
4850,27.790000000000003
4851,27.719999999999995
4852,27.76
4853,27.795
4854,27.860000000000003
4855,27.905
4856,27.865
4857,27.885
4858,27.9
4859,27.93
4860,27.890000000000004
4861,27.905
4862,27.9
4863,27.88
4864,27.870000000000005
4865,27.865
4866,27.88
4867,27.890000000000004
4868,27.88
4869,27.855
4870,27.819999999999997
4871,27.749999999999996
4872,27.745
4873,27.76
4874,27.799999999999997
4875,27.525000000000002
4876,27.57
4877,27.655000000000005
4878,27.73
4879,27.71
4880,27.69
4881,27.71
4882,27.61
4883,27.51
4884,27.545
4885,27.52
4886,27.51
4887,27.57
4888,27.584999999999997
4889,27.58
4890,27.61
4891,27.57
4892,27.53
4893,27.534999999999997
4894,27.545
4895,27.58
4896,27.56
4897,27.56
4898,27.564999999999998
4899,27.584999999999997
4900,27.59
4901,27.54
4902,27.46
4903,27.53
4904,27.6
4905,27.57
4906,27.655000000000005
4907,27.645
4908,27.59
4909,27.51
4910,27.5
4911,27.5
4912,27.48
4913,27.465
4914,27.47
4915,27.48
4916,27.49
4917,27.475
4918,27.5
4919,27.454999999999995
4920,27.454999999999995
4921,27.46
4922,27.44
4923,27.45
4924,27.385
4925,27.370000000000005
4926,27.38
4927,27.7
4928,27.7
4929,27.64
4930,27.554999999999996
4931,27.53
4932,27.54
4933,27.52
4934,27.515
4935,27.54
4936,27.51
4937,27.46
4938,27.47
4939,27.48
4940,27.46
4941,27.41
4942,27.44
4943,27.47
4944,27.454999999999995
4945,27.504999999999995
4946,27.49
4947,27.525000000000002
4948,27.55
4949,27.59
4950,27.53
4951,27.54
4952,27.53
4953,27.56
4954,27.54
4955,27.305
4956,27.390000000000004
4957,27.5
4958,27.554999999999996
4959,27.62
4960,27.56
4961,27.53
4962,27.58
4963,27.78
4964,27.815
4965,27.855
4966,27.920000000000005
4967,27.83
4968,27.790000000000003
4969,27.78
4970,27.719999999999995
4971,27.785
4972,27.805
4973,27.790000000000003
4974,27.719999999999995
4975,27.719999999999995
4976,27.78
4977,27.860000000000003
4978,27.865
4979,27.7
4980,27.68
4981,27.675
4982,27.65
4983,27.725
4984,27.745
4985,27.73
4986,27.78
4987,27.739999999999995
4988,27.69
4989,27.66
4990,27.69
4991,27.739999999999995
4992,27.69
4993,27.685
4994,27.69
4995,27.715
4996,27.745
4997,27.719999999999995
4998,27.73
4999,27.735
5000,27.714999999999996
5001,27.695
5002,27.714999999999996
5003,27.765000000000004
5004,27.82
5005,27.675
5006,27.729999999999997
5007,27.65
5008,27.65
5009,27.704999999999995
5010,27.665
5011,27.66
5012,27.67
5013,27.635000000000005
5014,27.640000000000004
5015,27.65
5016,27.66
5017,27.71
5018,27.71
5019,27.725
5020,27.68
5021,27.7
5022,27.7
5023,27.71
5024,27.719999999999995
5025,27.744999999999997
5026,27.729999999999997
5027,27.765000000000004
5028,27.775
5029,27.780000000000005
5030,27.750000000000004
5031,27.71
5032,27.610000000000003
5033,27.535
5034,27.535
5035,27.474999999999998
5036,27.375
5037,27.434999999999995
5038,27.41
5039,27.349999999999998
5040,27.209999999999997
5041,27.194999999999997
5042,27.069999999999997
5043,27.11
5044,27.05
5045,27.105000000000004
5046,27.120000000000005
5047,27.145
5048,27.084999999999997
5049,27.13
5050,27.115
5051,27.105000000000004
5052,27.05
5053,27.054999999999996
5054,27.059999999999995
5055,27.11
5056,27.175
5057,26.76
5058,26.74
5059,26.8
5060,26.655
5061,26.585
5062,26.57
5063,26.555
5064,26.555
5065,26.495
5066,26.61
5067,26.75
5068,26.835000000000004
5069,26.814999999999998
5070,26.840000000000003
5071,26.83
5072,26.774999999999995
5073,26.73
5074,26.689999999999998
5075,26.715
5076,26.664999999999996
5077,26.64
5078,26.61
5079,26.61
5080,26.64
5081,26.715
5082,26.78
5083,26.475
5084,26.505
5085,26.535
5086,26.47
5087,26.49
5088,26.649999999999995
5089,26.55
5090,26.435
5091,26.4
5092,26.28
5093,26.23
5094,26.19
5095,26.16
5096,26.32
5097,26.26
5098,26.33
5099,26.335
5100,26.375
5101,26.345
5102,26.275
5103,26.29
5104,26.3
5105,26.365
5106,26.385
5107,26.475
5108,26.485
5109,26.689999999999998
5110,26.63
5111,26.55
5112,26.56
5113,26.495
5114,26.58
5115,26.66
5116,26.689999999999998
5117,26.649999999999995
5118,26.649999999999995
5119,26.63
5120,26.59
5121,26.63
5122,26.655
5123,26.64
5124,26.679999999999996
5125,26.674999999999997
5126,26.645
5127,26.62
5128,26.625
5129,26.645
5130,26.6
5131,26.585
5132,26.54
5133,26.515
5134,26.525
5135,26.26
5136,26.365
5137,26.45
5138,26.43
5139,26.37
5140,26.365
5141,26.38
5142,26.37
5143,26.33
5144,26.4
5145,26.39
5146,26.33
5147,26.33
5148,26.375
5149,26.375
5150,26.385
5151,26.385
5152,26.395
5153,26.4
5154,26.38
5155,26.415
5156,26.425
5157,26.415
5158,26.42
5159,26.385
5160,26.4
5161,26.25
5162,26.21
5163,26.19
5164,26.18
5165,26.22
5166,26.245
5167,26.26
5168,26.2
5169,26.155
5170,26.18
5171,26.18
5172,26.17
5173,26.18
5174,26.105
5175,26.145
5176,26.14
5177,26.15
5178,26.135
5179,26.17
5180,26.175
5181,26.195
5182,26.185
5183,26.23
5184,26.205
5185,26.21
5186,26.24
5187,25.9
5188,26.145
5189,26.37
5190,26.37
5191,26.49
5192,26.495
5193,26.664999999999996
5194,26.75
5195,26.74
5196,26.77
5197,26.695000000000004
5198,26.77
5199,26.755
5200,26.789999999999996
5201,26.789999999999996
5202,26.819999999999997
5203,26.840000000000003
5204,26.689999999999998
5205,26.700000000000003
5206,26.77
5207,26.83
5208,26.804999999999996
5209,26.819999999999997
5210,26.745
5211,26.865
5212,26.8
5213,26.959999999999997
5214,26.9
5215,26.785
5216,26.840000000000003
5217,26.950000000000003
5218,26.950000000000003
5219,26.91
5220,26.83
5221,26.83
5222,26.875
5223,26.850000000000005
5224,26.89
5225,26.87
5226,26.875
5227,26.88
5228,26.845
5229,26.835000000000004
5230,26.850000000000005
5231,26.89
5232,26.86
5233,26.845
5234,26.845
5235,26.835000000000004
5236,26.804999999999996
5237,26.774999999999995
5238,26.76
5239,26.49
5240,26.57
5241,26.49
5242,26.59
5243,26.63
5244,26.645
5245,26.645
5246,26.645
5247,26.64
5248,26.679999999999996
5249,26.67
5250,26.72
5251,26.679999999999996
5252,26.66
5253,26.64
5254,26.62
5255,26.649999999999995
5256,26.649999999999995
5257,26.705
5258,26.705
5259,26.664999999999996
5260,26.685000000000002
5261,26.674999999999997
5262,26.625
5263,26.61
5264,26.61
5265,26.58
5266,26.595
5267,26.595
5268,26.679999999999996
5269,26.674999999999997
5270,26.715
5271,26.679999999999996
5272,26.685000000000002
5273,26.715
5274,26.715
5275,26.74
5276,26.73
5277,26.774999999999995
5278,26.819999999999997
5279,26.8
5280,26.835000000000004
5281,26.804999999999996
5282,26.814999999999998
5283,26.8
5284,26.804999999999996
5285,26.814999999999998
5286,26.795
5287,26.755
5288,26.735
5289,26.745
5290,26.73
5291,26.77
5292,26.755
5293,26.755
5294,26.774999999999995
5295,26.774999999999995
5296,26.785
5297,26.77
5298,26.695000000000004
5299,26.710000000000004
5300,26.705
5301,26.76
5302,26.75
5303,26.76
5304,26.735
5305,26.75
5306,26.735
5307,26.745
5308,26.735
5309,26.725000000000005
5310,26.72
5311,26.705
5312,26.735
5313,26.715
5314,26.725000000000005
5315,26.725000000000005
5316,26.76
5317,26.875
5318,26.8
5319,26.78
5320,26.715
5321,26.685000000000002
5322,26.689999999999998
5323,26.67
5324,26.63
5325,26.615
5326,26.649999999999995
5327,26.674999999999997
5328,26.685000000000002
5329,26.67
5330,26.689999999999998
5331,26.685000000000002
5332,26.700000000000003
5333,26.674999999999997
5334,26.689999999999998
5335,26.689999999999998
5336,26.655
5337,26.679999999999996
5338,26.655
5339,26.664999999999996
5340,26.689999999999998
5341,26.679999999999996
5342,26.649999999999995
5343,26.72
5344,26.66
5345,26.67
5346,26.664999999999996
5347,26.645
5348,26.645
5349,26.645
5350,26.625
5351,26.63
5352,26.63
5353,26.625
5354,26.62
5355,26.615
5356,26.59
5357,26.87
5358,26.789999999999996
5359,26.810000000000002
5360,26.765
5361,26.8
5362,26.789999999999996
5363,26.725000000000005
5364,26.649999999999995
5365,26.645
5366,26.674999999999997
5367,26.63
5368,26.59
5369,26.59
5370,26.59
5371,26.63
5372,26.615
5373,26.63
5374,26.685000000000002
5375,26.649999999999995
5376,26.645
5377,26.625
5378,26.615
5379,26.595
5380,26.615
5381,26.605
5382,26.6
5383,26.649999999999995
5384,26.689999999999998
5385,26.73
5386,26.700000000000003
5387,26.789999999999996
5388,26.795
5389,26.825000000000003
5390,26.875
5391,26.959999999999997
5392,26.980000000000004
5393,27.059999999999995
5394,27.15
5395,27.17
5396,27.27
5397,27.309999999999995
5398,27.205000000000002
5399,27.28
5400,27.18
5401,27.194999999999997
5402,27.25
5403,27.324999999999996
5404,27.474999999999998
5405,27.685
5406,27.6
5407,27.595000000000002
5408,27.63
5409,28.245
5410,28.249999999999996
5411,28.205
5412,28.219999999999995
5413,28.345
5414,28.43
5415,28.389999999999997
5416,28.420000000000005
5417,28.32
5418,28.130000000000003
5419,28.2
5420,28.19
5421,28.23
5422,28.219999999999995
5423,28.21
5424,28.140000000000004
5425,28.000000000000004
5426,28.02
5427,28.07
5428,28.140000000000004
5429,28.15
5430,28.2
5431,28.225
5432,28.195
5433,28.15
5434,28.270000000000003
5435,28.435
5436,28.219999999999995
5437,28.389999999999997
5438,28.389999999999997
5439,28.37
5440,28.504999999999995
5441,28.614999999999995
5442,28.525000000000002
5443,28.455
5444,28.514999999999997
5445,28.6
5446,28.585
5447,28.629999999999995
5448,28.639999999999997
5449,28.650000000000002
5450,28.555
5451,28.4
5452,28.37
5453,28.420000000000005
5454,28.445
5455,28.335
5456,28.264999999999997
5457,28.219999999999995
5458,28.315
5459,28.305
5460,28.170000000000005
5461,28.19
5462,28.079999999999995
5463,28.249999999999996
5464,28.389999999999997
5465,28.475
5466,28.425000000000004
5467,28.109999999999996
5468,27.71
5469,27.869999999999997
5470,28.1
5471,28.07
5472,27.98
5473,27.96
5474,28.04
5475,28.079999999999995
5476,28.1
5477,28.05
5478,28.05
5479,28.030000000000005
5480,27.990000000000002
5481,27.869999999999997
5482,27.835
5483,27.905000000000005
5484,27.95
5485,28.005000000000003
5486,28.079999999999995
5487,29.11
5488,29.070000000000004
5489,28.98
5490,29.09
5491,29.070000000000004
5492,29.055000000000003
5493,29.055000000000003
5494,29.055000000000003
5495,29.049999999999997
5496,29.185000000000002
5497,29.225000000000005
5498,29.185000000000002
5499,29.189999999999998
