,0
0,7.135
1,7.109999999999999
2,7.105
3,7.1
4,7.075
5,7.059999999999999
6,7.065000000000001
7,7.09
8,7.095
9,7.095
10,7.125
11,7.125
12,7.13
13,7.145
14,7.155
15,7.135
16,7.135
17,7.135
18,7.14
19,7.12
20,7.14
21,7.135
22,7.12
23,7.135
24,7.13
25,7.2299999999999995
26,7.24
27,7.305
28,7.335
29,7.385
30,7.369999999999999
31,7.375
32,7.39
33,7.39
34,7.39
35,7.385
36,7.405
37,7.420000000000001
38,7.425
39,7.420000000000001
40,7.405
41,7.38
42,7.36
43,7.375
44,7.385
45,7.375
46,7.375
47,7.385
48,7.38
49,7.365
50,7.355
51,7.35
52,7.43
53,7.43
54,7.43
55,7.445000000000001
56,7.464999999999999
57,7.475
58,7.464999999999999
59,7.445000000000001
60,7.455
61,7.425
62,7.445000000000001
63,7.435
64,7.46
65,7.464999999999999
66,7.445000000000001
67,7.445000000000001
68,7.464999999999999
69,7.455
70,7.455
71,7.46
72,7.435
73,7.425
74,7.420000000000001
75,7.45
76,7.445000000000001
77,7.685
78,7.865
79,7.84
80,7.79
81,7.83
82,7.78
83,7.79
84,7.84
85,7.8
86,7.7749999999999995
87,7.8
88,7.77
89,7.765
90,7.765
91,7.785
92,7.795
93,7.785
94,7.805
95,7.805
96,7.805
97,7.81
98,7.825000000000001
99,7.795
100,7.7749999999999995
101,7.785
102,7.84
103,7.785
104,7.855
105,7.84
106,7.815
107,7.785
108,7.815
109,7.825000000000001
110,7.815
111,7.805
112,7.825000000000001
113,7.825000000000001
114,7.825000000000001
115,7.865
116,7.875
117,7.865
118,7.865
119,7.870000000000001
120,7.865
121,7.875
122,7.885
123,7.895
124,7.889999999999999
125,7.905
126,7.92
127,7.935
128,7.96
129,7.93
130,7.914999999999999
131,7.955
132,7.93
133,7.94
134,7.97
135,7.975
136,7.955
137,7.955
138,7.96
139,7.945
140,7.945
141,7.925
142,7.935
143,7.935
144,7.905
145,7.925
146,7.914999999999999
147,7.905
148,7.925
149,7.92
150,7.855
151,7.870000000000001
152,7.895
153,7.865
154,7.85
155,7.945
156,7.975
157,7.975
158,8.06
159,8.045
160,8.065
161,8.035
162,8.005
163,7.97
164,7.990000000000001
165,7.97
166,7.990000000000001
167,8.01
168,8.01
169,8.005
170,8.025
171,8.045
172,8.07
173,8.11
174,8.105
175,8.13
176,8.105
177,8.12
178,8.115
179,8.125
180,8.125
181,8.23
182,8.22
183,8.19
184,8.13
185,8.205
186,8.235
187,8.195
188,8.16
189,8.135
190,8.195
191,8.235
192,8.175
193,8.22
194,8.24
195,8.255
196,8.26
197,8.25
198,8.245
199,8.24
200,8.24
201,8.25
202,8.23
203,8.215
204,8.205
205,8.165
206,8.19
207,8.09
208,8.055
209,8.02
210,8.03
211,8.075
212,8.07
213,8.105
214,8.095
215,8.085
216,8.095
217,8.085
218,8.085
219,8.085
220,8.095
221,8.095
222,8.095
223,8.075
224,8.055
225,8.065
226,8.075
227,8.075
228,8.075
229,8.025
230,8.04
231,8.055
232,8.07
233,8.26
234,8.27
235,8.27
236,8.25
237,8.24
238,8.255
239,8.27
240,8.275
241,8.27
242,8.275
243,8.275
244,8.265
245,8.225
246,8.275
247,8.285
248,8.285
249,8.29
250,8.28
251,8.285
252,8.275
253,8.295
254,8.28
255,8.27
256,8.29
257,8.265
258,8.26
259,8.11
260,8.02
261,7.985
262,8.025
263,8.03
264,8.015
265,8.035
266,8.05
267,8.065
268,8.045
269,8.03
270,8.005
271,8.015
272,7.995
273,7.985
274,7.985
275,7.995
276,8.005
277,7.995
278,7.985
279,7.97
280,8.005
281,8.005
282,7.965000000000001
283,7.97
284,7.990000000000001
285,8.035
286,8.09
287,8.08
288,8.075
289,8.065
290,8.045
291,8.045
292,8.045
293,8.035
294,8.045
295,8.025
296,8.015
297,7.97
298,7.88
299,7.9
300,7.935
301,7.91
302,7.95
303,7.889999999999999
304,7.935
305,7.914999999999999
306,7.870000000000001
307,7.855
308,7.9
309,7.875
310,7.7749999999999995
311,7.730000000000001
312,7.685
313,7.735
314,7.805
315,7.825000000000001
316,7.815
317,7.914999999999999
318,7.96
319,7.955
320,8.025
321,7.995
322,7.990000000000001
323,7.995
324,7.985
325,8.025
326,8.025
327,8.035
328,8.06
329,8.055
330,8.065
331,8.085
332,8.09
333,8.065
334,8.07
335,8.12
336,8.1
337,8.07
338,8.05
339,7.955
340,7.955
341,7.97
342,7.975
343,7.975
344,7.990000000000001
345,8.005
346,7.995
347,7.985
348,7.995
349,7.995
350,7.995
351,7.995
352,8.015
353,8.015
354,8.015
355,8.005
356,7.995
357,8.0
358,7.985
359,7.995
360,8.015
361,8.015
362,8.02
363,8.055
364,8.015
365,8.07
366,8.095
367,8.13
368,8.145
369,8.135
370,8.145
371,8.13
372,8.125
373,8.12
374,8.155
375,8.18
376,8.17
377,8.17
378,8.165
379,8.175
380,8.175
381,8.175
382,8.18
383,8.115
384,8.085
385,8.095
386,8.11
387,8.12
388,8.1
389,8.105
390,8.025
391,8.075
392,8.07
393,8.055
394,8.08
395,8.065
396,8.055
397,8.045
398,8.045
399,8.035
400,8.035
401,8.01
402,8.015
403,8.025
404,8.025
405,8.025
406,8.015
407,8.015
408,8.015
409,8.01
410,7.985
411,7.995
412,7.995
413,7.985
414,7.95
415,7.925
416,7.97
417,8.015
418,7.995
419,7.985
420,8.03
421,8.035
422,8.035
423,8.02
424,8.025
425,8.025
426,8.015
427,8.045
428,8.02
429,8.015
430,8.01
431,8.02
432,8.02
433,8.015
434,8.015
435,8.025
436,8.015
437,8.025
438,8.015
439,8.005
440,8.01
441,8.03
442,8.05
443,8.02
444,7.985
445,8.04
446,8.025
447,8.035
448,8.035
449,8.025
450,8.04
451,8.015
452,7.995
453,8.0
454,7.965000000000001
455,7.985
456,7.945
457,7.935
458,7.945
459,7.95
460,7.914999999999999
461,7.925
462,7.925
463,7.905
464,7.914999999999999
465,7.905
466,7.88
467,7.705000000000001
468,7.715
469,7.7749999999999995
470,7.7749999999999995
471,7.795
472,7.785
473,7.83
474,7.845000000000001
475,7.82
476,7.84
477,7.865
478,7.865
479,7.91
480,7.914999999999999
481,7.925
482,7.925
483,7.95
484,7.925
485,7.945
486,7.955
487,7.935
488,7.975
489,8.01
490,8.02
491,8.045
492,8.05
493,8.015
494,8.075
495,8.065
496,8.07
497,8.105
498,8.13
499,8.145
500,8.135
501,8.125
502,8.125
503,8.115
504,8.1
505,8.105
506,8.115
507,8.105
508,8.105
509,8.075
510,8.075
511,8.075
512,8.065
513,8.075
514,8.085
515,8.09
516,8.095
517,8.095
518,8.115
519,8.19
520,8.22
521,8.205
522,8.15
523,8.13
524,8.11
525,8.115
526,8.06
527,8.1
528,8.105
529,8.115
530,8.125
531,8.115
532,8.115
533,8.135
534,8.125
535,8.135
536,8.15
537,8.14
538,8.125
539,8.125
540,8.105
541,8.075
542,8.055
543,8.0
544,7.969999999999999
545,8.09
546,8.125
547,8.105
548,8.085
549,8.085
550,8.11
551,8.095
552,8.105
553,8.125
554,8.125
555,8.145
556,8.14
557,8.145
558,8.145
559,8.135
560,8.155
561,8.155
562,8.155
563,8.155
564,8.115
565,8.105
566,8.115
567,8.085
568,8.085
569,8.075
570,8.11
571,8.165
572,8.15
573,8.18
574,8.175
575,8.175
576,8.185
577,8.175
578,8.185
579,8.165
580,8.17
581,8.155
582,8.155
583,8.175
584,8.17
585,8.155
586,8.155
587,8.165
588,8.17
589,8.165
590,8.165
591,8.155
592,8.155
593,8.155
594,8.165
595,8.155
596,8.13
597,8.07
598,8.07
599,8.095
600,8.03
601,8.04
602,8.005
603,8.005
604,8.025
605,7.975
606,7.965000000000001
607,7.975
608,7.965000000000001
609,7.960000000000001
610,7.969999999999999
611,7.955
612,7.975
613,7.99
614,7.975
615,7.985
616,7.995
617,7.995
618,8.005
619,8.0
620,8.015
621,7.995
622,7.965000000000001
623,7.725
624,7.754999999999999
625,7.735
626,7.735
627,7.754999999999999
628,7.725
629,7.745000000000001
630,7.754999999999999
631,7.745000000000001
632,7.735
633,7.715
634,7.71
635,7.73
636,7.71
637,7.705
638,7.705
639,7.715
640,7.705
641,7.705
642,7.684999999999999
643,7.675000000000001
644,7.665
645,7.675000000000001
646,7.695
647,7.705
648,7.71
649,7.8149999999999995
650,7.819999999999999
651,7.819999999999999
652,7.825
653,7.81
654,7.819999999999999
655,7.86
656,7.885
657,7.8950000000000005
658,7.8950000000000005
659,7.885
660,7.8950000000000005
661,7.93
662,7.925
663,7.905
664,7.9
665,7.885
666,7.89
667,7.925
668,7.925
669,7.93
670,7.955
671,7.945
672,7.955
673,7.969999999999999
674,8.0
675,8.06
676,8.035
677,8.02
678,8.015
679,8.02
680,8.025
681,8.035
682,8.025
683,8.035
684,8.07
685,8.095
686,8.095
687,8.085
688,8.09
689,8.075
690,8.06
691,8.055
692,8.035
693,8.03
694,8.035
695,8.065
696,8.095
697,8.09
698,8.075
699,8.065
700,8.06
701,8.11
702,8.085
703,8.105
704,8.145
705,8.15
706,8.155
707,8.165
708,8.15
709,8.145
710,8.145
711,8.145
712,8.135
713,8.145
714,8.135
715,8.14
716,8.135
717,8.135
718,8.135
719,8.14
720,8.125
721,8.135
722,8.05
723,8.065
724,8.075
725,8.065
726,8.05
727,8.05
728,8.015
729,8.015
730,7.995
731,8.0
732,8.005
733,7.995
734,7.985
735,7.945
736,7.935
737,7.960000000000001
738,7.965000000000001
739,7.960000000000001
740,7.945
741,7.95
742,7.965000000000001
743,7.995
744,7.985
745,7.965000000000001
746,7.965000000000001
747,7.975
748,7.975
749,7.965000000000001
750,7.975
751,7.955
752,7.98
753,8.09
754,8.08
755,8.12
756,8.115
757,8.145
758,8.13
759,8.115
760,8.115
761,8.135
762,8.135
763,8.135
764,8.135
765,8.125
766,8.14
767,8.145
768,8.135
769,8.135
770,8.115
771,8.1
772,8.12
773,8.125
774,8.125
775,8.255
776,8.365
777,8.475
778,8.495
779,8.665
780,8.72
781,8.825
782,8.815
783,8.79
784,8.705
785,8.685
786,8.68
787,8.755
788,8.775
789,8.745
790,8.76
791,8.775
792,8.8
793,8.835
794,8.855
795,8.78
796,8.725
797,8.72
798,8.715
799,8.755
800,8.755
801,8.76
802,8.755
803,8.77
804,8.84
805,8.9
806,9.0
807,9.01
808,9.065
809,9.085
810,9.075
811,9.075
812,9.08
813,9.075
814,9.06
815,9.075
816,9.075
817,9.13
818,9.14
819,9.185
820,9.185
821,9.215
822,9.195
823,9.205
824,9.185
825,9.175
826,9.185
827,9.215
828,9.225
829,9.225
830,9.235
831,9.405
832,9.365
833,9.41
834,9.395
835,9.45
836,9.53
837,9.605
838,9.555
839,9.55
840,9.585
841,9.585
842,9.57
843,9.585
844,9.580000000000002
845,9.64
846,9.595
847,9.585
848,9.61
849,9.635
850,9.67
851,9.720000000000002
852,9.735
853,9.695
854,9.695
855,9.725
856,9.785
857,9.99
858,10.020000000000001
859,9.92
860,9.98
861,9.985
862,10.055
863,9.944999999999999
864,9.985
865,10.029999999999998
866,10.005
867,10.025
868,9.985
869,9.995
870,9.995
871,9.985
872,9.975
873,9.965
874,9.885
875,9.915
876,9.905
877,9.895
878,9.765
879,9.645
880,9.555
881,9.62
882,9.535
883,9.74
884,9.78
885,9.84
886,9.855
887,9.875
888,9.905
889,9.905
890,9.87
891,9.805000000000001
892,9.755
893,9.765
894,9.729999999999999
895,9.735
896,9.695
897,9.725
898,9.735
899,9.74
900,9.81
901,9.775
902,9.785
903,9.835
904,9.805000000000001
905,9.82
906,9.81
907,9.76
908,9.8
909,9.954999999999998
910,9.915
911,9.87
912,9.875
913,9.855
914,9.83
915,9.845
916,9.835
917,9.87
918,9.855
919,9.88
920,9.885
921,9.895
922,9.875
923,9.83
924,9.855
925,9.835
926,9.845
927,9.84
928,9.84
929,9.865
930,9.845
931,9.85
932,9.825
933,9.845
934,9.83
935,9.68
936,9.725
937,9.729999999999999
938,9.720000000000002
939,9.705
940,9.675
941,9.665000000000001
942,9.665000000000001
943,9.66
944,9.65
945,9.61
946,9.62
947,9.625
948,9.66
949,9.645
950,9.68
951,9.645
952,9.62
953,9.585
954,9.605
955,9.575
956,9.565
957,9.56
958,9.555
959,9.585
960,9.595
961,9.565
962,9.575
963,9.55
964,9.599999999999998
965,9.65
966,9.65
967,9.720000000000002
968,9.7
969,9.720000000000002
970,9.715
971,9.79
972,9.81
973,9.84
974,9.795000000000002
975,9.795000000000002
976,9.825
977,9.825
978,9.814999999999998
979,9.814999999999998
980,9.805000000000001
981,9.825
982,9.8
983,9.835
984,9.94
985,9.95
986,9.97
987,9.944999999999999
988,9.94
989,9.944999999999999
990,9.925000000000002
991,9.92
992,9.925000000000002
993,9.875
994,9.885
995,9.89
996,9.875
997,9.86
998,9.875
999,9.89
1000,9.885
1001,9.875
1002,9.89
1003,9.895
1004,9.9
1005,9.9
1006,9.92
1007,9.925
1008,9.91
1009,9.92
1010,9.87
1011,9.865
1012,9.845
1013,9.835
1014,9.82
1015,9.765
1016,9.765
1017,9.765
1018,9.75
1019,9.765
1020,9.765
1021,9.765
1022,9.75
1023,9.71
1024,9.7
1025,9.705
1026,9.685
1027,9.695
1028,9.75
1029,9.745
1030,9.745
1031,9.745
1032,9.745
1033,9.65
1034,9.655
1035,9.595
1036,9.66
1037,9.695
1038,9.775
1039,9.715
1040,9.7
1041,9.735
1042,9.74
1043,9.7
1044,9.675
1045,9.63
1046,9.615
1047,9.66
1048,9.665
1049,9.685
1050,9.705
1051,9.685
1052,9.685
1053,9.68
1054,9.64
1055,9.645
1056,9.66
1057,9.685
1058,9.66
1059,9.695
1060,9.715
1061,9.735
1062,9.63
1063,9.615
1064,9.605
1065,9.58
1066,9.56
1067,9.555
1068,9.55
1069,9.485
1070,9.47
1071,9.47
1072,9.505
1073,9.53
1074,9.55
1075,9.58
1076,9.545
1077,9.535
1078,9.48
1079,9.485
1080,9.49
1081,9.495
1082,9.5
1083,9.485
1084,9.505
1085,9.495
1086,9.555
1087,9.52
1088,9.59
1089,9.58
1090,9.55
1091,9.43
1092,9.37
1093,9.4
1094,9.455
1095,9.46
1096,9.46
1097,9.475
1098,9.45
1099,9.465
1100,9.465
1101,9.44
1102,9.46
1103,9.465
1104,9.475
1105,9.48
1106,9.525
1107,9.515
1108,9.545
1109,9.525
1110,9.545
1111,9.545
1112,9.555
1113,9.565
1114,9.54
1115,9.455
1116,9.53
1117,9.555
1118,9.565
1119,9.66
1120,9.685
1121,9.685
1122,9.72
1123,9.755
1124,9.72
1125,9.71
1126,9.695
1127,9.715
1128,9.71
1129,9.69
1130,9.725
1131,9.71
1132,9.695
1133,9.705
1134,9.715
1135,9.725
1136,9.695
1137,9.695
1138,9.695
1139,9.66
1140,9.625
1141,9.6
1142,9.6
1143,9.565
1144,9.6
1145,9.585
1146,9.565
1147,9.535
1148,9.535
1149,9.525
1150,9.505
1151,9.515
1152,9.52
1153,9.515
1154,9.535
1155,9.515
1156,9.505
1157,9.525
1158,9.485
1159,9.465
1160,9.45
1161,9.445
1162,9.465
1163,9.455
1164,9.475
1165,9.48
1166,9.325
1167,9.305
1168,9.23
1169,9.215
1170,9.21
1171,9.195
1172,9.165
1173,9.175
1174,9.21
1175,9.205
1176,9.215
1177,9.255
1178,9.255
1179,9.235
1180,9.225
1181,9.225
1182,9.225
1183,9.245
1184,9.255
1185,9.24
1186,9.28
1187,9.265
1188,9.26
1189,9.235
1190,9.215
1191,9.2
1192,9.255
1193,9.24
1194,9.28
1195,9.31
1196,9.35
1197,9.385
1198,9.385
1199,9.36
1200,9.32
1201,9.335
1202,9.29
1203,9.28
1204,9.255
1205,9.265
1206,9.275
1207,9.285
1208,9.285
1209,9.24
1210,9.235
1211,9.245
1212,9.24
1213,9.27
1214,9.255
1215,9.255
1216,9.255
1217,9.23
1218,9.07
1219,9.015
1220,8.98
1221,9.01
1222,8.995
1223,8.93
1224,8.815
1225,8.845
1226,8.76
1227,8.69
1228,8.535
1229,8.59
1230,8.655
1231,8.62
1232,8.6
1233,8.585
1234,8.585
1235,8.59
1236,8.585
1237,8.575
1238,8.545
1239,8.57
1240,8.525
1241,8.535
1242,8.56
1243,8.535
1244,8.8
1245,8.765
1246,8.795
1247,8.79
1248,8.85
1249,8.845
1250,8.855
1251,8.865
1252,8.875
1253,8.825
1254,8.835
1255,8.825
1256,8.835
1257,8.85
1258,8.855
1259,8.845
1260,8.85
1261,8.87
1262,8.87
1263,8.875
1264,8.845
1265,8.855
1266,8.835
1267,8.835
1268,8.835
1269,8.86
1270,8.98
1271,9.035
1272,9.025
1273,9.0
1274,9.005
1275,8.995
1276,8.985
1277,8.995
1278,8.985
1279,8.985
1280,8.985
1281,8.995
1282,8.995
1283,8.995
1284,9.0
1285,8.995
1286,8.995
1287,8.995
1288,8.995
1289,9.015
1290,9.025
1291,9.035
1292,9.035
1293,9.055
1294,9.125
1295,9.16
1296,9.015
1297,8.88
1298,8.915
1299,8.865
1300,8.85
1301,8.855
1302,8.82
1303,8.825
1304,8.835
1305,8.82
1306,8.81
1307,8.8
1308,8.83
1309,8.795
1310,8.815
1311,8.775
1312,8.8
1313,8.78
1314,8.775
1315,8.765
1316,8.775
1317,8.785
1318,8.815
1319,8.775
1320,8.765
1321,8.68
1322,8.83
1323,8.81
1324,8.67
1325,8.755
1326,8.75
1327,8.795
1328,8.825
1329,8.74
1330,8.68
1331,8.715
1332,8.735
1333,8.715
1334,8.715
1335,8.77
1336,8.775
1337,8.775
1338,8.81
1339,8.82
1340,8.805
1341,8.785
1342,8.805
1343,8.795
1344,8.785
1345,8.77
1346,8.76
1347,8.78
1348,8.905
1349,8.92
1350,8.955
1351,8.955
1352,8.915
1353,8.895
1354,8.905
1355,8.935
1356,8.895
1357,8.905
1358,8.935
1359,8.96
1360,8.965
1361,8.945
1362,8.945
1363,8.955
1364,8.945
1365,8.945
1366,8.935
1367,8.94
1368,8.935
1369,8.915
1370,8.905
1371,8.935
1372,8.925
1373,8.92
1374,8.86
1375,8.865
1376,8.91
1377,8.935
1378,8.96
1379,8.97
1380,8.935
1381,8.955
1382,8.915
1383,8.925
1384,8.93
1385,8.935
1386,8.945
1387,8.945
1388,8.945
1389,8.935
1390,8.915
1391,8.915
1392,8.935
1393,8.955
1394,8.935
1395,8.935
1396,8.935
1397,8.905
1398,8.915
1399,8.925
1400,8.96
1401,8.99
1402,8.97
1403,8.97
1404,9.03
1405,9.04
1406,9.01
1407,8.93
1408,8.97
1409,8.965
1410,8.9
1411,8.88
1412,8.865
1413,8.86
1414,8.835
1415,8.83
1416,8.81
1417,8.79
1418,8.805
1419,8.74
1420,8.74
1421,8.755
1422,8.745
1423,8.805
1424,8.79
1425,8.77
1426,8.625
1427,8.705
1428,8.685
1429,8.685
1430,8.655
1431,8.625
1432,8.615
1433,8.535
1434,8.515
1435,8.555
1436,8.565
1437,8.525
1438,8.52
1439,8.525
1440,8.535
1441,8.515
1442,8.445
1443,8.4
1444,8.4
1445,8.4
1446,8.39
1447,8.425
1448,8.405
1449,8.405
1450,8.405
1451,8.35
1452,8.06
1453,8.095
1454,8.06
1455,8.075
1456,8.145
1457,8.145
1458,8.235
1459,8.26
1460,8.27
1461,8.235
1462,8.21
1463,8.245
1464,8.185
1465,8.185
1466,8.165
1467,8.175
1468,8.195
1469,8.18
1470,8.18
1471,8.205
1472,8.215
1473,8.175
1474,8.17
1475,8.165
1476,8.165
1477,8.175
1478,8.2
1479,8.17
1480,8.195
1481,8.175
1482,8.185
1483,8.185
1484,8.165
1485,8.105
1486,8.11
1487,8.135
1488,8.185
1489,8.215
1490,8.215
1491,8.185
1492,8.205
1493,8.195
1494,8.205
1495,8.195
1496,8.195
1497,8.145
1498,8.165
1499,8.175
1500,8.165
1501,8.155
1502,8.17
1503,8.205
1504,8.32
1505,8.28
1506,8.215
1507,8.265
1508,8.24
1509,8.19
1510,8.185
1511,8.205
1512,8.2
1513,8.2
1514,8.205
1515,8.21
1516,8.225
1517,8.26
1518,8.275
1519,8.27
1520,8.265
1521,8.255
1522,8.245
1523,8.27
1524,8.27
1525,8.28
1526,8.275
1527,8.285
1528,8.275
1529,8.27
1530,8.26
1531,8.25
1532,8.28
1533,8.25
1534,8.27
1535,8.34
1536,8.35
1537,8.37
1538,8.34
1539,8.345
1540,8.345
1541,8.345
1542,8.3
1543,8.335
1544,8.335
1545,8.345
1546,8.35
1547,8.325
1548,8.305
1549,8.325
1550,8.325
1551,8.315
1552,8.295
1553,8.275
1554,8.275
1555,8.265
1556,8.275
1557,8.26
1558,8.205
1559,8.22
1560,8.235
1561,8.225
1562,8.215
1563,8.23
1564,8.22
1565,8.245
1566,8.255
1567,8.245
1568,8.245
1569,8.235
1570,8.245
1571,8.245
1572,8.29
1573,8.275
1574,8.275
1575,8.275
1576,8.255
1577,8.255
1578,8.25
1579,8.255
1580,8.245
1581,8.24
1582,8.155
1583,8.15
1584,8.13
1585,8.1
1586,8.075
1587,8.075
1588,8.085
1589,8.11
1590,8.09
1591,8.14
1592,8.135
1593,8.145
1594,8.145
1595,8.14
1596,8.155
1597,8.145
1598,8.13
1599,8.135
1600,8.125
1601,8.115
1602,8.095
1603,8.105
1604,8.075
1605,8.08
1606,8.105
1607,8.09
1608,8.135
1609,8.08
1610,8.255
1611,8.255
1612,8.235
1613,8.285
1614,8.34
1615,8.35
1616,8.335
1617,8.335
1618,8.315
1619,8.33
1620,8.325
1621,8.355
1622,8.335
1623,8.365
1624,8.37
1625,8.375
1626,8.385
1627,8.385
1628,8.39
1629,8.385
1630,8.36
1631,8.355
1632,8.36
1633,8.305
1634,8.16
1635,8.165
1636,8.135
1637,8.13
1638,8.155
1639,8.2
1640,8.16
1641,8.165
1642,8.175
1643,8.135
1644,8.145
1645,8.165
1646,8.155
1647,8.155
1648,8.16
1649,8.145
1650,8.155
1651,8.175
1652,8.175
1653,8.195
1654,8.185
1655,8.185
1656,8.195
1657,8.205
1658,8.195
1659,8.17
1660,8.135
1661,8.14
1662,8.04
1663,8.06
1664,8.06
1665,8.055
1666,8.065
1667,8.055
1668,8.025
1669,7.9750000000000005
1670,8.025
1671,8.01
1672,8.005
1673,8.005
1674,7.98
1675,7.985
1676,7.909999999999999
1677,7.935
1678,7.924999999999999
1679,7.924999999999999
1680,7.914999999999999
1681,7.919999999999999
1682,7.914999999999999
1683,7.945
1684,7.965000000000001
1685,7.995
1686,7.800000000000001
1687,7.775000000000001
1688,7.780000000000001
1689,7.734999999999999
1690,7.75
1691,7.744999999999999
1692,7.715
1693,7.744999999999999
1694,7.734999999999999
1695,7.739999999999999
1696,7.755
1697,7.744999999999999
1698,7.775000000000001
1699,7.815
1700,7.825
1701,7.815
1702,7.825
1703,7.845
1704,7.82
1705,7.82
1706,7.919999999999999
1707,7.88
1708,7.865
1709,7.85
1710,7.845
1711,7.86
1712,7.895
1713,7.895
1714,7.905000000000001
1715,7.935
1716,7.94
1717,7.955
1718,7.985
1719,7.96
1720,7.9750000000000005
1721,7.955
1722,7.965000000000001
1723,7.965000000000001
1724,7.96
1725,7.9750000000000005
1726,7.970000000000001
1727,7.985
1728,7.9750000000000005
1729,7.965000000000001
1730,7.9750000000000005
1731,7.970000000000001
1732,7.855
1733,7.83
1734,7.780000000000001
1735,7.780000000000001
1736,7.775000000000001
1737,7.765
1738,7.71
1739,7.734999999999999
1740,7.765
1741,7.775000000000001
1742,7.744999999999999
1743,7.725
1744,7.715
1745,7.715
1746,7.72
1747,7.734999999999999
1748,7.75
1749,7.755
1750,7.734999999999999
1751,7.739999999999999
1752,7.734999999999999
1753,7.734999999999999
1754,7.7299999999999995
1755,7.780000000000001
1756,7.785000000000001
1757,7.785000000000001
1758,7.739999999999999
1759,7.715
1760,7.734999999999999
1761,7.6850000000000005
1762,7.765
1763,7.734999999999999
1764,7.76
1765,7.76
1766,7.785000000000001
1767,7.76
1768,7.765
1769,7.765
1770,7.725
1771,7.744999999999999
1772,7.755
1773,7.785000000000001
1774,7.790000000000001
1775,7.795000000000001
1776,7.765
1777,7.795000000000001
1778,7.775000000000001
1779,7.765
1780,7.744999999999999
1781,7.75
1782,7.775000000000001
1783,7.739999999999999
1784,7.84
1785,7.86
1786,7.845
1787,7.855
1788,7.855
1789,7.785000000000001
1790,7.7299999999999995
1791,7.775000000000001
1792,7.775000000000001
1793,7.76
1794,7.77
1795,7.790000000000001
1796,7.77
1797,7.800000000000001
1798,7.795000000000001
1799,7.804999999999999
1800,7.77
1801,7.77
1802,7.785000000000001
1803,7.775000000000001
1804,7.765
1805,7.765
1806,7.755
1807,7.76
1808,7.734999999999999
1809,7.695
1810,7.444999999999999
1811,7.48
1812,7.485000000000001
1813,7.58
1814,7.639999999999999
1815,7.675000000000001
1816,7.6850000000000005
1817,7.765
1818,7.715
1819,7.725
1820,7.715
1821,7.71
1822,7.725
1823,7.7
1824,7.675000000000001
1825,7.665
1826,7.66
1827,7.680000000000001
1828,7.639999999999999
1829,7.66
1830,7.624999999999999
1831,7.614999999999999
1832,7.585
1833,7.58
1834,7.55
1835,7.55
1836,7.4
1837,7.47
1838,7.425
1839,7.444999999999999
1840,7.435
1841,7.405
1842,7.4
1843,7.43
1844,7.425
1845,7.435
1846,7.47
1847,7.505000000000001
1848,7.505000000000001
1849,7.495000000000001
1850,7.465
1851,7.449999999999999
1852,7.465
1853,7.475
1854,7.465
1855,7.465
1856,7.454999999999999
1857,7.405
1858,7.42
1859,7.3950000000000005
1860,7.365
1861,7.355
1862,7.449999999999999
1863,7.475
1864,7.490000000000001
1865,7.505000000000001
1866,7.525
1867,7.465
1868,7.43
1869,7.46
1870,7.454999999999999
1871,7.435
1872,7.465
1873,7.465
1874,7.454999999999999
1875,7.449999999999999
1876,7.444999999999999
1877,7.444999999999999
1878,7.435
1879,7.415
1880,7.415
1881,7.415
1882,7.3950000000000005
1883,7.3950000000000005
1884,7.31
1885,7.285
1886,7.29
1887,7.3
1888,7.4
1889,7.42
1890,7.43
1891,7.415
1892,7.41
1893,7.344999999999999
1894,7.344999999999999
1895,7.305
1896,7.275
1897,7.275
1898,7.265
1899,7.275
1900,7.25
1901,7.224999999999999
1902,7.205000000000001
1903,7.185
1904,7.13
1905,7.195000000000001
1906,7.1499999999999995
1907,7.154999999999999
1908,7.154999999999999
1909,7.159999999999999
1910,7.125
1911,7.095000000000001
1912,7.105
1913,7.090000000000001
1914,7.06
1915,7.015
1916,7.06
1917,7.07
1918,7.115
1919,7.135
1920,7.175
1921,7.210000000000001
1922,7.185
1923,7.185
1924,7.085000000000001
1925,7.095000000000001
1926,7.095000000000001
1927,7.085000000000001
1928,7.135
1929,7.125
1930,7.105
1931,7.090000000000001
1932,7.06
1933,7.054999999999999
1934,7.049999999999999
1935,7.049999999999999
1936,7.034999999999999
1937,7.029999999999999
1938,6.99
1939,6.985
1940,6.975
1941,6.96
1942,6.924999999999999
1943,6.920000000000001
1944,6.965
1945,6.985
1946,6.965
1947,6.965
1948,6.955
1949,6.915000000000001
1950,6.94
1951,6.945
1952,7.02
1953,7.015
1954,7.005
1955,7.005
1956,7.005
1957,6.98
1958,6.975
1959,6.975
1960,6.934999999999999
1961,6.955
1962,6.975
1963,6.965
1964,6.929999999999999
1965,7.015
1966,7.02
1967,7.02
1968,7.0
1969,7.1000000000000005
1970,7.044999999999999
1971,7.06
1972,7.015
1973,6.995
1974,6.98
1975,6.95
1976,6.934999999999999
1977,6.96
1978,6.915000000000001
1979,6.845
1980,6.8549999999999995
1981,6.8549999999999995
1982,6.864999999999999
1983,6.8549999999999995
1984,6.845
1985,6.8549999999999995
1986,6.8549999999999995
1987,6.895
1988,6.875
1989,6.84
1990,6.72
1991,6.825
1992,6.97
1993,6.99
1994,7.044999999999999
1995,7.034999999999999
1996,7.075
1997,7.125
1998,7.115
1999,7.105
2000,7.080000000000001
2001,7.0649999999999995
2002,7.04
2003,7.075
2004,7.045
2005,7.01
2006,7.034999999999999
2007,7.025
2008,7.03
2009,7.034999999999999
2010,7.055
2011,7.0649999999999995
2012,7.055
2013,7.080000000000001
2014,7.055
2015,6.995
2016,6.95
2017,6.99
2018,6.89
2019,6.89
2020,6.895
2021,6.89
2022,6.9
2023,6.875000000000001
2024,6.89
2025,6.905000000000001
2026,6.895
2027,6.885
2028,6.865
2029,6.87
2030,6.895
2031,6.88
2032,6.9
2033,6.895
2034,6.905000000000001
2035,6.93
2036,6.915
2037,6.895
2038,6.955
2039,7.045
2040,7.09
2041,7.075
2042,7.15
2043,7.17
2044,7.205
2045,7.164999999999999
2046,7.13
2047,7.050000000000001
2048,7.11
2049,7.115
2050,7.175
2051,7.155
2052,7.085
2053,7.075
2054,7.025
2055,7.045
2056,7.080000000000001
2057,7.0649999999999995
2058,7.085
2059,7.0649999999999995
2060,7.075
2061,7.0200000000000005
2062,7.01
2063,7.045
2064,7.034999999999999
2065,7.04
2066,7.055
2067,7.105
2068,7.080000000000001
2069,7.134999999999999
2070,7.11
2071,7.145
2072,7.134999999999999
2073,7.16
2074,7.155
2075,7.15
2076,7.185
2077,7.205
2078,7.194999999999999
2079,7.194999999999999
2080,7.19
2081,7.164999999999999
2082,7.175
2083,7.175
2084,7.164999999999999
2085,7.175
2086,7.175
2087,7.164999999999999
2088,7.164999999999999
2089,7.17
2090,7.164999999999999
2091,7.155
2092,7.16
2093,7.145
2094,7.145
2095,7.155
2096,7.240000000000001
2097,7.26
2098,7.264999999999999
2099,7.255
2100,7.28
2101,7.275
2102,7.264999999999999
2103,7.3
2104,7.285
2105,7.275
2106,7.29
2107,7.33
2108,7.335
2109,7.324999999999999
2110,7.305
2111,7.275
2112,7.294999999999999
2113,7.3
2114,7.315
2115,7.3100000000000005
2116,7.294999999999999
2117,7.315
2118,7.340000000000001
2119,7.345
2120,7.415
2121,7.44
2122,7.35
2123,7.35
2124,7.345
2125,7.324999999999999
2126,7.294999999999999
2127,7.29
2128,7.324999999999999
2129,7.29
2130,7.215
2131,7.215
2132,7.155
2133,7.115
2134,7.175
2135,7.164999999999999
2136,7.164999999999999
2137,7.175
2138,7.210000000000001
2139,7.245
2140,7.25
2141,7.215
2142,7.23
2143,7.225
2144,7.175
2145,7.215
2146,7.225
2147,7.185
2148,7.145
2149,7.1
2150,7.0649999999999995
2151,7.105
2152,7.11
2153,7.12
2154,7.075
2155,7.09
2156,7.145
2157,7.15
2158,7.194999999999999
2159,7.25
2160,7.210000000000001
2161,7.194999999999999
2162,7.210000000000001
2163,7.205
2164,7.205
2165,7.205
2166,7.23
2167,7.225
2168,7.255
2169,7.26
2170,7.275
2171,7.324999999999999
2172,7.315
2173,7.345
2174,7.09
2175,7.1
2176,7.085
2177,7.055
2178,7.055
2179,7.025
2180,6.99
2181,7.06
2182,7.045
2183,7.055
2184,7.075
2185,7.034999999999999
2186,7.0200000000000005
2187,7.045
2188,7.03
2189,7.015
2190,7.015
2191,6.974999999999999
2192,6.99
2193,7.0200000000000005
2194,7.06
2195,7.004999999999999
2196,7.01
2197,7.01
2198,7.004999999999999
2199,7.015
2200,6.974999999999999
2201,6.94
2202,6.925
2203,6.96
2204,6.95
2205,6.97
2206,6.965
2207,6.945
2208,6.945
2209,6.925
2210,6.895
2211,6.875000000000001
2212,6.895
2213,6.9
2214,6.895
2215,6.865
2216,6.905000000000001
2217,6.94
2218,6.925
2219,6.96
2220,6.974999999999999
2221,6.94
2222,6.92
2223,6.92
2224,6.9
2225,6.885
2226,7.01
2227,7.07
2228,7.085
2229,7.13
2230,7.075
2231,7.095
2232,7.095
2233,7.095
2234,7.075
2235,7.050000000000001
2236,7.0649999999999995
2237,7.050000000000001
2238,7.080000000000001
2239,7.0649999999999995
2240,7.0649999999999995
2241,7.055
2242,7.07
2243,7.075
2244,7.085
2245,7.105
2246,7.09
2247,7.105
2248,7.085
2249,7.095
2250,7.105
2251,7.105
2252,7.255
2253,7.285
2254,7.465
2255,7.44
2256,7.48
2257,7.495
2258,7.75
2259,7.665
2260,7.635
2261,7.605
2262,7.614999999999999
2263,7.595
2264,7.64
2265,7.59
2266,7.545
2267,7.545
2268,7.554999999999999
2269,7.52
2270,7.505
2271,7.565
2272,7.595
2273,7.595
2274,7.62
2275,7.56
2276,7.64
2277,7.630000000000001
2278,7.785
2279,7.795
2280,7.61
2281,7.645
2282,7.57
2283,7.545
2284,7.545
2285,7.575
2286,7.56
2287,7.56
2288,7.545
2289,7.565
2290,7.545
2291,7.554999999999999
2292,7.554999999999999
2293,7.595
2294,7.554999999999999
2295,7.545
2296,7.535
2297,7.554999999999999
2298,7.545
2299,7.535
2300,7.535
2301,7.49
2302,7.445
2303,7.41
2304,7.245
2305,7.3
2306,7.285
2307,7.27
2308,7.264999999999999
2309,7.370000000000001
2310,7.3
2311,7.32
2312,7.305
2313,7.25
2314,7.285
2315,7.35
2316,7.370000000000001
2317,7.38
2318,7.42
2319,7.39
2320,7.39
2321,7.44
2322,7.454999999999999
2323,7.45
2324,7.505
2325,7.475
2326,7.515
2327,7.505
2328,7.554999999999999
2329,7.57
2330,7.575
2331,7.565
2332,7.500000000000001
2333,7.535
2334,7.500000000000001
2335,7.465
2336,7.415
2337,7.385
2338,7.415
2339,7.385
2340,7.3549999999999995
2341,7.375
2342,7.400000000000001
2343,7.405
2344,7.39
2345,7.385
2346,7.335
2347,7.370000000000001
2348,7.345
2349,7.345
2350,7.365
2351,7.3549999999999995
2352,7.340000000000001
2353,7.324999999999999
2354,7.370000000000001
2355,7.29
2356,7.305
2357,7.340000000000001
2358,7.36
2359,7.33
2360,7.370000000000001
2361,7.38
2362,7.405
2363,7.43
2364,7.400000000000001
2365,7.385
2366,7.36
2367,7.3549999999999995
2368,7.365
2369,7.36
2370,7.400000000000001
2371,7.394999999999999
2372,7.415
2373,7.39
2374,7.405
2375,7.405
2376,7.405
2377,7.405
2378,7.424999999999999
2379,7.424999999999999
2380,7.475
2381,7.49
2382,7.445
2383,7.42
2384,7.454999999999999
2385,7.475
2386,7.58
2387,7.54
2388,7.475
2389,7.475
2390,7.49
2391,7.495
2392,7.48
2393,7.530000000000001
2394,7.6000000000000005
2395,7.575
2396,7.565
2397,7.57
2398,7.58
2399,7.554999999999999
2400,7.52
2401,7.515
2402,7.484999999999999
2403,7.500000000000001
2404,7.484999999999999
2405,7.465
2406,7.465
2407,7.495
2408,7.51
2409,7.58
2410,7.565
2411,7.54
2412,7.51
2413,7.530000000000001
2414,7.54
2415,7.535
2416,7.525
2417,7.535
2418,7.525
2419,7.515
2420,7.535
2421,7.545
2422,7.554999999999999
2423,7.545
2424,7.56
2425,7.575
2426,7.595
2427,7.584999999999999
2428,7.584999999999999
2429,7.57
2430,7.67
2431,7.595
2432,7.625
2433,7.65
2434,7.645
2435,7.684999999999999
2436,7.614999999999999
2437,7.59
2438,7.61
2439,7.64
2440,7.684999999999999
2441,7.72
2442,7.73
2443,7.705
2444,7.72
2445,7.72
2446,7.7
2447,7.7
2448,7.73
2449,7.725
2450,7.735
2451,7.77
2452,7.765
2453,7.7749999999999995
2454,7.795
2455,7.785
2456,7.785
2457,7.81
2458,7.835
2459,7.88
2460,7.84
2461,7.83
2462,7.8
2463,7.84
2464,7.83
2465,7.865
2466,7.83
2467,7.86
2468,7.835
2469,7.835
2470,7.820000000000001
2471,7.81
2472,7.805
2473,7.790000000000001
2474,7.795
2475,7.815
2476,7.820000000000001
2477,7.83
2478,7.805
2479,7.815
2480,7.815
2481,7.805
2482,7.790000000000001
2483,7.78
2484,7.765
2485,7.765
2486,7.945
2487,8.12
2488,8.17
2489,8.125
2490,8.095
2491,8.115
2492,8.115
2493,8.11
2494,8.125
2495,8.155
2496,8.145
2497,8.14
2498,8.145
2499,8.155
2500,8.14
2501,8.145
2502,8.16
2503,8.155
2504,8.155
2505,8.165
2506,8.11
2507,8.13
2508,8.15
2509,8.145
2510,8.14
2511,8.11
2512,8.135
2513,8.135
2514,8.145
2515,8.13
2516,8.095
2517,8.07
2518,8.095
2519,8.1
2520,8.13
2521,8.115
2522,8.085
2523,8.08
2524,8.07
2525,8.13
2526,8.165
2527,8.15
2528,8.16
2529,8.16
2530,8.17
2531,8.135
2532,8.12
2533,8.115
2534,8.08
2535,8.09
2536,8.13
2537,8.135
2538,8.07
2539,8.12
2540,8.085
2541,8.055
2542,8.075
2543,8.08
2544,8.025
2545,8.0
2546,8.0
2547,8.015
2548,7.985
2549,7.945
2550,7.955
2551,7.965
2552,7.97
2553,7.955
2554,7.930000000000001
2555,7.925
2556,7.89
2557,7.8500000000000005
2558,7.874999999999999
2559,7.895
2560,7.865
2561,7.84
2562,7.844999999999999
2563,7.815
2564,7.910000000000001
2565,7.9
2566,7.910000000000001
2567,7.82
2568,7.81
2569,7.835
2570,7.8500000000000005
2571,7.844999999999999
2572,7.860000000000001
2573,7.8549999999999995
2574,7.860000000000001
2575,7.835
2576,7.824999999999999
2577,7.835
2578,7.84
2579,7.8500000000000005
2580,7.860000000000001
2581,7.865
2582,7.885
2583,7.874999999999999
2584,7.930000000000001
2585,7.955
2586,7.960000000000001
2587,7.92
2588,7.925
2589,7.925
2590,7.625
2591,7.665000000000001
2592,7.684999999999999
2593,7.67
2594,7.65
2595,7.665000000000001
2596,7.65
2597,7.645
2598,7.625
2599,7.605
2600,7.605
2601,7.615000000000001
2602,7.63
2603,7.615000000000001
2604,7.615000000000001
2605,7.62
2606,7.62
2607,7.625
2608,7.625
2609,7.625
2610,7.615000000000001
2611,7.6
2612,7.635000000000001
2613,7.635000000000001
2614,7.615000000000001
2615,7.605
2616,7.64
2617,7.605
2618,7.625
2619,7.555000000000001
2620,7.555000000000001
2621,7.555000000000001
2622,7.525
2623,7.54
2624,7.555000000000001
2625,7.575
2626,7.59
2627,7.57
2628,7.6
2629,7.59
2630,7.6
2631,7.615000000000001
2632,7.609999999999999
2633,7.62
2634,7.635000000000001
2635,7.645
2636,7.65
2637,7.625
2638,7.635000000000001
2639,7.635000000000001
2640,7.65
2641,7.615000000000001
2642,7.65
2643,7.66
2644,7.68
2645,7.695000000000001
2646,7.684999999999999
2647,7.72
2648,7.695000000000001
2649,7.7
2650,7.71
2651,7.714999999999999
2652,7.735
2653,7.764999999999999
2654,7.75
2655,7.755
2656,7.764999999999999
2657,7.744999999999999
2658,7.755
2659,7.764999999999999
2660,7.755
2661,7.76
2662,7.75
2663,7.735
2664,7.764999999999999
2665,7.800000000000001
2666,7.794999999999999
2667,7.7700000000000005
2668,7.665000000000001
2669,7.705
2670,7.665000000000001
2671,7.675
2672,7.625
2673,7.645
2674,7.609999999999999
2675,7.609999999999999
2676,7.605
2677,7.605
2678,7.605
2679,7.615000000000001
2680,7.615000000000001
2681,7.609999999999999
2682,7.605
2683,7.605
2684,7.595
2685,7.6
2686,7.585000000000001
2687,7.56
2688,7.565
2689,7.565
2690,7.6
2691,7.609999999999999
2692,7.67
2693,7.73
2694,7.990000000000001
2695,7.985
2696,8.015
2697,8.075
2698,8.045
2699,8.0
2700,7.975
2701,8.015
2702,8.005
2703,7.990000000000001
2704,7.985
2705,8.0
2706,8.015
2707,8.035
2708,8.04
2709,8.045
2710,8.035
2711,8.035
2712,8.02
2713,8.095
2714,8.075
2715,8.095
2716,8.095
2717,8.075
2718,8.14
2719,8.18
2720,8.14
2721,8.12
2722,8.085
2723,8.06
2724,7.995
2725,7.95
2726,7.895
2727,7.945
2728,7.965
2729,7.945
2730,7.975
2731,7.985
2732,8.005
2733,8.015
2734,8.01
2735,8.025
2736,8.035
2737,8.015
2738,8.055
2739,8.055
2740,8.04
2741,8.015
2742,8.015
2743,8.015
2744,8.035
2745,8.04
2746,8.07
2747,8.085
2748,8.075
2749,8.065
2750,8.09
2751,8.095
2752,8.095
2753,8.105
2754,8.09
2755,8.095
2756,8.08
2757,8.075
2758,8.035
2759,8.055
2760,7.925
2761,7.910000000000001
2762,7.87
2763,7.895
2764,7.915
2765,7.915
2766,7.925
2767,7.915
2768,7.895
2769,7.895
2770,7.910000000000001
2771,7.895
2772,7.874999999999999
2773,7.874999999999999
2774,7.87
2775,7.865
2776,7.865
2777,7.865
2778,7.860000000000001
2779,7.874999999999999
2780,7.8549999999999995
2781,7.8500000000000005
2782,7.844999999999999
2783,7.835
2784,7.835
2785,7.830000000000001
2786,7.735
2787,7.73
2788,7.714999999999999
2789,7.755
2790,7.78
2791,7.755
2792,7.76
2793,7.73
2794,7.73
2795,7.735
2796,7.7
2797,7.7
2798,7.71
2799,7.705
2800,7.695000000000001
2801,7.684999999999999
2802,7.665000000000001
2803,7.65
2804,7.665000000000001
2805,7.655
2806,7.655
2807,7.655
2808,7.665000000000001
2809,7.67
2810,7.675
2811,7.665000000000001
2812,7.635000000000001
2813,7.645
2814,7.635000000000001
2815,7.62
2816,7.625
2817,7.65
2818,7.625
2819,7.615000000000001
2820,7.615000000000001
2821,7.595
2822,7.625
2823,7.625
2824,7.609999999999999
2825,7.605
2826,7.565
2827,7.575
2828,7.579999999999999
2829,7.575
2830,7.565
2831,7.57
2832,7.57
2833,7.575
2834,7.565
2835,7.555000000000001
2836,7.545
2837,7.565
2838,7.635000000000001
2839,7.635000000000001
2840,7.605
2841,7.609999999999999
2842,7.585000000000001
2843,7.585000000000001
2844,7.575
2845,7.575
2846,7.575
2847,7.575
2848,7.565
2849,7.565
2850,7.585000000000001
2851,7.57
2852,7.565
2853,7.525
2854,7.525
2855,7.525
2856,7.505000000000001
2857,7.505000000000001
2858,7.505000000000001
2859,7.455
2860,7.425
2861,7.405
2862,7.43
2863,7.480000000000001
2864,7.49
2865,7.515
2866,7.525
2867,7.49
2868,7.54
2869,7.535
2870,7.545
2871,7.549999999999999
2872,7.57
2873,7.595
2874,7.635000000000001
2875,7.64
2876,7.684999999999999
2877,7.684999999999999
2878,7.655
2879,7.635000000000001
2880,7.665000000000001
2881,7.67
2882,7.625
2883,7.595
2884,7.59
2885,7.595
2886,7.625
2887,7.595
2888,7.625
2889,7.62
2890,7.495
2891,7.549999999999999
2892,7.495
2893,7.4750000000000005
2894,7.495
2895,7.495
2896,7.495
2897,7.485
2898,7.435
2899,7.465
2900,7.495
2901,7.485
2902,7.485
2903,7.499999999999999
2904,7.515
2905,7.51
2906,7.525
2907,7.499999999999999
2908,7.505000000000001
2909,7.515
2910,7.549999999999999
2911,7.529999999999999
2912,7.549999999999999
2913,7.515
2914,7.525
2915,7.485
2916,7.695000000000001
2917,7.655
2918,7.655
2919,7.625
2920,7.64
2921,7.635000000000001
2922,7.635000000000001
2923,7.645
2924,7.665000000000001
2925,7.665000000000001
2926,7.68
2927,7.675
2928,7.7
2929,7.73
2930,7.735
2931,7.725
2932,7.725
2933,7.725
2934,7.725
2935,7.73
2936,7.735
2937,7.744999999999999
2938,7.815
2939,7.794999999999999
2940,7.82
2941,7.82
2942,7.885
2943,7.824999999999999
2944,7.835
2945,7.87
2946,7.895
2947,7.874999999999999
2948,7.880000000000001
2949,7.865
2950,7.835
2951,7.815
2952,7.815
2953,7.785
2954,7.785
2955,7.794999999999999
2956,7.785
2957,7.785
2958,7.785
2959,7.815
2960,7.824999999999999
2961,7.835
2962,7.824999999999999
2963,7.815
2964,7.82
2965,7.800000000000001
2966,7.800000000000001
2967,7.81
2968,7.82
2969,7.79
2970,7.824999999999999
2971,7.81
2972,7.76
2973,7.79
2974,7.800000000000001
2975,7.775000000000001
2976,7.815
2977,7.82
2978,7.84
2979,7.8549999999999995
2980,7.8500000000000005
2981,7.8549999999999995
2982,7.874999999999999
2983,7.874999999999999
2984,7.885
2985,7.8549999999999995
2986,7.885
2987,7.874999999999999
2988,7.865
2989,7.885
2990,7.874999999999999
2991,7.874999999999999
2992,7.874999999999999
2993,7.910000000000001
2994,7.835
2995,7.82
2996,7.794999999999999
2997,7.73
2998,7.7700000000000005
2999,7.785
3000,7.725
3001,7.725
3002,7.755
3003,7.72
3004,7.764999999999999
3005,7.785000000000001
3006,7.780000000000001
3007,7.77
3008,7.764999999999999
3009,7.75
3010,7.715
3011,7.685
3012,7.655
3013,7.65
3014,7.53
3015,7.58
3016,7.615
3017,7.58
3018,7.58
3019,7.535
3020,7.585
3021,7.56
3022,7.52
3023,7.515
3024,7.525
3025,7.54
3026,7.535
3027,7.54
3028,7.505
3029,7.495
3030,7.475
3031,7.275
3032,7.295
3033,7.295
3034,7.275
3035,7.25
3036,7.205
3037,7.225
3038,7.225
3039,7.275
3040,7.275
3041,7.3
3042,7.27
3043,7.1
3044,7.085
3045,7.105
3046,7.115
3047,7.11
3048,7.135
3049,7.16
3050,7.13
3051,7.11
3052,7.115
3053,7.105
3054,7.095
3055,7.09
3056,7.105
3057,7.11
3058,7.105
3059,7.105
3060,7.105
3061,7.105
3062,7.105
3063,7.105
3064,7.105
3065,7.11
3066,7.105
3067,7.095
3068,7.075
3069,6.96
3070,6.945
3071,6.925
3072,6.945
3073,6.965
3074,6.985
3075,6.975
3076,6.975
3077,6.955
3078,6.975
3079,6.965
3080,6.96
3081,6.955
3082,6.985
3083,6.985
3084,7.045
3085,7.085
3086,7.045
3087,7.075
3088,7.08
3089,7.08
3090,7.075
3091,7.075
3092,7.1
3093,7.1
3094,7.09
3095,7.165
3096,7.125
3097,7.105
3098,7.04
3099,7.045
3100,7.035
3101,7.035
3102,7.055
3103,7.01
3104,7.025
3105,7.015
3106,7.02
3107,7.035
3108,7.035
3109,7.045
3110,7.025
3111,7.01
3112,7.025
3113,7.005
3114,7.005
3115,7.015
3116,6.995
3117,6.985
3118,7.03
3119,7.03
3120,7.045
3121,7.15
3122,7.105
3123,7.1
3124,7.065
3125,7.075
3126,7.025
3127,7.045
3128,7.06
3129,7.07
3130,7.08
3131,7.065
3132,7.065
3133,7.08
3134,7.105
3135,7.105
3136,7.125
3137,7.11
3138,7.095
3139,7.085
3140,7.1
3141,7.09
3142,7.095
3143,7.065
3144,7.055
3145,7.05
3146,7.07
3147,7.14
3148,7.15
3149,7.155
3150,7.2
3151,7.15
3152,7.165
3153,7.165
3154,7.185
3155,7.17
3156,7.165
3157,7.19
3158,7.185
3159,7.185
3160,7.185
3161,7.185
3162,7.185
3163,7.175
3164,7.165
3165,7.17
3166,7.155
3167,7.15
3168,7.16
3169,7.165
3170,7.165
3171,7.175
3172,7.165
3173,7.16
3174,7.185
3175,7.195
3176,7.18
3177,7.18
3178,7.15
3179,7.175
3180,7.165
3181,7.165
3182,7.185
3183,7.175
3184,7.215
3185,7.275
3186,7.33
3187,7.3
3188,7.285
3189,7.335
3190,7.325
3191,7.345
3192,7.355
3193,7.355
3194,7.315
3195,7.295
3196,7.305
3197,7.345
3198,7.355
3199,7.35
3200,7.305
3201,7.335
3202,7.305
3203,7.29
3204,7.295
3205,7.295
3206,7.275
3207,7.285
3208,7.275
3209,7.275
3210,7.29
3211,7.295
3212,7.285
3213,7.27
3214,7.285
3215,7.295
3216,7.295
3217,7.27
3218,7.295
3219,7.295
3220,7.275
3221,7.255
3222,7.265
3223,7.265
3224,7.265
3225,7.27
3226,7.275
3227,7.295
3228,7.295
3229,7.28
3230,7.28
3231,7.255
3232,7.24
3233,7.245
3234,7.245
3235,7.25
3236,7.26
3237,7.255
3238,7.255
3239,7.28
3240,7.295
3241,7.285
3242,7.285
3243,7.275
3244,7.295
3245,7.305
3246,7.32
3247,7.295
3248,7.27
3249,7.255
3250,7.285
3251,7.29
3252,7.295
3253,7.285
3254,7.3
3255,7.3
3256,7.3
3257,7.3
3258,7.315
3259,7.315
3260,7.315
3261,7.31
3262,7.305
3263,7.315
3264,7.31
3265,7.31
3266,7.29
3267,7.265
3268,7.26
3269,7.25
3270,7.285
3271,7.28
3272,7.215
3273,7.2
3274,7.22
3275,7.23
3276,7.255
3277,7.225
3278,7.195
3279,7.175
3280,7.15
3281,7.135
3282,7.14
3283,7.155
3284,7.145
3285,7.145
3286,7.16
3287,7.155
3288,7.135
3289,7.145
3290,7.13
3291,7.135
3292,7.13
3293,7.145
3294,7.13
3295,7.145
3296,7.155
3297,7.16
3298,7.175
3299,7.34
3300,7.35
3301,7.35
3302,7.42
3303,7.405
3304,7.405
3305,7.45
3306,7.445
3307,7.455
3308,7.445
3309,7.445
3310,7.475
3311,7.475
3312,7.405
3313,7.425
3314,7.435
3315,7.43
3316,7.44
3317,7.4
3318,7.42
3319,7.42
3320,7.435
3321,7.445
3322,7.425
3323,7.425
3324,7.435
3325,7.52
3326,7.56
3327,7.565
3328,7.605
3329,7.615
3330,7.64
3331,7.645
3332,7.615
3333,7.62
3334,7.635
3335,7.615
3336,7.605
3337,7.615
3338,7.635
3339,7.63
3340,7.625
3341,7.615
3342,7.615
3343,7.635
3344,7.635
3345,7.635
3346,7.645
3347,7.66
3348,7.66
3349,7.625
3350,7.645
3351,7.780000000000001
3352,7.809999999999999
3353,7.790000000000001
3354,7.825000000000001
3355,7.815
3356,7.804999999999999
3357,7.794999999999999
3358,7.82
3359,7.840000000000001
3360,7.840000000000001
3361,7.825000000000001
3362,7.830000000000001
3363,7.825000000000001
3364,7.794999999999999
3365,7.785000000000001
3366,7.82
3367,7.825000000000001
3368,7.809999999999999
3369,7.799999999999999
3370,7.785000000000001
3371,7.764999999999999
3372,7.745
3373,7.685
3374,7.705
3375,7.68
3376,7.66
3377,7.705
3378,7.72
3379,7.71
3380,7.7
3381,7.7
3382,7.72
3383,7.745
3384,7.764999999999999
3385,7.755
3386,7.745
3387,7.74
3388,7.735
3389,7.705
3390,7.715
3391,7.725
3392,7.715
3393,7.7
3394,7.68
3395,7.675
3396,7.66
3397,7.675
3398,7.665
3399,7.69
3400,7.67
3401,7.675
3402,7.67
3403,7.75
3404,7.71
3405,7.73
3406,7.73
3407,7.74
3408,7.73
3409,7.735
3410,7.72
3411,7.7
3412,7.705
3413,7.71
3414,7.715
3415,7.715
3416,7.735
3417,7.72
3418,7.725
3419,7.725
3420,7.72
3421,7.71
3422,7.715
3423,7.725
3424,7.725
3425,7.715
3426,7.715
3427,7.71
3428,7.715
3429,7.695
3430,7.695
3431,7.725
3432,7.73
3433,7.745
3434,7.73
3435,7.695
3436,7.7
3437,7.705
3438,7.715
3439,7.715
3440,7.705
3441,7.705
3442,7.705
3443,7.705
3444,7.705
3445,7.705
3446,7.705
3447,7.705
3448,7.705
3449,7.705
3450,7.705
3451,7.715
3452,7.715
3453,7.74
3454,7.74
3455,7.835000000000001
3456,7.845000000000001
3457,7.8950000000000005
3458,7.840000000000001
3459,7.835000000000001
3460,7.86
3461,7.880000000000001
3462,7.849999999999999
3463,7.86
3464,7.865
3465,7.87
3466,7.87
3467,7.86
3468,7.865
3469,7.865
3470,7.86
3471,7.865
3472,7.865
3473,7.87
3474,7.855
3475,7.840000000000001
3476,7.835000000000001
3477,7.780000000000001
3478,7.764999999999999
3479,7.785000000000001
3480,7.775000000000001
3481,7.825000000000001
3482,7.835000000000001
3483,7.830000000000001
3484,7.845000000000001
3485,7.809999999999999
3486,7.815
3487,7.815
3488,7.794999999999999
3489,7.804999999999999
3490,7.804999999999999
3491,7.804999999999999
3492,7.815
3493,7.82
3494,7.82
3495,7.815
3496,7.845000000000001
3497,7.840000000000001
3498,7.865
3499,7.855
3500,7.855
3501,7.840000000000001
3502,7.844999999999999
3503,7.855
3504,7.865
3505,7.855
3506,7.865
3507,7.915
3508,7.894999999999999
3509,7.855
3510,7.885000000000001
3511,7.905
3512,7.905
3513,7.894999999999999
3514,7.905
3515,7.93
3516,7.945
3517,7.945
3518,7.9350000000000005
3519,7.925
3520,7.925
3521,7.92
3522,7.915
3523,7.925
3524,7.925
3525,7.93
3526,7.9350000000000005
3527,7.9350000000000005
3528,7.925
3529,7.925
3530,7.94
3531,7.915
3532,7.93
3533,7.95
3534,7.99
3535,8.055
3536,8.085
3537,8.06
3538,8.065
3539,8.075
3540,8.07
3541,8.065
3542,8.075
3543,8.085
3544,8.1
3545,8.095
3546,8.09
3547,8.07
3548,8.075
3549,8.075
3550,8.05
3551,8.05
3552,8.045
3553,8.045
3554,8.035
3555,8.005
3556,7.995
3557,8.015
3558,8.01
3559,8.055
3560,8.125
3561,8.155
3562,8.16
3563,8.13
3564,8.14
3565,8.125
3566,8.135
3567,8.135
3568,8.135
3569,8.145
3570,8.135
3571,8.135
3572,8.135
3573,8.135
3574,8.135
3575,8.135
3576,8.135
3577,8.145
3578,8.165
3579,8.19
3580,8.175
3581,8.14
3582,8.155
3583,8.145
3584,8.15
3585,8.335
3586,8.355
3587,8.385
3588,8.385
3589,8.395
3590,8.375
3591,8.385
3592,8.36
3593,8.3
3594,8.33
3595,8.275
3596,8.26
3597,8.26
3598,8.235
3599,8.225
3600,8.215
3601,8.2
3602,8.19
3603,8.2
3604,8.195
3605,8.175
3606,8.195
3607,8.175
3608,8.175
3609,8.175
3610,8.185
3611,8.235
3612,8.29
3613,8.315
3614,8.3
3615,8.265
3616,8.225
3617,8.2
3618,8.215
3619,8.21
3620,8.21
3621,8.2
3622,8.215
3623,8.205
3624,8.135
3625,8.145
3626,8.135
3627,8.17
3628,8.18
3629,8.23
3630,8.205
3631,8.235
3632,8.275
3633,8.255
3634,8.255
3635,8.235
3636,8.23
3637,8.24
3638,8.195
3639,8.185
3640,8.21
3641,8.22
3642,8.24
3643,8.26
3644,8.255
3645,8.245
3646,8.25
3647,8.225
3648,8.215
3649,8.225
3650,8.205
3651,8.185
3652,8.18
3653,8.17
3654,8.18
3655,8.175
3656,8.165
3657,8.175
3658,8.17
3659,8.185
3660,8.155
3661,8.145
3662,8.15
3663,8.065
3664,8.08
3665,8.11
3666,8.085
3667,8.125
3668,8.115
3669,8.105
3670,8.15
3671,8.18
3672,8.175
3673,8.175
3674,8.185
3675,8.185
3676,8.2
3677,8.195
3678,8.195
3679,8.195
3680,8.195
3681,8.175
3682,8.165
3683,8.145
3684,8.135
3685,8.14
3686,8.165
3687,8.175
3688,8.155
3689,8.07
3690,8.075
3691,8.075
3692,8.06
3693,8.065
3694,8.065
3695,8.105
3696,8.135
3697,8.14
3698,8.125
3699,8.14
3700,8.115
3701,8.125
3702,8.13
3703,8.13
3704,8.13
3705,8.11
3706,8.105
3707,8.105
3708,8.085
3709,8.085
3710,8.095
3711,8.09
3712,8.075
3713,8.065
3714,8.065
3715,8.015
3716,8.0
3717,8.06
3718,8.095
3719,8.07
3720,8.045
3721,8.035
3722,8.045
3723,8.06
3724,8.06
3725,8.065
3726,8.07
3727,8.045
3728,8.045
3729,8.025
3730,8.02
3731,8.015
3732,8.015
3733,8.015
3734,8.035
3735,8.035
3736,8.025
3737,8.035
3738,8.005
3739,7.985
3740,7.955
3741,8.04
3742,8.045
3743,8.045
3744,8.06
3745,8.045
3746,8.015
3747,8.025
3748,8.035
3749,8.025
3750,8.005
3751,7.995
3752,8.0
3753,8.0
3754,7.995
3755,8.0
3756,7.995
3757,8.0
3758,7.995
3759,7.995
3760,8.0
3761,7.995
3762,7.995
3763,7.995
3764,7.995
3765,7.995
3766,7.995
3767,7.94
3768,7.9350000000000005
3769,7.925
3770,7.88
3771,7.885000000000001
3772,7.849999999999999
3773,7.86
3774,7.894999999999999
3775,7.905
3776,7.9
3777,7.885000000000001
3778,7.885000000000001
3779,7.894999999999999
3780,7.905
3781,7.905
3782,7.9
3783,7.905
3784,7.91
3785,7.905
3786,7.905
3787,7.905
3788,7.915
3789,7.915
3790,7.915
3791,7.925
3792,7.915
3793,7.965
3794,7.96
3795,7.93
3796,7.945
3797,7.965
3798,8.005
3799,7.995
3800,8.0
3801,7.995
3802,7.99
3803,7.95
3804,7.9350000000000005
3805,7.94
3806,7.95
3807,7.925
3808,7.925
3809,7.93
3810,7.9350000000000005
3811,7.945
3812,7.955
3813,7.955
3814,7.96
3815,7.945
3816,7.955
3817,7.95
3818,7.99
3819,8.06
3820,8.06
3821,8.01
3822,8.01
3823,8.015
3824,7.99
3825,8.015
3826,8.015
3827,8.005
3828,7.995
3829,7.985
3830,7.98
3831,7.98
3832,7.98
3833,7.955
3834,7.955
3835,7.96
3836,7.955
3837,7.97
3838,7.975
3839,8.015
3840,8.015
3841,8.005
3842,8.005
3843,7.995
3844,7.99
3845,7.94
3846,7.955
3847,7.985
3848,7.985
3849,7.985
3850,7.955
3851,7.965
3852,7.975
3853,7.98
3854,7.965
3855,7.975
3856,7.99
3857,7.985
3858,7.985
3859,7.975
3860,7.975
3861,7.965
3862,7.965
3863,7.975
3864,7.975
3865,7.985
3866,7.975
3867,7.965
3868,7.975
3869,7.98
3870,7.955
3871,8.14
3872,8.185
3873,8.245
3874,8.28
3875,8.265
3876,8.295
3877,8.295
3878,8.305
3879,8.335
3880,8.315
3881,8.305
3882,8.305
3883,8.305
3884,8.315
3885,8.315
3886,8.315
3887,8.315
3888,8.325
3889,8.295
3890,8.315
3891,8.315
3892,8.29
3893,8.275
3894,8.295
3895,8.325
3896,8.345
3897,8.7
3898,8.6
3899,8.605
3900,8.675
3901,8.645
3902,8.68
3903,8.685
3904,8.715
3905,8.725
3906,8.745
3907,8.745
3908,8.72
3909,8.725
3910,8.745
3911,8.745
3912,8.755
3913,8.735
3914,8.735
3915,8.715
3916,8.74
3917,8.745
3918,8.755
3919,8.735
3920,8.735
3921,8.755
3922,8.8
3923,8.82
3924,8.885
3925,8.865
3926,8.865
3927,8.74
3928,8.77
3929,8.745
3930,8.745
3931,8.705
3932,8.735
3933,8.745
3934,8.725
3935,8.735
3936,8.725
3937,8.745
3938,8.74
3939,8.72
3940,8.71
3941,8.695
3942,8.675
3943,8.645
3944,8.625
3945,8.575
3946,8.575
3947,8.585
3948,8.57
3949,8.65
3950,8.66
3951,8.665
3952,8.655
3953,8.735
3954,8.735
3955,8.745
3956,8.79
3957,8.775
3958,8.775
3959,8.785
3960,8.78
3961,8.785
3962,8.785
3963,8.785
3964,8.85
3965,8.87
3966,8.88
3967,8.895
3968,8.885
3969,8.915
3970,8.925
3971,8.99
3972,8.99
3973,8.965
3974,9.045
3975,9.11
3976,9.04
3977,9.085
3978,8.98
3979,8.965
3980,8.935
3981,8.945
3982,8.98
3983,8.985
3984,8.995
3985,8.975
3986,8.975
3987,8.975
3988,8.955
3989,8.895
3990,8.895
3991,8.905
3992,8.895
3993,8.915
3994,8.895
3995,8.89
3996,8.895
3997,8.895
3998,8.955
3999,8.975
4000,8.965
4001,8.85
4002,8.86
4003,8.915
4004,8.92
4005,8.97
4006,8.985
4007,9.005
4008,9.0
4009,8.985
4010,8.975
4011,8.95
4012,9.01
4013,9.185
4014,9.23
4015,9.23
4016,9.26
4017,9.29
4018,9.295
4019,9.385
4020,9.445
4021,9.44
4022,9.385
4023,9.43
4024,9.34
4025,9.385
4026,9.395
4027,9.765
4028,9.665
4029,9.75
4030,9.725
4031,9.66
4032,9.57
4033,9.625
4034,9.58
4035,9.545
4036,9.47
4037,9.52
4038,9.57
4039,9.55
4040,9.565
4041,9.545
4042,9.49
4043,9.515
4044,9.565
4045,9.54
4046,9.575
4047,9.57
4048,9.565
4049,9.56
4050,9.525
4051,9.545
4052,9.55
4053,9.4
4054,9.335
4055,9.34
4056,9.39
4057,9.325
4058,9.365
4059,9.37
4060,9.365
4061,9.395
4062,9.375
4063,9.375
4064,9.38
4065,9.375
4066,9.365
4067,9.365
4068,9.345
4069,9.335
4070,9.325
4071,9.32
4072,9.315
4073,9.295
4074,9.285
4075,9.3
4076,9.285
4077,9.32
4078,9.31
4079,9.16
4080,9.14
4081,9.135
4082,9.185
4083,9.215
4084,9.255000000000003
4085,9.27
4086,9.285
4087,9.25
4088,9.245
4089,9.205
4090,9.185
4091,9.205
4092,9.22
4093,9.215
4094,9.195
4095,9.175
4096,9.175
4097,9.19
4098,9.195
4099,9.18
4100,9.18
4101,9.195
4102,9.185
4103,9.195
4104,9.24
4105,9.275
4106,9.335
4107,9.42
4108,9.405
4109,9.405
4110,9.395
4111,9.405
4112,9.395
4113,9.405
4114,9.375
4115,9.375
4116,9.385
4117,9.395
4118,9.395
4119,9.365
4120,9.32
4121,9.325
4122,9.305
4123,9.305
4124,9.31
4125,9.325
4126,9.34
4127,9.325
4128,9.325
4129,9.335
4130,9.285
4131,9.12
4132,9.13
4133,9.18
4134,9.155
4135,9.165
4136,9.185
4137,9.16
4138,9.155
4139,9.185
4140,9.185
4141,9.2
4142,9.175
4143,9.18
4144,9.175
4145,9.185
4146,9.195
4147,9.23
4148,9.215
4149,9.215
4150,9.23
4151,9.215
4152,9.22
4153,9.235
4154,9.23
4155,9.205
4156,9.2
4157,9.295
4158,9.295
4159,9.265
4160,9.275
4161,9.22
4162,9.16
4163,9.17
4164,9.195
4165,9.22
4166,9.215
4167,9.19
4168,9.185
4169,9.2
4170,9.185
4171,9.185
4172,9.175
4173,9.195
4174,9.185
4175,9.175
4176,9.155
4177,9.14
4178,9.145
4179,9.135
4180,9.115
4181,9.125
4182,9.115
4183,9.025
4184,9.065
4185,9.095
4186,9.125
4187,9.135
4188,9.18
4189,9.14
4190,9.155
4191,9.165
4192,9.145
4193,9.145
4194,9.145
4195,9.105
4196,9.105
4197,9.105
4198,9.095
4199,9.045
4200,9.055
4201,9.045
4202,9.105
4203,9.145
4204,9.155
4205,9.115
4206,9.125
4207,9.125
4208,9.11
4209,9.21
4210,9.16
4211,9.13
4212,9.105
4213,9.14
4214,9.15
4215,9.15
4216,9.135
4217,9.14
4218,9.13
4219,9.115
4220,9.085
4221,9.05
4222,9.065
4223,9.06
4224,9.05
4225,9.03
4226,9.045
4227,9.035
4228,9.015
4229,9.015
4230,8.985
4231,8.945
4232,8.945
4233,8.965
4234,8.93
4235,8.745
4236,8.85
4237,8.84
4238,8.75
4239,8.75
4240,8.75
4241,8.82
4242,8.825
4243,8.8
4244,8.8
4245,8.83
4246,8.815
4247,8.805
4248,8.835
4249,8.845
4250,8.885
4251,8.91
4252,8.86
4253,8.875
4254,8.855
4255,8.86
4256,8.85
4257,8.84
4258,8.825
4259,8.835
4260,8.82
4261,8.98
4262,8.93
4263,8.93
4264,8.94
4265,8.955
4266,8.985
4267,8.965
4268,8.95
4269,8.97
4270,8.995
4271,9.01
4272,9.06
4273,9.025
4274,9.015
4275,9.02
4276,9.025
4277,9.045
4278,9.02
4279,9.025
4280,9.015
4281,9.035
4282,9.005
4283,9.01
4284,8.995
4285,9.0
4286,8.98
4287,8.885
4288,8.89
4289,8.895
4290,8.88
4291,8.885
4292,8.88
4293,8.885
4294,8.85
4295,8.845
4296,8.875
4297,8.875
4298,8.845
4299,8.845
4300,8.875
4301,8.865
4302,8.875
4303,8.885
4304,8.875
4305,8.88
4306,8.86
4307,8.845
4308,8.83
4309,8.82
4310,8.81
4311,8.805
4312,8.81
4313,8.98
4314,9.01
4315,9.115
4316,9.08
4317,9.095
4318,9.085
4319,9.125
4320,9.115
4321,9.095
4322,9.095
4323,9.04
4324,9.005
4325,9.02
4326,9.025
4327,9.04
4328,9.035
4329,9.04
4330,9.05
4331,9.045
4332,8.995
4333,8.965
4334,8.98
4335,8.94
4336,9.035
4337,9.01
4338,9.025
4339,9.005
4340,9.025
4341,8.97
4342,8.975
4343,8.96
4344,8.955
4345,8.98
4346,8.965
4347,8.965
4348,8.96
4349,8.955
4350,8.95
4351,8.965
4352,8.965
4353,8.95
4354,8.925
4355,8.9
4356,8.895
4357,8.89
4358,8.9
4359,8.925
4360,8.915
4361,8.93
4362,8.96
4363,8.93
4364,8.965
4365,8.995
4366,8.96
4367,8.955
4368,9.02
4369,9.035
4370,9.035
4371,9.065
4372,9.075
4373,9.1
4374,9.075
4375,9.095
4376,9.1
4377,9.115
4378,9.065
4379,9.075
4380,9.075
4381,9.045
4382,9.065
4383,9.05
4384,9.025
4385,9.065
4386,9.085
4387,9.105
4388,9.27
4389,9.285
4390,9.355
4391,9.365
4392,9.315
4393,9.355
4394,9.37
4395,9.365
4396,9.375
4397,9.385
4398,9.39
4399,9.395
4400,9.385
4401,9.395
4402,9.395
4403,9.4
4404,9.395
4405,9.405
4406,9.385
4407,9.385
4408,9.39
4409,9.365
4410,9.385
4411,9.375
4412,9.385
4413,9.415
4414,9.57
4415,9.6
4416,9.5
4417,9.55
4418,9.48
4419,9.545
4420,9.5
4421,9.525
4422,9.51
4423,9.495
4424,9.48
4425,9.475
4426,9.495
4427,9.49
4428,9.465
4429,9.41
4430,9.415
4431,9.4
4432,9.349999999999998
4433,9.335
4434,9.325
4435,9.285
4436,9.255000000000003
4437,9.29
4438,9.29
4439,9.31
4440,9.28
4441,9.26
4442,9.285
4443,9.245
4444,9.37
4445,9.34
4446,9.3
4447,9.305
4448,9.29
4449,9.305
4450,9.295
4451,9.295
4452,9.285
4453,9.29
4454,9.275
4455,9.275
4456,9.29
4457,9.28
4458,9.27
4459,9.28
4460,9.28
4461,9.275
4462,9.305
4463,9.315
4464,9.285
4465,9.275
4466,9.34
4467,9.325
4468,9.315
4469,9.32
4470,9.285
4471,9.23
4472,9.24
4473,9.205
4474,9.215
4475,9.205
4476,9.215
4477,9.2
4478,9.195
4479,9.185
4480,9.205
4481,9.195
4482,9.255000000000003
4483,9.265
4484,9.265
4485,9.24
4486,9.225
4487,9.29
4488,9.245
4489,9.135
4490,9.145
4491,9.21
4492,9.2
4493,9.18
4494,9.2
4495,9.25
4496,9.21
4497,9.21
4498,9.215
4499,9.195
4500,9.16
4501,9.125
4502,9.155
4503,9.135
4504,9.115
4505,9.07
4506,9.095
4507,9.115
4508,9.14
4509,9.145
4510,9.155
4511,9.15
4512,9.145
4513,9.155
4514,9.19
4515,9.195
4516,9.205
4517,9.215
4518,9.33
4519,9.365
4520,9.4
4521,9.37
4522,9.395
4523,9.39
4524,9.385
4525,9.365
4526,9.35
4527,9.36
4528,9.365
4529,9.355
4530,9.36
4531,9.385
4532,9.375
4533,9.345
4534,9.31
4535,9.32
4536,9.325
4537,9.33
4538,9.345
4539,9.315
4540,9.35
4541,9.345
4542,9.325
4543,9.34
4544,9.165
4545,9.205
4546,9.26
4547,9.22
4548,9.255
4549,9.24
4550,9.19
4551,9.17
4552,9.11
4553,9.1
4554,9.12
4555,9.075
4556,9.075
4557,9.11
4558,9.07
4559,9.085
4560,9.075
4561,9.09
4562,9.08
4563,9.11
4564,9.135
4565,9.155
4566,9.13
4567,9.125
4568,9.115
4569,9.12
4570,9.225
4571,9.275
4572,9.24
4573,9.185
4574,9.215
4575,9.175
4576,9.235
4577,9.23
4578,9.27
4579,9.27
4580,9.295
4581,9.3
4582,9.32
4583,9.31
4584,9.335
4585,9.325
4586,9.33
4587,9.315
4588,9.335
4589,9.345
4590,9.315
4591,9.3
4592,9.335
4593,9.375
4594,9.405
4595,9.43
4596,9.49
4597,9.565
4598,9.575
4599,9.57
4600,9.565
4601,9.535
4602,9.56
4603,9.545
4604,9.525
4605,9.515
4606,9.53
4607,9.525
4608,9.525
4609,9.495
4610,9.465
4611,9.495
4612,9.465
4613,9.465
4614,9.43
4615,9.445
4616,9.405
4617,9.435
4618,9.395
4619,9.445
4620,9.46
4621,9.48
4622,9.4
4623,9.48
4624,9.55
4625,9.555
4626,9.505
4627,9.5
4628,9.535
4629,9.48
4630,9.47
4631,9.53
4632,9.495
4633,9.495
4634,9.485
4635,9.465
4636,9.465
4637,9.45
4638,9.415
4639,9.375
4640,9.405
4641,9.415
4642,9.425
4643,9.445
4644,9.475
4645,9.445
4646,9.455
4647,9.435
4648,9.51
4649,9.5
4650,9.465
4651,9.455
4652,9.495
4653,9.515
4654,9.525
4655,9.515
4656,9.515
4657,9.535
4658,9.545
4659,9.545
4660,9.515
4661,9.49
4662,9.47
4663,9.515
4664,9.5
4665,9.465
4666,9.475
4667,9.465
4668,9.405
4669,9.465
4670,9.475
4671,9.47
4672,9.48
4673,9.49
4674,9.41
4675,9.47
4676,9.465
4677,9.505
4678,9.52
4679,9.525
4680,9.485
4681,9.525
4682,9.51
4683,9.505
4684,9.485
4685,9.49
4686,9.485
4687,9.495
4688,9.495
4689,9.495
4690,9.48
4691,9.435
4692,9.445
4693,9.415
4694,9.415
4695,9.44
4696,9.425
4697,9.455
4698,9.455
4699,9.44
4700,9.42
4701,9.495
4702,9.525
4703,9.51
4704,9.505
4705,9.535
4706,9.515
4707,9.5
4708,9.52
4709,9.51
4710,9.51
4711,9.525
4712,9.52
4713,9.54
4714,9.525
4715,9.5
4716,9.485
4717,9.485
4718,9.48
4719,9.475
4720,9.475
4721,9.44
4722,9.46
4723,9.475
4724,9.46
4725,9.54
4726,9.42
4727,9.425
4728,9.415
4729,9.375
4730,9.365
4731,9.39
4732,9.405
4733,9.4
4734,9.34
4735,9.335
4736,9.335
4737,9.315
4738,9.345
4739,9.34
4740,9.43
4741,9.44
4742,9.415
4743,9.435
4744,9.465
4745,9.475
4746,9.45
4747,9.465
4748,9.465
4749,9.415
4750,9.415
4751,9.41
4752,9.445
4753,9.435
4754,9.39
4755,9.385
4756,9.375
4757,9.38
4758,9.39
4759,9.385
4760,9.355
4761,9.335
4762,9.335
4763,9.34
4764,9.31
4765,9.305
4766,9.4
4767,9.395
4768,9.38
4769,9.385
4770,9.335
4771,9.345
4772,9.345
4773,9.31
4774,9.255
4775,9.245
4776,9.225
4777,9.195
4778,9.19
4779,9.215
4780,9.225
4781,9.225
4782,9.245
4783,9.225
4784,9.215
4785,9.21
4786,9.225
4787,9.205
4788,9.205
4789,9.195
4790,9.215
4791,9.235
4792,9.23
4793,9.115
4794,9.125
4795,9.105
4796,9.125
4797,9.095
4798,9.095
4799,9.135
4800,9.095
4801,9.09
4802,9.075
4803,9.09
4804,9.085
4805,9.125
4806,9.135
4807,9.135
4808,9.155
4809,9.145
4810,9.135
4811,9.115
4812,9.13
4813,9.135
4814,9.175
4815,9.175
4816,9.15
4817,9.125
4818,9.18
4819,9.19
4820,9.235
4821,9.255
4822,9.245
4823,9.25
4824,9.23
4825,9.225
4826,9.225
4827,9.22
4828,9.225
4829,9.2
4830,9.2
4831,9.225
4832,9.215
4833,9.215
4834,9.225
4835,9.225
4836,9.225
4837,9.24
4838,9.245
4839,9.245
4840,9.295
4841,9.315
4842,9.325
4843,9.32
4844,9.34
4845,9.395
4846,9.45
4847,9.455
4848,9.49
4849,9.48
4850,9.5
4851,9.485
4852,9.505
4853,9.53
4854,9.525
4855,9.575
4856,9.59
4857,9.595
4858,9.595
4859,9.615
4860,9.635
4861,9.64
4862,9.645
4863,9.645
4864,9.655
4865,9.655
4866,9.685
4867,9.695
4868,9.695
4869,9.74
4870,9.875
4871,9.925
4872,9.8
4873,9.835
4874,9.82
4875,9.79
4876,9.825
4877,9.87
4878,9.88
4879,9.89
4880,9.885
4881,9.915
4882,9.905
4883,9.895
4884,9.895
4885,9.875
4886,9.925
4887,9.91
4888,9.895
4889,9.915
4890,9.865
4891,9.865
4892,9.875
4893,9.85
4894,9.845
4895,9.85
4896,9.8
4897,9.735
4898,9.715
4899,9.695
4900,9.72
4901,9.715
4902,9.715
4903,9.71
4904,9.685
4905,9.68
4906,9.69
4907,9.67
4908,9.635
4909,9.635
4910,9.64
4911,9.655
4912,9.695
4913,9.695
4914,9.695
4915,9.705
4916,9.715
4917,9.72
4918,9.725
4919,9.735
4920,9.765
4921,9.745
4922,9.765
4923,9.84
4924,9.83
4925,9.84
4926,9.83
4927,9.805
4928,9.8
4929,9.82
4930,9.88
4931,9.89
4932,9.905
4933,9.895
4934,9.875
4935,9.895
4936,9.92
4937,9.91
4938,9.905
4939,9.915
4940,9.925
4941,9.935
4942,9.955
4943,9.945
4944,9.925
4945,9.93
4946,9.915
4947,9.935
4948,9.575
4949,9.545
4950,9.46
4951,9.435
4952,9.48
4953,9.38
4954,9.38
4955,9.32
4956,9.345
4957,9.37
4958,9.36
4959,9.385
4960,9.385
4961,9.365
4962,9.4
4963,9.38
4964,9.375
4965,9.355
4966,9.35
4967,9.345
4968,9.305
4969,9.32
4970,9.31
4971,9.355
4972,9.31
4973,9.24
4974,9.52
4975,9.57
4976,9.54
4977,9.48
4978,9.49
4979,9.495
4980,9.505
4981,9.505
4982,9.49
4983,9.52
4984,9.46
4985,9.48
4986,9.465
4987,9.47
4988,9.44
4989,9.405
4990,9.445
4991,9.5
4992,9.485
4993,9.45
4994,9.45
4995,9.47
4996,9.495
4997,9.5
4998,9.465
4999,9.4
5000,9.425
5001,9.365
5002,9.455
5003,9.465
5004,9.51
5005,9.48
5006,9.49
5007,9.5
5008,9.52
5009,9.51
5010,9.54
5011,9.56
5012,9.57
5013,9.53
5014,9.49
5015,9.465
5016,9.45
5017,9.49
5018,9.46
5019,9.47
5020,9.485
5021,9.455
5022,9.435
5023,9.405
5024,9.425
5025,9.425
5026,9.485
5027,9.49
5028,9.455
5029,9.44
5030,9.43
5031,9.41
5032,9.41
5033,9.42
5034,9.395
5035,9.395
5036,9.41
5037,9.41
5038,9.445
5039,9.435
5040,9.465
5041,9.465
5042,9.465
5043,9.455
5044,9.45
5045,9.47
5046,9.475
5047,9.47
5048,9.435
5049,9.435
5050,9.445
5051,9.395
5052,9.36
5053,9.44
5054,9.495
5055,9.465
5056,9.45
5057,9.515
5058,9.515
5059,9.505
5060,9.485
5061,9.475
5062,9.485
5063,9.47
5064,9.43
5065,9.455
5066,9.46
5067,9.445
5068,9.43
5069,9.46
5070,9.455
5071,9.45
5072,9.44
5073,9.42
5074,9.4
5075,9.37
5076,9.34
5077,9.34
5078,9.33
5079,9.32
5080,9.29
5081,9.205
5082,9.115
5083,9.13
5084,9.15
5085,9.145
5086,9.15
5087,9.145
5088,9.12
5089,9.165
5090,9.155
5091,9.135
5092,9.135
5093,9.15
5094,9.15
5095,9.17
5096,9.14
5097,9.16
5098,9.125
5099,9.115
5100,9.085
5101,9.075
5102,9.025
5103,9.0
5104,9.125
5105,9.11
5106,9.125
5107,9.12
5108,9.125
5109,9.07
5110,9.09
5111,9.065
5112,9.075
5113,9.075
5114,9.075
5115,9.075
5116,9.095
5117,9.095
5118,9.11
5119,9.14
5120,9.155
5121,9.175
5122,9.155
5123,9.12
5124,9.12
5125,9.105
5126,9.06
5127,9.045
5128,9.095
5129,9.09
5130,9.13
5131,9.12
5132,9.075
5133,9.07
5134,9.075
5135,9.01
5136,9.01
5137,8.935
5138,9.04
5139,9.105
5140,9.135
5141,9.125
5142,9.135
5143,9.11
5144,9.095
5145,9.095
5146,9.095
5147,9.09
5148,9.06
5149,9.055
5150,9.04
5151,9.055
5152,9.065
5153,9.085
5154,9.115
5155,9.11
5156,9.365
5157,9.41
5158,9.405
5159,9.435
5160,9.465
5161,9.47
5162,9.485
5163,9.485
5164,9.455
5165,9.475
5166,9.485
5167,9.475
5168,9.455
5169,9.425
5170,9.425
5171,9.415
5172,9.41
5173,9.395
5174,9.445
5175,9.445
5176,9.465
5177,9.475
5178,9.475
5179,9.465
5180,9.455
5181,9.49
5182,9.475
5183,9.575
5184,9.565
5185,9.575
5186,9.58
5187,9.515
5188,9.535
5189,9.57
5190,9.58
5191,9.615
5192,9.655
5193,9.64
5194,9.615
5195,9.615
5196,9.56
5197,9.525
5198,9.525
5199,9.565
5200,9.575
5201,9.575
5202,9.555
5203,9.575
5204,9.61
5205,9.58
5206,9.595
5207,9.635
5208,9.74
5209,9.75
5210,9.72
5211,9.745
5212,9.735
5213,9.725
5214,9.725
5215,9.72
5216,9.715
5217,9.685
5218,9.685
5219,9.695
5220,9.72
5221,9.725
5222,9.725
5223,9.725
5224,9.735
5225,9.745
5226,9.75
5227,9.735
5228,9.745
5229,9.745
5230,9.745
5231,9.755
5232,9.745
5233,9.765
5234,9.82
5235,9.865
5236,9.875
5237,9.885
5238,9.885
5239,9.875
5240,9.875
5241,9.865
5242,9.85
5243,9.865
5244,9.865
5245,9.88
5246,9.885
5247,9.9
5248,9.815
5249,9.83
5250,9.815
5251,9.815
5252,9.805
5253,9.775
5254,9.785
5255,9.77
5256,9.79
5257,9.785
5258,9.795
5259,9.795
5260,9.83
5261,9.835
5262,9.825
5263,9.845
5264,9.835
5265,9.835
5266,9.835
5267,9.835
5268,9.845
5269,9.85
5270,9.82
5271,9.815
5272,9.815
5273,9.845
5274,9.925
5275,9.93
5276,9.925
5277,9.855
5278,9.84
5279,9.875
5280,9.86
5281,9.87
5282,9.88
5283,9.895
5284,9.89
5285,9.87
5286,9.865
5287,9.855
5288,9.845
5289,9.84
5290,9.835
5291,9.83
5292,9.83
5293,9.765
5294,9.73
5295,9.73
5296,9.74
5297,9.735
5298,9.695
5299,9.67
5300,9.525
5301,9.53
5302,9.42
5303,9.51
5304,9.54
5305,9.555
5306,9.585
5307,9.61
5308,9.59
5309,9.57
5310,9.585
5311,9.66
5312,9.675
5313,9.685
5314,9.68
5315,9.68
5316,9.71
5317,9.69
5318,9.675
5319,9.66
5320,9.71
5321,9.705
5322,9.715
5323,9.735
5324,9.735
5325,9.755
5326,9.86
5327,9.82
5328,9.81
5329,9.835
5330,9.845
5331,9.865
5332,9.865
5333,9.855
5334,9.775
5335,9.795
5336,9.82
5337,9.815
5338,9.8
5339,9.79
5340,9.81
5341,9.82
5342,9.815
5343,9.84
5344,9.84
5345,9.835
5346,9.865
5347,9.855
5348,9.815
5349,9.805
5350,9.835
5351,9.825
5352,9.85
5353,9.855
5354,9.845
5355,9.845
5356,9.825
5357,9.82
5358,9.825
5359,9.805
5360,9.805
5361,9.805
5362,9.785
5363,9.795
5364,9.775
5365,9.775
5366,9.77
5367,9.805
5368,9.78
5369,9.79
5370,9.79
5371,9.815
5372,9.8
5373,9.785
5374,9.805
5375,9.815
5376,9.835
5377,9.85
5378,9.925
5379,9.905
5380,9.885
5381,9.83
5382,9.82
5383,9.795
5384,9.815
5385,9.8
5386,9.81
5387,9.845
5388,9.85
5389,9.835
5390,9.82
5391,9.83
5392,9.81
5393,9.835
5394,9.815
5395,9.825
5396,9.825
5397,9.825
5398,9.815
5399,9.81
5400,9.805
5401,9.805
5402,9.83
5403,9.8
5404,9.82
5405,9.81
5406,9.855
5407,9.805
5408,9.79
5409,9.8
5410,9.825
5411,9.835
5412,9.84
5413,9.835
5414,9.805
5415,9.815
5416,9.825
5417,9.825
5418,9.79
5419,9.82
5420,9.81
5421,9.815
5422,9.805
5423,9.815
5424,9.815
5425,9.815
5426,9.815
5427,9.845
5428,9.855
5429,9.905
5430,10.135
5431,10.19
5432,10.16
5433,10.195
5434,10.165
5435,10.16
5436,10.195
5437,10.215
5438,10.24
5439,10.27
5440,10.29
5441,10.335
5442,10.405
5443,10.395
5444,10.39
5445,10.36
5446,10.385
5447,10.385
5448,10.435
5449,10.445
5450,10.485
5451,10.455
5452,10.515
5453,10.525
5454,10.415
5455,10.46
5456,10.415
5457,10.46
5458,10.38
5459,10.35
5460,10.36
5461,10.34
5462,10.335
5463,10.37
5464,10.375
5465,10.38
5466,10.39
5467,10.365
5468,10.405
5469,10.385
5470,10.385
5471,10.425
5472,10.465
5473,10.47
5474,10.46
5475,10.425
5476,10.44
5477,10.45
5478,10.425
5479,10.39
5480,10.435
5481,10.455
5482,10.64
5483,10.595
5484,10.535
5485,10.56
5486,10.52
5487,10.525
5488,10.545
5489,10.57
5490,10.565
5491,10.55
5492,10.545
5493,10.57
5494,10.595
5495,10.58
5496,10.585
5497,10.585
5498,10.615
5499,10.615
