,0
0,12.585253715515137
1,12.466018676757812
2,12.765541076660156
3,12.713266372680664
4,12.874201774597168
5,12.7422456741333
6,12.351665496826172
7,12.578641891479492
8,12.465142250061035
9,12.643656730651855
10,12.66940975189209
11,12.7849760055542
12,12.715354919433594
13,12.711918830871582
14,12.772178649902344
15,12.73812484741211
16,12.862080574035645
17,12.858323097229004
18,12.766100883483887
19,12.816950798034668
20,12.826518058776855
21,12.665985107421875
22,12.618371963500977
23,12.556075096130371
24,12.509114265441895
25,12.426828384399414
26,12.427934646606445
27,12.44522476196289
28,12.760725021362305
29,12.780523300170898
30,12.849186897277832
31,12.950761795043945
32,12.993431091308594
33,13.006048202514648
34,12.743062973022461
35,12.688189506530762
36,12.451112747192383
37,12.478082656860352
38,12.47756290435791
39,12.554985046386719
40,12.480669975280762
41,12.471580505371094
42,12.441123962402344
43,12.399667739868164
44,12.417778968811035
45,12.317392349243164
46,12.316680908203125
47,12.271471977233887
48,12.265763282775879
49,12.189737319946289
50,12.248469352722168
51,12.372428894042969
52,12.452287673950195
53,12.421083450317383
54,12.392474174499512
55,12.241927146911621
56,12.391932487487793
57,12.426004409790039
58,12.612224578857422
59,12.710590362548828
60,12.60272216796875
61,12.560687065124512
62,12.714289665222168
63,12.862452507019043
64,12.891301155090332
65,12.87944507598877
66,12.815120697021484
67,12.789388656616211
68,12.725067138671875
69,12.688141822814941
70,12.710417747497559
71,12.792342185974121
72,12.569087028503418
73,12.717370986938477
74,12.661924362182617
75,12.51408576965332
76,12.373725891113281
77,12.332529067993164
78,12.254435539245605
79,12.235641479492188
80,12.268877983093262
81,12.165061950683594
82,12.153233528137207
83,12.131540298461914
84,12.12296199798584
85,12.116954803466797
86,12.104837417602539
87,12.119453430175781
88,12.113809585571289
89,12.111151695251465
90,12.115761756896973
91,12.116455078125
92,12.121435165405273
93,12.127449989318848
94,12.120824813842773
95,12.113385200500488
96,12.162907600402832
97,12.154255867004395
98,12.135466575622559
99,12.157857894897461
100,12.110267639160156
101,12.102856636047363
102,12.098440170288086
103,12.098146438598633
104,12.102602005004883
105,12.118881225585938
106,12.109548568725586
107,12.118879318237305
108,12.153105735778809
109,12.104960441589355
110,12.109146118164062
111,12.112774848937988
112,12.103397369384766
113,12.107856750488281
114,12.092416763305664
115,12.087902069091797
116,12.086641311645508
117,12.085277557373047
118,12.080535888671875
119,12.081273078918457
120,12.075725555419922
121,12.074897766113281
122,12.079371452331543
123,12.075373649597168
124,12.080755233764648
125,12.078959465026855
126,12.07863712310791
127,12.086536407470703
128,12.115556716918945
129,12.105091094970703
130,12.091408729553223
131,12.099350929260254
132,12.124648094177246
133,12.08177661895752
134,12.082059860229492
135,12.101648330688477
136,12.077518463134766
137,12.085516929626465
138,12.166145324707031
139,12.210298538208008
140,12.239049911499023
141,12.360292434692383
142,12.180636405944824
143,12.141695976257324
144,12.120316505432129
145,12.095169067382812
146,12.261019706726074
147,12.182246208190918
148,12.135478019714355
149,12.194899559020996
150,12.19668960571289
151,12.14387035369873
152,12.14245891571045
153,12.233100891113281
154,12.475991249084473
155,12.516520500183105
156,12.524909973144531
157,12.504505157470703
158,12.431317329406738
159,12.313592910766602
160,12.361091613769531
161,12.15381145477295
162,12.1423978805542
163,12.149441719055176
164,12.133583068847656
165,12.116644859313965
166,12.112468719482422
167,12.085305213928223
168,12.078923225402832
169,12.085857391357422
170,12.087041854858398
171,12.096649169921875
172,12.087465286254883
173,12.077888488769531
174,12.070159912109375
175,12.06421184539795
176,12.06516170501709
177,12.065632820129395
178,12.064723014831543
179,12.060213088989258
180,12.058956146240234
181,12.060492515563965
182,12.06857681274414
183,12.076638221740723
184,12.081897735595703
185,12.067171096801758
186,12.069378852844238
187,12.08213996887207
188,12.138450622558594
189,12.179567337036133
190,12.132732391357422
191,12.21001148223877
192,12.297097206115723
193,12.437690734863281
194,12.480561256408691
195,12.421557426452637
196,12.666458129882812
197,12.61730670928955
198,12.541486740112305
199,12.585013389587402
200,12.606847763061523
201,12.517324447631836
202,12.52517318725586
203,12.555808067321777
204,12.566522598266602
205,12.693331718444824
206,12.62326431274414
207,12.537246704101562
208,12.5518159866333
209,12.41373062133789
210,12.396087646484375
211,12.311198234558105
212,12.172045707702637
213,12.137344360351562
214,12.130850791931152
215,12.10409927368164
216,12.087631225585938
217,12.090974807739258
218,12.08143424987793
219,12.09948444366455
220,12.10488224029541
221,12.068852424621582
222,12.069037437438965
223,12.074170112609863
224,12.080880165100098
225,12.068388938903809
226,12.074298858642578
227,12.080243110656738
228,12.075133323669434
229,12.073256492614746
230,12.08830738067627
231,12.114538192749023
232,12.271202087402344
233,12.275226593017578
234,12.226095199584961
235,12.31993579864502
236,12.243474960327148
237,12.328941345214844
238,12.33489990234375
239,12.326634407043457
240,12.182750701904297
241,12.169190406799316
242,12.130147933959961
243,12.107988357543945
244,12.074726104736328
245,12.109848022460938
246,12.101461410522461
247,12.128377914428711
248,12.77570629119873
249,12.657222747802734
250,12.686307907104492
251,12.682599067687988
252,12.771452903747559
253,12.837974548339844
254,12.884191513061523
255,12.925850868225098
256,12.971004486083984
257,12.985276222229004
258,12.91719913482666
259,12.8956298828125
260,12.881668090820312
261,12.814074516296387
262,12.84073543548584
263,12.7221097946167
264,12.524800300598145
265,12.59821891784668
266,12.561140060424805
267,12.625486373901367
268,12.6077880859375
269,12.49577808380127
270,12.678577423095703
271,12.655006408691406
272,12.80635929107666
273,12.923111915588379
274,12.953314781188965
275,12.963347434997559
276,12.903152465820312
277,12.385241508483887
278,12.565272331237793
279,12.521608352661133
280,12.421034812927246
281,12.450636863708496
282,12.44956111907959
283,12.515706062316895
284,12.474297523498535
285,12.424322128295898
286,12.347587585449219
287,12.383703231811523
288,12.272294044494629
289,12.36953067779541
290,12.466639518737793
291,12.334939002990723
292,12.301054954528809
293,12.207650184631348
294,12.140913963317871
295,12.151081085205078
296,12.226191520690918
297,12.332063674926758
298,12.312079429626465
299,12.35984992980957
300,12.48392391204834
301,12.29636001586914
302,12.295452117919922
303,12.907085418701172
304,12.74772834777832
305,12.74230670928955
306,12.816031455993652
307,12.893917083740234
308,12.816590309143066
309,12.898165702819824
310,12.934895515441895
311,12.946585655212402
312,12.95292854309082
313,12.845409393310547
314,12.923184394836426
315,12.936135292053223
316,12.883956909179688
317,12.863567352294922
318,12.930670738220215
319,12.951810836791992
320,12.839599609375
321,12.845660209655762
322,12.860492706298828
323,12.875258445739746
324,12.956404685974121
325,12.811591148376465
326,12.750856399536133
327,12.712716102600098
328,12.348946571350098
329,12.308528900146484
330,12.173216819763184
331,12.172584533691406
332,12.15119743347168
333,12.178343772888184
334,12.16370677947998
335,12.176453590393066
336,12.142659187316895
337,12.151495933532715
338,12.154439926147461
339,12.144556045532227
340,12.174395561218262
341,12.204524040222168
342,12.226448059082031
343,12.265661239624023
344,12.244966506958008
345,12.349233627319336
346,12.603764533996582
347,12.640984535217285
348,12.776834487915039
349,12.859522819519043
350,12.86628532409668
351,12.830462455749512
352,12.553175926208496
353,12.492916107177734
354,12.396797180175781
355,12.284046173095703
356,12.265278816223145
357,12.530562400817871
358,12.77585506439209
359,12.432934761047363
360,12.45251178741455
361,12.368470191955566
362,12.217476844787598
363,12.154226303100586
364,12.14204216003418
365,12.136466026306152
366,12.138318061828613
367,12.133220672607422
368,12.138654708862305
369,12.133233070373535
370,12.14423656463623
371,12.132489204406738
372,12.172364234924316
373,12.248538970947266
374,12.244235038757324
375,12.273193359375
376,12.356664657592773
377,12.356234550476074
378,12.286093711853027
379,12.189165115356445
380,12.181182861328125
381,12.21938705444336
382,12.176678657531738
383,12.223358154296875
384,12.100522994995117
385,12.091554641723633
386,12.092214584350586
387,12.086148262023926
388,12.09019660949707
389,12.087605476379395
390,12.104083061218262
391,12.100915908813477
392,12.089072227478027
393,12.084568977355957
394,12.087759971618652
395,12.0868501663208
396,12.090825080871582
397,12.088796615600586
398,12.084559440612793
399,12.082279205322266
400,12.079951286315918
401,12.080004692077637
402,12.092144966125488
403,12.117563247680664
404,12.119475364685059
405,12.122838020324707
406,12.172123908996582
407,12.18480110168457
408,12.129225730895996
409,12.162796974182129
410,12.170372009277344
411,12.085674285888672
412,12.085623741149902
413,12.120912551879883
414,12.258795738220215
415,12.410492897033691
416,12.317427635192871
417,12.179620742797852
418,12.197013854980469
419,12.166605949401855
420,12.09988021850586
421,12.157538414001465
422,12.140668869018555
423,12.11835765838623
424,12.093365669250488
425,12.079720497131348
426,12.085582733154297
427,12.093934059143066
428,12.086286544799805
429,12.0989351272583
430,12.101114273071289
431,12.0890531539917
432,12.078405380249023
433,12.10208797454834
434,12.093976974487305
435,12.134851455688477
436,12.288941383361816
437,12.313961029052734
438,12.098316192626953
439,12.17739200592041
440,12.247007369995117
441,12.10472297668457
442,12.113812446594238
443,12.219776153564453
444,12.270452499389648
445,12.204819679260254
446,12.194601058959961
447,12.198235511779785
448,12.318707466125488
449,12.562548637390137
450,12.480124473571777
451,12.659582138061523
452,12.671571731567383
453,12.620758056640625
454,12.5186767578125
455,12.544288635253906
456,12.504602432250977
457,12.258476257324219
458,12.323927879333496
459,12.297266960144043
460,12.221532821655273
461,12.126070976257324
462,12.144672393798828
463,12.093598365783691
464,12.083182334899902
465,12.132023811340332
466,12.13497543334961
467,12.330100059509277
468,12.308040618896484
469,12.433552742004395
470,12.51467514038086
471,12.70860481262207
472,12.640219688415527
473,12.659268379211426
474,12.653125762939453
475,12.731698036193848
476,12.669360160827637
477,12.653274536132812
478,12.662758827209473
479,12.473099708557129
480,12.454262733459473
481,12.5255126953125
482,12.58133316040039
483,12.672806739807129
484,12.781631469726562
485,12.81004524230957
486,12.756793975830078
487,12.759843826293945
488,12.611467361450195
489,12.539826393127441
490,12.284252166748047
491,12.247830390930176
492,12.336126327514648
493,12.126065254211426
494,12.095109939575195
495,12.113066673278809
496,12.113215446472168
497,12.107592582702637
498,12.110631942749023
499,12.1104736328125
500,13.461076736450195
501,13.465428352355957
502,13.473844528198242
503,13.46174430847168
504,13.513690948486328
505,13.462719917297363
506,13.467292785644531
507,13.494754791259766
508,13.505779266357422
509,13.503510475158691
510,13.527214050292969
511,13.50339412689209
512,13.47523307800293
513,13.470419883728027
514,13.46777629852295
515,13.462091445922852
516,13.464073181152344
517,13.46407413482666
518,13.518871307373047
519,13.470135688781738
520,13.50481128692627
521,13.51513957977295
522,13.579734802246094
523,13.515074729919434
524,13.639548301696777
525,13.762709617614746
526,13.928109169006348
527,13.934582710266113
528,13.919071197509766
529,13.840217590332031
530,13.816987037658691
531,13.806994438171387
532,13.817460060119629
533,13.869589805603027
534,13.758689880371094
535,13.609617233276367
536,13.677496910095215
537,13.64374828338623
538,13.601011276245117
539,13.583661079406738
540,13.53412914276123
541,13.514642715454102
542,13.532615661621094
543,13.57629680633545
544,13.613587379455566
545,13.600810050964355
546,13.635651588439941
547,13.726251602172852
548,13.779096603393555
549,13.605000495910645
550,13.54634952545166
551,13.579731941223145
552,13.5986967086792
553,13.66632080078125
554,13.645313262939453
555,13.895552635192871
556,13.778899192810059
557,13.749198913574219
558,13.691093444824219
559,13.674339294433594
560,13.780086517333984
561,13.663839340209961
562,13.615680694580078
563,13.626194953918457
564,13.60908031463623
565,13.647716522216797
566,13.680673599243164
567,13.677447319030762
568,13.619182586669922
569,13.586041450500488
570,13.665543556213379
571,13.599102973937988
572,13.579179763793945
573,13.694791793823242
574,14.014022827148438
575,14.048937797546387
576,14.019390106201172
577,14.017231941223145
578,14.06289005279541
579,14.169577598571777
580,14.094022750854492
581,13.978095054626465
582,13.988576889038086
583,13.95724868774414
584,13.772483825683594
585,13.78332233428955
586,13.760659217834473
587,13.82643985748291
588,14.186386108398438
589,14.144227027893066
590,13.718093872070312
591,13.676483154296875
592,13.608519554138184
593,13.622515678405762
594,13.847980499267578
595,13.635444641113281
596,13.590738296508789
597,13.626060485839844
598,13.64276123046875
599,13.623896598815918
600,14.134371757507324
601,14.388419151306152
602,14.417387008666992
603,14.367307662963867
604,14.43670654296875
605,14.427648544311523
606,14.20115852355957
607,14.128196716308594
608,13.97308349609375
609,14.02035903930664
610,13.900665283203125
611,13.92774486541748
612,13.810402870178223
613,14.165019035339355
614,14.172341346740723
615,13.916548728942871
616,13.933403968811035
617,13.7988920211792
618,13.778114318847656
619,13.793106079101562
620,14.09050464630127
621,13.94074535369873
622,13.863356590270996
623,13.959986686706543
624,13.791214942932129
625,13.76015567779541
626,13.774949073791504
627,14.534255981445312
628,14.553650856018066
629,14.425178527832031
630,14.340193748474121
631,14.737137794494629
632,14.809226989746094
633,14.830187797546387
634,14.756864547729492
635,14.694212913513184
636,14.630464553833008
637,14.321709632873535
638,14.323009490966797
639,14.249267578125
640,14.164196968078613
641,14.104425430297852
642,14.05236530303955
643,14.144911766052246
644,14.206648826599121
645,14.289127349853516
646,14.381824493408203
647,14.362499237060547
648,14.350483894348145
649,14.418067932128906
650,14.512815475463867
651,14.8439359664917
652,15.020047187805176
653,15.943109512329102
654,15.522191047668457
655,15.554854393005371
656,15.638961791992188
657,15.695490837097168
658,15.843010902404785
659,15.922271728515625
660,15.926828384399414
661,16.081430435180664
662,16.03341293334961
663,16.095478057861328
664,16.230457305908203
665,16.245563507080078
666,16.5504093170166
667,16.580642700195312
668,16.85394859313965
669,16.489809036254883
670,16.39397621154785
671,16.660789489746094
672,15.646626472473145
673,15.94329833984375
674,16.10413360595703
675,15.796074867248535
676,15.378565788269043
677,15.401883125305176
678,15.789824485778809
679,15.089910507202148
680,15.162223815917969
681,15.944628715515137
682,16.00798797607422
683,15.686004638671875
684,15.257948875427246
685,15.295536041259766
686,15.674495697021484
687,15.88106632232666
688,15.944640159606934
689,16.07196617126465
690,16.056537628173828
691,16.26030731201172
692,16.12812614440918
693,16.18960952758789
694,16.181190490722656
695,16.28312110900879
696,16.332386016845703
697,16.148948669433594
698,16.063562393188477
699,16.002185821533203
700,15.908524513244629
701,15.89963436126709
702,15.984068870544434
703,15.827498435974121
704,16.053682327270508
705,15.96312427520752
706,16.087682723999023
707,16.094465255737305
708,16.383092880249023
709,16.64776039123535
710,16.633468627929688
711,16.643020629882812
712,16.698522567749023
713,16.664596557617188
714,16.611148834228516
715,16.55209732055664
716,16.429733276367188
717,16.396438598632812
718,16.675331115722656
719,16.666215896606445
720,16.700590133666992
721,16.807035446166992
722,16.71222496032715
723,16.623077392578125
724,16.574254989624023
725,16.55850601196289
726,16.683069229125977
727,16.646345138549805
728,16.688438415527344
729,16.742475509643555
730,16.75305938720703
731,16.764942169189453
732,16.854040145874023
733,16.739408493041992
734,16.70616912841797
735,16.64671516418457
736,16.99860191345215
737,17.033771514892578
738,17.027238845825195
739,16.98899269104004
740,17.029516220092773
741,17.069910049438477
742,17.052690505981445
743,16.991540908813477
744,16.97793960571289
745,17.048873901367188
746,17.023155212402344
747,16.8870792388916
748,17.00187873840332
749,16.961061477661133
750,16.936878204345703
751,16.9088077545166
752,16.764020919799805
753,16.775291442871094
754,16.641338348388672
755,16.673582077026367
756,16.666128158569336
757,16.78297996520996
758,16.516881942749023
759,16.574626922607422
760,16.56317138671875
761,16.24948501586914
762,16.817346572875977
763,16.714160919189453
764,16.749977111816406
765,16.682592391967773
766,16.775821685791016
767,16.75353240966797
768,16.82164192199707
769,16.862777709960938
770,16.956159591674805
771,16.9128475189209
772,16.78546142578125
773,16.781906127929688
774,16.625751495361328
775,16.69437026977539
776,16.729591369628906
777,16.674062728881836
778,16.82680320739746
779,16.666257858276367
780,16.535856246948242
781,16.57515525817871
782,16.60250473022461
783,16.6053409576416
784,16.017717361450195
785,16.35902976989746
786,16.192127227783203
787,16.108888626098633
788,16.030107498168945
789,16.702404022216797
790,16.697067260742188
791,16.761789321899414
792,16.67374038696289
793,16.583200454711914
794,16.25360679626465
795,16.38164520263672
796,16.358692169189453
797,16.372896194458008
798,16.3901424407959
799,16.3428897857666
800,16.327587127685547
801,16.20073890686035
802,16.21635627746582
803,16.51045036315918
804,16.441730499267578
805,16.36355972290039
806,16.235088348388672
807,16.116775512695312
808,16.097625732421875
809,16.138837814331055
810,16.137374877929688
811,16.113567352294922
812,16.150659561157227
813,16.09778594970703
814,16.258502960205078
815,16.15934944152832
816,16.306264877319336
817,16.320247650146484
818,16.376079559326172
819,16.739883422851562
820,16.61476707458496
821,16.475868225097656
822,16.05015754699707
823,16.25102996826172
824,16.077905654907227
825,16.013010025024414
826,16.050586700439453
827,16.07244110107422
828,15.722481727600098
829,15.531926155090332
830,15.531429290771484
831,15.50283432006836
832,15.175704956054688
833,15.622795104980469
834,15.10152816772461
835,15.38597583770752
836,15.048883438110352
837,15.046902656555176
838,15.106019973754883
839,15.117589950561523
840,15.093147277832031
841,16.118669509887695
842,15.918609619140625
843,15.822525024414062
844,15.782508850097656
845,15.939385414123535
846,15.905254364013672
847,15.435139656066895
848,15.4864501953125
849,15.54992389678955
850,15.642868995666504
851,15.536571502685547
852,15.890731811523438
853,15.849350929260254
854,15.693867683410645
855,15.687745094299316
856,15.725076675415039
857,15.681418418884277
858,15.572118759155273
859,15.647869110107422
860,15.460222244262695
861,15.52584457397461
862,15.778929710388184
863,15.973197937011719
864,15.779266357421875
865,15.555505752563477
866,15.715331077575684
867,15.895415306091309
868,15.597810745239258
869,15.938196182250977
870,16.57658576965332
871,16.62203025817871
872,16.632061004638672
873,16.51121711730957
874,16.514572143554688
875,16.615612030029297
876,16.661531448364258
877,16.625940322875977
878,16.439254760742188
879,16.402070999145508
880,16.83246612548828
881,16.736440658569336
882,16.78558349609375
883,16.860034942626953
884,16.84249496459961
885,16.696041107177734
886,16.659751892089844
887,16.59954261779785
888,16.644874572753906
889,16.605274200439453
890,16.634925842285156
891,16.647573471069336
892,16.66110610961914
893,16.79259490966797
894,16.847116470336914
895,16.796066284179688
896,16.81754493713379
897,16.733474731445312
898,16.670530319213867
899,16.861690521240234
900,16.686189651489258
901,16.67239761352539
902,16.537141799926758
903,16.53891944885254
904,16.61566734313965
905,16.512235641479492
906,16.525863647460938
907,16.593656539916992
908,16.55157470703125
909,16.26260757446289
910,16.26863670349121
911,16.318857192993164
912,16.41453742980957
913,16.323917388916016
914,16.470338821411133
915,16.810871124267578
916,16.8316650390625
917,16.797386169433594
918,16.83622169494629
919,16.834890365600586
920,16.968425750732422
921,16.89023780822754
922,16.847923278808594
923,16.83572006225586
924,16.835723876953125
925,16.731685638427734
926,16.68047332763672
927,16.621570587158203
928,16.599376678466797
929,16.210311889648438
930,16.075298309326172
931,16.212663650512695
932,16.252216339111328
933,16.55638885498047
934,16.504852294921875
935,16.4626407623291
936,16.156091690063477
937,16.133913040161133
938,16.072229385375977
939,16.05010986328125
940,16.02039337158203
941,16.133953094482422
942,16.188663482666016
943,16.001144409179688
944,16.135610580444336
945,16.184770584106445
946,16.24872589111328
947,16.204526901245117
948,16.35515785217285
949,16.137035369873047
950,16.168304443359375
951,16.23054313659668
952,16.142974853515625
953,16.281354904174805
954,16.391996383666992
955,16.47947120666504
956,16.524351119995117
957,16.590930938720703
958,16.641233444213867
959,16.637710571289062
960,16.613618850708008
961,16.613975524902344
962,16.65860366821289
963,16.621440887451172
964,16.639965057373047
965,16.649789810180664
966,16.5400447845459
967,16.551084518432617
968,16.457609176635742
969,16.426498413085938
970,16.383426666259766
971,16.523942947387695
972,16.576316833496094
973,16.367345809936523
974,16.448843002319336
975,16.405235290527344
976,16.381301879882812
977,16.26378059387207
978,16.553691864013672
979,16.34565544128418
980,16.45154571533203
981,16.43973159790039
982,16.37677764892578
983,16.346994400024414
984,16.318092346191406
985,16.31084632873535
986,16.28923225402832
987,16.230003356933594
988,16.22338104248047
989,16.28925323486328
990,16.296659469604492
991,16.379684448242188
992,16.466554641723633
993,16.507699966430664
994,16.28774642944336
995,16.170907974243164
996,16.320484161376953
997,16.439048767089844
998,16.229122161865234
999,16.122947692871094
1000,16.895761489868164
1001,16.860218048095703
1002,16.950136184692383
1003,16.684432983398438
1004,16.692184448242188
1005,17.066726684570312
1006,17.104522705078125
1007,17.15604591369629
1008,17.094831466674805
1009,17.493682861328125
1010,17.520097732543945
1011,17.51177215576172
1012,17.535287857055664
1013,17.466388702392578
1014,17.487478256225586
1015,17.457080841064453
1016,17.416406631469727
1017,17.320344924926758
1018,17.337827682495117
1019,17.149450302124023
1020,17.154705047607422
1021,17.141643524169922
1022,16.968008041381836
1023,16.982677459716797
1024,17.378353118896484
1025,17.3803768157959
1026,17.160808563232422
1027,16.959077835083008
1028,16.923311233520508
1029,17.169677734375
1030,17.081180572509766
1031,17.3541316986084
1032,17.632457733154297
1033,17.621076583862305
1034,17.63727569580078
1035,17.69905662536621
1036,17.699995040893555
1037,17.695926666259766
1038,17.692808151245117
1039,17.705482482910156
1040,17.708518981933594
1041,17.727741241455078
1042,17.738147735595703
1043,17.73281478881836
1044,17.707134246826172
1045,17.695947647094727
1046,17.622121810913086
1047,17.61600112915039
1048,17.642467498779297
1049,17.61951446533203
1050,17.600027084350586
1051,17.703962326049805
1052,17.58074951171875
1053,17.64055824279785
1054,17.74526023864746
1055,17.78174591064453
1056,17.74098014831543
1057,17.740253448486328
1058,17.7519474029541
1059,17.721698760986328
1060,17.686412811279297
1061,17.664453506469727
1062,17.62145233154297
1063,17.61361312866211
1064,17.663578033447266
1065,17.677690505981445
1066,17.795969009399414
1067,17.809242248535156
1068,17.84099769592285
1069,17.85431480407715
1070,17.921815872192383
1071,17.83558464050293
1072,17.800138473510742
1073,17.83182716369629
1074,17.862171173095703
1075,17.852163314819336
1076,17.837627410888672
1077,17.870697021484375
1078,17.821611404418945
1079,17.805816650390625
1080,17.827484130859375
1081,17.731624603271484
1082,17.727807998657227
1083,17.651796340942383
1084,17.761415481567383
1085,17.758045196533203
1086,17.828847885131836
1087,17.878644943237305
1088,17.85594367980957
1089,17.874380111694336
1090,17.812572479248047
1091,17.77161979675293
1092,17.804941177368164
1093,17.811412811279297
1094,17.83333969116211
1095,17.84868049621582
1096,17.839839935302734
1097,17.840824127197266
1098,17.818416595458984
1099,17.828170776367188
1100,17.809141159057617
1101,17.845605850219727
1102,17.794923782348633
1103,17.857099533081055
1104,17.842443466186523
1105,17.83884048461914
1106,17.831462860107422
1107,17.87986946105957
1108,17.859832763671875
1109,17.847333908081055
1110,17.8332576751709
1111,17.798967361450195
1112,17.790386199951172
1113,17.79242706298828
1114,17.792713165283203
1115,17.836957931518555
1116,17.82898712158203
1117,17.846874237060547
1118,17.853897094726562
1119,17.85908317565918
1120,17.840543746948242
1121,17.8073673248291
1122,17.800718307495117
1123,17.858951568603516
1124,17.83652687072754
1125,17.864906311035156
1126,17.863679885864258
1127,17.826786041259766
1128,17.82708740234375
1129,17.8367919921875
1130,17.8468074798584
1131,17.847261428833008
1132,17.866283416748047
1133,17.85438346862793
1134,17.846532821655273
1135,17.90450668334961
1136,17.82038688659668
1137,17.799705505371094
1138,17.826065063476562
1139,17.764972686767578
1140,17.83148765563965
1141,17.7769775390625
1142,17.759183883666992
1143,17.800519943237305
1144,17.801652908325195
1145,17.787429809570312
1146,17.79347038269043
1147,17.808223724365234
1148,17.80179214477539
1149,17.779212951660156
1150,17.780731201171875
1151,17.79895782470703
1152,17.855876922607422
1153,17.836885452270508
1154,17.808645248413086
1155,17.83079719543457
1156,17.854549407958984
1157,17.835233688354492
1158,17.80061149597168
1159,17.861175537109375
1160,17.844263076782227
1161,17.855039596557617
1162,17.843435287475586
1163,17.84680938720703
1164,17.861705780029297
1165,17.813220977783203
1166,17.81256675720215
1167,17.785478591918945
1168,17.823095321655273
1169,17.78634262084961
1170,17.84308433532715
1171,17.854778289794922
1172,17.849380493164062
1173,17.90613555908203
1174,17.895526885986328
1175,17.931642532348633
1176,17.93276596069336
1177,17.863130569458008
1178,17.87397575378418
1179,17.877153396606445
1180,17.872146606445312
1181,17.863819122314453
1182,17.882892608642578
1183,17.855911254882812
1184,17.832962036132812
1185,17.87996482849121
1186,17.811796188354492
1187,17.82316017150879
1188,17.831937789916992
1189,17.906789779663086
1190,17.889259338378906
1191,17.882230758666992
1192,17.783851623535156
1193,17.83214569091797
1194,17.845308303833008
1195,17.83418083190918
1196,17.844219207763672
1197,17.864233016967773
1198,17.88075065612793
1199,17.8718204498291
1200,17.84381103515625
1201,17.859102249145508
1202,17.758790969848633
1203,17.739234924316406
1204,17.81248664855957
1205,17.785324096679688
1206,17.807212829589844
1207,17.80068588256836
1208,17.785009384155273
1209,17.79174041748047
1210,17.812442779541016
1211,17.736268997192383
1212,17.786279678344727
1213,17.826393127441406
1214,17.79344367980957
1215,17.784311294555664
1216,17.81215476989746
1217,17.783401489257812
1218,17.8316650390625
1219,17.759872436523438
1220,17.798749923706055
1221,17.820098876953125
1222,17.791213989257812
1223,17.827369689941406
1224,17.849157333374023
1225,17.78826332092285
1226,17.67033576965332
1227,17.40753936767578
1228,17.21770477294922
1229,17.167465209960938
1230,17.161556243896484
1231,16.94872283935547
1232,17.01073455810547
1233,16.84798240661621
1234,16.73676872253418
1235,16.76594352722168
1236,16.770484924316406
1237,16.760499954223633
1238,16.735273361206055
1239,16.773698806762695
1240,16.764097213745117
1241,16.684289932250977
1242,16.777511596679688
1243,16.76493263244629
1244,16.765228271484375
1245,16.81097984313965
1246,16.67748260498047
1247,16.707183837890625
1248,16.684450149536133
1249,16.604101181030273
1250,16.578493118286133
1251,16.547468185424805
1252,16.578275680541992
1253,16.539583206176758
1254,16.547210693359375
1255,16.534929275512695
1256,16.504480361938477
1257,16.511194229125977
1258,16.54498863220215
1259,16.669946670532227
1260,16.692533493041992
1261,16.618179321289062
1262,16.6447696685791
1263,16.598474502563477
1264,16.5941104888916
1265,16.573875427246094
1266,16.56637191772461
1267,16.593961715698242
1268,16.652624130249023
1269,16.651519775390625
1270,16.700550079345703
1271,16.69053077697754
1272,16.630826950073242
1273,16.632890701293945
1274,16.668664932250977
1275,16.619998931884766
1276,16.61461639404297
1277,16.711002349853516
1278,16.740957260131836
1279,17.000247955322266
1280,16.929197311401367
1281,17.04132843017578
1282,17.073774337768555
1283,17.027297973632812
1284,16.980539321899414
1285,17.062885284423828
1286,16.855531692504883
1287,16.9465389251709
1288,16.93930435180664
1289,16.847412109375
1290,16.816970825195312
1291,16.751596450805664
1292,16.703229904174805
1293,16.982696533203125
1294,16.96587371826172
1295,16.6668758392334
1296,16.748876571655273
1297,16.70349884033203
1298,16.817359924316406
1299,16.87941551208496
1300,17.538312911987305
1301,17.505767822265625
1302,17.5262508392334
1303,17.478052139282227
1304,17.527114868164062
1305,17.490646362304688
1306,17.487672805786133
1307,17.459026336669922
1308,17.44546890258789
1309,17.461862564086914
1310,17.3333683013916
1311,17.28321075439453
1312,17.213899612426758
1313,17.14579963684082
1314,17.124807357788086
1315,17.419784545898438
1316,17.17397117614746
1317,17.093460083007812
1318,17.082918167114258
1319,17.097183227539062
1320,17.063737869262695
1321,17.089502334594727
1322,17.14722442626953
1323,17.022445678710938
1324,16.983379364013672
1325,17.003488540649414
1326,17.056440353393555
1327,17.591463088989258
1328,17.336715698242188
1329,17.296977996826172
1330,17.142385482788086
1331,17.394254684448242
1332,17.43744659423828
1333,17.43665313720703
1334,17.298437118530273
1335,17.18389320373535
1336,17.185501098632812
1337,17.228809356689453
1338,17.442567825317383
1339,17.125080108642578
1340,17.111465454101562
1341,17.16921043395996
1342,17.183664321899414
1343,17.17145347595215
1344,17.096145629882812
1345,17.193363189697266
1346,17.196229934692383
1347,17.40086555480957
1348,17.30649185180664
1349,17.193565368652344
1350,17.192813873291016
1351,16.97602653503418
1352,17.101194381713867
1353,17.010841369628906
1354,16.99189567565918
1355,17.093542098999023
1356,16.965665817260742
1357,17.016586303710938
1358,17.090179443359375
1359,17.03750228881836
1360,17.013042449951172
1361,17.028226852416992
1362,17.15264129638672
1363,17.162179946899414
1364,17.068180084228516
1365,17.03559112548828
1366,16.971967697143555
1367,16.99903678894043
1368,17.053714752197266
1369,17.116344451904297
1370,17.117284774780273
1371,17.028709411621094
1372,17.007858276367188
1373,16.95890235900879
1374,16.965524673461914
1375,17.007863998413086
1376,16.926185607910156
1377,17.013507843017578
1378,17.064584732055664
1379,16.91061782836914
1380,16.97622299194336
1381,17.368318557739258
1382,17.07365608215332
1383,16.89460563659668
1384,16.871366500854492
1385,16.807878494262695
1386,16.856525421142578
1387,16.839000701904297
1388,16.90060043334961
1389,16.848041534423828
1390,16.887813568115234
1391,16.846782684326172
1392,16.812362670898438
1393,16.81462287902832
1394,16.772825241088867
1395,16.80757713317871
1396,16.766695022583008
1397,16.74110221862793
1398,16.811763763427734
1399,16.800430297851562
1400,16.7626895904541
1401,16.91672134399414
1402,16.902952194213867
1403,16.785198211669922
1404,16.796409606933594
1405,17.159330368041992
1406,17.494436264038086
1407,17.548154830932617
1408,17.249446868896484
1409,17.057353973388672
1410,17.013368606567383
1411,17.17799186706543
1412,17.13203239440918
1413,17.08138656616211
1414,17.40018653869629
1415,17.258806228637695
1416,17.177013397216797
1417,17.13503074645996
1418,17.18325424194336
1419,17.016155242919922
1420,17.298934936523438
1421,16.983455657958984
1422,16.986806869506836
1423,16.915163040161133
1424,16.951793670654297
1425,16.987913131713867
1426,16.91349220275879
1427,16.859451293945312
1428,16.898542404174805
1429,16.902544021606445
1430,16.89409637451172
1431,16.942975997924805
1432,17.052284240722656
1433,16.918224334716797
1434,17.172826766967773
1435,16.87285804748535
1436,16.870019912719727
1437,16.77623176574707
1438,16.726821899414062
1439,16.782405853271484
1440,16.749555587768555
1441,16.68332290649414
1442,16.785398483276367
1443,16.79947280883789
1444,16.77300262451172
1445,16.692411422729492
1446,16.595909118652344
1447,16.58576011657715
1448,16.621702194213867
1449,16.61567497253418
1450,16.618139266967773
1451,16.697612762451172
1452,16.728607177734375
1453,16.767337799072266
1454,16.773820877075195
1455,16.801780700683594
1456,16.959800720214844
1457,16.945005416870117
1458,17.070945739746094
1459,17.262033462524414
1460,17.3231258392334
1461,17.0865421295166
1462,17.204421997070312
1463,17.119104385375977
1464,16.948091506958008
1465,16.851089477539062
1466,17.003450393676758
1467,17.0970401763916
1468,16.921884536743164
1469,16.91753578186035
1470,16.79408836364746
1471,16.83388328552246
1472,16.80558967590332
1473,16.78087043762207
1474,16.733739852905273
1475,16.778207778930664
1476,16.791017532348633
1477,16.968753814697266
1478,17.117656707763672
1479,17.130022048950195
1480,16.95397186279297
1481,16.929243087768555
1482,16.811464309692383
1483,16.819520950317383
1484,16.81358528137207
1485,16.949512481689453
1486,16.89484977722168
1487,17.097694396972656
1488,17.065736770629883
1489,16.798250198364258
1490,16.727148056030273
1491,16.862464904785156
1492,16.99434471130371
1493,17.029476165771484
1494,17.10377311706543
1495,17.20366668701172
1496,17.500272750854492
1497,17.44870376586914
1498,17.36932945251465
1499,17.52173614501953
1500,17.28245735168457
1501,17.23624038696289
1502,17.280447006225586
1503,17.2829647064209
1504,17.261608123779297
1505,17.32282066345215
1506,17.39504623413086
1507,17.21255111694336
1508,17.11492919921875
1509,17.128780364990234
1510,17.13318634033203
1511,17.172447204589844
1512,17.245460510253906
1513,17.254234313964844
1514,17.26850128173828
1515,17.33997344970703
1516,17.434274673461914
1517,17.32536506652832
1518,17.405513763427734
1519,17.467580795288086
1520,17.49540901184082
1521,17.519264221191406
1522,17.592937469482422
1523,17.53879165649414
1524,17.6560115814209
1525,17.62942123413086
1526,17.71328353881836
1527,17.671777725219727
1528,17.697437286376953
1529,17.616863250732422
1530,17.645919799804688
1531,17.524105072021484
1532,17.63430404663086
1533,17.647214889526367
1534,17.656599044799805
1535,17.574050903320312
1536,17.653564453125
1537,17.762359619140625
1538,17.721206665039062
1539,17.697772979736328
1540,17.734954833984375
1541,17.704458236694336
1542,17.757287979125977
1543,17.887971878051758
1544,17.699970245361328
1545,17.622753143310547
1546,17.667322158813477
1547,17.69535255432129
1548,17.705533981323242
1549,17.73015594482422
1550,17.701326370239258
1551,17.671083450317383
1552,17.543643951416016
1553,17.486614227294922
1554,17.511211395263672
1555,17.587411880493164
1556,17.607254028320312
1557,17.629444122314453
1558,17.549867630004883
1559,17.49195671081543
1560,17.456262588500977
1561,17.332040786743164
1562,17.28392219543457
1563,17.2503604888916
1564,17.354684829711914
1565,17.5594539642334
1566,17.629257202148438
1567,17.629310607910156
1568,17.5052547454834
1569,17.712566375732422
1570,17.18292236328125
1571,16.946989059448242
1572,16.874574661254883
1573,17.10386085510254
1574,17.024614334106445
1575,16.930814743041992
1576,16.89649200439453
1577,16.90816879272461
1578,16.966400146484375
1579,16.945369720458984
1580,17.163013458251953
1581,17.127580642700195
1582,17.14607048034668
1583,17.20191192626953
1584,17.14460563659668
1585,17.174524307250977
1586,17.178464889526367
1587,17.164752960205078
1588,17.08428955078125
1589,17.090728759765625
1590,17.091524124145508
1591,17.002992630004883
1592,17.05504035949707
1593,17.32795524597168
1594,17.1697940826416
1595,17.225059509277344
1596,17.1834716796875
1597,17.505172729492188
1598,17.4990177154541
1599,17.490182876586914
1600,17.52747917175293
1601,17.510231018066406
1602,17.516950607299805
1603,17.580604553222656
1604,17.614253997802734
1605,17.55864715576172
1606,17.57338523864746
1607,17.637866973876953
1608,17.644542694091797
1609,17.64537239074707
1610,17.61810874938965
1611,17.721378326416016
1612,17.62932777404785
1613,17.614370346069336
1614,17.58856201171875
1615,17.529016494750977
1616,17.496450424194336
1617,17.53986167907715
1618,17.540613174438477
1619,17.463891983032227
1620,17.51946258544922
1621,17.530046463012695
1622,17.543376922607422
1623,17.50905990600586
1624,17.631023406982422
1625,17.680335998535156
1626,17.6273136138916
1627,17.66731071472168
1628,17.608949661254883
1629,17.58530044555664
1630,17.608266830444336
1631,17.590845108032227
1632,17.59239959716797
1633,17.593685150146484
1634,17.620744705200195
1635,17.5755672454834
1636,17.58995819091797
1637,17.631746292114258
1638,17.584041595458984
1639,17.622236251831055
1640,17.597431182861328
1641,17.594560623168945
1642,17.618375778198242
1643,17.584047317504883
1644,17.804872512817383
1645,17.711877822875977
1646,17.746082305908203
1647,17.788042068481445
1648,17.762908935546875
1649,17.467741012573242
1650,17.0831298828125
1651,17.417919158935547
1652,17.433013916015625
1653,16.942867279052734
1654,16.859529495239258
1655,16.698020935058594
1656,16.74040412902832
1657,16.83257484436035
1658,16.697307586669922
1659,16.78298568725586
1660,16.673425674438477
1661,16.65514373779297
1662,16.714065551757812
1663,16.78272247314453
1664,16.74517059326172
1665,16.732885360717773
1666,16.784013748168945
1667,16.603330612182617
1668,16.541645050048828
1669,16.5455265045166
1670,16.396760940551758
1671,16.439077377319336
1672,16.553625106811523
1673,16.7431583404541
1674,16.773881912231445
1675,16.80866241455078
1676,16.815486907958984
1677,16.701507568359375
1678,16.849729537963867
1679,16.623071670532227
1680,16.69472312927246
1681,16.856372833251953
1682,16.813066482543945
1683,16.729511260986328
1684,16.652990341186523
1685,16.599655151367188
1686,16.567893981933594
1687,16.569746017456055
1688,16.4879150390625
1689,16.41739845275879
1690,16.439769744873047
1691,16.380125045776367
1692,16.379674911499023
1693,16.40144157409668
1694,16.410411834716797
1695,16.57525062561035
1696,16.50016975402832
1697,16.544336318969727
1698,16.54904556274414
1699,16.51299476623535
1700,16.494630813598633
1701,16.536771774291992
1702,16.537715911865234
1703,16.507999420166016
1704,16.574119567871094
1705,16.599609375
1706,16.78660774230957
1707,16.68048667907715
1708,16.75690460205078
1709,16.712993621826172
1710,16.667177200317383
1711,16.712474822998047
1712,16.591289520263672
1713,16.506515502929688
1714,16.54051399230957
1715,16.632287979125977
1716,16.599830627441406
1717,16.630088806152344
1718,16.58165740966797
1719,16.588544845581055
1720,16.74160385131836
1721,16.94931411743164
1722,16.89625358581543
1723,16.895706176757812
1724,16.946186065673828
1725,16.956844329833984
1726,16.916553497314453
1727,16.932802200317383
1728,17.107452392578125
1729,17.20878028869629
1730,17.196819305419922
1731,17.24737548828125
1732,17.323810577392578
1733,17.38593292236328
1734,17.380268096923828
1735,17.400012969970703
1736,17.398427963256836
1737,17.324119567871094
1738,17.209688186645508
1739,17.18091583251953
1740,17.321176528930664
1741,17.24209976196289
1742,17.240886688232422
1743,17.238773345947266
1744,17.223800659179688
1745,17.260072708129883
1746,17.350292205810547
1747,17.270618438720703
1748,17.272953033447266
1749,17.263235092163086
1750,17.237485885620117
1751,17.224620819091797
1752,17.252777099609375
1753,17.22901725769043
1754,17.198104858398438
1755,17.251312255859375
1756,17.18068504333496
1757,17.165666580200195
1758,17.052587509155273
1759,17.195405960083008
1760,16.515581130981445
1761,16.50825309753418
1762,16.622587203979492
1763,16.522180557250977
1764,16.419607162475586
1765,16.396018981933594
1766,16.703271865844727
1767,16.70258331298828
1768,16.756383895874023
1769,16.73172378540039
1770,16.66958236694336
1771,16.79339027404785
1772,16.69889259338379
1773,16.949907302856445
1774,16.86158561706543
1775,16.876352310180664
1776,16.888765335083008
1777,16.869516372680664
1778,16.941619873046875
1779,16.794979095458984
1780,16.937448501586914
1781,16.769132614135742
1782,16.726215362548828
1783,16.732614517211914
1784,16.75328826904297
1785,16.90190315246582
1786,16.939796447753906
1787,17.045204162597656
1788,16.833110809326172
1789,16.735929489135742
1790,16.79593849182129
1791,16.737625122070312
1792,16.78522491455078
1793,16.95134925842285
1794,16.7598819732666
1795,16.988502502441406
1796,16.894790649414062
1797,16.849227905273438
1798,16.73561668395996
1799,16.725265502929688
1800,16.753463745117188
1801,16.58562660217285
1802,16.53875732421875
1803,16.517480850219727
1804,16.473896026611328
1805,16.488311767578125
1806,16.360998153686523
1807,16.2879638671875
1808,16.267221450805664
1809,16.193531036376953
1810,16.20269012451172
1811,16.159439086914062
1812,16.173072814941406
1813,16.095815658569336
1814,16.082286834716797
1815,16.065288543701172
1816,16.161659240722656
1817,16.39593505859375
1818,16.369958877563477
1819,16.341081619262695
1820,16.269786834716797
1821,16.267086029052734
1822,16.26247787475586
1823,16.273941040039062
1824,16.35434341430664
1825,16.41171646118164
1826,16.404518127441406
1827,16.492841720581055
1828,16.60618019104004
1829,16.58243751525879
1830,16.595308303833008
1831,16.522401809692383
1832,16.5775146484375
1833,16.55589485168457
1834,16.39003562927246
1835,16.34108543395996
1836,16.281414031982422
1837,16.296855926513672
1838,16.3358097076416
1839,16.72689437866211
1840,16.911996841430664
1841,16.91377830505371
1842,16.892269134521484
1843,16.914838790893555
1844,16.927764892578125
1845,16.933673858642578
1846,16.912700653076172
1847,16.85441017150879
1848,16.843050003051758
1849,16.812612533569336
1850,16.816837310791016
1851,16.89882469177246
1852,16.916088104248047
1853,16.969520568847656
1854,16.898584365844727
1855,16.793161392211914
1856,16.835969924926758
1857,16.83724594116211
1858,16.7796688079834
1859,16.882356643676758
1860,16.938003540039062
1861,16.90686798095703
1862,16.925600051879883
1863,17.008228302001953
1864,16.980831146240234
1865,16.979734420776367
1866,17.25690460205078
1867,17.345844268798828
1868,17.345046997070312
1869,17.350065231323242
1870,17.37318992614746
1871,17.326271057128906
1872,17.346323013305664
1873,17.35207748413086
1874,17.34381675720215
1875,17.32668113708496
1876,17.349340438842773
1877,17.257722854614258
1878,17.343280792236328
1879,17.27939224243164
1880,17.252443313598633
1881,17.20033836364746
1882,17.04129409790039
1883,16.694711685180664
1884,16.5444393157959
1885,16.50176239013672
1886,16.560001373291016
1887,16.565696716308594
1888,16.968181610107422
1889,16.861587524414062
1890,16.9616756439209
1891,16.896865844726562
1892,16.842880249023438
1893,17.02802848815918
1894,17.140438079833984
1895,17.2421932220459
1896,17.23921775817871
1897,17.229368209838867
1898,17.317710876464844
1899,17.343345642089844
1900,17.364656448364258
1901,17.372549057006836
1902,17.265422821044922
1903,17.301942825317383
1904,17.372377395629883
1905,17.375436782836914
1906,17.31100082397461
1907,17.35335922241211
1908,17.353286743164062
1909,17.353200912475586
1910,17.305105209350586
1911,17.274736404418945
1912,17.270832061767578
1913,17.17686653137207
1914,17.176925659179688
1915,17.32391929626465
1916,17.266010284423828
1917,17.307483673095703
1918,17.32432746887207
1919,17.283405303955078
1920,17.46471405029297
1921,17.436481475830078
1922,17.434703826904297
1923,17.460752487182617
1924,17.470396041870117
1925,17.477027893066406
1926,17.44962501525879
1927,17.44280433654785
1928,17.450031280517578
1929,17.48418426513672
1930,17.49556541442871
1931,17.45589256286621
1932,17.48710823059082
1933,17.533506393432617
1934,17.485702514648438
1935,17.415531158447266
1936,17.424884796142578
1937,17.40510368347168
1938,17.40247917175293
1939,17.35207176208496
1940,17.373865127563477
1941,17.339012145996094
1942,17.266462326049805
1943,17.24142837524414
1944,17.248321533203125
1945,17.218263626098633
1946,17.17684555053711
1947,17.258056640625
1948,17.381078720092773
1949,17.396574020385742
1950,17.356792449951172
1951,17.33388328552246
1952,17.247743606567383
1953,17.230369567871094
1954,17.27253532409668
1955,17.280298233032227
1956,17.248268127441406
1957,17.343154907226562
1958,17.284582138061523
1959,17.251047134399414
1960,17.23713493347168
1961,17.215667724609375
1962,17.260961532592773
1963,17.315174102783203
1964,17.343734741210938
1965,17.295602798461914
1966,17.282987594604492
1967,17.27013397216797
1968,17.30013084411621
1969,17.359764099121094
1970,17.382219314575195
1971,17.389192581176758
1972,17.392656326293945
1973,17.437837600708008
1974,17.513721466064453
1975,17.527238845825195
1976,17.58013343811035
1977,17.518667221069336
1978,17.563825607299805
1979,17.523468017578125
1980,17.577701568603516
1981,17.55916404724121
1982,17.555007934570312
1983,17.577165603637695
1984,17.611642837524414
1985,17.645414352416992
1986,17.580549240112305
1987,17.62895965576172
1988,17.6524600982666
1989,17.661731719970703
1990,17.642431259155273
1991,17.622339248657227
1992,17.638883590698242
1993,17.71572494506836
1994,17.743404388427734
1995,17.72464942932129
1996,17.732725143432617
1997,17.7340087890625
1998,17.740833282470703
1999,17.673784255981445
2000,17.564790725708008
2001,17.494159698486328
2002,17.098644256591797
2003,16.82215118408203
2004,16.844226837158203
2005,16.963407516479492
2006,17.18736457824707
2007,17.01801872253418
2008,17.08750343322754
2009,17.185470581054688
2010,17.22981834411621
2011,17.294145584106445
2012,17.228557586669922
2013,17.26083755493164
2014,17.261594772338867
2015,17.321910858154297
2016,17.351791381835938
2017,17.366653442382812
2018,17.310827255249023
2019,17.142906188964844
2020,17.130603790283203
2021,17.24845314025879
2022,17.27998924255371
2023,17.243906021118164
2024,17.509859085083008
2025,17.448169708251953
2026,17.272844314575195
2027,17.26042938232422
2028,17.539222717285156
2029,17.586030960083008
2030,17.5851993560791
2031,17.60552215576172
2032,17.586687088012695
2033,17.618453979492188
2034,17.62520408630371
2035,17.623334884643555
2036,17.598173141479492
2037,17.580671310424805
2038,17.660961151123047
2039,17.66437530517578
2040,17.653305053710938
2041,17.646556854248047
2042,17.635196685791016
2043,17.67771339416504
2044,17.664331436157227
2045,17.66367530822754
2046,17.662202835083008
2047,17.666057586669922
2048,17.6776180267334
2049,17.647445678710938
2050,17.678293228149414
2051,17.672122955322266
2052,17.677249908447266
2053,17.6621150970459
2054,17.663644790649414
2055,16.923715591430664
2056,17.155303955078125
2057,17.188457489013672
2058,17.140100479125977
2059,16.923646926879883
2060,17.041324615478516
2061,16.780929565429688
2062,16.711191177368164
2063,16.62128257751465
2064,16.596324920654297
2065,16.764995574951172
2066,16.854028701782227
2067,16.74944496154785
2068,16.866098403930664
2069,17.013864517211914
2070,17.086599349975586
2071,17.111196517944336
2072,17.035369873046875
2073,16.875999450683594
2074,16.921520233154297
2075,17.291690826416016
2076,17.221527099609375
2077,17.54234504699707
2078,17.024171829223633
2079,17.16876983642578
2080,17.331697463989258
2081,17.400218963623047
2082,16.886159896850586
2083,16.72684097290039
2084,16.52532958984375
2085,16.523271560668945
2086,16.46744155883789
2087,16.469219207763672
2088,16.424345016479492
2089,16.454784393310547
2090,16.472200393676758
2091,16.44036865234375
2092,16.38376235961914
2093,16.35184669494629
2094,16.313705444335938
2095,16.62856674194336
2096,16.668466567993164
2097,16.79364585876465
2098,17.24815559387207
2099,17.089792251586914
2100,16.983564376831055
2101,16.82611083984375
2102,16.694869995117188
2103,16.639036178588867
2104,16.845746994018555
2105,16.728195190429688
2106,16.815006256103516
2107,16.634496688842773
2108,16.529464721679688
2109,16.425697326660156
2110,16.410978317260742
2111,16.70451545715332
2112,16.800168991088867
2113,17.095605850219727
2114,17.068967819213867
2115,17.128971099853516
2116,17.054412841796875
2117,17.03614616394043
2118,16.98594093322754
2119,16.946861267089844
2120,16.94145393371582
2121,16.963581085205078
2122,16.95888900756836
2123,16.886089324951172
2124,16.727468490600586
2125,16.755918502807617
2126,16.7912654876709
2127,17.1653995513916
2128,16.936012268066406
2129,16.780025482177734
2130,16.72981834411621
2131,16.516937255859375
2132,16.463491439819336
2133,16.598066329956055
2134,16.44053077697754
2135,16.43587875366211
2136,16.612478256225586
2137,16.79855728149414
2138,16.586942672729492
2139,16.659488677978516
2140,16.87635612487793
2141,17.280256271362305
2142,17.298362731933594
2143,17.324256896972656
2144,17.16594123840332
2145,17.217863082885742
2146,17.130510330200195
2147,17.024477005004883
2148,16.894678115844727
2149,16.692148208618164
2150,16.802173614501953
2151,16.647733688354492
2152,16.517650604248047
2153,16.46065330505371
2154,16.56755828857422
2155,16.522951126098633
2156,16.4720458984375
2157,16.423614501953125
2158,16.388038635253906
2159,16.338109970092773
2160,16.308568954467773
2161,16.285863876342773
2162,16.254451751708984
2163,16.43230628967285
2164,16.407957077026367
2165,16.38921356201172
2166,16.386417388916016
2167,16.54264259338379
2168,16.373207092285156
2169,16.352170944213867
2170,16.6174259185791
2171,16.555007934570312
2172,16.36311149597168
2173,16.32500648498535
2174,16.2911319732666
2175,16.27539825439453
2176,16.324676513671875
2177,16.284080505371094
2178,16.241928100585938
2179,16.255525588989258
2180,16.29977798461914
2181,16.298748016357422
2182,16.25918197631836
2183,16.26594352722168
2184,16.26093292236328
2185,16.335975646972656
2186,16.23975944519043
2187,16.160249710083008
2188,16.160537719726562
2189,16.106678009033203
2190,16.121849060058594
2191,16.095741271972656
2192,16.082950592041016
2193,16.076641082763672
2194,16.074007034301758
2195,16.06493377685547
2196,16.083314895629883
2197,16.08699607849121
2198,16.091808319091797
2199,16.08965492248535
2200,16.096769332885742
2201,16.097061157226562
2202,16.097318649291992
2203,16.108123779296875
2204,16.064945220947266
2205,16.09193992614746
2206,16.100309371948242
2207,16.096912384033203
2208,16.41382598876953
2209,16.67310333251953
2210,16.776613235473633
2211,16.79450798034668
2212,16.701751708984375
2213,16.949256896972656
2214,16.850433349609375
2215,16.91252899169922
2216,16.894277572631836
2217,17.000577926635742
2218,16.875205993652344
2219,16.90672492980957
2220,16.859386444091797
2221,16.537790298461914
2222,16.247291564941406
2223,16.20840835571289
2224,16.194435119628906
2225,16.141332626342773
2226,16.164813995361328
2227,16.125154495239258
2228,16.115365982055664
2229,16.103002548217773
2230,16.116098403930664
2231,16.112560272216797
2232,16.10999298095703
2233,16.098384857177734
2234,16.088512420654297
2235,16.093788146972656
2236,16.092792510986328
2237,16.072263717651367
2238,16.099271774291992
2239,16.080556869506836
2240,16.088586807250977
2241,16.07121467590332
2242,16.123947143554688
2243,16.187973022460938
2244,16.070783615112305
2245,16.075458526611328
2246,16.063796997070312
2247,16.050369262695312
2248,16.045799255371094
2249,16.046457290649414
2250,16.01232147216797
2251,16.030616760253906
2252,16.043249130249023
2253,16.04446029663086
2254,16.02132225036621
2255,16.009502410888672
2256,15.986063003540039
2257,15.979604721069336
2258,15.970928192138672
2259,15.990824699401855
2260,16.084148406982422
2261,16.067123413085938
2262,16.041229248046875
2263,16.03896713256836
2264,16.10978126525879
2265,16.04715347290039
2266,16.02387046813965
2267,16.117921829223633
2268,16.081737518310547
2269,16.081480026245117
2270,16.010948181152344
2271,16.095752716064453
2272,16.067867279052734
2273,16.057165145874023
2274,16.099048614501953
2275,16.101512908935547
2276,16.122650146484375
2277,16.031612396240234
2278,16.020769119262695
2279,16.02462387084961
2280,16.014726638793945
2281,16.00654411315918
2282,16.01114273071289
2283,15.9866943359375
2284,16.01670265197754
2285,16.00343132019043
2286,16.010578155517578
2287,15.99491024017334
2288,16.003490447998047
2289,16.01234245300293
2290,15.994827270507812
2291,15.977072715759277
2292,16.00624656677246
2293,16.310270309448242
2294,16.354673385620117
2295,16.395689010620117
2296,16.528047561645508
2297,16.54521942138672
2298,16.099966049194336
2299,16.03815269470215
2300,16.01390838623047
2301,16.015403747558594
2302,16.02381706237793
2303,16.014644622802734
2304,16.01105499267578
2305,15.988038063049316
2306,15.997331619262695
2307,16.00425910949707
2308,15.999198913574219
2309,15.98315715789795
2310,15.979307174682617
2311,16.003101348876953
2312,15.977259635925293
2313,15.970780372619629
2314,15.965298652648926
2315,15.986559867858887
2316,16.05088996887207
2317,15.978357315063477
2318,15.970602989196777
2319,15.98058795928955
2320,15.994434356689453
2321,15.989513397216797
2322,15.988109588623047
2323,16.003395080566406
2324,16.00437355041504
2325,15.987529754638672
2326,15.982854843139648
2327,16.026397705078125
2328,16.307659149169922
2329,16.138185501098633
2330,16.354034423828125
2331,16.44605255126953
2332,16.51034927368164
2333,16.50156021118164
2334,16.442745208740234
2335,16.448986053466797
2336,16.424013137817383
2337,16.492183685302734
2338,16.367786407470703
2339,16.460006713867188
2340,16.52098274230957
2341,16.991714477539062
2342,17.1554012298584
2343,17.057292938232422
2344,16.746070861816406
2345,16.950902938842773
2346,16.89481544494629
2347,16.941646575927734
2348,16.945945739746094
2349,16.544225692749023
2350,16.81525230407715
2351,16.74694061279297
2352,16.160236358642578
2353,16.087608337402344
2354,16.055482864379883
2355,16.03448486328125
2356,16.024080276489258
2357,16.01506233215332
2358,16.020994186401367
2359,16.01567840576172
2360,16.026397705078125
2361,16.018049240112305
2362,16.00796127319336
2363,16.006811141967773
2364,15.993171691894531
2365,15.997862815856934
2366,15.99719524383545
2367,16.01650619506836
2368,15.995162010192871
2369,15.988258361816406
2370,15.944625854492188
2371,15.975457191467285
2372,16.00409507751465
2373,15.993186950683594
2374,15.98758316040039
2375,15.988070487976074
2376,15.960132598876953
2377,15.971505165100098
2378,16.012073516845703
2379,15.93360710144043
2380,15.978692054748535
2381,16.315614700317383
2382,16.661819458007812
2383,16.328935623168945
2384,16.26616096496582
2385,16.288726806640625
2386,16.323284149169922
2387,16.388885498046875
2388,16.29599952697754
2389,16.0299129486084
2390,16.000028610229492
2391,16.012008666992188
2392,16.04979705810547
2393,16.01187515258789
2394,15.988714218139648
2395,16.00379753112793
2396,16.01262664794922
2397,15.980695724487305
2398,15.978354454040527
2399,15.996930122375488
2400,16.01861572265625
2401,16.030149459838867
2402,16.119314193725586
2403,16.308561325073242
2404,16.19624137878418
2405,16.060699462890625
2406,16.008113861083984
2407,16.024368286132812
2408,16.02454948425293
2409,16.010210037231445
2410,16.004379272460938
2411,15.994413375854492
2412,15.984057426452637
2413,15.953801155090332
2414,15.958402633666992
2415,15.935053825378418
2416,15.937241554260254
2417,15.932398796081543
2418,15.937199592590332
2419,15.943390846252441
2420,15.941621780395508
2421,15.94001579284668
2422,15.968063354492188
2423,16.043472290039062
2424,16.27633285522461
2425,16.028118133544922
2426,16.010618209838867
2427,16.00816535949707
2428,16.125818252563477
2429,16.302595138549805
2430,16.485454559326172
2431,16.420909881591797
2432,16.359834671020508
2433,16.856210708618164
2434,16.98333740234375
2435,17.00113296508789
2436,17.01988983154297
2437,17.03483009338379
2438,17.02216911315918
2439,16.902820587158203
2440,16.67331886291504
2441,16.321727752685547
2442,16.35395050048828
2443,16.104406356811523
2444,16.087812423706055
2445,16.054353713989258
2446,16.041147232055664
2447,16.014678955078125
2448,16.015899658203125
2449,16.008481979370117
2450,15.990216255187988
2451,15.994566917419434
2452,16.01557159423828
2453,16.044931411743164
2454,16.018680572509766
2455,15.998241424560547
2456,15.988289833068848
2457,16.001468658447266
2458,16.003267288208008
2459,15.99069881439209
2460,15.962296485900879
2461,15.9548921585083
2462,15.956228256225586
2463,15.966443061828613
2464,15.964996337890625
2465,15.972593307495117
2466,15.982429504394531
2467,15.9553861618042
2468,15.950594902038574
2469,15.95425796508789
2470,15.964286804199219
2471,15.959640502929688
2472,15.957964897155762
2473,15.962224006652832
2474,15.979162216186523
2475,15.975286483764648
2476,16.045379638671875
2477,16.0756893157959
2478,16.06851577758789
2479,16.066225051879883
2480,16.026254653930664
2481,16.061723709106445
2482,16.232364654541016
2483,16.274940490722656
2484,16.13322639465332
2485,16.41800308227539
2486,16.28921890258789
2487,16.452573776245117
2488,16.099035263061523
2489,16.047258377075195
2490,16.01845932006836
2491,15.998966217041016
2492,15.981629371643066
2493,15.984959602355957
2494,15.972489356994629
2495,15.9794282913208
2496,15.976544380187988
2497,15.988900184631348
2498,16.033105850219727
2499,16.034698486328125
2500,15.049101829528809
2501,15.024042129516602
2502,15.082651138305664
2503,15.058598518371582
2504,15.01209545135498
2505,15.004119873046875
2506,14.989405632019043
2507,14.995308876037598
2508,15.055429458618164
2509,15.068169593811035
2510,14.990922927856445
2511,14.971485137939453
2512,14.979046821594238
2513,14.987382888793945
2514,15.074904441833496
2515,15.156974792480469
2516,15.215113639831543
2517,15.196187973022461
2518,15.259084701538086
2519,15.274520874023438
2520,15.289451599121094
2521,15.331509590148926
2522,15.374044418334961
2523,15.42725944519043
2524,15.59277057647705
2525,15.622058868408203
2526,15.592691421508789
2527,15.597024917602539
2528,15.718977928161621
2529,15.69980525970459
2530,15.736492156982422
2531,15.812055587768555
2532,15.955591201782227
2533,15.869231224060059
2534,15.907574653625488
2535,15.910054206848145
2536,15.914782524108887
2537,15.883376121520996
2538,15.89039134979248
2539,15.948643684387207
2540,15.967342376708984
2541,15.987137794494629
2542,16.202558517456055
2543,16.19085693359375
2544,16.24838638305664
2545,16.328506469726562
2546,16.257349014282227
2547,16.169116973876953
2548,16.152141571044922
2549,16.090831756591797
2550,16.04511260986328
2551,16.053407669067383
2552,16.011411666870117
2553,15.941054344177246
2554,15.964482307434082
2555,16.026546478271484
2556,15.98928165435791
2557,16.016992568969727
2558,16.002870559692383
2559,15.97104549407959
2560,15.975242614746094
2561,16.07309913635254
2562,16.094831466674805
2563,16.07635498046875
2564,16.12433624267578
2565,16.062355041503906
2566,16.039216995239258
2567,16.015356063842773
2568,16.300796508789062
2569,16.360055923461914
2570,16.41822052001953
2571,16.49528694152832
2572,16.50424575805664
2573,16.42332649230957
2574,16.412843704223633
2575,16.40376853942871
2576,16.42702865600586
2577,16.4039363861084
2578,16.403919219970703
2579,16.42644691467285
2580,16.411441802978516
2581,16.37089729309082
2582,16.39274787902832
2583,16.381303787231445
2584,16.353973388671875
2585,16.344533920288086
2586,16.331905364990234
2587,16.307247161865234
2588,16.29533576965332
2589,16.2940673828125
2590,16.304611206054688
2591,16.36050796508789
2592,16.39174461364746
2593,16.354692459106445
2594,16.28118324279785
2595,16.280025482177734
2596,16.34905242919922
2597,16.346271514892578
2598,16.32944679260254
2599,16.313434600830078
2600,16.304553985595703
2601,16.2076416015625
2602,16.12981414794922
2603,16.085481643676758
2604,16.065698623657227
2605,16.09490394592285
2606,16.06244468688965
2607,16.075658798217773
2608,16.087862014770508
2609,16.042194366455078
2610,16.042917251586914
2611,16.062511444091797
2612,16.033401489257812
2613,16.015933990478516
2614,15.99495792388916
2615,15.957308769226074
2616,15.910977363586426
2617,15.892904281616211
2618,15.85509204864502
2619,15.818249702453613
2620,15.824676513671875
2621,15.824241638183594
2622,15.849503517150879
2623,15.904379844665527
2624,15.881712913513184
2625,15.847291946411133
2626,15.866256713867188
2627,15.856605529785156
2628,15.796351432800293
2629,15.750762939453125
2630,15.755661010742188
2631,15.752057075500488
2632,15.729299545288086
2633,15.788702011108398
2634,15.842906951904297
2635,15.841171264648438
2636,15.802684783935547
2637,15.81124496459961
2638,15.811613082885742
2639,15.865565299987793
2640,15.829412460327148
2641,15.781283378601074
2642,15.786858558654785
2643,15.72109603881836
2644,15.69507884979248
2645,15.67604923248291
2646,15.653104782104492
2647,15.710186004638672
2648,15.710844039916992
2649,15.920882225036621
2650,15.94401741027832
2651,15.971687316894531
2652,16.037519454956055
2653,16.046775817871094
2654,16.101221084594727
2655,16.04853630065918
2656,16.009336471557617
2657,15.999691009521484
2658,15.965785026550293
2659,16.015336990356445
2660,15.964605331420898
2661,15.995508193969727
2662,16.028705596923828
2663,16.01743507385254
2664,15.971405982971191
2665,15.997371673583984
2666,15.952836990356445
2667,15.987443923950195
2668,15.978507041931152
2669,16.02548599243164
2670,16.003095626831055
2671,15.988561630249023
2672,15.839638710021973
2673,15.757184982299805
2674,15.750253677368164
2675,15.664619445800781
2676,15.5503568649292
2677,15.520270347595215
2678,15.490579605102539
2679,15.494796752929688
2680,15.493135452270508
2681,15.433746337890625
2682,15.434873580932617
2683,15.439339637756348
2684,15.387874603271484
2685,15.404221534729004
2686,15.30526351928711
2687,15.352991104125977
2688,15.381136894226074
2689,15.402297973632812
2690,15.344924926757812
2691,15.376173973083496
2692,15.374640464782715
2693,15.388354301452637
2694,15.353047370910645
2695,15.376571655273438
2696,15.35167407989502
2697,15.428236961364746
2698,15.360026359558105
2699,15.34608268737793
2700,15.460362434387207
2701,15.4924955368042
2702,15.49825382232666
2703,16.015419006347656
2704,16.09081268310547
2705,16.145051956176758
2706,16.235212326049805
2707,16.261859893798828
2708,16.340755462646484
2709,16.301475524902344
2710,16.312442779541016
2711,16.290586471557617
2712,16.274118423461914
2713,16.31937026977539
2714,16.253360748291016
2715,16.283153533935547
2716,16.268280029296875
2717,16.259620666503906
2718,16.20524787902832
2719,16.20243263244629
2720,16.167497634887695
2721,16.176025390625
2722,16.188261032104492
2723,16.22327995300293
2724,16.31282615661621
2725,16.33753204345703
2726,16.29275131225586
2727,16.28472900390625
2728,16.30088996887207
2729,16.27803611755371
2730,16.35431480407715
2731,16.377649307250977
2732,16.32805633544922
2733,16.252111434936523
2734,16.155527114868164
2735,16.08256721496582
2736,16.074918746948242
2737,16.106082916259766
2738,16.06302833557129
2739,16.06662940979004
2740,16.0521240234375
2741,16.044601440429688
2742,16.044605255126953
2743,16.000436782836914
2744,15.989039421081543
2745,15.94546127319336
2746,15.96176528930664
2747,15.945141792297363
2748,15.91152572631836
2749,15.914690017700195
2750,15.9089994430542
2751,15.937689781188965
2752,15.916730880737305
2753,15.924445152282715
2754,15.897743225097656
2755,15.946087837219238
2756,15.905879974365234
2757,15.934945106506348
2758,15.912473678588867
2759,15.865541458129883
2760,15.849455833435059
2761,15.849845886230469
2762,15.861678123474121
2763,15.873038291931152
2764,15.830265045166016
2765,15.933523178100586
2766,15.922828674316406
2767,15.881393432617188
2768,15.883270263671875
2769,15.895858764648438
2770,15.904404640197754
2771,15.90928840637207
2772,15.925644874572754
2773,15.927644729614258
2774,15.965851783752441
2775,15.955770492553711
2776,15.93620491027832
2777,15.917744636535645
2778,15.91081714630127
2779,15.913127899169922
2780,15.914204597473145
2781,15.93326473236084
2782,15.921751976013184
2783,15.919244766235352
2784,16.131174087524414
2785,16.1926212310791
2786,16.273300170898438
2787,16.343582153320312
2788,16.383867263793945
2789,16.360252380371094
2790,16.314815521240234
2791,16.25553321838379
2792,16.27880096435547
2793,16.229564666748047
2794,16.255510330200195
2795,16.232038497924805
2796,16.192522048950195
2797,16.16392707824707
2798,16.108675003051758
2799,16.11984634399414
2800,16.10935401916504
2801,16.08014678955078
2802,16.031389236450195
2803,16.03352165222168
2804,16.002450942993164
2805,16.014799118041992
2806,16.040613174438477
2807,16.037851333618164
2808,16.017669677734375
2809,15.999625205993652
2810,16.044931411743164
2811,16.002267837524414
2812,15.914873123168945
2813,15.882020950317383
2814,15.858975410461426
2815,15.833534240722656
2816,15.90206527709961
2817,15.915433883666992
2818,15.9423189163208
2819,15.93399429321289
2820,15.934020042419434
2821,15.933126449584961
2822,15.995699882507324
2823,15.947072982788086
2824,15.934547424316406
2825,16.01287841796875
2826,15.998915672302246
2827,15.961705207824707
2828,15.959295272827148
2829,15.965288162231445
2830,15.963407516479492
2831,15.942822456359863
2832,15.983959197998047
2833,15.974205017089844
2834,15.93187141418457
2835,15.915789604187012
2836,15.913496971130371
2837,15.872023582458496
2838,15.947776794433594
2839,15.931488037109375
2840,15.983095169067383
2841,15.97296142578125
2842,15.90884017944336
2843,15.909232139587402
2844,15.878993034362793
2845,15.857820510864258
2846,15.844243049621582
2847,15.835509300231934
2848,15.824118614196777
2849,15.756077766418457
2850,15.771228790283203
2851,15.762015342712402
2852,15.74824047088623
2853,15.745257377624512
2854,15.73690128326416
2855,15.744142532348633
2856,15.752558708190918
2857,15.701245307922363
2858,15.749326705932617
2859,15.694984436035156
2860,15.693336486816406
2861,15.688016891479492
2862,15.692081451416016
2863,15.690422058105469
2864,15.666656494140625
2865,15.4027738571167
2866,15.376822471618652
2867,15.410654067993164
2868,15.412352561950684
2869,15.377533912658691
2870,15.37546157836914
2871,15.396374702453613
2872,15.387555122375488
2873,15.416969299316406
2874,15.419475555419922
2875,15.292719841003418
2876,15.326491355895996
2877,15.308292388916016
2878,15.305190086364746
2879,15.249473571777344
2880,15.254453659057617
2881,15.244952201843262
2882,15.276805877685547
2883,15.222527503967285
2884,15.250192642211914
2885,15.219948768615723
2886,15.187444686889648
2887,15.202120780944824
2888,15.154610633850098
2889,15.194734573364258
2890,15.22392749786377
2891,15.492267608642578
2892,15.503837585449219
2893,15.523614883422852
2894,15.546595573425293
2895,15.493783950805664
2896,15.405656814575195
2897,15.374614715576172
2898,15.356751441955566
2899,15.33585262298584
2900,15.293787002563477
2901,15.354103088378906
2902,15.333430290222168
2903,15.40267562866211
2904,15.376853942871094
2905,15.340374946594238
2906,15.305602073669434
2907,15.330220222473145
2908,15.285892486572266
2909,15.308591842651367
2910,15.29842472076416
2911,15.317023277282715
2912,15.415624618530273
2913,15.444364547729492
2914,15.544623374938965
2915,15.670875549316406
2916,15.801460266113281
2917,15.865370750427246
2918,15.970569610595703
2919,15.95095443725586
2920,15.937376022338867
2921,15.898383140563965
2922,15.790742874145508
2923,15.801505088806152
2924,15.763182640075684
2925,15.785981178283691
2926,15.790447235107422
2927,15.70128059387207
2928,15.70336627960205
2929,15.715086936950684
2930,15.650492668151855
2931,15.568001747131348
2932,15.568360328674316
2933,15.661155700683594
2934,15.6766996383667
2935,15.638595581054688
2936,15.647994041442871
2937,15.763294219970703
2938,15.833558082580566
2939,15.823807716369629
2940,15.875741004943848
2941,15.868379592895508
2942,15.732893943786621
2943,15.776041984558105
2944,15.770781517028809
2945,15.650283813476562
2946,15.564345359802246
2947,15.516345024108887
2948,15.53494644165039
2949,15.527153968811035
2950,15.504156112670898
2951,15.475236892700195
2952,15.393800735473633
2953,15.432328224182129
2954,15.388628005981445
2955,15.343558311462402
2956,15.362271308898926
2957,15.381223678588867
2958,15.323025703430176
2959,15.376250267028809
2960,15.336281776428223
2961,15.30102825164795
2962,15.3301420211792
2963,15.351949691772461
2964,15.293963432312012
2965,15.295817375183105
2966,15.32033920288086
2967,15.285218238830566
2968,15.336294174194336
2969,15.328235626220703
2970,15.38109302520752
2971,15.33729076385498
2972,16.25285530090332
2973,16.411685943603516
2974,16.479604721069336
2975,16.465869903564453
2976,16.390335083007812
2977,16.327787399291992
2978,16.32942008972168
2979,16.411916732788086
2980,16.407106399536133
2981,16.3453369140625
2982,16.35170555114746
2983,16.32040023803711
2984,16.273895263671875
2985,16.35371208190918
2986,16.292390823364258
2987,16.23967170715332
2988,16.32926368713379
2989,16.350330352783203
2990,16.342981338500977
2991,16.193029403686523
2992,16.238426208496094
2993,16.127763748168945
2994,16.027708053588867
2995,15.920159339904785
2996,15.746139526367188
2997,15.672442436218262
2998,15.572821617126465
2999,15.682038307189941
3000,15.852367401123047
3001,15.828451156616211
3002,15.988037109375
3003,15.970118522644043
3004,16.01813507080078
3005,15.988021850585938
3006,16.033933639526367
3007,16.097688674926758
3008,16.041118621826172
3009,16.082517623901367
3010,16.088165283203125
3011,16.006540298461914
3012,16.02761459350586
3013,16.063426971435547
3014,16.071712493896484
3015,16.039825439453125
3016,16.027936935424805
3017,15.919014930725098
3018,15.990938186645508
3019,15.961451530456543
3020,15.956048011779785
3021,16.010854721069336
3022,16.10218048095703
3023,16.130834579467773
3024,16.142114639282227
3025,16.095579147338867
3026,16.141952514648438
3027,16.122682571411133
3028,16.13795280456543
3029,16.063373565673828
3030,16.08478546142578
3031,16.124408721923828
3032,16.05251121520996
3033,16.047588348388672
3034,16.070161819458008
3035,16.114463806152344
3036,16.093172073364258
3037,16.110929489135742
3038,16.107208251953125
3039,16.1187744140625
3040,16.122026443481445
3041,16.07596206665039
3042,16.101242065429688
3043,16.14141845703125
3044,16.13234519958496
3045,16.135549545288086
3046,15.972875595092773
3047,16.044809341430664
3048,16.069316864013672
3049,15.97928237915039
3050,15.984926223754883
3051,15.98653507232666
3052,15.945084571838379
3053,15.799580574035645
3054,15.865361213684082
3055,15.786412239074707
3056,15.771382331848145
3057,15.801019668579102
3058,15.69642162322998
3059,15.649967193603516
3060,15.7001953125
3061,15.704651832580566
3062,15.634791374206543
3063,15.65413761138916
3064,15.646098136901855
3065,15.635581970214844
3066,15.546774864196777
3067,15.583293914794922
3068,15.52071762084961
3069,15.453625679016113
3070,15.490837097167969
3071,15.381534576416016
3072,15.49010944366455
3073,15.393951416015625
3074,15.386214256286621
3075,15.357954025268555
3076,15.354726791381836
3077,15.341075897216797
3078,15.378232955932617
3079,15.36225414276123
3080,15.491758346557617
3081,15.404182434082031
3082,15.40444564819336
3083,15.427399635314941
3084,15.413359642028809
3085,15.522651672363281
3086,15.54166316986084
3087,15.550190925598145
3088,15.4647216796875
3089,15.426883697509766
3090,15.397971153259277
3091,15.43842887878418
3092,15.433100700378418
3093,15.410167694091797
3094,15.407142639160156
3095,15.471266746520996
3096,15.5326509475708
3097,15.420905113220215
3098,15.379081726074219
3099,15.40500545501709
3100,15.423447608947754
3101,15.568026542663574
3102,15.567621231079102
3103,15.568977355957031
3104,15.500000953674316
3105,15.426254272460938
3106,15.344460487365723
3107,15.519929885864258
3108,15.467178344726562
3109,15.501365661621094
3110,15.503232955932617
3111,15.512211799621582
3112,15.446272850036621
3113,15.372870445251465
3114,15.425491333007812
3115,15.40870475769043
3116,15.482620239257812
3117,15.445294380187988
3118,15.41422176361084
3119,15.353447914123535
3120,15.269668579101562
3121,15.25280475616455
3122,15.254258155822754
3123,15.250448226928711
3124,15.23294448852539
3125,15.205360412597656
3126,15.193147659301758
3127,15.243810653686523
3128,15.232664108276367
3129,15.239941596984863
3130,15.237555503845215
3131,15.225045204162598
3132,15.251564025878906
3133,15.223115921020508
3134,15.380352973937988
3135,15.41280460357666
3136,15.486916542053223
3137,15.412424087524414
3138,15.293697357177734
3139,15.304738998413086
3140,15.340188980102539
3141,15.29807186126709
3142,15.299131393432617
3143,15.410218238830566
3144,15.43506908416748
3145,15.425464630126953
3146,15.537649154663086
3147,15.547782897949219
3148,15.581854820251465
3149,15.69965648651123
3150,15.701025009155273
3151,15.823641777038574
3152,15.813915252685547
3153,15.782807350158691
3154,15.767402648925781
3155,15.78795337677002
3156,15.836127281188965
3157,15.865911483764648
3158,15.883687019348145
3159,15.891377449035645
3160,15.87755298614502
3161,15.735204696655273
3162,15.671692848205566
3163,15.616535186767578
3164,15.543339729309082
3165,15.557933807373047
3166,15.553696632385254
3167,15.590325355529785
3168,15.560699462890625
3169,15.532896995544434
3170,15.591796875
3171,15.765917778015137
3172,15.756422996520996
3173,15.829842567443848
3174,15.865250587463379
3175,15.841646194458008
3176,15.833157539367676
3177,15.751237869262695
3178,15.713350296020508
3179,15.710846900939941
3180,15.696635246276855
3181,15.615096092224121
3182,15.601790428161621
3183,15.61931324005127
3184,15.626103401184082
3185,15.597078323364258
3186,15.701316833496094
3187,15.67541217803955
3188,15.534953117370605
3189,15.599483489990234
3190,15.535277366638184
3191,15.540996551513672
3192,15.490767478942871
3193,15.485657691955566
3194,15.471968650817871
3195,15.459171295166016
3196,15.473512649536133
3197,15.441841125488281
3198,15.421024322509766
3199,15.417208671569824
3200,15.434788703918457
3201,15.336121559143066
3202,15.337855339050293
3203,15.347391128540039
3204,15.326753616333008
3205,15.29426097869873
3206,15.32859992980957
3207,15.319344520568848
3208,15.267680168151855
3209,15.322019577026367
3210,15.217348098754883
3211,15.337489128112793
3212,15.324151039123535
3213,15.228089332580566
3214,15.211191177368164
3215,15.334155082702637
3216,15.375337600708008
3217,15.390165328979492
3218,15.391404151916504
3219,15.46799373626709
3220,15.507501602172852
3221,15.574613571166992
3222,15.593690872192383
3223,15.490813255310059
3224,15.509994506835938
3225,15.480925559997559
3226,15.448802947998047
3227,15.469968795776367
3228,15.517841339111328
3229,15.444089889526367
3230,15.4205904006958
3231,15.40324878692627
3232,15.378827095031738
3233,15.354872703552246
3234,15.321586608886719
3235,15.371245384216309
3236,15.47803020477295
3237,15.562620162963867
3238,15.515576362609863
3239,15.329259872436523
3240,15.298035621643066
3241,15.326536178588867
3242,15.394831657409668
3243,15.434755325317383
3244,15.373451232910156
3245,15.335411071777344
3246,15.290390968322754
3247,15.26899242401123
3248,15.287577629089355
3249,15.305994033813477
3250,15.285435676574707
3251,15.29699420928955
3252,15.267313957214355
3253,15.194217681884766
3254,15.267547607421875
3255,15.246819496154785
3256,15.26031494140625
3257,15.284148216247559
3258,15.270544052124023
3259,15.348231315612793
3260,15.292153358459473
3261,15.34962272644043
3262,15.366165161132812
3263,15.423444747924805
3264,15.388116836547852
3265,15.369847297668457
3266,15.283244132995605
3267,15.344861030578613
3268,15.34315299987793
3269,15.184981346130371
3270,15.179900169372559
3271,15.177780151367188
3272,15.175969123840332
3273,15.162471771240234
3274,15.158222198486328
3275,15.162230491638184
3276,15.157378196716309
3277,15.17546558380127
3278,15.1693696975708
3279,15.16787052154541
3280,15.17088794708252
3281,15.190086364746094
3282,15.19874382019043
3283,15.191155433654785
3284,15.195196151733398
3285,15.201103210449219
3286,15.158935546875
3287,15.14143180847168
3288,15.125633239746094
3289,15.161401748657227
3290,15.173151969909668
3291,15.250402450561523
3292,15.234103202819824
3293,15.169807434082031
3294,15.170697212219238
3295,15.307462692260742
3296,15.657025337219238
3297,15.687471389770508
3298,15.69693374633789
3299,15.532578468322754
3300,15.656655311584473
3301,15.54867172241211
3302,15.6604642868042
3303,15.699153900146484
3304,15.6488676071167
3305,15.617606163024902
3306,15.483570098876953
3307,15.462586402893066
3308,15.407983779907227
3309,15.366451263427734
3310,15.354686737060547
3311,15.361770629882812
3312,15.352529525756836
3313,15.33260440826416
3314,15.304183959960938
3315,15.307888984680176
3316,15.35798454284668
3317,15.317473411560059
3318,15.307551383972168
3319,15.346901893615723
3320,15.315030097961426
3321,15.299768447875977
3322,15.350077629089355
3323,15.6082124710083
3324,15.560782432556152
3325,15.403738021850586
3326,15.468657493591309
3327,15.457280158996582
3328,15.433859825134277
3329,15.451148986816406
3330,15.438862800598145
3331,15.421568870544434
3332,15.470549583435059
3333,15.457672119140625
3334,15.416852951049805
3335,15.428918838500977
3336,15.415608406066895
3337,15.381617546081543
3338,15.398171424865723
3339,15.429759979248047
3340,15.436785697937012
3341,15.431879997253418
3342,15.371984481811523
3343,15.354366302490234
3344,15.477200508117676
3345,15.467487335205078
3346,15.377473831176758
3347,15.427634239196777
3348,15.401885032653809
3349,15.505172729492188
3350,15.450349807739258
3351,15.413270950317383
3352,15.41528606414795
3353,15.474634170532227
3354,15.454818725585938
3355,15.461362838745117
3356,15.37848949432373
3357,15.408907890319824
3358,15.34615421295166
3359,15.380132675170898
3360,15.403454780578613
3361,15.395736694335938
3362,15.386435508728027
3363,15.320693969726562
3364,15.295270919799805
3365,15.309893608093262
3366,15.305421829223633
3367,15.255216598510742
3368,15.230013847351074
3369,15.241438865661621
3370,15.27195930480957
3371,15.267232894897461
3372,15.252479553222656
3373,15.261537551879883
3374,15.245026588439941
3375,15.284789085388184
3376,15.240534782409668
3377,15.257634162902832
3378,15.292825698852539
3379,15.285918235778809
3380,15.255825996398926
3381,15.238577842712402
3382,15.266870498657227
3383,15.262824058532715
3384,15.249711990356445
3385,15.235146522521973
3386,15.259631156921387
3387,15.263422966003418
3388,15.25495433807373
3389,15.23911190032959
3390,15.304786682128906
3391,15.315688133239746
3392,15.397273063659668
3393,15.446319580078125
3394,15.346202850341797
3395,15.334229469299316
3396,15.302878379821777
3397,15.26755142211914
3398,15.321470260620117
3399,15.320368766784668
3400,15.357887268066406
3401,15.288541793823242
3402,15.338850975036621
3403,15.372485160827637
3404,15.327864646911621
3405,15.352814674377441
3406,15.350561141967773
3407,15.436674118041992
3408,15.353386878967285
3409,15.322702407836914
3410,15.553807258605957
3411,15.398093223571777
3412,15.23884391784668
3413,15.278448104858398
3414,15.229161262512207
3415,15.238848686218262
3416,15.23456859588623
3417,15.295133590698242
3418,15.319995880126953
3419,15.338058471679688
3420,15.22060489654541
3421,15.227450370788574
3422,15.256369590759277
3423,15.258788108825684
3424,15.277582168579102
3425,15.279438972473145
3426,15.284923553466797
3427,15.277762413024902
3428,15.245630264282227
3429,15.218135833740234
3430,15.256189346313477
3431,15.247895240783691
3432,15.24181842803955
3433,15.238042831420898
3434,15.238606452941895
3435,15.233774185180664
3436,15.261582374572754
3437,15.33582878112793
3438,15.251778602600098
3439,15.218564987182617
3440,15.262324333190918
3441,15.23430061340332
3442,15.227128028869629
3443,15.301162719726562
3444,15.333883285522461
3445,15.259549140930176
3446,15.320560455322266
3447,15.288424491882324
3448,15.306355476379395
3449,15.269173622131348
3450,15.28747272491455
3451,15.277629852294922
3452,15.292900085449219
3453,15.29818344116211
3454,15.306120872497559
3455,15.246047973632812
3456,15.235588073730469
3457,15.212888717651367
3458,15.224635124206543
3459,15.2101411819458
3460,15.216567039489746
3461,15.271424293518066
3462,15.1994047164917
3463,15.203967094421387
3464,15.190323829650879
3465,15.20007610321045
3466,15.198250770568848
3467,15.200688362121582
3468,15.190689086914062
3469,15.197052955627441
3470,15.203573226928711
3471,15.215614318847656
3472,15.204559326171875
3473,15.217817306518555
3474,15.20848274230957
3475,15.179222106933594
3476,15.238019943237305
3477,15.251543045043945
3478,15.2189359664917
3479,15.2086820602417
3480,15.244645118713379
3481,15.3175048828125
3482,15.369715690612793
3483,15.429811477661133
3484,15.41855525970459
3485,15.43366527557373
3486,15.420357704162598
3487,15.442622184753418
3488,15.445816040039062
3489,15.426331520080566
3490,15.366559028625488
3491,15.342437744140625
3492,15.253488540649414
3493,15.229650497436523
3494,15.22470474243164
3495,15.227607727050781
3496,15.21149730682373
3497,15.263935089111328
3498,15.306398391723633
3499,15.38283634185791
