,0
0,11.275
1,11.285
2,11.275
3,11.295000000000002
4,11.29
5,11.275
6,11.285
7,11.315
8,11.305
9,11.275
10,11.255
11,11.265
12,11.315
13,11.39
14,11.435
15,11.54
16,11.535
17,11.61
18,11.58
19,11.595
20,11.58
21,11.65
22,11.655
23,11.645
24,11.645
25,11.645
26,11.665
27,11.69
28,11.695
29,11.685
30,11.7
31,11.675
32,11.695
33,11.685
34,11.72
35,11.725000000000001
36,11.695
37,11.71
38,11.7
39,11.595
40,11.61
41,11.64
42,11.585
43,11.555000000000001
44,11.525
45,11.535
46,11.544999999999998
47,11.535
48,11.52
49,11.505
50,11.475
51,11.485
52,11.47
53,11.525
54,11.52
55,11.515
56,11.505
57,11.505
58,11.55
59,11.575
60,11.585
61,11.55
62,11.55
63,11.525
64,11.48
65,11.65
66,11.714999999999998
67,11.714999999999998
68,11.745
69,11.785
70,11.815
71,11.805000000000001
72,11.795
73,11.79
74,11.825
75,11.805000000000001
76,11.81
77,11.81
78,11.825
79,11.845
80,11.875
81,11.865
82,11.875
83,11.895000000000001
84,11.915
85,11.945
86,11.935
87,11.945
88,11.97
89,11.940000000000001
90,11.87
91,11.8
92,11.850000000000001
93,11.935
94,11.940000000000001
95,11.935
96,11.915
97,11.905
98,11.915
99,11.935
100,11.905
101,11.935
102,11.935
103,11.940000000000001
104,11.850000000000001
105,11.845
106,11.82
107,11.855
108,11.855
109,11.875
110,11.875
111,11.884999999999998
112,11.88
113,11.875
114,11.91
115,11.935
116,11.925
117,11.89
118,11.815
119,11.770000000000001
120,11.765
121,11.78
122,11.815
123,11.83
124,11.8
125,11.759999999999998
126,11.795
127,11.82
128,11.815
129,11.845
130,11.839999999999998
131,11.825
132,11.845
133,11.86
134,11.875
135,11.86
136,11.884999999999998
137,11.875
138,11.89
139,11.875
140,11.865
141,11.850000000000001
142,11.83
143,11.87
144,11.865
145,11.855
146,11.795
147,11.795
148,11.785
149,11.75
150,11.74
151,11.765
152,11.79
153,11.785
154,11.78
155,11.775
156,11.785
157,11.785
158,11.775
159,11.759999999999998
160,11.765
161,11.785
162,11.785
163,11.795
164,11.785
165,11.765
166,11.770000000000001
167,11.755
168,11.75
169,11.765
170,11.835
171,11.865
172,11.88
173,11.875
174,11.884999999999998
175,11.89
176,11.875
177,11.875
178,11.86
179,11.839999999999998
180,11.87
181,11.855
182,11.839999999999998
183,11.845
184,11.835
185,11.835
186,11.839999999999998
187,11.855
188,11.87
189,11.88
190,11.845
191,11.87
192,11.87
193,11.875
194,11.850000000000001
195,11.845
196,11.975000000000001
197,12.08
198,12.099999999999998
199,12.075
200,12.085000000000003
201,12.135
202,12.125
203,12.135
204,12.125
205,12.135
206,12.135
207,12.16
208,12.175
209,12.185
210,12.185
211,12.185
212,12.185
213,12.190000000000001
214,12.224999999999998
215,12.255000000000003
216,12.295
217,12.269999999999998
218,12.31
219,12.315000000000001
220,12.25
221,12.355
222,12.315000000000001
223,12.305
224,12.349999999999998
225,12.315000000000001
226,12.285
227,12.275
228,12.265
229,12.275
230,12.34
231,12.335000000000003
232,12.335000000000003
233,12.32
234,12.33
235,12.31
236,12.295
237,12.295
238,12.32
239,12.255000000000003
240,12.25
241,12.155
242,12.12
243,12.14
244,12.155
245,12.12
246,12.16
247,12.12
248,12.17
249,12.210000000000003
250,12.245
251,12.23
252,12.195
253,12.185
254,12.195
255,12.190000000000001
256,12.185
257,12.185
258,12.22
259,12.195
260,12.210000000000003
261,12.179999999999998
262,12.17
263,12.179999999999998
264,12.179999999999998
265,12.185
266,12.185
267,12.155
268,12.17
269,12.185
270,12.175
271,12.165
272,12.14
273,12.14
274,12.155
275,12.145000000000001
276,12.12
277,12.095
278,12.115
279,12.105
280,12.075
281,12.035
282,12.045
283,11.985
284,12.020000000000001
285,12.03
286,12.04
287,12.045
288,12.065000000000001
289,12.085000000000003
290,12.085000000000003
291,12.05
292,12.0
293,11.98
294,12.0
295,12.0
296,12.015
297,12.045
298,12.025
299,12.125
300,12.185
301,12.155
302,12.190000000000001
303,12.245
304,12.215
305,12.26
306,12.295
307,12.275
308,12.295
309,12.255000000000003
310,12.265
311,12.285
312,12.280000000000001
313,12.285
314,12.285
315,12.29
316,12.285
317,12.305
318,12.26
319,12.2
320,12.205
321,12.195
322,12.16
323,12.175
324,12.185
325,12.245
326,12.190000000000001
327,12.2
328,12.16
329,12.105
330,12.105
331,12.07
332,12.06
333,12.035
334,12.015
335,12.035
336,12.020000000000001
337,12.054999999999998
338,12.015
339,12.04
340,12.03
341,12.05
342,12.025
343,12.03
344,12.025
345,11.96
346,11.895000000000001
347,11.815
348,11.82
349,11.8
350,11.79
351,11.669999999999998
352,11.57
353,11.54
354,11.635000000000002
355,11.600000000000001
356,11.52
357,11.52
358,11.53
359,11.565
360,11.55
361,11.565
362,11.525
363,11.515
364,11.53
365,11.47
366,11.46
367,11.455
368,11.43
369,11.37
370,11.395
371,11.365
372,11.415
373,11.510000000000002
374,11.495
375,11.435
376,11.415
377,11.56
378,11.505
379,11.505
380,11.485
381,11.46
382,11.405
383,11.37
384,11.435
385,11.44
386,11.45
387,11.435
388,11.435
389,11.435
390,11.419999999999998
391,11.41
392,11.365
393,11.37
394,11.365
395,11.335
396,11.295000000000002
397,11.315
398,11.325
399,11.38
400,11.374999999999998
401,11.43
402,11.44
403,11.544999999999998
404,11.54
405,11.505
406,11.37
407,11.395
408,11.345
409,11.329999999999998
410,11.345
411,11.29
412,11.23
413,11.27
414,11.249999999999998
415,11.249999999999998
416,11.275
417,11.255
418,11.24
419,11.204999999999998
420,11.18
421,11.215000000000002
422,11.204999999999998
423,11.185
424,11.185
425,11.159999999999998
426,11.11
427,11.075
428,11.02
429,11.159999999999998
430,11.159999999999998
431,11.135
432,11.1
433,11.1
434,11.125000000000002
435,11.05
436,11.06
437,11.075
438,11.12
439,11.159999999999998
440,11.145
441,11.19
442,11.19
443,11.13
444,11.079999999999998
445,11.079999999999998
446,11.09
447,11.105
448,11.1
449,11.105
450,11.105
451,11.095
452,11.145
453,11.175
454,11.14
455,11.245
456,11.21
457,11.24
458,11.18
459,11.155
460,11.114999999999998
461,11.185
462,11.204999999999998
463,11.235
464,11.249999999999998
465,11.249999999999998
466,11.32
467,11.329999999999998
468,11.3
469,11.32
470,11.29
471,11.315
472,11.3
473,11.340000000000002
474,11.340000000000002
475,11.325
476,11.329999999999998
477,11.329999999999998
478,11.325
479,11.335
480,11.305
481,11.329999999999998
482,11.245
483,11.31
484,11.295000000000002
485,11.26
486,11.255
487,11.285
488,11.3
489,11.305
490,11.325
491,11.31
492,11.305
493,11.325
494,11.315
495,11.345
496,11.35
497,11.340000000000002
498,11.355
499,11.35
500,11.335
501,11.32
502,11.29
503,11.26
504,11.3
505,11.295
506,11.22
507,11.07
508,11.18
509,11.215
510,11.34
511,11.44
512,11.48
513,11.43
514,11.42
515,11.34
516,11.4
517,11.42
518,11.42
519,11.43
520,11.43
521,11.415
522,11.41
523,11.41
524,11.41
525,11.415
526,11.43
527,11.435
528,11.445
529,11.475
530,11.39
531,11.345
532,11.335
533,11.4
534,11.375
535,11.32
536,11.285
537,11.315
538,11.29
539,11.28
540,11.295
541,11.28
542,11.3
543,11.275
544,11.235
545,11.285
546,11.285
547,11.245
548,11.26
549,11.27
550,11.31
551,11.29
552,11.35
553,11.34
554,11.36
555,11.36
556,11.38
557,11.365
558,11.415
559,11.605
560,11.55
561,11.62
562,11.635
563,11.62
564,11.61
565,11.64
566,11.635
567,11.67
568,11.65
569,11.67
570,11.61
571,11.595
572,11.615
573,11.62
574,11.625
575,11.645
576,11.63
577,11.61
578,11.58
579,11.61
580,11.62
581,11.625
582,11.595
583,11.62
584,11.56
585,11.835
586,11.82
587,11.835
588,11.83
589,11.83
590,11.805
591,11.81
592,11.835
593,11.825
594,11.815
595,11.8
596,11.795
597,11.835
598,11.84
599,11.86
600,11.865
601,11.885
602,11.885
603,11.89
604,11.93
605,11.985
606,12.0
607,11.96
608,11.95
609,11.91
610,11.92
611,12.03
612,12.15
613,12.185
614,12.21
615,12.225
616,12.185
617,12.185
618,12.185
619,12.18
620,12.19
621,12.185
622,12.23
623,12.195
624,12.205
625,12.185
626,12.18
627,12.16
628,12.155
629,12.135
630,12.19
631,12.17
632,12.185
633,12.215
634,12.225
635,12.22
636,12.27
637,12.29
638,12.185
639,12.06
640,12.115
641,12.05
642,12.07
643,12.09
644,12.09
645,12.09
646,12.1
647,12.08
648,12.055
649,12.045
650,12.07
651,12.06
652,12.04
653,12.035
654,12.05
655,12.035
656,12.09
657,12.07
658,12.085
659,12.095
660,12.065
661,12.11
662,12.065
663,12.12
664,12.17
665,12.155
666,12.085
667,12.09
668,12.145
669,12.145
670,12.13
671,12.11
672,12.11
673,12.085
674,12.09
675,12.095
676,12.13
677,12.135
678,12.14
679,12.14
680,12.145
681,12.175
682,12.175
683,12.165
684,12.17
685,12.155
686,12.135
687,12.115
688,12.14
689,12.17
690,12.15
691,12.135
692,12.135
693,12.095
694,12.09
695,12.0
696,11.92
697,11.945
698,11.995
699,11.985
700,11.97
701,12.02
702,12.02
703,12.01
704,12.02
705,12.03
706,11.995
707,11.97
708,11.975
709,11.99
710,12.0
711,12.03
712,12.02
713,12.035
714,12.005
715,12.02
716,12.025
717,12.04
718,12.065
719,12.07
720,12.065
721,12.02
722,12.01
723,12.03
724,12.025
725,12.025
726,12.065
727,12.08
728,12.07
729,12.065
730,12.085
731,12.075
732,12.07
733,12.085
734,12.06
735,12.07
736,12.045
737,12.03
738,12.035
739,12.045
740,12.055
741,12.14
742,12.16
743,12.15
744,12.15
745,12.15
746,12.145
747,12.145
748,12.135
749,12.145
750,12.145
751,12.155
752,12.155
753,12.145
754,12.145
755,12.145
756,12.155
757,12.135
758,12.125
759,12.15
760,12.155
761,12.145
762,12.155
763,12.165
764,12.165
765,12.16
766,12.13
767,12.515
768,12.49
769,12.495
770,12.51
771,12.575
772,12.57
773,12.51
774,12.505
775,12.51
776,12.51
777,12.545
778,12.555
779,12.595
780,12.595
781,12.575
782,12.565
783,12.565
784,12.565
785,12.57
786,12.575
787,12.595
788,12.635
789,12.635
790,12.61
791,12.625
792,12.585
793,12.41
794,12.415
795,12.405
796,12.475
797,12.465
798,12.4
799,12.415
800,12.45
801,12.465
802,12.52
803,12.555
804,12.54
805,12.53
806,12.595
807,12.585
808,12.565
809,12.54
810,12.545
811,12.585
812,12.625
813,12.66
814,12.63
815,12.675
816,12.58
817,12.54
818,12.57
819,12.775
820,12.855
821,12.91
822,12.845
823,12.835
824,12.83
825,12.795
826,12.71
827,12.76
828,12.675
829,12.615
830,12.67
831,12.72
832,12.695
833,12.67
834,12.63
835,12.655
836,12.635
837,12.65
838,12.705
839,12.695
840,12.67
841,12.725
842,12.685
843,12.66
844,12.72
845,12.725
846,12.755
847,12.76
848,12.74
849,12.745
850,12.75
851,12.81
852,12.785
853,12.795
854,12.8
855,12.8
856,12.845
857,12.84
858,12.84
859,12.845
860,12.835
861,12.84
862,12.85
863,12.86
864,12.865
865,12.865
866,12.835
867,12.805
868,12.825
869,12.85
870,12.82
871,12.77
872,12.825
873,12.79
874,12.755
875,12.73
876,12.745
877,12.725
878,12.765
879,12.8
880,12.775
881,12.765
882,12.73
883,12.72
884,12.715
885,12.68
886,12.66
887,12.615
888,12.62
889,12.62
890,12.62
891,12.65
892,12.625
893,12.625
894,12.605
895,12.59
896,12.565
897,12.54
898,12.57
899,12.59
900,12.64
901,12.61
902,12.565
903,12.59
904,12.6
905,12.59
906,12.58
907,12.575
908,12.56
909,12.56
910,12.55
911,12.555
912,12.575
913,12.54
914,12.535
915,12.5
916,12.52
917,12.535
918,12.52
919,12.485
920,12.505
921,12.535
922,12.56
923,12.62
924,12.62
925,12.59
926,12.575
927,12.5
928,12.48
929,12.45
930,12.41
931,12.48
932,12.475
933,12.465
934,12.43
935,12.43
936,12.405
937,12.385
938,12.42
939,12.41
940,12.41
941,12.41
942,12.41
943,12.41
944,12.4
945,12.385
946,12.345
947,12.37
948,12.4
949,12.455
950,12.385
951,12.365
952,12.37
953,12.25
954,12.265
955,12.185
956,12.18
957,12.255
958,12.23
959,12.235
960,12.235
961,12.23
962,12.19
963,12.2
964,12.245
965,12.27
966,12.29
967,12.27
968,12.27
969,12.26
970,12.27
971,12.29
972,12.295
973,12.295
974,12.28
975,12.24
976,12.225
977,12.19
978,12.215
979,12.2
980,12.19
981,12.21
982,12.175
983,12.185
984,12.175
985,12.18
986,12.14
987,12.19
988,12.19
989,12.19
990,12.2
991,12.215
992,12.195
993,12.215
994,12.235
995,12.245
996,12.25
997,12.25
998,12.24
999,12.25
1000,12.235
1001,12.2
1002,12.18
1003,12.140000000000002
1004,12.16
1005,12.17
1006,12.19
1007,12.175
1008,12.18
1009,12.175
1010,12.16
1011,12.154999999999998
1012,12.16
1013,12.145
1014,12.15
1015,12.145
1016,12.154999999999998
1017,12.145
1018,12.154999999999998
1019,12.145
1020,12.15
1021,12.145
1022,12.165
1023,12.154999999999998
1024,12.165
1025,12.165
1026,12.17
1027,12.255
1028,12.245
1029,12.245
1030,12.22
1031,12.185
1032,12.15
1033,12.154999999999998
1034,12.140000000000002
1035,12.15
1036,12.140000000000002
1037,12.145
1038,12.145
1039,12.145
1040,12.165
1041,12.175
1042,12.194999999999999
1043,12.175
1044,12.175
1045,12.18
1046,12.165
1047,12.17
1048,12.165
1049,12.145
1050,12.125
1051,12.12
1052,12.16
1053,12.22
1054,12.2
1055,12.175
1056,12.194999999999999
1057,12.205
1058,12.22
1059,12.175
1060,12.175
1061,12.165
1062,12.21
1063,12.185
1064,12.185
1065,12.19
1066,12.194999999999999
1067,12.194999999999999
1068,12.18
1069,12.185
1070,12.185
1071,12.185
1072,12.18
1073,12.194999999999999
1074,12.19
1075,12.194999999999999
1076,12.185
1077,12.165
1078,12.140000000000002
1079,12.045
1080,11.96
1081,11.845
1082,11.875
1083,11.855000000000002
1084,11.8
1085,11.83
1086,11.83
1087,11.8
1088,11.82
1089,11.794999999999998
1090,11.79
1091,11.765
1092,11.765
1093,11.794999999999998
1094,11.785
1095,11.79
1096,11.765
1097,11.794999999999998
1098,11.745
1099,11.775
1100,11.775
1101,11.775
1102,11.785
1103,11.8
1104,11.815000000000001
1105,11.805
1106,11.925
1107,11.94
1108,11.84
1109,11.895
1110,11.905
1111,11.925
1112,11.96
1113,11.909999999999998
1114,11.895
1115,11.865
1116,11.865
1117,11.865
1118,11.88
1119,11.855000000000002
1120,11.895
1121,11.93
1122,11.915
1123,11.88
1124,11.915
1125,11.895
1126,11.885
1127,11.89
1128,11.89
1129,11.895
1130,11.935
1131,11.755
1132,11.715
1133,11.83
1134,11.865
1135,11.83
1136,11.909999999999998
1137,11.97
1138,11.94
1139,11.94
1140,11.925
1141,11.92
1142,11.915
1143,11.89
1144,11.88
1145,11.955
1146,11.964999999999998
1147,11.975
1148,11.955
1149,11.94
1150,11.945
1151,11.955
1152,11.96
1153,11.955
1154,11.96
1155,11.975
1156,11.964999999999998
1157,11.96
1158,11.94
1159,11.97
1160,11.97
1161,11.97
1162,11.975
1163,11.98
1164,11.97
1165,11.96
1166,11.93
1167,11.935
1168,11.935
1169,11.955
1170,11.95
1171,11.964999999999998
1172,11.955
1173,11.99
1174,12.01
1175,12.055
1176,12.05
1177,12.05
1178,12.06
1179,12.145
1180,12.135
1181,12.175
1182,12.21
1183,12.26
1184,12.295
1185,12.3
1186,12.29
1187,12.249999999999998
1188,12.23
1189,12.24
1190,12.23
1191,12.28
1192,12.3
1193,12.295
1194,12.295
1195,12.295
1196,12.265
1197,12.24
1198,12.285
1199,12.26
1200,12.26
1201,12.28
1202,12.285
1203,12.3
1204,12.310000000000002
1205,12.3
1206,12.295
1207,12.275
1208,12.245
1209,12.335
1210,12.39
1211,12.355
1212,12.335
1213,12.305
1214,12.345
1215,12.305
1216,12.315
1217,12.345
1218,12.324999999999998
1219,12.34
1220,12.324999999999998
1221,12.34
1222,12.335
1223,12.29
1224,12.315
1225,12.315
1226,12.310000000000002
1227,12.3
1228,12.305
1229,12.305
1230,12.3
1231,12.285
1232,12.285
1233,12.315
1234,12.32
1235,12.2
1236,12.235
1237,12.23
1238,12.255
1239,12.28
1240,12.310000000000002
1241,12.3
1242,12.285
1243,12.26
1244,12.285
1245,12.26
1246,12.255
1247,12.275
1248,12.265
1249,12.285
1250,12.285
1251,12.285
1252,12.26
1253,12.265
1254,12.285
1255,12.285
1256,12.285
1257,12.275
1258,12.255
1259,12.245
1260,12.249999999999998
1261,12.19
1262,12.17
1263,12.19
1264,12.165
1265,12.140000000000002
1266,12.13
1267,12.100000000000001
1268,12.125
1269,12.079999999999998
1270,12.12
1271,12.095
1272,12.09
1273,12.13
1274,12.15
1275,12.19
1276,12.165
1277,12.16
1278,12.154999999999998
1279,12.135
1280,12.135
1281,12.145
1282,12.140000000000002
1283,12.16
1284,12.16
1285,12.145
1286,12.16
1287,12.270000000000001
1288,12.310000000000002
1289,12.255
1290,12.29
1291,12.310000000000002
1292,12.26
1293,12.19
1294,12.17
1295,12.175
1296,12.115
1297,12.11
1298,12.105
1299,12.06
1300,12.039999999999997
1301,12.079999999999998
1302,12.07
1303,12.105
1304,12.079999999999998
1305,12.039999999999997
1306,12.039999999999997
1307,12.09
1308,12.079999999999998
1309,12.06
1310,12.039999999999997
1311,12.03
1312,11.98
1313,12.16
1314,12.18
1315,12.140000000000002
1316,12.145
1317,12.100000000000001
1318,12.115
1319,12.15
1320,12.185
1321,12.21
1322,12.185
1323,12.154999999999998
1324,12.154999999999998
1325,12.16
1326,12.175
1327,12.165
1328,12.175
1329,12.17
1330,12.175
1331,12.175
1332,12.154999999999998
1333,12.16
1334,12.16
1335,12.2
1336,12.275
1337,12.33
1338,12.275
1339,11.88
1340,11.86
1341,11.785
1342,11.794999999999998
1343,11.740000000000002
1344,11.700000000000001
1345,11.719999999999999
1346,11.679999999999998
1347,11.635
1348,11.56
1349,11.52
1350,11.48
1351,11.525
1352,11.54
1353,11.485
1354,11.545
1355,11.595
1356,11.585
1357,11.565
1358,11.595
1359,11.615
1360,11.665
1361,11.71
1362,11.679999999999998
1363,11.624999999999998
1364,11.679999999999998
1365,11.52
1366,11.405
1367,11.3
1368,11.3
1369,11.32
1370,11.37
1371,11.345
1372,11.345
1373,11.3
1374,11.295
1375,11.264999999999999
1376,11.264999999999999
1377,11.285000000000002
1378,11.335
1379,11.380000000000003
1380,11.445
1381,11.41
1382,11.365
1383,11.32
1384,11.35
1385,11.355
1386,11.3
1387,11.35
1388,11.385
1389,11.405
1390,11.44
1391,11.465
1392,11.47
1393,11.54
1394,11.530000000000001
1395,11.535
1396,11.535
1397,11.549999999999999
1398,11.545
1399,11.595
1400,11.6
1401,11.58
1402,11.575
1403,11.615
1404,11.605
1405,11.62
1406,11.64
1407,11.65
1408,11.675
1409,11.67
1410,11.675
1411,11.655
1412,11.665
1413,11.655
1414,11.655
1415,11.675
1416,11.65
1417,11.740000000000002
1418,11.73
1419,11.624999999999998
1420,11.605
1421,11.59
1422,11.645000000000001
1423,11.64
1424,11.64
1425,11.65
1426,11.65
1427,11.65
1428,11.665
1429,11.679999999999998
1430,11.69
1431,11.685
1432,11.695
1433,11.71
1434,11.675
1435,11.71
1436,11.719999999999999
1437,11.745
1438,11.73
1439,11.73
1440,11.71
1441,11.73
1442,11.71
1443,11.985000000000001
1444,11.975
1445,11.995
1446,12.079999999999998
1447,12.09
1448,12.079999999999998
1449,12.079999999999998
1450,12.125
1451,12.13
1452,12.145
1453,12.12
1454,12.13
1455,12.135
1456,12.140000000000002
1457,12.115
1458,12.105
1459,12.09
1460,12.105
1461,12.095
1462,12.05
1463,12.075
1464,12.095
1465,12.095
1466,12.115
1467,12.105
1468,12.07
1469,12.17
1470,12.2
1471,12.22
1472,12.265
1473,12.3
1474,12.28
1475,12.28
1476,12.28
1477,12.29
1478,12.324999999999998
1479,12.324999999999998
1480,12.315
1481,12.29
1482,12.295
1483,12.310000000000002
1484,12.310000000000002
1485,12.315
1486,12.315
1487,12.32
1488,12.34
1489,12.355
1490,12.364999999999998
1491,12.364999999999998
1492,12.364999999999998
1493,12.34
1494,12.3
1495,12.47
1496,12.479999999999999
1497,12.425000000000002
1498,12.445
1499,12.45
1500,12.475
1501,12.455
1502,12.475
1503,12.49
1504,12.49
1505,12.49
1506,12.495
1507,12.49
1508,12.5
1509,12.51
1510,12.525
1511,12.505
1512,12.525
1513,12.535
1514,12.515
1515,12.51
1516,12.475
1517,12.45
1518,12.415
1519,12.425
1520,12.435
1521,12.3
1522,12.39
1523,12.4
1524,12.4
1525,12.395
1526,12.37
1527,12.355
1528,12.34
1529,12.34
1530,12.33
1531,12.34
1532,12.345
1533,12.345
1534,12.385
1535,12.385
1536,12.405
1537,12.42
1538,12.42
1539,12.41
1540,12.405
1541,12.41
1542,12.435
1543,12.455
1544,12.455
1545,12.455
1546,12.43
1547,12.41
1548,12.43
1549,12.44
1550,12.41
1551,12.42
1552,12.435
1553,12.415
1554,12.415
1555,12.405
1556,12.405
1557,12.4
1558,12.415
1559,12.44
1560,12.42
1561,12.42
1562,12.425
1563,12.425
1564,12.415
1565,12.405
1566,12.4
1567,12.4
1568,12.39
1569,12.39
1570,12.385
1571,12.395
1572,12.37
1573,12.38
1574,12.26
1575,12.26
1576,12.285
1577,12.305
1578,12.305
1579,12.325
1580,12.305
1581,12.33
1582,12.325
1583,12.325
1584,12.3
1585,12.28
1586,12.295
1587,12.29
1588,12.275
1589,12.26
1590,12.265
1591,12.245
1592,12.235
1593,12.255
1594,12.265
1595,12.265
1596,12.275
1597,12.285
1598,12.28
1599,12.22
1600,12.195
1601,12.12
1602,12.115
1603,12.14
1604,12.15
1605,12.145
1606,12.145
1607,12.125
1608,12.145
1609,12.145
1610,12.14
1611,12.135
1612,12.12
1613,12.11
1614,12.125
1615,12.1
1616,12.13
1617,12.15
1618,12.17
1619,12.15
1620,12.155
1621,12.14
1622,12.095
1623,12.1
1624,12.13
1625,12.09
1626,12.09
1627,12.13
1628,12.105
1629,12.135
1630,12.115
1631,12.145
1632,12.16
1633,12.13
1634,12.155
1635,12.145
1636,12.115
1637,12.14
1638,12.16
1639,12.165
1640,12.18
1641,12.185
1642,12.19
1643,12.17
1644,12.175
1645,12.175
1646,12.185
1647,12.185
1648,12.195
1649,12.185
1650,12.175
1651,12.34
1652,12.33
1653,12.325
1654,12.345
1655,12.32
1656,12.345
1657,12.33
1658,12.29
1659,12.26
1660,12.27
1661,12.295
1662,12.315
1663,12.305
1664,12.305
1665,12.305
1666,12.27
1667,12.26
1668,12.26
1669,12.275
1670,12.26
1671,12.25
1672,12.22
1673,12.225
1674,12.245
1675,12.25
1676,12.22
1677,12.49
1678,12.52
1679,12.54
1680,12.55
1681,12.55
1682,12.52
1683,12.51
1684,12.52
1685,12.525
1686,12.505
1687,12.625
1688,12.74
1689,12.725
1690,12.73
1691,12.805
1692,12.76
1693,12.77
1694,12.805
1695,12.805
1696,12.805
1697,12.795
1698,12.78
1699,12.81
1700,12.81
1701,12.865
1702,12.890000000000002
1703,13.049999999999999
1704,12.919999999999998
1705,12.785
1706,12.865
1707,12.949999999999998
1708,12.939999999999998
1709,12.955
1710,12.945
1711,12.935
1712,12.915000000000001
1713,12.955
1714,13.0
1715,13.005
1716,13.045000000000002
1717,13.035000000000002
1718,13.079999999999998
1719,13.069999999999999
1720,13.095
1721,13.069999999999999
1722,13.045000000000002
1723,13.005
1724,13.035000000000002
1725,13.015
1726,13.005
1727,12.96
1728,12.895
1729,12.96
1730,13.059999999999999
1731,13.069999999999999
1732,13.01
1733,13.03
1734,13.035000000000002
1735,13.079999999999998
1736,13.079999999999998
1737,13.075000000000001
1738,13.165
1739,13.155
1740,13.115
1741,13.14
1742,13.095
1743,13.115
1744,13.115
1745,13.069999999999999
1746,13.015
1747,13.035000000000002
1748,13.035000000000002
1749,13.005
1750,13.005
1751,13.025
1752,13.045000000000002
1753,12.99
1754,13.02
1755,12.98
1756,12.96
1757,12.935
1758,12.899999999999999
1759,12.935
1760,12.935
1761,12.945
1762,12.96
1763,12.965
1764,12.955
1765,12.97
1766,12.935
1767,12.945
1768,12.98
1769,12.975
1770,12.975
1771,12.99
1772,12.975
1773,12.965
1774,12.965
1775,12.939999999999998
1776,12.909999999999998
1777,12.899999999999999
1778,12.925
1779,12.905000000000001
1780,12.909999999999998
1781,12.919999999999998
1782,13.015
1783,13.025
1784,12.98
1785,12.98
1786,12.96
1787,12.96
1788,12.985
1789,12.975
1790,12.96
1791,12.97
1792,13.0
1793,12.995
1794,12.985
1795,12.99
1796,13.0
1797,12.985
1798,12.98
1799,12.99
1800,12.985
1801,12.985
1802,12.985
1803,12.985
1804,12.995
1805,12.995
1806,13.015
1807,12.98
1808,12.98
1809,13.03
1810,13.04
1811,13.085
1812,13.055000000000001
1813,13.055000000000001
1814,13.045000000000002
1815,13.045000000000002
1816,13.045000000000002
1817,13.049999999999999
1818,13.035000000000002
1819,13.045000000000002
1820,13.049999999999999
1821,13.045000000000002
1822,13.055000000000001
1823,13.045000000000002
1824,13.035000000000002
1825,13.069999999999999
1826,13.069999999999999
1827,13.085
1828,13.075000000000001
1829,13.03
1830,13.035000000000002
1831,13.025
1832,12.97
1833,13.15
1834,13.219999999999999
1835,13.295
1836,13.28
1837,13.275
1838,13.255
1839,13.275
1840,13.249999999999998
1841,13.265
1842,13.285
1843,13.305
1844,13.33
1845,13.345000000000002
1846,13.33
1847,13.345000000000002
1848,13.345000000000002
1849,13.345000000000002
1850,13.33
1851,13.33
1852,13.29
1853,13.28
1854,13.275
1855,13.315
1856,13.31
1857,13.33
1858,13.35
1859,13.405000000000001
1860,13.395000000000001
1861,13.379999999999999
1862,13.409999999999998
1863,13.379999999999999
1864,13.389999999999999
1865,13.42
1866,13.43
1867,13.44
1868,13.46
1869,13.49
1870,13.495
1871,13.525000000000002
1872,13.51
1873,13.505000000000003
1874,13.46
1875,13.445
1876,13.409999999999998
1877,13.395000000000001
1878,13.37
1879,13.36
1880,13.385000000000002
1881,13.405000000000001
1882,13.385000000000002
1883,13.414999999999997
1884,13.425
1885,13.45
1886,13.505000000000003
1887,13.43
1888,13.45
1889,13.47
1890,13.46
1891,13.485
1892,13.475
1893,13.495
1894,13.495
1895,13.485
1896,13.475
1897,13.475
1898,13.48
1899,13.485
1900,13.465
1901,13.475
1902,13.47
1903,13.495
1904,13.495
1905,13.48
1906,13.435
1907,13.455
1908,13.414999999999997
1909,13.385000000000002
1910,13.35
1911,13.455
1912,13.485
1913,13.485
1914,13.485
1915,13.48
1916,13.46
1917,13.46
1918,13.46
1919,13.46
1920,13.425
1921,13.44
1922,13.425
1923,13.409999999999998
1924,13.425
1925,13.409999999999998
1926,13.414999999999997
1927,13.409999999999998
1928,13.399999999999999
1929,13.414999999999997
1930,13.43
1931,13.435
1932,13.435
1933,13.43
1934,13.425
1935,13.43
1936,13.435
1937,13.475
1938,13.465
1939,13.485
1940,13.5
1941,13.554999999999998
1942,13.549999999999999
1943,13.57
1944,13.585
1945,13.59
1946,13.56
1947,13.54
1948,13.554999999999998
1949,13.57
1950,13.53
1951,13.49
1952,13.495
1953,13.515000000000002
1954,13.525000000000002
1955,13.515000000000002
1956,13.505000000000003
1957,13.535000000000002
1958,13.53
1959,13.525000000000002
1960,13.51
1961,13.485
1962,13.47
1963,13.399999999999999
1964,13.399999999999999
1965,13.409999999999998
1966,13.409999999999998
1967,13.43
1968,13.44
1969,13.515000000000002
1970,13.554999999999998
1971,13.67
1972,13.700000000000001
1973,13.57
1974,13.58
1975,13.690000000000001
1976,13.67
1977,13.645
1978,13.66
1979,13.625
1980,13.59
1981,13.6
1982,13.625
1983,13.61
1984,13.554999999999998
1985,13.51
1986,13.53
1987,13.389999999999999
1988,13.395000000000001
1989,13.375000000000002
1990,13.42
1991,13.33
1992,13.215000000000002
1993,13.275
1994,13.3
1995,12.97
1996,12.99
1997,13.229999999999999
1998,13.219999999999999
1999,13.119999999999997
2000,13.165
2001,13.245
2002,13.265
2003,13.274999999999999
2004,13.285
2005,13.37
2006,13.339999999999998
2007,13.33
2008,13.29
2009,13.28
2010,13.215
2011,13.245
2012,13.28
2013,13.315
2014,13.32
2015,13.355
2016,13.31
2017,13.265
2018,13.25
2019,13.235
2020,13.21
2021,13.23
2022,13.16
2023,13.155
2024,13.185
2025,13.155
2026,13.17
2027,13.165
2028,13.165
2029,13.195
2030,13.19
2031,13.19
2032,13.195
2033,13.17
2034,13.165
2035,13.18
2036,13.195
2037,13.185
2038,13.195
2039,13.2
2040,13.225
2041,13.215
2042,13.21
2043,13.23
2044,13.23
2045,13.2
2046,13.235
2047,13.47
2048,13.47
2049,13.47
2050,13.48
2051,13.425
2052,13.43
2053,13.43
2054,13.43
2055,13.434999999999999
2056,13.4
2057,13.425
2058,13.45
2059,13.465
2060,13.46
2061,13.445
2062,13.43
2063,13.37
2064,13.37
2065,13.335
2066,13.365
2067,13.345
2068,13.385
2069,13.404999999999998
2070,13.375
2071,13.39
2072,13.36
2073,13.35
2074,13.455
2075,13.49
2076,13.465
2077,13.48
2078,13.42
2079,13.425
2080,13.45
2081,13.47
2082,13.485
2083,13.48
2084,13.48
2085,13.475
2086,13.45
2087,13.455
2088,13.495
2089,13.54
2090,13.52
2091,13.52
2092,13.505
2093,13.515
2094,13.49
2095,13.525
2096,13.55
2097,13.51
2098,13.49
2099,13.615
2100,13.705
2101,13.675
2102,13.68
2103,13.705
2104,13.73
2105,13.72
2106,13.73
2107,13.765
2108,13.8
2109,13.78
2110,13.805
2111,13.805
2112,13.795
2113,13.83
2114,13.84
2115,13.85
2116,13.86
2117,13.824999999999998
2118,13.87
2119,13.88
2120,13.9
2121,13.85
2122,13.845
2123,13.91
2124,13.83
2125,13.96
2126,13.94
2127,13.84
2128,13.86
2129,13.91
2130,13.885
2131,13.919999999999998
2132,13.93
2133,13.93
2134,13.919999999999998
2135,13.88
2136,13.9
2137,13.895
2138,13.88
2139,13.895
2140,13.89
2141,13.87
2142,13.845
2143,13.835
2144,13.835
2145,13.805
2146,13.785
2147,13.815
2148,13.835
2149,13.81
2150,13.68
2151,13.61
2152,13.595000000000002
2153,13.54
2154,13.46
2155,13.339999999999998
2156,13.36
2157,13.265
2158,13.22
2159,13.29
2160,13.305
2161,13.32
2162,13.315
2163,13.32
2164,13.339999999999998
2165,13.385
2166,13.355
2167,13.335
2168,13.35
2169,13.375
2170,13.37
2171,13.395
2172,13.42
2173,13.415
2174,13.43
2175,13.45
2176,13.55
2177,13.595000000000002
2178,13.59
2179,13.62
2180,13.62
2181,13.575
2182,13.54
2183,13.52
2184,13.55
2185,13.58
2186,13.59
2187,13.54
2188,13.51
2189,13.53
2190,13.525
2191,13.53
2192,13.404999999999998
2193,13.42
2194,13.39
2195,13.35
2196,13.42
2197,13.4
2198,13.35
2199,13.355
2200,13.41
2201,13.46
2202,13.37
2203,13.425
2204,13.26
2205,13.215
2206,13.25
2207,13.22
2208,13.16
2209,13.11
2210,13.15
2211,13.175000000000002
2212,13.1
2213,13.080000000000002
2214,13.1
2215,13.095
2216,13.09
2217,13.16
2218,13.16
2219,13.125
2220,13.080000000000002
2221,13.06
2222,13.02
2223,13.06
2224,13.045
2225,13.05
2226,13.11
2227,13.085
2228,13.085
2229,13.13
2230,13.225
2231,13.15
2232,13.12
2233,13.13
2234,13.16
2235,13.18
2236,13.12
2237,13.155
2238,13.065
2239,13.02
2240,12.91
2241,12.955
2242,12.945
2243,12.99
2244,12.99
2245,12.995
2246,13.035
2247,13.080000000000002
2248,13.125
2249,13.11
2250,13.13
2251,13.115
2252,13.175000000000002
2253,13.165
2254,13.2
2255,13.22
2256,13.165
2257,13.19
2258,13.19
2259,13.27
2260,13.255
2261,13.27
2262,13.285
2263,13.28
2264,13.27
2265,13.245
2266,13.274999999999999
2267,13.28
2268,13.3
2269,13.3
2270,13.285
2271,13.28
2272,13.28
2273,13.29
2274,13.255
2275,13.274999999999999
2276,13.32
2277,13.32
2278,13.335
2279,13.35
2280,13.375
2281,13.39
2282,13.39
2283,13.325
2284,13.375
2285,13.375
2286,13.365
2287,13.41
2288,13.37
2289,13.385
2290,13.39
2291,13.385
2292,13.38
2293,13.36
2294,13.339999999999998
2295,13.33
2296,13.33
2297,13.35
2298,13.335
2299,13.325
2300,13.315
2301,13.3
2302,13.32
2303,13.315
2304,13.305
2305,13.325
2306,13.3
2307,13.16
2308,13.155
2309,13.19
2310,13.16
2311,13.2
2312,13.21
2313,13.2
2314,13.24
2315,13.25
2316,13.235
2317,13.23
2318,13.21
2319,13.215
2320,13.21
2321,13.225
2322,13.18
2323,13.165
2324,13.15
2325,13.16
2326,13.19
2327,13.18
2328,13.195
2329,13.18
2330,13.14
2331,13.115
2332,13.135
2333,13.19
2334,13.2
2335,13.14
2336,13.18
2337,13.19
2338,13.085
2339,13.06
2340,13.1
2341,13.105
2342,13.05
2343,13.02
2344,13.06
2345,13.065
2346,13.065
2347,13.09
2348,13.080000000000002
2349,13.07
2350,13.105
2351,13.045
2352,13.025
2353,13.03
2354,13.025
2355,13.015000000000002
2356,13.035
2357,13.025
2358,13.06
2359,13.080000000000002
2360,13.1
2361,13.07
2362,13.085
2363,13.115
2364,13.1
2365,13.095
2366,13.125
2367,13.13
2368,13.125
2369,13.12
2370,13.11
2371,13.155
2372,13.16
2373,13.16
2374,13.115
2375,13.095
2376,13.105
2377,13.15
2378,13.125
2379,13.14
2380,13.175000000000002
2381,13.235
2382,13.225
2383,13.245
2384,13.22
2385,13.185
2386,13.165
2387,13.165
2388,13.145000000000001
2389,13.155
2390,13.11
2391,13.105
2392,13.13
2393,13.11
2394,13.125
2395,13.125
2396,13.12
2397,13.12
2398,13.105
2399,13.095
2400,13.05
2401,13.075
2402,13.06
2403,13.055
2404,13.085
2405,13.075
2406,13.04
2407,13.085
2408,13.07
2409,13.055
2410,13.080000000000002
2411,13.23
2412,13.21
2413,13.235
2414,13.25
2415,13.225
2416,13.23
2417,13.24
2418,13.22
2419,13.195
2420,13.19
2421,13.185
2422,13.16
2423,13.16
2424,13.155
2425,13.18
2426,13.2
2427,13.22
2428,13.245
2429,13.2
2430,13.18
2431,13.18
2432,13.175000000000002
2433,13.16
2434,13.165
2435,13.205
2436,13.21
2437,13.21
2438,13.21
2439,13.23
2440,13.245
2441,13.26
2442,13.27
2443,13.26
2444,13.32
2445,13.32
2446,13.295
2447,13.305
2448,13.295
2449,13.295
2450,13.305
2451,13.274999999999999
2452,13.27
2453,13.274999999999999
2454,13.27
2455,13.315
2456,13.3
2457,13.305
2458,13.325
2459,13.3
2460,13.325
2461,13.305
2462,13.274999999999999
2463,13.195
2464,13.23
2465,13.22
2466,13.23
2467,13.25
2468,13.225
2469,13.26
2470,13.25
2471,13.25
2472,13.24
2473,13.23
2474,13.255
2475,13.26
2476,13.265
2477,13.265
2478,13.265
2479,13.265
2480,13.28
2481,13.295
2482,13.339999999999998
2483,13.38
2484,13.225
2485,13.205
2486,13.265
2487,13.245
2488,13.18
2489,13.075
2490,13.065
2491,13.03
2492,13.04
2493,13.01
2494,13.0
2495,12.94
2496,12.865
2497,12.885
2498,12.945
2499,12.945
2500,12.940000000000001
2501,12.93
2502,12.925
2503,12.885
2504,12.89
2505,12.95
2506,12.99
2507,12.940000000000001
2508,12.865
2509,12.89
2510,12.835
2511,12.86
2512,12.85
2513,12.86
2514,12.900000000000002
2515,12.81
2516,12.68
2517,12.625
2518,12.54
2519,12.514999999999999
2520,12.53
2521,12.54
2522,12.5
2523,12.53
2524,12.53
2525,12.62
2526,12.585
2527,12.63
2528,12.73
2529,12.765
2530,12.734999999999998
2531,12.71
2532,12.655000000000001
2533,12.7
2534,12.734999999999998
2535,12.69
2536,12.73
2537,12.75
2538,12.77
2539,12.720000000000002
2540,12.69
2541,12.33
2542,12.3
2543,12.295000000000002
2544,12.31
2545,12.369999999999997
2546,12.32
2547,12.28
2548,12.24
2549,12.24
2550,12.26
2551,12.21
2552,12.23
2553,12.26
2554,12.28
2555,12.3
2556,12.285
2557,12.36
2558,12.34
2559,12.375000000000002
2560,12.395000000000001
2561,12.405
2562,12.39
2563,12.39
2564,12.31
2565,12.355000000000002
2566,12.3
2567,12.48
2568,12.495000000000001
2569,12.53
2570,12.52
2571,12.52
2572,12.56
2573,12.614999999999998
2574,12.6
2575,12.595
2576,12.614999999999998
2577,12.65
2578,12.640000000000002
2579,12.675
2580,12.625
2581,12.640000000000002
2582,12.605
2583,12.665
2584,12.655000000000001
2585,12.645
2586,12.645
2587,12.68
2588,12.67
2589,12.7
2590,12.73
2591,12.720000000000002
2592,12.67
2593,12.725
2594,12.79
2595,12.755
2596,12.720000000000002
2597,12.720000000000002
2598,12.740000000000002
2599,12.73
2600,12.714999999999998
2601,12.69
2602,12.705
2603,12.745
2604,12.765
2605,12.76
2606,12.765
2607,12.77
2608,12.83
2609,12.805
2610,12.795
2611,12.79
2612,12.814999999999998
2613,12.820000000000002
2614,12.805
2615,12.785
2616,12.775
2617,12.765
2618,12.775
2619,12.86
2620,12.86
2621,12.87
2622,12.89
2623,12.885
2624,12.900000000000002
2625,12.885
2626,12.89
2627,12.905
2628,12.91
2629,12.895
2630,12.855
2631,12.86
2632,12.875
2633,12.89
2634,12.900000000000002
2635,12.935
2636,12.940000000000001
2637,12.965
2638,12.965
2639,12.875
2640,12.87
2641,12.85
2642,12.875
2643,12.91
2644,12.925
2645,12.979999999999999
2646,12.965
2647,12.965
2648,12.959999999999999
2649,12.93
2650,12.935
2651,12.945
2652,12.945
2653,12.905
2654,12.85
2655,12.879999999999999
2656,12.885
2657,12.89
2658,12.885
2659,12.879999999999999
2660,12.895
2661,12.865
2662,12.900000000000002
2663,12.935
2664,12.85
2665,13.015
2666,13.01
2667,13.05
2668,13.085000000000003
2669,13.059999999999999
2670,13.055
2671,13.065
2672,13.065
2673,13.065
2674,13.085000000000003
2675,13.095
2676,13.065
2677,13.059999999999999
2678,13.07
2679,13.075
2680,13.085000000000003
2681,13.059999999999999
2682,13.059999999999999
2683,13.040000000000001
2684,13.03
2685,13.015
2686,13.03
2687,13.045
2688,12.99
2689,12.940000000000001
2690,12.925
2691,13.040000000000001
2692,13.07
2693,13.040000000000001
2694,13.05
2695,13.01
2696,13.000000000000002
2697,12.985
2698,12.959999999999999
2699,12.955
2700,12.95
2701,12.945
2702,12.940000000000001
2703,12.935
2704,12.95
2705,12.955
2706,12.955
2707,12.935
2708,12.93
2709,12.885
2710,12.81
2711,12.820000000000002
2712,12.87
2713,12.875
2714,12.865
2715,12.865
2716,12.900000000000002
2717,12.77
2718,12.775
2719,12.775
2720,12.800000000000002
2721,12.800000000000002
2722,12.79
2723,12.825
2724,12.825
2725,12.795
2726,12.820000000000002
2727,12.825
2728,12.814999999999998
2729,12.814999999999998
2730,12.820000000000002
2731,12.97
2732,12.95
2733,12.95
2734,12.935
2735,12.955
2736,12.959999999999999
2737,12.99
2738,13.025
2739,12.99
2740,13.03
2741,13.040000000000001
2742,13.035
2743,13.05
2744,13.07
2745,13.040000000000001
2746,13.01
2747,13.000000000000002
2748,12.995
2749,13.035
2750,13.015
2751,13.020000000000001
2752,13.035
2753,13.020000000000001
2754,13.005
2755,13.025
2756,13.05
2757,13.159999999999998
2758,13.179999999999998
2759,13.179999999999998
2760,13.179999999999998
2761,13.179999999999998
2762,13.159999999999998
2763,13.17
2764,13.15
2765,13.145
2766,13.159999999999998
2767,13.125
2768,13.13
2769,13.145
2770,13.15
2771,13.175
2772,13.13
2773,13.17
2774,13.179999999999998
2775,13.215
2776,13.285000000000002
2777,13.359999999999998
2778,13.34
2779,13.29
2780,13.3
2781,13.279999999999998
2782,13.279999999999998
2783,13.365000000000002
2784,13.33
2785,13.305
2786,13.27
2787,13.344999999999999
2788,13.34
2789,13.37
2790,13.38
2791,13.42
2792,13.43
2793,13.44
2794,13.45
2795,13.465000000000002
2796,13.495
2797,13.485000000000001
2798,13.465000000000002
2799,13.465000000000002
2800,13.48
2801,13.495
2802,13.465000000000002
2803,13.45
2804,13.45
2805,13.49
2806,13.495
2807,13.504999999999999
2808,13.52
2809,13.48
2810,13.49
2811,13.42
2812,13.41
2813,13.375
2814,13.39
2815,13.34
2816,13.33
2817,13.385000000000002
2818,13.359999999999998
2819,13.365000000000002
2820,13.34
2821,13.35
2822,13.355
2823,13.34
2824,13.335
2825,13.335
2826,13.35
2827,13.39
2828,13.385000000000002
2829,13.359999999999998
2830,13.344999999999999
2831,13.34
2832,13.385000000000002
2833,13.41
2834,13.38
2835,13.495
2836,13.47
2837,13.405
2838,13.37
2839,13.41
2840,13.43
2841,13.475
2842,13.5
2843,13.48
2844,13.49
2845,13.475
2846,13.485000000000001
2847,13.46
2848,13.475
2849,13.45
2850,13.46
2851,13.465000000000002
2852,13.475
2853,13.49
2854,13.515
2855,13.515
2856,13.504999999999999
2857,13.5
2858,13.515
2859,13.52
2860,13.51
2861,13.495
2862,13.6
2863,13.58
2864,13.604999999999999
2865,13.630000000000003
2866,13.604999999999999
2867,13.630000000000003
2868,13.69
2869,13.68
2870,13.644999999999998
2871,13.655
2872,13.675
2873,13.715
2874,13.704999999999998
2875,13.695
2876,13.74
2877,13.744999999999997
2878,13.785
2879,13.715
2880,13.77
2881,13.765
2882,13.775
2883,13.72
2884,13.755
2885,13.76
2886,13.75
2887,13.86
2888,13.875
2889,13.87
2890,13.84
2891,13.82
2892,13.830000000000002
2893,13.824999999999998
2894,13.785
2895,13.82
2896,13.845
2897,13.865
2898,13.885
2899,13.904999999999998
2900,13.87
2901,13.865
2902,13.875
2903,13.915
2904,13.889999999999999
2905,13.92
2906,13.915
2907,13.92
2908,13.925
2909,13.925
2910,13.915
2911,13.904999999999998
2912,13.88
2913,13.92
2914,13.935
2915,14.005
2916,14.0
2917,13.969999999999999
2918,13.94
2919,13.910000000000002
2920,13.889999999999999
2921,13.824999999999998
2922,13.835
2923,13.86
2924,13.855
2925,13.815
2926,13.855
2927,13.830000000000002
2928,13.835
2929,13.86
2930,13.85
2931,13.9
2932,13.915
2933,13.925
2934,13.930000000000001
2935,13.915
2936,13.915
2937,13.92
2938,13.930000000000001
2939,14.115
2940,14.069999999999999
2941,14.115
2942,14.14
2943,14.13
2944,14.095000000000002
2945,14.16
2946,14.189999999999998
2947,14.2
2948,14.2
2949,14.25
2950,14.295000000000002
2951,14.33
2952,14.355000000000002
2953,14.425
2954,14.395000000000001
2955,14.355000000000002
2956,14.365
2957,14.385
2958,14.375000000000002
2959,14.365
2960,14.325
2961,14.325
2962,14.345
2963,14.295000000000002
2964,14.3
2965,14.48
2966,14.505
2967,14.555000000000001
2968,14.665
2969,14.69
2970,14.720000000000002
2971,14.720000000000002
2972,14.740000000000002
2973,14.775
2974,14.714999999999998
2975,14.77
2976,14.835
2977,14.81
2978,14.805
2979,14.805
2980,14.755
2981,14.820000000000002
2982,14.795
2983,14.81
2984,14.805
2985,14.825
2986,14.78
2987,14.77
2988,14.765
2989,14.734999999999998
2990,14.76
2991,14.655000000000001
2992,14.7
2993,14.7
2994,14.665
2995,14.614999999999998
2996,14.634999999999998
2997,14.675
2998,14.725
2999,14.645
3000,14.635
3001,14.639999999999999
3002,14.625
3003,14.675
3004,14.68
3005,14.68
3006,14.664999999999997
3007,14.67
3008,14.68
3009,14.685
3010,14.685
3011,14.685
3012,14.68
3013,14.69
3014,14.68
3015,14.71
3016,14.74
3017,14.685
3018,14.73
3019,14.705000000000002
3020,14.735
3021,14.86
3022,14.865
3023,14.88
3024,14.889999999999999
3025,14.895
3026,14.915
3027,14.98
3028,14.910000000000002
3029,14.895
3030,14.94
3031,14.905
3032,14.92
3033,14.910000000000002
3034,14.885
3035,14.905
3036,14.899999999999999
3037,14.92
3038,14.915
3039,14.935
3040,14.915
3041,14.92
3042,14.93
3043,14.954999999999998
3044,14.975
3045,14.925
3046,14.910000000000002
3047,14.92
3048,14.895
3049,14.885
3050,14.895
3051,14.875
3052,14.905
3053,14.895
3054,14.92
3055,14.899999999999999
3056,14.93
3057,14.94
3058,14.925
3059,14.945
3060,14.94
3061,14.96
3062,14.935
3063,14.965000000000002
3064,14.965000000000002
3065,14.954999999999998
3066,14.935
3067,14.915
3068,14.935
3069,14.94
3070,14.899999999999999
3071,14.869999999999997
3072,14.86
3073,14.85
3074,14.834999999999999
3075,14.78
3076,14.770000000000001
3077,14.825000000000001
3078,14.785
3079,14.749999999999998
3080,14.760000000000002
3081,14.749999999999998
3082,14.725
3083,14.760000000000002
3084,14.73
3085,14.71
3086,14.715000000000002
3087,14.745
3088,14.745
3089,14.68
3090,14.735
3091,14.71
3092,14.71
3093,14.705000000000002
3094,14.7
3095,14.605
3096,14.655
3097,14.72
3098,14.7
3099,14.650000000000002
3100,14.645
3101,14.639999999999999
3102,14.639999999999999
3103,14.675
3104,14.705000000000002
3105,14.72
3106,14.760000000000002
3107,14.79
3108,14.78
3109,14.775
3110,14.785
3111,14.785
3112,14.795
3113,14.795
3114,14.74
3115,14.749999999999998
3116,14.715000000000002
3117,14.760000000000002
3118,14.79
3119,14.804999999999998
3120,14.83
3121,14.63
3122,14.67
3123,14.685
3124,14.66
3125,14.655
3126,14.639999999999999
3127,14.655
3128,14.66
3129,14.69
3130,14.7
3131,14.74
3132,14.73
3133,14.749999999999998
3134,14.7
3135,14.71
3136,14.71
3137,14.71
3138,14.71
3139,14.71
3140,14.67
3141,14.694999999999999
3142,14.694999999999999
3143,14.72
3144,14.725
3145,14.71
3146,14.73
3147,14.609999999999998
3148,14.620000000000001
3149,14.54
3150,14.55
3151,14.545
3152,14.53
3153,14.510000000000002
3154,14.47
3155,14.495
3156,14.489999999999998
3157,14.499999999999998
3158,14.53
3159,14.52
3160,14.52
3161,14.495
3162,14.499999999999998
3163,14.515
3164,14.525
3165,14.57
3166,14.565000000000001
3167,14.56
3168,14.55
3169,14.56
3170,14.554999999999998
3171,14.565000000000001
3172,14.52
3173,14.56
3174,14.58
3175,14.54
3176,14.58
3177,14.56
3178,14.55
3179,14.554999999999998
3180,14.55
3181,14.54
3182,14.554999999999998
3183,14.55
3184,14.55
3185,14.535
3186,14.54
3187,14.54
3188,14.47
3189,14.47
3190,14.499999999999998
3191,14.489999999999998
3192,14.515
3193,14.525
3194,14.515
3195,14.535
3196,14.54
3197,14.525
3198,14.53
3199,14.6
3200,14.63
3201,14.635
3202,14.71
3203,14.71
3204,14.760000000000002
3205,14.745
3206,14.74
3207,14.755
3208,14.785
3209,14.78
3210,14.760000000000002
3211,14.74
3212,14.715000000000002
3213,14.705000000000002
3214,14.72
3215,14.775
3216,14.78
3217,14.81
3218,14.82
3219,14.85
3220,14.845000000000002
3221,14.760000000000002
3222,14.785
3223,14.675
3224,14.6
3225,14.889999999999999
3226,14.86
3227,14.92
3228,14.925
3229,14.94
3230,14.925
3231,14.94
3232,14.935
3233,14.925
3234,14.905
3235,14.905
3236,14.92
3237,14.935
3238,14.945
3239,14.945
3240,14.945
3241,14.954999999999998
3242,14.95
3243,14.96
3244,14.945
3245,14.95
3246,14.925
3247,14.92
3248,14.910000000000002
3249,14.954999999999998
3250,14.94
3251,14.85
3252,14.82
3253,14.845000000000002
3254,14.885
3255,14.869999999999997
3256,14.83
3257,14.814999999999998
3258,14.825000000000001
3259,14.82
3260,14.82
3261,14.814999999999998
3262,14.83
3263,14.834999999999999
3264,14.834999999999999
3265,14.83
3266,14.845000000000002
3267,14.83
3268,14.825000000000001
3269,14.825000000000001
3270,14.825000000000001
3271,14.83
3272,14.83
3273,14.825000000000001
3274,14.82
3275,14.814999999999998
3276,14.825000000000001
3277,14.715000000000002
3278,14.765
3279,14.755
3280,14.765
3281,14.84
3282,14.8
3283,14.81
3284,14.825000000000001
3285,14.804999999999998
3286,14.795
3287,14.81
3288,14.814999999999998
3289,14.795
3290,14.79
3291,14.775
3292,14.78
3293,14.785
3294,14.795
3295,14.785
3296,14.78
3297,14.79
3298,14.785
3299,14.785
3300,14.8
3301,14.83
3302,14.795
3303,14.725
3304,14.749999999999998
3305,14.72
3306,14.705000000000002
3307,14.664999999999997
3308,14.655
3309,14.67
3310,14.71
3311,14.71
3312,14.71
3313,14.7
3314,14.71
3315,14.71
3316,14.7
3317,14.7
3318,14.69
3319,14.715000000000002
3320,14.685
3321,14.68
3322,14.685
3323,14.664999999999997
3324,14.645
3325,14.635
3326,14.395
3327,14.41
3328,14.370000000000001
3329,14.349999999999998
3330,14.32
3331,14.32
3332,14.28
3333,14.275
3334,14.28
3335,14.265
3336,14.294999999999998
3337,14.3
3338,14.355
3339,14.355
3340,14.335000000000003
3341,14.365
3342,14.349999999999998
3343,14.365
3344,14.465
3345,14.41
3346,14.46
3347,14.505
3348,14.545
3349,14.57
3350,14.535
3351,14.54
3352,14.63
3353,14.66
3354,14.515
3355,14.554999999999998
3356,14.45
3357,14.54
3358,14.505
3359,14.545
3360,14.57
3361,14.59
3362,14.609999999999998
3363,14.595000000000002
3364,14.605
3365,14.605
3366,14.609999999999998
3367,14.59
3368,14.58
3369,14.57
3370,14.584999999999999
3371,14.595000000000002
3372,14.595000000000002
3373,14.595000000000002
3374,14.575
3375,14.584999999999999
3376,14.595000000000002
3377,14.605
3378,14.57
3379,14.565000000000001
3380,14.515
3381,14.510000000000002
3382,14.515
3383,14.510000000000002
3384,14.495
3385,14.444999999999999
3386,14.43
3387,14.434999999999999
3388,14.444999999999999
3389,14.444999999999999
3390,14.475
3391,14.47
3392,14.47
3393,14.485
3394,14.485
3395,14.48
3396,14.475
3397,14.45
3398,14.434999999999999
3399,14.47
3400,14.47
3401,14.47
3402,14.47
3403,14.444999999999999
3404,14.390000000000002
3405,14.405
3406,14.41
3407,14.379999999999999
3408,14.425
3409,14.425
3410,14.390000000000002
3411,14.44
3412,14.425
3413,14.425
3414,14.43
3415,14.42
3416,14.43
3417,14.444999999999999
3418,14.43
3419,14.414999999999997
3420,14.434999999999999
3421,14.41
3422,14.400000000000002
3423,14.405
3424,14.405
3425,14.395
3426,14.42
3427,14.400000000000002
3428,14.41
3429,14.41
3430,14.455000000000002
3431,14.42
3432,14.375
3433,14.349999999999998
3434,14.379999999999999
3435,14.390000000000002
3436,14.45
3437,14.434999999999999
3438,14.44
3439,14.45
3440,14.485
3441,14.575
3442,14.6
3443,14.59
3444,14.6
3445,14.58
3446,14.584999999999999
3447,14.59
3448,14.584999999999999
3449,14.584999999999999
3450,14.55
3451,14.545
3452,14.55
3453,14.53
3454,14.505
3455,14.515
3456,14.58
3457,14.71
3458,14.68
3459,14.67
3460,14.66
3461,14.620000000000001
3462,14.63
3463,14.635
3464,14.675
3465,14.66
3466,14.650000000000002
3467,14.72
3468,14.685
3469,14.7
3470,14.7
3471,14.685
3472,14.68
3473,14.68
3474,14.685
3475,14.66
3476,14.66
3477,14.66
3478,14.68
3479,14.655
3480,14.645
3481,14.6
3482,14.434999999999999
3483,14.370000000000001
3484,14.33
3485,14.375
3486,14.379999999999999
3487,14.359999999999998
3488,14.379999999999999
3489,14.395
3490,14.385
3491,14.390000000000002
3492,14.370000000000001
3493,14.390000000000002
3494,14.375
3495,14.370000000000001
3496,14.365
3497,14.359999999999998
3498,14.355
3499,14.359999999999998
3500,14.319999999999999
3501,14.35
3502,14.345
3503,14.345
3504,14.33
3505,14.335
3506,14.335
3507,14.325
3508,14.285
3509,14.33
3510,14.38
3511,14.37
3512,14.409999999999998
3513,14.435
3514,14.430000000000001
3515,14.44
3516,14.465
3517,14.454999999999998
3518,14.435
3519,14.415
3520,14.42
3521,14.409999999999998
3522,14.37
3523,14.395
3524,14.36
3525,14.409999999999998
3526,14.415
3527,14.4
3528,14.415
3529,14.445
3530,14.44
3531,14.435
3532,14.44
3533,14.409999999999998
3534,14.31
3535,14.35
3536,14.33
3537,14.28
3538,14.31
3539,14.295000000000002
3540,14.27
3541,14.255
3542,14.250000000000002
3543,14.26
3544,14.274999999999999
3545,14.265
3546,14.250000000000002
3547,14.255
3548,14.255
3549,14.255
3550,14.235
3551,14.235
3552,14.229999999999999
3553,14.215
3554,14.225
3555,14.22
3556,14.18
3557,14.145
3558,14.160000000000002
3559,14.15
3560,14.119999999999997
3561,14.024999999999999
3562,14.04
3563,14.01
3564,14.06
3565,14.065
3566,14.125
3567,14.18
3568,14.22
3569,14.22
3570,14.26
3571,14.28
3572,14.235
3573,14.285
3574,14.335
3575,14.33
3576,14.35
3577,14.35
3578,14.319999999999999
3579,14.35
3580,14.33
3581,14.315
3582,14.335
3583,14.345
3584,14.335
3585,14.3
3586,14.274999999999999
3587,14.24
3588,14.26
3589,14.295000000000002
3590,14.31
3591,14.315
3592,14.28
3593,14.274999999999999
3594,14.265
3595,14.28
3596,14.285
3597,14.274999999999999
3598,14.29
3599,14.29
3600,14.29
3601,14.295000000000002
3602,14.31
3603,14.33
3604,14.3
3605,14.315
3606,14.44
3607,14.430000000000001
3608,14.435
3609,14.4
3610,14.38
3611,14.335
3612,14.46
3613,14.485
3614,14.505
3615,14.585000000000003
3616,14.590000000000002
3617,14.55
3618,14.555
3619,14.53
3620,14.53
3621,14.54
3622,14.54
3623,14.555
3624,14.565
3625,14.525
3626,14.555
3627,14.544999999999998
3628,14.54
3629,14.54
3630,14.544999999999998
3631,14.54
3632,14.52
3633,14.53
3634,14.52
3635,14.55
3636,14.575
3637,14.565
3638,14.65
3639,14.630000000000003
3640,14.605
3641,14.58
3642,14.58
3643,14.57
3644,14.57
3645,14.555
3646,14.565
3647,14.525
3648,14.52
3649,14.54
3650,14.55
3651,14.555
3652,14.56
3653,14.575
3654,14.585000000000003
3655,14.575
3656,14.575
3657,14.555
3658,14.54
3659,14.555
3660,14.54
3661,14.54
3662,14.55
3663,14.565
3664,14.6
3665,14.53
3666,14.595
3667,14.635000000000002
3668,14.67
3669,14.685
3670,14.685
3671,14.680000000000001
3672,14.67
3673,14.64
3674,14.630000000000003
3675,14.635000000000002
3676,14.645
3677,14.65
3678,14.655
3679,14.630000000000003
3680,14.62
3681,14.62
3682,14.630000000000003
3683,14.625
3684,14.625
3685,14.615
3686,14.58
3687,14.53
3688,14.544999999999998
3689,14.495
3690,14.36
3691,14.340000000000002
3692,14.305
3693,14.265
3694,14.3
3695,14.3
3696,14.27
3697,14.33
3698,14.28
3699,14.26
3700,14.215
3701,14.22
3702,14.215
3703,14.215
3704,14.205000000000002
3705,14.2
3706,14.24
3707,14.24
3708,14.18
3709,14.175
3710,14.185
3711,14.145
3712,14.14
3713,14.145
3714,14.125
3715,14.11
3716,14.074999999999998
3717,14.029999999999998
3718,14.045
3719,14.06
3720,14.095
3721,14.14
3722,14.235
3723,14.18
3724,14.195
3725,14.250000000000002
3726,14.229999999999999
3727,14.235
3728,14.21
3729,14.22
3730,14.22
3731,14.229999999999999
3732,14.229999999999999
3733,14.225
3734,14.185
3735,14.19
3736,14.14
3737,14.15
3738,14.18
3739,14.17
3740,14.160000000000002
3741,14.13
3742,14.175
3743,14.160000000000002
3744,14.19
3745,14.17
3746,14.24
3747,14.29
3748,14.255
3749,14.27
3750,14.27
3751,14.26
3752,14.274999999999999
3753,14.265
3754,14.26
3755,14.26
3756,14.274999999999999
3757,14.229999999999999
3758,14.22
3759,14.215
3760,14.229999999999999
3761,14.229999999999999
3762,14.225
3763,14.229999999999999
3764,14.225
3765,14.185
3766,14.19
3767,14.164999999999997
3768,14.175
3769,14.24
3770,14.17
3771,14.135
3772,14.11
3773,14.119999999999997
3774,14.155
3775,14.13
3776,14.119999999999997
3777,14.119999999999997
3778,14.145
3779,14.15
3780,14.114999999999998
3781,14.13
3782,14.119999999999997
3783,14.145
3784,14.15
3785,14.119999999999997
3786,14.114999999999998
3787,14.11
3788,14.145
3789,14.15
3790,14.155
3791,14.14
3792,14.105
3793,14.114999999999998
3794,14.345
3795,14.345
3796,14.37
3797,14.35
3798,14.364999999999998
3799,14.36
3800,14.36
3801,14.27
3802,14.28
3803,14.27
3804,14.265
3805,14.250000000000002
3806,14.229999999999999
3807,14.21
3808,14.24
3809,14.24
3810,14.250000000000002
3811,14.229999999999999
3812,14.26
3813,14.24
3814,14.215
3815,14.229999999999999
3816,14.265
3817,14.26
3818,14.27
3819,14.255
3820,14.27
3821,14.29
3822,14.315
3823,14.33
3824,14.315
3825,14.335
3826,14.364999999999998
3827,14.364999999999998
3828,14.4
3829,14.39
3830,14.37
3831,14.36
3832,14.319999999999999
3833,14.325
3834,14.325
3835,14.35
3836,14.335
3837,14.33
3838,14.319999999999999
3839,14.319999999999999
3840,14.31
3841,14.33
3842,14.325
3843,14.335
3844,14.315
3845,14.315
3846,14.430000000000001
3847,14.485
3848,14.499999999999998
3849,14.54
3850,14.49
3851,14.465
3852,14.465
3853,14.45
3854,14.47
3855,14.47
3856,14.44
3857,14.435
3858,14.435
3859,14.435
3860,14.42
3861,14.430000000000001
3862,14.445
3863,14.430000000000001
3864,14.435
3865,14.42
3866,14.430000000000001
3867,14.445
3868,14.425
3869,14.395
3870,14.385000000000002
3871,14.39
3872,14.340000000000002
3873,14.36
3874,14.375
3875,14.36
3876,14.385000000000002
3877,14.430000000000001
3878,14.425
3879,14.425
3880,14.425
3881,14.430000000000001
3882,14.44
3883,14.430000000000001
3884,14.42
3885,14.42
3886,14.44
3887,14.42
3888,14.425
3889,14.435
3890,14.44
3891,14.445
3892,14.435
3893,14.4
3894,14.37
3895,14.39
3896,14.38
3897,14.35
3898,14.42
3899,14.44
3900,14.425
3901,14.385000000000002
3902,14.425
3903,14.42
3904,14.42
3905,14.430000000000001
3906,14.45
3907,14.445
3908,14.465
3909,14.454999999999998
3910,14.445
3911,14.445
3912,14.445
3913,14.430000000000001
3914,14.435
3915,14.45
3916,14.465
3917,14.454999999999998
3918,14.454999999999998
3919,14.454999999999998
3920,14.47
3921,14.48
3922,14.475000000000001
3923,14.48
3924,14.53
3925,14.605
3926,14.64
3927,14.65
3928,14.665
3929,14.67
3930,14.66
3931,14.675000000000002
3932,14.630000000000003
3933,14.635000000000002
3934,14.635000000000002
3935,14.64
3936,14.65
3937,14.66
3938,14.64
3939,14.655
3940,14.645
3941,14.645
3942,14.625
3943,14.630000000000003
3944,14.635000000000002
3945,14.65
3946,14.635000000000002
3947,14.635000000000002
3948,14.61
3949,14.615
3950,14.645
3951,14.53
3952,14.544999999999998
3953,14.544999999999998
3954,14.56
3955,14.57
3956,14.575
3957,14.575
3958,14.635000000000002
3959,14.64
3960,14.67
3961,14.66
3962,14.65
3963,14.65
3964,14.655
3965,14.655
3966,14.665
3967,14.66
3968,14.65
3969,14.65
3970,14.645
3971,14.635000000000002
3972,14.630000000000003
3973,14.625
3974,14.630000000000003
3975,14.65
3976,14.615
3977,14.630000000000003
3978,14.58
3979,14.61
3980,14.6
3981,14.55
3982,14.565
3983,14.57
3984,14.55
3985,14.56
3986,14.525
3987,14.535
3988,14.53
3989,14.54
3990,14.525
3991,14.54
3992,14.515
3993,14.515
3994,14.515
3995,14.52
3996,14.505
3997,14.53
3998,14.499999999999998
3999,14.49
4000,14.48
4001,14.49
4002,14.47
4003,14.52
4004,14.46
4005,14.47
4006,14.515
4007,14.53
4008,14.525
4009,14.535
4010,14.53
4011,14.53
4012,14.535
4013,14.54
4014,14.525
4015,14.535
4016,14.545
4017,14.535
4018,14.54
4019,14.535
4020,14.525
4021,14.509999999999998
4022,14.5
4023,14.505
4024,14.5
4025,14.515
4026,14.505
4027,14.5
4028,14.57
4029,14.595
4030,14.600000000000001
4031,14.600000000000001
4032,14.605
4033,14.600000000000001
4034,14.625
4035,14.63
4036,14.635
4037,14.645
4038,14.645
4039,14.665
4040,14.635
4041,14.63
4042,14.615
4043,14.625
4044,14.585
4045,14.595
4046,14.59
4047,14.57
4048,14.56
4049,14.575
4050,14.585
4051,14.55
4052,14.55
4053,14.53
4054,14.535
4055,14.53
4056,14.58
4057,14.58
4058,14.58
4059,14.555000000000001
4060,14.54
4061,14.535
4062,14.485
4063,14.455000000000002
4064,14.455000000000002
4065,14.455000000000002
4066,14.44
4067,14.47
4068,14.49
4069,14.485
4070,14.46
4071,14.445
4072,14.44
4073,14.435
4074,14.465
4075,14.48
4076,14.505
4077,14.52
4078,14.545
4079,14.555000000000001
4080,14.509999999999998
4081,14.54
4082,14.59
4083,14.55
4084,14.535
4085,14.54
4086,14.555000000000001
4087,14.545
4088,14.525
4089,14.535
4090,14.52
4091,14.525
4092,14.525
4093,14.54
4094,14.545
4095,14.56
4096,14.55
4097,14.52
4098,14.73
4099,14.675
4100,14.72
4101,14.805
4102,14.76
4103,14.68
4104,14.725
4105,14.72
4106,14.73
4107,14.75
4108,14.72
4109,14.71
4110,14.73
4111,14.735
4112,14.705
4113,14.705
4114,14.654999999999998
4115,14.63
4116,14.654999999999998
4117,14.67
4118,14.66
4119,14.665
4120,14.62
4121,14.63
4122,14.615
4123,14.605
4124,14.615
4125,14.615
4126,14.600000000000001
4127,14.605
4128,14.615
4129,14.63
4130,14.635
4131,14.61
4132,14.61
4133,14.545
4134,14.56
4135,14.53
4136,14.52
4137,14.52
4138,14.52
4139,14.52
4140,14.509999999999998
4141,14.5
4142,14.505
4143,14.485
4144,14.49
4145,14.505
4146,14.495
4147,14.495
4148,14.5
4149,14.525
4150,14.52
4151,14.535
4152,14.515
4153,14.53
4154,14.515
4155,14.515
4156,14.48
4157,14.45
4158,14.215
4159,14.18
4160,14.115
4161,14.135
4162,14.135
4163,14.120000000000001
4164,14.120000000000001
4165,14.13
4166,14.145
4167,14.125
4168,14.105
4169,14.145
4170,14.17
4171,14.210000000000003
4172,14.145
4173,14.175
4174,14.145
4175,14.205
4176,14.195
4177,14.165
4178,14.15
4179,14.16
4180,14.13
4181,14.105
4182,14.15
4183,14.14
4184,14.09
4185,14.085
4186,14.04
4187,14.065
4188,14.120000000000001
4189,14.125
4190,14.155
4191,14.125
4192,14.115
4193,14.115
4194,14.145
4195,14.175
4196,14.22
4197,14.205
4198,14.205
4199,14.210000000000003
4200,14.22
4201,14.245
4202,14.225
4203,14.145
4204,14.175
4205,14.175
4206,14.195
4207,14.155
4208,14.125
4209,14.1
4210,14.120000000000001
4211,14.155
4212,14.14
4213,14.175
4214,14.175
4215,14.155
4216,14.17
4217,14.210000000000003
4218,14.22
4219,14.22
4220,14.215
4221,14.19
4222,14.210000000000003
4223,14.215
4224,14.24
4225,14.235
4226,14.185
4227,14.19
4228,14.165
4229,14.18
4230,14.18
4231,14.18
4232,14.2
4233,14.17
4234,14.16
4235,14.15
4236,14.205
4237,14.17
4238,14.17
4239,14.175
4240,14.15
4241,14.145
4242,14.14
4243,14.125
4244,14.125
4245,14.1
4246,14.11
4247,14.11
4248,14.11
4249,14.085
4250,14.1
4251,14.08
4252,14.06
4253,14.065
4254,14.045
4255,14.04
4256,14.029999999999998
4257,14.02
4258,14.005
4259,14.0
4260,14.035
4261,14.09
4262,13.94
4263,13.98
4264,13.98
4265,13.955
4266,13.985
4267,13.985
4268,13.96
4269,13.92
4270,13.945
4271,13.929999999999998
4272,13.915
4273,13.92
4274,13.925
4275,13.92
4276,13.92
4277,13.9
4278,13.915
4279,13.92
4280,13.895
4281,13.905
4282,13.905
4283,13.9
4284,13.91
4285,13.92
4286,13.945
4287,13.9
4288,13.74
4289,13.79
4290,13.855
4291,13.89
4292,13.884999999999998
4293,13.87
4294,13.82
4295,13.81
4296,13.830000000000002
4297,13.84
4298,13.830000000000002
4299,13.825
4300,13.845
4301,13.845
4302,13.855
4303,13.884999999999998
4304,13.88
4305,13.85
4306,13.85
4307,13.830000000000002
4308,13.855
4309,13.84
4310,13.79
4311,13.805
4312,13.784999999999998
4313,13.8
4314,13.86
4315,13.845
4316,13.82
4317,13.84
4318,13.865
4319,13.855
4320,13.84
4321,13.835
4322,13.89
4323,13.895
4324,13.9
4325,13.91
4326,13.884999999999998
4327,13.9
4328,13.91
4329,13.9
4330,13.87
4331,13.884999999999998
4332,13.87
4333,13.85
4334,13.86
4335,13.86
4336,13.865
4337,13.865
4338,13.87
4339,13.9
4340,13.92
4341,13.915
4342,13.855
4343,13.88
4344,13.88
4345,13.92
4346,13.975000000000001
4347,14.0
4348,14.029999999999998
4349,14.085
4350,14.08
4351,14.05
4352,14.07
4353,14.07
4354,14.07
4355,14.075000000000001
4356,14.065
4357,14.06
4358,14.05
4359,14.04
4360,14.029999999999998
4361,14.029999999999998
4362,14.035
4363,14.015
4364,14.045
4365,14.06
4366,13.97
4367,13.985
4368,13.95
4369,13.929999999999998
4370,13.92
4371,13.905
4372,13.915
4373,13.895
4374,13.875000000000002
4375,13.85
4376,13.87
4377,13.87
4378,13.884999999999998
4379,13.91
4380,13.92
4381,13.96
4382,13.975000000000001
4383,13.97
4384,13.98
4385,13.99
4386,13.99
4387,13.995
4388,13.975000000000001
4389,14.02
4390,14.029999999999998
4391,13.98
4392,14.029999999999998
4393,14.035
4394,14.055
4395,14.005
4396,14.025
4397,14.0
4398,13.985
4399,13.97
4400,13.97
4401,14.015
4402,14.005
4403,14.04
4404,14.035
4405,14.01
4406,14.015
4407,14.0
4408,14.0
4409,14.01
4410,14.025
4411,14.04
4412,14.029999999999998
4413,14.06
4414,14.07
4415,14.05
4416,14.035
4417,14.04
4418,13.9
4419,13.91
4420,13.92
4421,13.91
4422,13.905
4423,13.895
4424,13.88
4425,13.865
4426,13.895
4427,13.92
4428,13.9
4429,13.875000000000002
4430,13.855
4431,13.86
4432,13.86
4433,13.855
4434,13.855
4435,13.875000000000002
4436,13.845
4437,13.845
4438,13.835
4439,13.835
4440,13.835
4441,13.835
4442,13.815
4443,13.8
4444,13.87
4445,13.89
4446,13.87
4447,13.875000000000002
4448,13.87
4449,13.835
4450,13.845
4451,13.805
4452,13.765
4453,13.76
4454,13.74
4455,13.72
4456,13.730000000000002
4457,13.725
4458,13.735
4459,13.735
4460,13.715
4461,13.71
4462,13.71
4463,13.755
4464,13.735
4465,13.735
4466,13.715
4467,13.775
4468,13.76
4469,13.7
4470,13.8
4471,13.84
4472,13.8
4473,13.81
4474,13.82
4475,13.78
4476,13.730000000000002
4477,13.72
4478,13.74
4479,13.795
4480,13.795
4481,13.79
4482,13.825
4483,13.795
4484,13.845
4485,13.89
4486,13.89
4487,13.91
4488,13.884999999999998
4489,13.905
4490,13.905
4491,13.91
4492,13.9
4493,13.87
4494,13.845
4495,13.85
4496,14.045
4497,14.085
4498,14.120000000000001
4499,14.095
4500,14.12
4501,14.125000000000002
4502,14.1
4503,14.12
4504,14.140000000000002
4505,14.155
4506,14.15
4507,14.175
4508,14.185000000000002
4509,14.21
4510,14.18
4511,14.175
4512,14.175
4513,14.204999999999998
4514,14.190000000000001
4515,14.17
4516,14.18
4517,14.18
4518,14.235000000000001
4519,14.21
4520,14.2
4521,14.23
4522,14.24
4523,14.21
4524,14.21
4525,14.17
4526,14.135
4527,14.155
4528,14.144999999999998
4529,14.155
4530,14.195
4531,14.185000000000002
4532,14.204999999999998
4533,14.225
4534,14.235000000000001
4535,14.250000000000002
4536,14.219999999999999
4537,14.155
4538,14.165
4539,14.185000000000002
4540,14.190000000000001
4541,14.195
4542,14.2
4543,14.185000000000002
4544,14.16
4545,14.175
4546,14.175
4547,14.18
4548,14.135
4549,14.13
4550,14.085
4551,14.094999999999999
4552,14.094999999999999
4553,14.075
4554,14.079999999999998
4555,14.079999999999998
4556,14.105
4557,14.12
4558,14.144999999999998
4559,14.144999999999998
4560,14.16
4561,14.190000000000001
4562,14.23
4563,14.215
4564,14.235000000000001
4565,14.28
4566,14.365
4567,14.365
4568,14.34
4569,14.34
4570,14.37
4571,14.34
4572,14.345
4573,14.35
4574,14.235000000000001
4575,14.345
4576,14.38
4577,14.375000000000002
4578,14.375000000000002
4579,14.335
4580,14.35
4581,14.420000000000002
4582,14.415
4583,14.385
4584,14.375000000000002
4585,14.375000000000002
4586,14.365
4587,14.360000000000001
4588,14.355
4589,14.35
4590,14.345
4591,14.345
4592,14.314999999999998
4593,14.264999999999999
4594,14.255
4595,14.250000000000002
4596,14.28
4597,14.275
4598,14.264999999999999
4599,14.24
4600,14.47
4601,14.46
4602,14.47
4603,14.485000000000001
4604,14.47
4605,14.499999999999998
4606,14.52
4607,14.49
4608,14.505
4609,14.57
4610,14.6
4611,14.55
4612,14.585
4613,14.575
4614,14.535
4615,14.55
4616,14.555
4617,14.545000000000002
4618,14.545000000000002
4619,14.525
4620,14.54
4621,14.54
4622,14.525
4623,14.530000000000001
4624,14.535
4625,14.555
4626,14.52
4627,14.454999999999998
4628,14.445
4629,14.485000000000001
4630,14.51
4631,14.54
4632,14.59
4633,14.59
4634,14.6
4635,14.624999999999998
4636,14.624999999999998
4637,14.635
4638,14.624999999999998
4639,14.635
4640,14.65
4641,14.645
4642,14.62
4643,14.610000000000001
4644,14.595
4645,14.615
4646,14.624999999999998
4647,14.624999999999998
4648,14.635
4649,14.645
4650,14.65
4651,14.66
4652,14.670000000000002
4653,14.63
4654,14.610000000000001
4655,14.58
4656,14.555
4657,14.62
4658,14.665
4659,14.695
4660,14.689999999999998
4661,14.63
4662,14.645
4663,14.635
4664,14.624999999999998
4665,14.639999999999999
4666,14.655000000000001
4667,14.635
4668,14.65
4669,14.675
4670,14.63
4671,14.645
4672,14.66
4673,14.63
4674,14.615
4675,14.610000000000001
4676,14.585
4677,14.63
4678,14.55
4679,14.560000000000002
4680,14.514999999999999
4681,14.535
4682,14.525
4683,14.51
4684,14.535
4685,14.51
4686,14.485000000000001
4687,14.485000000000001
4688,14.495
4689,14.495
4690,14.545000000000002
4691,14.555
4692,14.58
4693,14.555
4694,14.555
4695,14.555
4696,14.535
4697,14.525
4698,14.51
4699,14.499999999999998
4700,14.535
4701,14.535
4702,14.525
4703,14.514999999999999
4704,14.58
4705,14.595
4706,14.610000000000001
4707,14.585
4708,14.57
4709,14.54
4710,14.530000000000001
4711,14.495
4712,14.499999999999998
4713,14.495
4714,14.465
4715,14.475
4716,14.480000000000002
4717,14.480000000000002
4718,14.475
4719,14.485000000000001
4720,14.485000000000001
4721,14.475
4722,14.485000000000001
4723,14.49
4724,14.514999999999999
4725,14.555
4726,14.59
4727,14.57
4728,14.545000000000002
4729,14.51
4730,14.41
4731,14.37
4732,14.389999999999999
4733,14.325
4734,14.335
4735,14.314999999999998
4736,14.314999999999998
4737,14.310000000000002
4738,14.305
4739,14.305
4740,14.264999999999999
4741,14.26
4742,14.24
4743,14.295000000000002
4744,14.285
4745,14.29
4746,14.255
4747,14.255
4748,14.255
4749,14.255
4750,14.269999999999998
4751,14.255
4752,14.26
4753,14.235000000000001
4754,14.204999999999998
4755,14.21
4756,14.125000000000002
4757,14.144999999999998
4758,14.085
4759,14.140000000000002
4760,14.115
4761,14.094999999999999
4762,14.094999999999999
4763,14.105
4764,14.110000000000001
4765,14.12
4766,14.13
4767,14.12
4768,14.125000000000002
4769,14.165
4770,14.16
4771,14.165
4772,14.18
4773,14.175
4774,14.165
4775,14.17
4776,14.18
4777,14.185000000000002
4778,14.18
4779,14.185000000000002
4780,14.175
4781,14.175
4782,14.190000000000001
4783,14.2
4784,14.2
4785,14.185000000000002
4786,14.175
4787,14.195
4788,14.21
4789,14.225
4790,14.264999999999999
4791,14.23
4792,14.204999999999998
4793,14.26
4794,14.255
4795,14.250000000000002
4796,14.225
4797,14.225
4798,14.250000000000002
4799,14.255
4800,14.255
4801,14.250000000000002
4802,14.245
4803,14.245
4804,14.23
4805,14.235000000000001
4806,14.255
4807,14.264999999999999
4808,14.26
4809,14.235000000000001
4810,14.245
4811,14.275
4812,14.295000000000002
4813,14.264999999999999
4814,14.295000000000002
4815,14.295000000000002
4816,14.29
4817,14.295000000000002
4818,14.314999999999998
4819,14.314999999999998
4820,14.305
4821,14.305
4822,14.285
4823,14.285
4824,14.285
4825,14.264999999999999
4826,14.26
4827,14.264999999999999
4828,14.28
4829,14.28
4830,14.26
4831,14.26
4832,14.235000000000001
4833,14.235000000000001
4834,14.235000000000001
4835,14.155
4836,14.110000000000001
4837,14.144999999999998
4838,14.144999999999998
4839,14.135
4840,14.144999999999998
4841,14.144999999999998
4842,14.135
4843,14.1
4844,14.110000000000001
4845,14.140000000000002
4846,14.15
4847,14.140000000000002
4848,14.155
4849,14.105
4850,14.115
4851,14.115
4852,14.125000000000002
4853,14.110000000000001
4854,14.125000000000002
4855,14.125000000000002
4856,14.135
4857,14.135
4858,14.144999999999998
4859,14.16
4860,14.195
4861,14.215
4862,14.219999999999999
4863,14.250000000000002
4864,14.275
4865,14.245
4866,14.26
4867,14.215
4868,14.215
4869,14.219999999999999
4870,14.21
4871,14.21
4872,14.23
4873,14.245
4874,14.225
4875,14.225
4876,14.235000000000001
4877,14.23
4878,14.225
4879,14.18
4880,14.175
4881,14.219999999999999
4882,14.204999999999998
4883,14.195
4884,14.18
4885,14.16
4886,14.13
4887,14.1
4888,14.15
4889,14.15
4890,14.105
4891,14.085
4892,14.055
4893,14.060000000000002
4894,14.05
4895,14.055
4896,14.075
4897,14.075
4898,14.075
4899,14.065000000000001
4900,14.045
4901,14.045
4902,14.05
4903,14.05
4904,14.079999999999998
4905,14.085
4906,14.079999999999998
4907,14.055
4908,14.05
4909,14.025
4910,14.015000000000002
4911,13.96
4912,14.015000000000002
4913,14.034999999999998
4914,14.065000000000001
4915,14.060000000000002
4916,14.09
4917,14.09
4918,14.060000000000002
4919,14.04
4920,14.03
4921,13.985
4922,13.99
4923,14.005
4924,14.005
4925,13.995
4926,13.975
4927,14.005
4928,14.025
4929,14.045
4930,14.045
4931,14.04
4932,14.034999999999998
4933,14.03
4934,14.05
4935,14.03
4936,14.015000000000002
4937,14.025
4938,14.04
4939,14.03
4940,14.019999999999998
4941,14.07
4942,14.1
4943,14.085
4944,14.094999999999999
4945,14.1
4946,14.094999999999999
4947,14.09
4948,14.085
4949,14.065000000000001
4950,14.065000000000001
4951,14.060000000000002
4952,14.065000000000001
4953,14.065000000000001
4954,14.065000000000001
4955,14.055
4956,14.065000000000001
4957,14.065000000000001
4958,14.055
4959,14.04
4960,14.03
4961,14.045
4962,14.045
4963,14.045
4964,13.99
4965,13.935
4966,13.945
4967,13.93
4968,13.935
4969,13.945
4970,13.915
4971,13.905
4972,13.93
4973,13.93
4974,13.915
4975,13.955000000000002
4976,13.945
4977,13.93
4978,13.915
4979,13.925
4980,13.945
4981,13.93
4982,13.945
4983,13.96
4984,13.975
4985,13.945
4986,13.945
4987,13.945
4988,13.955000000000002
4989,13.935
4990,13.965
4991,13.995
4992,13.975
4993,13.95
4994,13.95
4995,13.969999999999999
4996,13.955000000000002
4997,13.955000000000002
4998,13.955000000000002
4999,13.935
5000,13.945
5001,13.955
5002,13.965
5003,13.95
5004,13.955
5005,13.95
5006,13.925
5007,13.93
5008,13.925
5009,13.925
5010,13.925
5011,13.925
5012,13.935
5013,13.93
5014,13.93
5015,13.96
5016,14.010000000000002
5017,13.98
5018,13.975
5019,13.97
5020,13.92
5021,13.92
5022,13.91
5023,13.905
5024,13.92
5025,13.92
5026,13.94
5027,13.935
5028,13.935
5029,13.92
5030,13.925
5031,13.9
5032,13.91
5033,13.905
5034,13.88
5035,13.875
5036,13.885
5037,13.91
5038,13.9
5039,13.855
5040,13.835000000000003
5041,13.8
5042,14.035
5043,14.13
5044,14.245
5045,14.29
5046,14.27
5047,14.26
5048,14.25
5049,14.2
5050,14.175
5051,14.135
5052,14.15
5053,14.22
5054,14.245
5055,14.225
5056,14.235
5057,14.265
5058,14.25
5059,14.25
5060,14.27
5061,14.37
5062,14.360000000000001
5063,14.34
5064,14.349999999999998
5065,14.41
5066,14.385
5067,14.385
5068,14.395
5069,14.385
5070,14.395
5071,14.385
5072,14.375
5073,14.39
5074,14.4
5075,14.395
5076,14.385
5077,14.385
5078,14.385
5079,14.39
5080,14.395
5081,14.395
5082,14.395
5083,14.395
5084,14.395
5085,14.395
5086,14.445
5087,14.435
5088,14.39
5089,14.41
5090,14.415
5091,14.335
5092,14.349999999999998
5093,14.395
5094,14.385
5095,14.385
5096,14.385
5097,14.375
5098,14.355
5099,14.355
5100,14.349999999999998
5101,14.355
5102,14.335
5103,14.325
5104,14.3
5105,14.265
5106,14.295
5107,14.325
5108,14.3
5109,14.29
5110,14.315
5111,14.32
5112,14.255
5113,14.37
5114,14.380000000000003
5115,14.45
5116,14.455
5117,14.4
5118,14.365
5119,14.405
5120,14.46
5121,14.515
5122,14.555000000000001
5123,14.575
5124,14.565
5125,14.56
5126,14.585
5127,14.61
5128,14.615
5129,14.615
5130,14.595
5131,14.625
5132,14.534999999999998
5133,14.575
5134,14.585
5135,14.61
5136,14.615
5137,14.63
5138,14.67
5139,14.675
5140,14.67
5141,14.675
5142,14.76
5143,14.78
5144,14.79
5145,14.78
5146,14.77
5147,14.740000000000002
5148,14.77
5149,14.78
5150,14.76
5151,14.75
5152,14.76
5153,14.775
5154,14.765
5155,14.765
5156,14.765
5157,14.795
5158,14.795
5159,14.775
5160,14.805
5161,14.805
5162,14.785
5163,14.795
5164,14.81
5165,14.84
5166,14.87
5167,14.89
5168,14.885
5169,14.91
5170,14.925000000000002
5171,14.925000000000002
5172,14.91
5173,14.94
5174,14.935
5175,14.94
5176,14.935
5177,14.92
5178,14.92
5179,14.94
5180,14.94
5181,14.925000000000002
5182,14.93
5183,14.92
5184,14.915
5185,14.9
5186,14.915
5187,14.92
5188,14.91
5189,14.915
5190,14.97
5191,14.975
5192,14.985
5193,14.965
5194,14.97
5195,15.02
5196,15.11
5197,15.16
5198,15.12
5199,15.135
5200,15.15
5201,15.135
5202,15.12
5203,15.11
5204,15.14
5205,15.16
5206,15.15
5207,15.14
5208,15.135
5209,15.125
5210,15.07
5211,15.035
5212,14.995
5213,14.9
5214,14.995
5215,14.92
5216,15.055
5217,15.135
5218,15.175
5219,15.19
5220,15.24
5221,15.24
5222,15.195
5223,15.17
5224,15.16
5225,15.185
5226,15.25
5227,15.274999999999999
5228,15.274999999999999
5229,15.225
5230,15.22
5231,15.145
5232,15.15
5233,15.13
5234,15.1
5235,15.095
5236,15.155
5237,15.145
5238,15.23
5239,15.21
5240,15.165
5241,15.205
5242,15.105
5243,15.185
5244,15.18
5245,15.185
5246,15.17
5247,15.2
5248,15.23
5249,15.245
5250,15.255
5251,15.245
5252,15.235
5253,15.23
5254,15.21
5255,15.22
5256,15.22
5257,15.205
5258,15.195
5259,15.2
5260,15.125
5261,15.175
5262,15.14
5263,15.14
5264,15.115
5265,15.14
5266,15.115
5267,15.14
5268,15.255
5269,15.29
5270,15.28
5271,15.26
5272,15.285000000000002
5273,15.29
5274,15.335
5275,15.39
5276,15.39
5277,15.41
5278,15.450000000000001
5279,15.470000000000002
5280,15.52
5281,15.475
5282,15.5
5283,15.54
5284,15.545
5285,15.54
5286,15.5
5287,15.51
5288,15.56
5289,15.54
5290,15.57
5291,15.575
5292,15.55
5293,15.59
5294,15.63
5295,15.62
5296,15.665
5297,15.67
5298,15.755
5299,15.77
5300,15.745
5301,15.755
5302,15.76
5303,15.73
5304,15.725
5305,15.715
5306,15.715
5307,15.705
5308,15.725
5309,15.715
5310,15.665
5311,15.685
5312,15.705
5313,15.695
5314,15.715
5315,15.72
5316,15.705
5317,15.69
5318,15.695
5319,15.65
5320,15.97
5321,15.95
5322,15.87
5323,15.81
5324,15.785
5325,15.765
5326,15.785
5327,15.785
5328,15.79
5329,15.775
5330,15.81
5331,15.795
5332,15.79
5333,15.819999999999999
5334,15.825
5335,15.875
5336,15.895
5337,15.925
5338,15.9
5339,15.855
5340,15.88
5341,15.895
5342,15.815
5343,15.845
5344,15.825
5345,15.819999999999999
5346,15.92
5347,15.9
5348,15.885
5349,15.96
5350,15.905
5351,15.9
5352,15.88
5353,15.86
5354,15.885
5355,15.875
5356,15.9
5357,15.91
5358,15.905
5359,15.895
5360,15.885
5361,15.875
5362,15.88
5363,15.8
5364,15.805
5365,15.815
5366,15.825
5367,15.89
5368,15.885
5369,15.89
5370,15.87
5371,15.875
5372,15.865
5373,15.875
5374,15.86
5375,15.875
5376,15.830000000000002
5377,15.845
5378,15.825
5379,15.825
5380,15.815
5381,15.81
5382,15.815
5383,15.815
5384,15.830000000000002
5385,15.84
5386,15.830000000000002
5387,15.845
5388,15.819999999999999
5389,15.87
5390,15.895
5391,15.85
5392,15.875
5393,15.875
5394,15.89
5395,15.895
5396,15.885
5397,15.85
5398,15.86
5399,15.89
5400,15.895
5401,15.87
5402,15.830000000000002
5403,15.885
5404,15.9
5405,15.915
5406,15.945
5407,15.935
5408,15.935
5409,15.935
5410,15.93
5411,15.935
5412,15.945
5413,15.935
5414,15.95
5415,15.95
5416,15.945
5417,15.91
5418,15.94
5419,15.925
5420,15.905
5421,15.87
5422,15.865
5423,15.855
5424,15.875
5425,15.865
5426,15.835
5427,15.725
5428,15.74
5429,15.735
5430,15.71
5431,15.66
5432,15.675
5433,15.675
5434,15.66
5435,15.65
5436,15.57
5437,15.57
5438,15.555
5439,15.545
5440,15.52
5441,15.525
5442,15.525
5443,15.505
5444,15.445
5445,15.439999999999998
5446,15.43
5447,15.445
5448,15.435
5449,15.395
5450,15.435
5451,15.425
5452,15.405
5453,15.48
5454,15.53
5455,15.58
5456,15.6
5457,15.71
5458,15.66
5459,15.56
5460,15.61
5461,15.64
5462,15.605
5463,15.665
5464,15.675
5465,15.62
5466,15.57
5467,15.61
5468,15.6
5469,15.575
5470,15.52
5471,15.54
5472,15.55
5473,15.555
5474,15.54
5475,15.61
5476,15.6
5477,15.595
5478,15.63
5479,15.645
5480,15.63
5481,15.56
5482,15.555
5483,15.53
5484,15.450000000000001
5485,15.43
5486,15.42
5487,15.445
5488,15.459999999999999
5489,15.439999999999998
5490,15.435
5491,15.455
5492,15.445
5493,15.435
5494,15.425
5495,15.415
5496,15.405
5497,15.42
5498,15.395
5499,15.39
