,0
0,15.25
1,15.27
2,15.219999999999999
3,15.279999999999998
4,15.310000000000002
5,15.314999999999998
6,15.290000000000001
7,15.299999999999999
8,15.299999999999999
9,15.285
10,15.290000000000001
11,15.34
12,15.380000000000003
13,15.45
14,15.37
15,15.310000000000002
16,15.290000000000001
17,15.264999999999999
18,15.2
19,15.149999999999999
20,15.25
21,15.244999999999997
22,15.18
23,15.21
24,15.279999999999998
25,15.299999999999999
26,15.305
27,15.290000000000001
28,15.349999999999998
29,15.285
30,15.27
31,15.33
32,15.33
33,15.26
34,15.27
35,15.299999999999999
36,15.230000000000002
37,15.25
38,15.255
39,15.299999999999999
40,15.290000000000001
41,15.27
42,15.310000000000002
43,15.34
44,15.46
45,15.45
46,15.705
47,15.845
48,15.775
49,15.78
50,15.794999999999998
51,15.710000000000003
52,15.690000000000001
53,15.725000000000001
54,15.765
55,15.74
56,15.78
57,15.78
58,15.79
59,15.794999999999998
60,15.794999999999998
61,15.815
62,15.829999999999998
63,15.85
64,15.835
65,15.805000000000001
66,15.81
67,15.829999999999998
68,15.86
69,15.875000000000002
70,15.905
71,15.885
72,15.895
73,15.96
74,15.949999999999998
75,15.89
76,15.925
77,15.92
78,15.87
79,15.914999999999997
80,15.895
81,15.925
82,15.925
83,15.895
84,15.875000000000002
85,15.910000000000002
86,15.945000000000002
87,15.934999999999999
88,15.94
89,15.93
90,15.88
91,15.89
92,15.89
93,15.89
94,15.910000000000002
95,15.965
96,15.855
97,15.770000000000001
98,16.03
99,16.045
100,16.045
101,16.035
102,16.025
103,16.05
104,16.035
105,16.0
106,16.0
107,16.01
108,15.995000000000001
109,15.975
110,15.980000000000002
111,15.92
112,15.925
113,15.969999999999999
114,16.0
115,15.99
116,15.975
117,15.969999999999999
118,15.96
119,15.980000000000002
120,15.975
121,16.01
122,15.99
123,15.969999999999999
124,16.475
125,16.425
126,16.515
127,16.575
128,16.615
129,16.67
130,16.66
131,16.745
132,16.72
133,16.745
134,16.715
135,16.735
136,16.665
137,16.675
138,16.565
139,16.58
140,16.6
141,16.6
142,16.555
143,16.58
144,16.635
145,16.55
146,16.51
147,16.495
148,16.495
149,16.49
150,16.295
151,16.32
152,16.33
153,16.31
154,16.37
155,16.34
156,16.395
157,16.47
158,16.45
159,16.48
160,16.475
161,16.46
162,16.455
163,16.42
164,16.41
165,16.39
166,16.36
167,16.39
168,16.37
169,16.38
170,16.39
171,16.37
172,16.355
173,16.355
174,16.39
175,16.35
176,16.525
177,16.47
178,16.47
179,16.45
180,16.43
181,16.4
182,16.41
183,16.455
184,16.445
185,16.46
186,16.47
187,16.46
188,16.435
189,16.41
190,16.395
191,16.37
192,16.36
193,16.355
194,16.38
195,16.39
196,16.39
197,16.41
198,16.425
199,16.43
200,16.45
201,16.405
202,16.34
203,16.35
204,16.265
205,16.265
206,16.245
207,16.225
208,16.295
209,16.3
210,16.285
211,16.29
212,16.295
213,16.32
214,16.315
215,16.295
216,16.24
217,16.23
218,16.265
219,16.29
220,16.3
221,16.28
222,16.33
223,16.36
224,16.38
225,16.42
226,16.385
227,16.34
228,16.395
229,16.555
230,16.585
231,16.62
232,16.63
233,16.57
234,16.61
235,16.56
236,16.55
237,16.565
238,16.585
239,16.59
240,16.57
241,16.57
242,16.6
243,16.63
244,16.64
245,16.65
246,16.66
247,16.65
248,16.66
249,16.66
250,16.675
251,16.695
252,16.71
253,16.66
254,16.74
255,16.78
256,16.745
257,16.77
258,16.725
259,16.73
260,16.73
261,16.69
262,16.69
263,16.66
264,16.675
265,16.625
266,16.635
267,16.63
268,16.575
269,16.58
270,16.58
271,16.58
272,16.58
273,16.6
274,16.6
275,16.605
276,16.62
277,16.61
278,16.605
279,16.595
280,16.46
281,16.455
282,16.49
283,16.44
284,16.445
285,16.41
286,16.405
287,16.405
288,16.425
289,16.42
290,16.46
291,16.44
292,16.485
293,16.525
294,16.58
295,16.665
296,16.64
297,16.635
298,16.57
299,16.59
300,16.585
301,16.6
302,16.645
303,16.645
304,16.58
305,16.605
306,16.48
307,16.5
308,16.45
309,16.395
310,16.445
311,16.42
312,16.41
313,16.425
314,16.41
315,16.4
316,16.4
317,16.395
318,16.36
319,16.37
320,16.375
321,16.405
322,16.4
323,16.42
324,16.315
325,16.265
326,16.28
327,16.28
328,16.28
329,16.265
330,16.26
331,16.285
332,16.18
333,16.125
334,16.14
335,16.19
336,16.18
337,16.175
338,16.21
339,16.245
340,16.295
341,16.34
342,16.32
343,16.305
344,16.3
345,16.31
346,16.28
347,16.275
348,16.28
349,16.285
350,16.29
351,16.295
352,16.305
353,16.28
354,16.255
355,16.235
356,16.23
357,16.215
358,16.06
359,16.04
360,16.08
361,16.08
362,16.14
363,16.18
364,16.19
365,16.2
366,16.23
367,16.245
368,16.235
369,16.22
370,16.28
371,16.29
372,16.335
373,16.345
374,16.36
375,16.39
376,16.395
377,16.415
378,16.385
379,16.42
380,16.415
381,16.4
382,16.375
383,16.36
384,16.225
385,16.2
386,16.17
387,16.175
388,16.17
389,16.2
390,16.17
391,16.23
392,16.2
393,16.205
394,16.17
395,16.16
396,16.145
397,16.15
398,16.145
399,16.13
400,16.18
401,16.185
402,16.16
403,16.17
404,16.145
405,16.145
406,16.11
407,16.13
408,16.12
409,16.17
410,16.32
411,16.35
412,16.47
413,16.525
414,16.47
415,16.435
416,16.48
417,16.445
418,16.455
419,16.47
420,16.45
421,16.425
422,16.415
423,16.45
424,16.46
425,16.45
426,16.45
427,16.44
428,16.425
429,16.435
430,16.44
431,16.445
432,16.43
433,16.435
434,16.435
435,16.385
436,16.37
437,16.36
438,16.38
439,16.38
440,16.37
441,16.36
442,16.36
443,16.36
444,16.355
445,16.41
446,16.415
447,16.42
448,16.415
449,16.405
450,16.42
451,16.425
452,16.465
453,16.495
454,16.485
455,16.485
456,16.45
457,16.46
458,16.455
459,16.44
460,16.465
461,16.495
462,16.4
463,16.29
464,16.3
465,16.275
466,16.27
467,16.275
468,16.245
469,16.235
470,16.22
471,16.17
472,16.18
473,16.145
474,16.09
475,16.125
476,16.15
477,16.105
478,16.03
479,16.005
480,15.99
481,16.01
482,15.984999999999998
483,15.984999999999998
484,15.995000000000001
485,16.005
486,16.025
487,16.035
488,15.710000000000003
489,15.75
490,15.745
491,15.755
492,15.735
493,15.745
494,15.755
495,15.75
496,15.755
497,15.745
498,15.755
499,15.770000000000001
500,15.795
501,15.815
502,15.84
503,15.83
504,15.835
505,15.845
506,15.85
507,15.87
508,15.805
509,15.825
510,15.805
511,15.825
512,15.815
513,15.8
514,15.82
515,15.84
516,15.825
517,15.925
518,15.995
519,15.975
520,15.925
521,15.94
522,15.965
523,15.975
524,15.935
525,15.9
526,15.93
527,15.93
528,15.925
529,15.945
530,15.985
531,15.97
532,15.985
533,16.015
534,15.99
535,16.025
536,16.015
537,16.015
538,15.99
539,16.01
540,16.075
541,16.055
542,16.06
543,16.085
544,16.125
545,16.11
546,16.115
547,16.1
548,16.01
549,16.03
550,16.02
551,15.985
552,15.975
553,15.99
554,15.985
555,16.025
556,16.01
557,16.04
558,16.075
559,16.12
560,16.075
561,16.075
562,16.065
563,16.045
564,16.03
565,16.05
566,15.885
567,15.92
568,15.86
569,15.84
570,15.790000000000001
571,15.795
572,15.81
573,15.805
574,15.885
575,15.845
576,15.87
577,15.86
578,15.9
579,15.87
580,15.87
581,15.86
582,15.855
583,15.83
584,15.815
585,15.825
586,15.855
587,15.905
588,15.885
589,15.86
590,15.85
591,15.85
592,15.78
593,15.84
594,15.905
595,15.96
596,15.97
597,15.965
598,15.94
599,15.96
600,16.0
601,15.985
602,16.0
603,15.99
604,15.995
605,15.94
606,15.975
607,15.95
608,15.97
609,15.98
610,15.995
611,16.0
612,16.0
613,15.995
614,15.98
615,15.995
616,16.0
617,16.0
618,16.545
619,16.595
620,16.515
621,16.55
622,16.55
623,16.4
624,16.375
625,16.43
626,16.3
627,16.4
628,16.33
629,16.31
630,16.33
631,16.32
632,16.36
633,16.32
634,16.26
635,16.305
636,16.295
637,16.25
638,16.17
639,16.205
640,16.22
641,16.22
642,16.2
643,16.21
644,16.285
645,16.225
646,16.22
647,16.21
648,16.23
649,16.22
650,16.185
651,16.175
652,16.18
653,16.15
654,16.155
655,16.14
656,16.15
657,16.15
658,16.15
659,16.17
660,16.225
661,16.215
662,16.205
663,16.21
664,16.205
665,16.225
666,16.25
667,16.23
668,16.225
669,16.18
670,16.01
671,15.98
672,15.94
673,15.935
674,15.88
675,15.915000000000001
676,16.005
677,15.945
678,15.905
679,15.885
680,15.93
681,15.91
682,15.92
683,15.94
684,15.905
685,15.93
686,15.89
687,15.875
688,15.85
689,15.83
690,15.845
691,15.825
692,15.86
693,15.845
694,15.835
695,15.8
696,15.99
697,15.975
698,15.975
699,15.985
700,15.945
701,15.985
702,15.99
703,16.04
704,16.01
705,16.025
706,16.055
707,16.055
708,16.11
709,16.14
710,16.14
711,16.15
712,16.09
713,16.075
714,16.09
715,16.105
716,16.085
717,16.095
718,16.065
719,16.085
720,16.095
721,16.12
722,16.12
723,16.13
724,16.175
725,16.045
726,16.015
727,16.035
728,16.015
729,16.01
730,15.985
731,15.975
732,15.975
733,15.955
734,15.94
735,15.945
736,15.945
737,15.93
738,15.94
739,15.935
740,15.94
741,15.985
742,15.985
743,16.025
744,16.035
745,16.065
746,16.065
747,16.085
748,16.095
749,16.09
750,16.09
751,16.065
752,16.12
753,16.05
754,16.035
755,15.985
756,15.95
757,15.985
758,15.995
759,15.98
760,16.015
761,16.005
762,15.98
763,15.955
764,15.965
765,16.0
766,15.985
767,16.0
768,15.99
769,16.03
770,16.04
771,16.045
772,16.065
773,16.1
774,16.05
775,16.05
776,16.09
777,16.055
778,16.095
779,16.01
780,16.05
781,16.065
782,16.06
783,16.06
784,16.05
785,16.045
786,16.04
787,16.055
788,16.045
789,16.055
790,16.06
791,16.075
792,16.08
793,16.115
794,16.12
795,16.13
796,16.135
797,16.105
798,16.105
799,16.13
800,16.03
801,16.005
802,16.015
803,16.0
804,15.995
805,16.005
806,16.01
807,15.99
808,16.0
809,16.005
810,15.98
811,15.98
812,15.98
813,16.0
814,16.02
815,16.03
816,16.02
817,16.03
818,16.02
819,15.99
820,15.995
821,16.02
822,16.06
823,16.075
824,16.06
825,16.08
826,16.04
827,16.035
828,16.04
829,16.04
830,16.025
831,16.02
832,16.005
833,15.98
834,15.985
835,15.98
836,15.985
837,15.975
838,15.975
839,15.97
840,15.965
841,15.97
842,15.97
843,15.995
844,16.015
845,16.03
846,16.055
847,15.96
848,15.995
849,15.93
850,15.94
851,15.98
852,15.775
853,15.78
854,15.790000000000001
855,15.76
856,15.715
857,15.725
858,15.73
859,15.705
860,15.665000000000001
861,15.655
862,15.685
863,15.695
864,15.705
865,15.685
866,15.69
867,15.705
868,15.7
869,15.685
870,15.7
871,15.695
872,15.68
873,15.675
874,15.695
875,15.66
876,15.64
877,15.61
878,15.735
879,15.785
880,15.745000000000001
881,15.8
882,15.76
883,15.76
884,15.775
885,15.775
886,15.790000000000001
887,15.84
888,15.83
889,15.855
890,15.885
891,15.86
892,15.85
893,15.87
894,15.86
895,15.89
896,15.88
897,15.905
898,15.925
899,15.915000000000001
900,15.875
901,15.885
902,15.855
903,15.83
904,15.77
905,15.785
906,15.790000000000001
907,15.785
908,15.785
909,15.785
910,15.76
911,15.765
912,15.77
913,15.785
914,15.775
915,15.81
916,15.78
917,15.785
918,15.775
919,15.790000000000001
920,15.805
921,15.815
922,15.815
923,15.805
924,15.785
925,15.765
926,15.77
927,15.76
928,15.725
929,15.68
930,15.69
931,15.73
932,15.790000000000001
933,15.765
934,15.745000000000001
935,15.755
936,15.715
937,15.69
938,15.73
939,15.725
940,15.7
941,15.685
942,15.66
943,15.695
944,15.665000000000001
945,15.675
946,15.68
947,15.67
948,15.67
949,15.675
950,15.675
951,15.66
952,15.63
953,15.635
954,15.615
955,15.59
956,15.6
957,15.55
958,15.575000000000001
959,15.540000000000001
960,15.525
961,15.535
962,15.535
963,15.505
964,15.505
965,15.49
966,15.465
967,15.465
968,15.49
969,15.465
970,15.485
971,15.485
972,15.49
973,15.48
974,15.475
975,15.455
976,15.435
977,15.435
978,15.425
979,15.435
980,15.425
981,15.355
982,15.34
983,15.315
984,15.335
985,15.369999999999997
986,15.450000000000001
987,15.405000000000001
988,15.435
989,15.48
990,15.515
991,15.49
992,15.465
993,15.43
994,15.47
995,15.44
996,15.46
997,15.49
998,15.51
999,15.49
1000,15.495
1001,15.505000000000003
1002,15.47
1003,15.445
1004,15.445
1005,15.459999999999999
1006,15.42
1007,15.314999999999998
1008,15.35
1009,15.285
1010,15.314999999999998
1011,15.29
1012,15.305000000000001
1013,15.345
1014,15.335
1015,15.305000000000001
1016,15.335
1017,15.31
1018,15.29
1019,15.314999999999998
1020,15.335
1021,15.31
1022,15.295
1023,15.295
1024,15.314999999999998
1025,15.31
1026,15.314999999999998
1027,15.305000000000001
1028,15.29
1029,15.295
1030,15.29
1031,15.32
1032,15.305000000000001
1033,15.505000000000003
1034,15.525
1035,15.515
1036,15.485
1037,15.515
1038,15.515
1039,15.515
1040,15.5
1041,15.485
1042,15.485
1043,15.515
1044,15.535
1045,15.545
1046,15.555
1047,15.58
1048,15.59
1049,15.57
1050,15.565000000000001
1051,15.595
1052,15.575
1053,15.575
1054,15.585
1055,15.575
1056,15.575
1057,15.555
1058,15.535
1059,15.445
1060,15.45
1061,15.435
1062,15.45
1063,15.445
1064,15.44
1065,15.455000000000002
1066,15.44
1067,15.435
1068,15.45
1069,15.464999999999998
1070,15.455000000000002
1071,15.464999999999998
1072,15.459999999999999
1073,15.475
1074,15.485
1075,15.485
1076,15.45
1077,15.455000000000002
1078,15.455000000000002
1079,15.425
1080,15.464999999999998
1081,15.414999999999997
1082,15.405
1083,15.409999999999998
1084,15.405
1085,15.255
1086,15.29
1087,15.300000000000002
1088,15.335
1089,15.38
1090,15.39
1091,15.414999999999997
1092,15.395
1093,15.38
1094,15.409999999999998
1095,15.39
1096,15.37
1097,15.385
1098,15.385
1099,15.375
1100,15.409999999999998
1101,15.45
1102,15.45
1103,15.409999999999998
1104,15.405
1105,15.405
1106,15.400000000000002
1107,15.414999999999997
1108,15.414999999999997
1109,15.435
1110,15.405
1111,15.45
1112,15.535
1113,15.559999999999999
1114,15.565000000000001
1115,15.53
1116,15.54
1117,15.519999999999998
1118,15.510000000000002
1119,15.515
1120,15.505000000000003
1121,15.5
1122,15.515
1123,15.545
1124,15.535
1125,15.55
1126,15.555
1127,15.565000000000001
1128,15.585
1129,15.585
1130,15.57
1131,15.559999999999999
1132,15.565000000000001
1133,15.519999999999998
1134,15.555
1135,15.535
1136,15.53
1137,15.365
1138,15.414999999999997
1139,15.414999999999997
1140,15.48
1141,15.505000000000003
1142,15.49
1143,15.485
1144,15.510000000000002
1145,15.535
1146,15.525
1147,15.535
1148,15.565000000000001
1149,15.559999999999999
1150,15.545
1151,15.559999999999999
1152,15.58
1153,15.545
1154,15.535
1155,15.555
1156,15.565000000000001
1157,15.595
1158,15.595
1159,15.565000000000001
1160,15.575
1161,15.565000000000001
1162,15.510000000000002
1163,15.619999999999997
1164,15.58
1165,15.515
1166,15.535
1167,15.53
1168,15.525
1169,15.535
1170,15.545
1171,15.555
1172,15.555
1173,15.575
1174,15.565000000000001
1175,15.555
1176,15.555
1177,15.555
1178,15.555
1179,15.55
1180,15.510000000000002
1181,15.55
1182,15.545
1183,15.545
1184,15.53
1185,15.505000000000003
1186,15.485
1187,15.475
1188,15.459999999999999
1189,15.559999999999999
1190,15.68
1191,15.715000000000002
1192,15.7
1193,15.645
1194,15.645
1195,15.660000000000002
1196,15.685
1197,15.710000000000003
1198,15.735
1199,15.710000000000003
1200,15.695
1201,15.705
1202,15.685
1203,15.655
1204,15.665
1205,15.655
1206,15.665
1207,15.665
1208,15.695
1209,15.645
1210,15.625
1211,15.605000000000002
1212,15.605000000000002
1213,15.619999999999997
1214,15.61
1215,15.63
1216,15.595
1217,15.575
1218,15.575
1219,15.555
1220,15.565000000000001
1221,15.565000000000001
1222,15.555
1223,15.605000000000002
1224,15.595
1225,15.59
1226,15.614999999999998
1227,15.59
1228,15.614999999999998
1229,15.669999999999998
1230,15.68
1231,15.655
1232,15.660000000000002
1233,15.655
1234,15.655
1235,15.69
1236,15.7
1237,15.745
1238,15.745
1239,15.715000000000002
1240,15.715000000000002
1241,15.7
1242,15.755
1243,15.724999999999998
1244,15.695
1245,15.75
1246,15.73
1247,15.715000000000002
1248,15.745
1249,15.72
1250,15.710000000000003
1251,15.710000000000003
1252,15.735
1253,15.745
1254,15.755
1255,15.75
1256,15.745
1257,15.755
1258,15.755
1259,15.755
1260,15.735
1261,15.735
1262,15.755
1263,15.755
1264,15.735
1265,15.735
1266,15.72
1267,15.819999999999999
1268,15.845
1269,15.83
1270,15.845
1271,15.84
1272,15.815
1273,15.805
1274,15.8
1275,15.810000000000002
1276,15.805
1277,15.815
1278,15.805
1279,15.83
1280,15.825000000000001
1281,15.815
1282,15.79
1283,15.78
1284,15.78
1285,15.78
1286,15.795
1287,15.810000000000002
1288,15.785
1289,15.8
1290,15.795
1291,15.835
1292,15.810000000000002
1293,15.905
1294,15.835
1295,15.819999999999999
1296,15.775
1297,15.74
1298,15.724999999999998
1299,15.76
1300,15.74
1301,15.76
1302,15.76
1303,15.755
1304,15.755
1305,15.78
1306,15.764999999999999
1307,15.770000000000001
1308,15.775
1309,15.785
1310,15.785
1311,15.764999999999999
1312,15.775
1313,15.764999999999999
1314,15.785
1315,15.815
1316,15.805
1317,15.835
1318,15.815
1319,15.75
1320,15.770000000000001
1321,15.755
1322,15.72
1323,15.735
1324,15.735
1325,15.74
1326,15.735
1327,15.710000000000003
1328,15.68
1329,15.635
1330,15.64
1331,15.63
1332,15.655
1333,15.63
1334,15.710000000000003
1335,15.695
1336,15.68
1337,15.7
1338,15.72
1339,15.710000000000003
1340,15.705
1341,15.705
1342,15.705
1343,15.635
1344,15.64
1345,15.63
1346,15.59
1347,15.585
1348,15.7
1349,15.795
1350,15.84
1351,15.89
1352,15.905
1353,15.87
1354,15.87
1355,15.9
1356,15.89
1357,15.86
1358,15.865000000000002
1359,15.865000000000002
1360,15.895
1361,15.9
1362,15.925
1363,15.895
1364,15.89
1365,15.925
1366,15.920000000000002
1367,15.88
1368,15.83
1369,15.83
1370,15.815
1371,15.705
1372,15.635
1373,15.614999999999998
1374,15.575
1375,15.614999999999998
1376,15.565000000000001
1377,15.565000000000001
1378,15.54
1379,15.510000000000002
1380,15.565000000000001
1381,15.559999999999999
1382,15.53
1383,15.54
1384,15.54
1385,15.535
1386,15.535
1387,15.525
1388,15.510000000000002
1389,15.505000000000003
1390,15.505000000000003
1391,15.535
1392,15.515
1393,15.525
1394,15.525
1395,15.555
1396,15.55
1397,15.625
1398,15.585
1399,15.57
1400,15.614999999999998
1401,15.595
1402,15.61
1403,15.614999999999998
1404,15.6
1405,15.614999999999998
1406,15.595
1407,15.595
1408,15.614999999999998
1409,15.625
1410,15.619999999999997
1411,15.64
1412,15.635
1413,15.635
1414,15.605000000000002
1415,15.61
1416,15.614999999999998
1417,15.6
1418,15.595
1419,15.605000000000002
1420,15.595
1421,15.595
1422,15.58
1423,15.55
1424,15.59
1425,15.545
1426,15.57
1427,15.559999999999999
1428,15.565000000000001
1429,15.575
1430,15.575
1431,15.57
1432,15.565000000000001
1433,15.575
1434,15.57
1435,15.555
1436,15.545
1437,15.545
1438,15.53
1439,15.485
1440,15.464999999999998
1441,15.455000000000002
1442,15.475
1443,15.475
1444,15.48
1445,15.515
1446,15.515
1447,15.495
1448,15.505000000000003
1449,15.54
1450,15.535
1451,15.535
1452,15.585
1453,15.65
1454,15.685
1455,15.675
1456,15.665
1457,15.685
1458,15.69
1459,15.675
1460,15.705
1461,15.715000000000002
1462,15.735
1463,15.735
1464,15.785
1465,15.805
1466,15.815
1467,15.8
1468,15.775
1469,15.785
1470,15.785
1471,15.755
1472,15.775
1473,15.73
1474,15.745
1475,15.73
1476,15.76
1477,15.710000000000003
1478,15.715000000000002
1479,15.705
1480,15.715000000000002
1481,15.72
1482,15.715000000000002
1483,15.705
1484,15.755
1485,15.745
1486,15.755
1487,15.78
1488,15.775
1489,15.785
1490,15.775
1491,15.76
1492,15.755
1493,15.74
1494,15.735
1495,15.745
1496,15.74
1497,15.755
1498,15.745
1499,15.715000000000002
1500,15.69
1501,15.69
1502,15.685
1503,15.66
1504,15.655000000000001
1505,15.655000000000001
1506,15.64
1507,15.635000000000002
1508,15.625
1509,15.625
1510,15.63
1511,15.645
1512,15.67
1513,15.655000000000001
1514,15.65
1515,15.635000000000002
1516,15.655000000000001
1517,15.66
1518,15.665
1519,15.655000000000001
1520,15.675
1521,15.675
1522,15.625
1523,15.63
1524,15.635000000000002
1525,15.645
1526,15.64
1527,15.695
1528,15.719999999999999
1529,15.715
1530,15.740000000000002
1531,15.725
1532,15.695
1533,15.695
1534,15.695
1535,15.705
1536,15.685
1537,15.665
1538,15.665
1539,15.665
1540,15.625
1541,15.625
1542,15.635000000000002
1543,15.64
1544,15.625
1545,15.62
1546,15.625
1547,15.625
1548,15.609999999999998
1549,15.609999999999998
1550,15.605
1551,15.605
1552,15.57
1553,15.6
1554,15.54
1555,15.5
1556,15.54
1557,15.58
1558,15.555
1559,15.575
1560,15.59
1561,15.59
1562,15.594999999999999
1563,15.609999999999998
1564,15.605
1565,15.605
1566,15.625
1567,15.64
1568,15.675
1569,15.68
1570,15.665
1571,15.655000000000001
1572,15.655000000000001
1573,15.68
1574,15.695
1575,15.705
1576,15.685
1577,15.685
1578,15.65
1579,15.82
1580,15.83
1581,15.835
1582,15.83
1583,15.89
1584,15.91
1585,15.95
1586,15.91
1587,15.94
1588,15.96
1589,15.955
1590,15.955
1591,15.975
1592,15.965
1593,15.969999999999999
1594,15.98
1595,15.95
1596,15.935
1597,15.92
1598,15.985
1599,16.025
1600,15.995
1601,15.975
1602,15.965
1603,15.975
1604,15.98
1605,15.96
1606,15.88
1607,15.87
1608,15.855
1609,15.844999999999999
1610,15.844999999999999
1611,15.94
1612,15.989999999999998
1613,15.995
1614,15.96
1615,15.955
1616,15.98
1617,15.975
1618,15.95
1619,15.975
1620,15.975
1621,15.989999999999998
1622,15.989999999999998
1623,15.995
1624,15.915
1625,15.93
1626,15.885000000000002
1627,15.84
1628,15.885000000000002
1629,15.88
1630,15.925
1631,15.95
1632,15.96
1633,15.989999999999998
1634,16.03
1635,16.005
1636,15.989999999999998
1637,15.985
1638,16.03
1639,16.015
1640,16.035
1641,16.025
1642,16.055
1643,16.055
1644,16.04
1645,16.08
1646,16.075
1647,16.07
1648,16.085
1649,16.12
1650,16.12
1651,16.135
1652,16.12
1653,16.125
1654,16.095
1655,16.105
1656,16.1
1657,16.17
1658,16.2
1659,16.22
1660,16.235
1661,16.27
1662,16.24
1663,16.26
1664,16.255
1665,16.26
1666,16.3
1667,16.33
1668,16.345
1669,16.345
1670,16.345
1671,16.36
1672,16.335
1673,16.33
1674,16.345
1675,16.355
1676,16.39
1677,16.395
1678,16.4
1679,16.395
1680,16.445
1681,16.435
1682,16.445
1683,16.515
1684,16.52
1685,16.55
1686,16.58
1687,16.57
1688,16.595
1689,16.57
1690,16.47
1691,16.455
1692,16.425
1693,16.51
1694,16.49
1695,16.495
1696,16.51
1697,16.44
1698,16.5
1699,16.48
1700,16.455
1701,16.45
1702,16.39
1703,16.385
1704,16.345
1705,16.37
1706,16.38
1707,16.395
1708,16.355
1709,16.37
1710,16.34
1711,16.28
1712,16.27
1713,16.375
1714,16.415
1715,16.36
1716,16.37
1717,16.36
1718,16.31
1719,16.265
1720,16.29
1721,16.255
1722,16.235
1723,16.19
1724,16.205
1725,16.17
1726,16.175
1727,16.17
1728,16.14
1729,16.095
1730,16.155
1731,16.14
1732,16.175
1733,16.185
1734,16.29
1735,16.17
1736,16.17
1737,16.175
1738,16.18
1739,16.23
1740,16.275
1741,16.245
1742,16.29
1743,16.27
1744,16.265
1745,16.31
1746,16.295
1747,16.32
1748,16.285
1749,16.255
1750,16.25
1751,16.255
1752,16.275
1753,16.275
1754,16.275
1755,16.275
1756,16.255
1757,16.245
1758,16.22
1759,16.225
1760,16.235
1761,16.38
1762,16.31
1763,16.31
1764,16.245
1765,16.3
1766,16.3
1767,16.34
1768,16.33
1769,16.355
1770,16.345
1771,16.325
1772,16.34
1773,16.36
1774,16.36
1775,16.405
1776,16.405
1777,16.395
1778,16.39
1779,16.395
1780,16.405
1781,16.385
1782,16.425
1783,16.415
1784,16.41
1785,16.425
1786,16.445
1787,16.54
1788,16.53
1789,16.54
1790,16.51
1791,16.49
1792,16.525
1793,16.545
1794,16.525
1795,16.53
1796,16.535
1797,16.525
1798,16.515
1799,16.52
1800,16.535
1801,16.545
1802,16.57
1803,16.55
1804,16.555
1805,16.535
1806,16.545
1807,16.525
1808,16.52
1809,16.535
1810,16.545
1811,16.545
1812,16.49
1813,16.41
1814,16.425
1815,16.37
1816,16.385
1817,16.445
1818,16.46
1819,16.41
1820,16.425
1821,16.43
1822,16.42
1823,16.39
1824,16.39
1825,16.38
1826,16.38
1827,16.395
1828,16.385
1829,16.375
1830,16.38
1831,16.355
1832,16.375
1833,16.405
1834,16.4
1835,16.43
1836,16.425
1837,16.41
1838,16.42
1839,16.42
1840,16.46
1841,16.405
1842,16.405
1843,16.42
1844,16.395
1845,16.4
1846,16.435
1847,16.46
1848,16.48
1849,16.5
1850,16.495
1851,16.485
1852,16.475
1853,16.485
1854,16.505
1855,16.505
1856,16.485
1857,16.47
1858,16.45
1859,16.47
1860,16.47
1861,16.47
1862,16.48
1863,16.475
1864,16.475
1865,16.55
1866,16.55
1867,16.565
1868,16.555
1869,16.535
1870,16.505
1871,16.485
1872,16.48
1873,16.45
1874,16.47
1875,16.465
1876,16.49
1877,16.475
1878,16.49
1879,16.515
1880,16.54
1881,16.53
1882,16.525
1883,16.505
1884,16.525
1885,16.48
1886,16.495
1887,16.525
1888,16.515
1889,16.49
1890,16.52
1891,16.465
1892,16.475
1893,16.405
1894,16.4
1895,16.4
1896,16.39
1897,16.4
1898,16.355
1899,16.35
1900,16.325
1901,16.31
1902,16.325
1903,16.345
1904,16.355
1905,16.36
1906,16.35
1907,16.335
1908,16.33
1909,16.335
1910,16.345
1911,16.365
1912,16.375
1913,16.355
1914,16.35
1915,16.355
1916,16.365
1917,16.45
1918,16.47
1919,16.45
1920,16.45
1921,16.48
1922,16.485
1923,16.49
1924,16.495
1925,16.485
1926,16.495
1927,16.485
1928,16.485
1929,16.475
1930,16.47
1931,16.475
1932,16.485
1933,16.505
1934,16.52
1935,16.51
1936,16.525
1937,16.525
1938,16.525
1939,16.535
1940,16.535
1941,16.525
1942,16.515
1943,16.645
1944,16.69
1945,16.72
1946,16.74
1947,16.73
1948,16.705
1949,16.675
1950,16.74
1951,16.725
1952,16.715
1953,16.715
1954,16.715
1955,16.715
1956,16.725
1957,16.715
1958,16.725
1959,16.775
1960,16.765
1961,16.76
1962,16.745
1963,16.75
1964,16.765
1965,16.725
1966,16.745
1967,16.745
1968,16.775
1969,16.66
1970,16.66
1971,16.73
1972,16.79
1973,16.825
1974,16.8
1975,16.785
1976,16.73
1977,16.735
1978,16.725
1979,16.74
1980,16.765
1981,16.76
1982,16.78
1983,16.77
1984,16.77
1985,16.76
1986,16.78
1987,16.82
1988,16.83
1989,16.775
1990,16.755
1991,16.735
1992,16.735
1993,16.735
1994,16.73
1995,16.65
1996,16.575
1997,16.58
1998,16.62
1999,16.605
2000,16.625
2001,16.625
2002,16.675
2003,16.67
2004,16.69
2005,16.7
2006,16.735
2007,16.745
2008,16.71
2009,16.725
2010,16.715
2011,16.715
2012,16.715
2013,16.735
2014,16.735
2015,16.725
2016,16.715
2017,16.695
2018,16.705
2019,16.735
2020,16.725
2021,16.78
2022,16.77
2023,16.795
2024,16.755
2025,16.76
2026,16.745
2027,16.725
2028,16.745
2029,16.765
2030,16.775
2031,16.775
2032,16.79
2033,16.77
2034,16.78
2035,16.79
2036,16.78
2037,16.8
2038,16.785
2039,16.76
2040,16.76
2041,16.77
2042,16.775
2043,16.79
2044,16.795
2045,16.785
2046,16.76
2047,16.61
2048,16.63
2049,16.61
2050,16.635
2051,16.58
2052,16.545
2053,16.52
2054,16.52
2055,16.5
2056,16.485
2057,16.5
2058,16.505
2059,16.495
2060,16.47
2061,16.47
2062,16.465
2063,16.45
2064,16.455
2065,16.49
2066,16.47
2067,16.465
2068,16.465
2069,16.495
2070,16.475
2071,16.505
2072,16.49
2073,16.56
2074,16.655
2075,16.65
2076,16.64
2077,16.645
2078,16.665
2079,16.67
2080,16.665
2081,16.645
2082,16.65
2083,16.655
2084,16.645
2085,16.665
2086,16.655
2087,16.675
2088,16.675
2089,16.685
2090,16.68
2091,16.655
2092,16.675
2093,16.665
2094,16.665
2095,16.675
2096,16.675
2097,16.7
2098,16.74
2099,16.695
2100,16.645
2101,16.635
2102,16.65
2103,16.615
2104,16.62
2105,16.64
2106,16.63
2107,16.65
2108,16.63
2109,16.635
2110,16.635
2111,16.61
2112,16.605
2113,16.61
2114,16.615
2115,16.615
2116,16.6
2117,16.595
2118,16.62
2119,16.64
2120,16.66
2121,16.665
2122,16.685
2123,16.675
2124,16.685
2125,16.62
2126,16.62
2127,16.59
2128,16.555
2129,16.5
2130,16.51
2131,16.49
2132,16.485
2133,16.525
2134,16.53
2135,16.555
2136,16.58
2137,16.585
2138,16.57
2139,16.57
2140,16.585
2141,16.565
2142,16.53
2143,16.515
2144,16.515
2145,16.53
2146,16.53
2147,16.525
2148,16.535
2149,16.54
2150,16.53
2151,16.52
2152,16.52
2153,16.505
2154,16.515
2155,16.49
2156,16.525
2157,16.535
2158,16.51
2159,16.535
2160,16.535
2161,16.535
2162,16.575
2163,16.545
2164,16.56
2165,16.575
2166,16.585
2167,16.585
2168,16.585
2169,16.585
2170,16.595
2171,16.585
2172,16.6
2173,16.595
2174,16.575
2175,16.545
2176,16.54
2177,16.525
2178,16.535
2179,16.585
2180,16.59
2181,16.635
2182,16.61
2183,16.61
2184,16.615
2185,16.635
2186,16.675
2187,16.7
2188,16.725
2189,16.735
2190,16.735
2191,16.72
2192,16.735
2193,16.745
2194,16.735
2195,16.735
2196,16.735
2197,16.715
2198,16.715
2199,16.715
2200,16.715
2201,16.725
2202,16.71
2203,16.785
2204,16.8
2205,16.835
2206,16.9
2207,16.885
2208,16.895
2209,16.91
2210,16.895
2211,16.87
2212,16.875
2213,16.875
2214,16.9
2215,16.915
2216,16.945
2217,16.96
2218,16.975
2219,16.98
2220,16.965
2221,16.995
2222,16.985
2223,16.965
2224,16.945
2225,16.96
2226,16.945
2227,16.965
2228,16.95
2229,16.955
2230,16.94
2231,16.96
2232,16.925
2233,16.88
2234,16.835
2235,16.84
2236,16.86
2237,16.79
2238,16.82
2239,16.815
2240,16.79
2241,16.81
2242,16.795
2243,16.755
2244,16.75
2245,16.785
2246,16.755
2247,16.79
2248,16.79
2249,16.765
2250,16.76
2251,16.79
2252,16.775
2253,16.775
2254,16.79
2255,17.01
2256,17.135
2257,17.23
2258,17.305
2259,17.32
2260,17.21
2261,17.19
2262,17.215
2263,17.195
2264,17.165
2265,17.135
2266,17.085
2267,17.16
2268,17.195
2269,17.235
2270,17.2
2271,17.17
2272,17.2
2273,17.2
2274,17.205
2275,17.19
2276,17.2
2277,17.185
2278,17.155
2279,17.155
2280,17.18
2281,17.23
2282,17.16
2283,17.095
2284,17.16
2285,17.16
2286,17.135
2287,17.105
2288,17.125
2289,17.14
2290,17.135
2291,17.135
2292,17.125
2293,17.125
2294,17.115
2295,17.095
2296,17.11
2297,17.085
2298,17.085
2299,17.065
2300,17.085
2301,17.115
2302,17.13
2303,17.145
2304,17.145
2305,17.105
2306,17.07
2307,17.02
2308,17.05
2309,17.11
2310,17.08
2311,17.14
2312,17.22
2313,17.215
2314,17.235
2315,17.285
2316,17.26
2317,17.285
2318,17.27
2319,17.285
2320,17.29
2321,17.305
2322,17.335
2323,17.335
2324,17.325
2325,17.315
2326,17.31
2327,17.325
2328,17.325
2329,17.29
2330,17.28
2331,17.275
2332,17.295
2333,17.44
2334,17.45
2335,17.495
2336,17.51
2337,17.515
2338,17.54
2339,17.58
2340,17.565
2341,17.595
2342,17.595
2343,17.58
2344,17.59
2345,17.585
2346,17.585
2347,17.595
2348,17.565
2349,17.54
2350,17.55
2351,17.545
2352,17.575
2353,17.56
2354,17.57
2355,17.57
2356,17.58
2357,17.59
2358,17.59
2359,17.605
2360,17.63
2361,17.62
2362,17.595
2363,17.55
2364,17.475
2365,17.495
2366,17.485
2367,17.53
2368,17.495
2369,17.54
2370,17.55
2371,17.55
2372,17.52
2373,17.505
2374,17.515
2375,17.535
2376,17.555
2377,17.535
2378,17.545
2379,17.535
2380,17.52
2381,17.535
2382,17.505
2383,17.495
2384,17.495
2385,17.48
2386,17.48
2387,17.47
2388,17.425
2389,17.38
2390,17.37
2391,17.42
2392,17.485
2393,17.435
2394,17.415
2395,17.4
2396,17.445
2397,17.44
2398,17.42
2399,17.425
2400,17.445
2401,17.445
2402,17.465
2403,17.455
2404,17.445
2405,17.445
2406,17.43
2407,17.445
2408,17.465
2409,17.465
2410,17.49
2411,17.3
2412,17.335
2413,17.36
2414,17.38
2415,17.375
2416,17.395
2417,17.445
2418,17.41
2419,17.47
2420,17.46
2421,17.41
2422,17.43
2423,17.435
2424,17.45
2425,17.465
2426,17.455
2427,17.455
2428,17.44
2429,17.455
2430,17.445
2431,17.44
2432,17.415
2433,17.435
2434,17.45
2435,17.465
2436,17.48
2437,17.46
2438,17.45
2439,17.405
2440,17.435
2441,17.46
2442,17.475
2443,17.52
2444,17.515
2445,17.525
2446,17.525
2447,17.515
2448,17.505
2449,17.505
2450,17.515
2451,17.515
2452,17.525
2453,17.515
2454,17.515
2455,17.52
2456,17.515
2457,17.52
2458,17.525
2459,17.515
2460,17.525
2461,17.52
2462,17.54
2463,17.54
2464,17.485
2465,17.465
2466,17.445
2467,17.43
2468,17.475
2469,17.485
2470,17.455
2471,17.46
2472,17.475
2473,17.445
2474,17.45
2475,17.425
2476,17.43
2477,17.44
2478,17.435
2479,17.445
2480,17.47
2481,17.46
2482,17.44
2483,17.52
2484,17.435
2485,17.4
2486,17.38
2487,17.345
2488,17.36
2489,17.245
2490,17.28
2491,17.295
2492,17.31
2493,17.28
2494,17.285
2495,17.26
2496,17.265
2497,17.25
2498,17.25
2499,17.24
2500,17.27
2501,17.275
2502,17.29
2503,17.285
2504,17.29
2505,17.31
2506,17.335
2507,17.345
2508,17.325
2509,17.35
2510,17.355
2511,17.33
2512,17.375
2513,17.355
2514,17.37
2515,17.31
2516,17.335
2517,17.28
2518,17.3
2519,17.265
2520,17.305
2521,17.295
2522,17.265
2523,17.24
2524,17.235
2525,17.225
2526,17.215
2527,17.225
2528,17.205
2529,17.205
2530,17.215
2531,17.235
2532,17.205
2533,17.205
2534,17.165
2535,17.135
2536,17.125
2537,17.16
2538,17.17
2539,17.165
2540,17.185
2541,17.41
2542,17.41
2543,17.475
2544,17.495
2545,17.51
2546,17.52
2547,17.515
2548,17.485
2549,17.48
2550,17.465
2551,17.46
2552,17.44
2553,17.475
2554,17.465
2555,17.47
2556,17.465
2557,17.465
2558,17.49
2559,17.465
2560,17.48
2561,17.475
2562,17.495
2563,17.485
2564,17.485
2565,17.475
2566,17.475
2567,17.655
2568,17.665
2569,17.71
2570,17.675
2571,17.655
2572,17.635
2573,17.655
2574,17.655
2575,17.645
2576,17.62
2577,17.62
2578,17.625
2579,17.625
2580,17.605
2581,17.625
2582,17.62
2583,17.635
2584,17.64
2585,17.625
2586,17.645
2587,17.645
2588,17.675
2589,17.655
2590,17.655
2591,17.66
2592,17.67
2593,17.63
2594,17.63
2595,17.655
2596,17.665
2597,17.635
2598,17.615
2599,17.56
2600,17.55
2601,17.56
2602,17.54
2603,17.545
2604,17.52
2605,17.515
2606,17.5
2607,17.505
2608,17.48
2609,17.465
2610,17.475
2611,17.465
2612,17.47
2613,17.48
2614,17.5
2615,17.485
2616,17.52
2617,17.515
2618,17.495
2619,17.475
2620,17.54
2621,17.485
2622,17.515
2623,17.465
2624,17.52
2625,17.52
2626,17.495
2627,17.505
2628,17.525
2629,17.49
2630,17.455
2631,17.455
2632,17.45
2633,17.475
2634,17.475
2635,17.43
2636,17.435
2637,17.385
2638,17.375
2639,17.395
2640,17.39
2641,17.43
2642,17.415
2643,17.385
2644,17.36
2645,17.445
2646,17.43
2647,17.425
2648,17.44
2649,17.41
2650,17.385
2651,17.43
2652,17.44
2653,17.415
2654,17.41
2655,17.425
2656,17.425
2657,17.395
2658,17.385
2659,17.365
2660,17.37
2661,17.385
2662,17.385
2663,17.385
2664,17.395
2665,17.4
2666,17.42
2667,17.44
2668,17.42
2669,17.415
2670,17.42
2671,17.155
2672,17.13
2673,17.115
2674,17.02
2675,17.04
2676,17.01
2677,16.97
2678,17.01
2679,16.955
2680,16.995
2681,16.995
2682,16.97
2683,16.965
2684,16.99
2685,16.96
2686,17.005
2687,16.99
2688,16.96
2689,16.935
2690,16.93
2691,16.96
2692,16.93
2693,16.93
2694,16.93
2695,16.87
2696,16.885
2697,17.03
2698,16.89
2699,16.91
2700,16.97
2701,16.96
2702,16.965
2703,16.97
2704,16.965
2705,16.955
2706,16.955
2707,16.95
2708,16.855
2709,16.88
2710,16.89
2711,16.915
2712,16.9
2713,16.965
2714,16.975
2715,17.04
2716,17.04
2717,17.035
2718,16.99
2719,16.985
2720,16.985
2721,17.025
2722,17.065
2723,17.275
2724,17.28
2725,17.235
2726,17.28
2727,17.24
2728,17.235
2729,17.23
2730,17.23
2731,17.165
2732,17.155
2733,17.15
2734,17.135
2735,17.12
2736,17.125
2737,17.115
2738,17.12
2739,17.13
2740,17.11
2741,17.115
2742,17.14
2743,17.13
2744,17.13
2745,17.165
2746,17.19
2747,17.18
2748,17.225
2749,17.16
2750,17.115
2751,17.095
2752,17.04
2753,17.05
2754,17.03
2755,17.0
2756,16.99
2757,16.97
2758,16.965
2759,16.97
2760,16.925
2761,16.94
2762,16.935
2763,16.92
2764,16.925
2765,16.935
2766,16.93
2767,16.91
2768,16.905
2769,16.94
2770,16.97
2771,16.985
2772,17.015
2773,17.0
2774,17.025
2775,16.84
2776,16.86
2777,16.855
2778,16.895
2779,16.995
2780,16.94
2781,16.91
2782,16.925
2783,16.94
2784,16.94
2785,16.935
2786,16.94
2787,16.92
2788,16.93
2789,16.92
2790,16.875
2791,16.84
2792,16.825
2793,16.855
2794,16.83
2795,16.81
2796,16.835
2797,16.88
2798,16.875
2799,16.91
2800,16.925
2801,16.74
2802,16.385
2803,16.44
2804,16.48
2805,16.42
2806,16.42
2807,16.43
2808,16.39
2809,16.405
2810,16.445
2811,16.5
2812,16.61
2813,16.57
2814,16.595
2815,16.55
2816,16.535
2817,16.49
2818,16.585
2819,16.595
2820,16.6
2821,16.65
2822,16.615
2823,16.705
2824,16.44
2825,16.41
2826,16.42
2827,16.425
2828,16.43
2829,16.445
2830,16.385
2831,16.4
2832,16.42
2833,16.405
2834,16.41
2835,16.45
2836,16.425
2837,16.465
2838,16.445
2839,16.43
2840,16.425
2841,16.41
2842,16.395
2843,16.355
2844,16.3
2845,16.24
2846,16.315
2847,16.255
2848,16.32
2849,16.245
2850,16.58
2851,16.565
2852,16.57
2853,16.485
2854,16.5
2855,16.54
2856,16.57
2857,16.52
2858,16.535
2859,16.505
2860,16.5
2861,16.485
2862,16.48
2863,16.495
2864,16.495
2865,16.51
2866,16.56
2867,16.55
2868,16.525
2869,16.51
2870,16.53
2871,16.53
2872,16.56
2873,16.515
2874,16.515
2875,16.485
2876,16.78
2877,16.71
2878,16.715
2879,16.705
2880,16.68
2881,16.7
2882,16.69
2883,16.695
2884,16.715
2885,16.75
2886,16.725
2887,16.725
2888,16.7
2889,16.69
2890,16.7
2891,16.73
2892,16.705
2893,16.69
2894,16.725
2895,16.73
2896,16.765
2897,16.76
2898,16.775
2899,16.75
2900,16.735
2901,16.7
2902,16.96
2903,16.94
2904,16.965
2905,16.945
2906,16.965
2907,16.98
2908,16.94
2909,16.97
2910,16.965
2911,16.96
2912,16.955
2913,16.945
2914,16.94
2915,16.905
2916,16.925
2917,16.92
2918,16.935
2919,16.945
2920,16.945
2921,16.965
2922,16.975
2923,16.995
2924,16.985
2925,17.0
2926,17.025
2927,17.035
2928,17.08
2929,17.055
2930,17.08
2931,17.1
2932,17.12
2933,17.135
2934,17.13
2935,17.14
2936,17.125
2937,17.12
2938,17.115
2939,17.11
2940,17.11
2941,17.105
2942,17.105
2943,17.105
2944,17.075
2945,17.11
2946,17.085
2947,17.115
2948,17.135
2949,17.125
2950,17.115
2951,17.105
2952,17.54
2953,17.6
2954,17.605
2955,17.63
2956,17.645
2957,17.675
2958,17.64
2959,17.665
2960,17.655
2961,17.645
2962,17.6
2963,17.64
2964,17.655
2965,17.675
2966,17.74
2967,17.74
2968,17.735
2969,17.765
2970,17.79
2971,17.815
2972,17.705
2973,17.685
2974,17.705
2975,17.735
2976,17.69
2977,17.7
2978,17.9
2979,17.965
2980,17.945
2981,17.97
2982,17.975
2983,18.02
2984,18.005
2985,18.005
2986,18.04
2987,18.06
2988,18.005
2989,17.99
2990,18.005
2991,17.965
2992,17.995
2993,17.985
2994,17.99
2995,17.965
2996,17.985
2997,17.965
2998,17.995
2999,17.985
3000,17.965
3001,17.945
3002,17.945
3003,17.95
3004,17.95
3005,17.985
3006,18.06
3007,18.045
3008,18.095
3009,18.15
3010,18.115
3011,18.105
3012,18.115
3013,18.09
3014,18.085
3015,18.065
3016,18.095
3017,18.105
3018,18.105
3019,18.115
3020,18.125
3021,18.135
3022,18.135
3023,18.145
3024,18.125
3025,18.135
3026,18.125
3027,18.09
3028,18.09
3029,18.095
3030,18.215
3031,18.175
3032,18.15
3033,18.11
3034,18.125
3035,18.145
3036,18.155
3037,18.165
3038,18.17
3039,18.175
3040,18.185
3041,18.175
3042,18.195
3043,18.185
3044,18.185
3045,18.205
3046,18.2
3047,18.195
3048,18.215
3049,18.21
3050,18.195
3051,18.18
3052,18.195
3053,18.155
3054,18.115
3055,18.12
3056,18.135
3057,18.125
3058,18.115
3059,18.135
3060,18.11
3061,18.05
3062,18.05
3063,18.045
3064,18.05
3065,18.065
3066,18.08
3067,18.075
3068,18.095
3069,18.1
3070,18.075
3071,18.075
3072,18.08
3073,18.075
3074,18.065
3075,18.085
3076,18.075
3077,18.065
3078,18.05
3079,18.05
3080,18.09
3081,18.085
3082,18.155
3083,18.155
3084,18.18
3085,18.185
3086,18.185
3087,18.185
3088,18.18
3089,18.185
3090,18.2
3091,18.215
3092,18.225
3093,18.24
3094,18.275
3095,18.32
3096,18.37
3097,18.425
3098,18.425
3099,18.43
3100,18.42
3101,18.45
3102,18.45
3103,18.47
3104,18.46
3105,18.42
3106,18.375
3107,18.45
3108,18.36
3109,18.375
3110,18.325
3111,18.34
3112,18.295
3113,18.265
3114,18.26
3115,18.24
3116,18.13
3117,18.125
3118,18.13
3119,18.165
3120,18.18
3121,18.21
3122,18.19
3123,18.2
3124,18.185
3125,18.235
3126,18.205
3127,18.225
3128,18.23
3129,18.22
3130,18.15
3131,18.16
3132,18.155
3133,18.175
3134,18.195
3135,18.21
3136,18.21
3137,18.12
3138,18.155
3139,18.115
3140,18.14
3141,18.17
3142,18.18
3143,18.135
3144,18.135
3145,18.145
3146,18.1
3147,18.07
3148,18.075
3149,18.045
3150,17.96
3151,18.0
3152,17.94
3153,17.93
3154,17.89
3155,17.885
3156,17.945
3157,17.885
3158,17.905
3159,17.905
3160,17.58
3161,17.58
3162,17.615
3163,17.63
3164,17.745
3165,17.725
3166,17.72
3167,17.725
3168,17.665
3169,17.7
3170,17.695
3171,17.715
3172,17.735
3173,17.735
3174,17.735
3175,17.725
3176,17.725
3177,17.74
3178,17.735
3179,17.735
3180,17.735
3181,17.75
3182,17.715
3183,17.69
3184,17.66
3185,17.67
3186,17.74
3187,17.69
3188,17.645
3189,17.645
3190,17.71
3191,17.71
3192,17.745
3193,17.725
3194,17.74
3195,17.79
3196,17.825
3197,17.85
3198,17.805
3199,17.785
3200,17.81
3201,17.835
3202,17.835
3203,17.83
3204,17.87
3205,17.865
3206,17.815
3207,17.865
3208,17.825
3209,17.825
3210,17.875
3211,17.865
3212,18.0
3213,18.025
3214,18.0
3215,18.065
3216,18.1
3217,18.045
3218,18.04
3219,18.095
3220,18.1
3221,18.1
3222,18.11
3223,18.105
3224,18.1
3225,18.11
3226,18.15
3227,18.15
3228,18.18
3229,18.19
3230,18.13
3231,18.1
3232,18.135
3233,18.16
3234,18.16
3235,18.15
3236,18.165
3237,18.16
3238,18.195
3239,18.105
3240,18.13
3241,18.175
3242,18.16
3243,18.135
3244,18.125
3245,18.165
3246,18.175
3247,18.17
3248,18.15
3249,18.14
3250,18.135
3251,18.17
3252,18.15
3253,18.14
3254,18.13
3255,18.105
3256,18.1
3257,18.105
3258,18.085
3259,18.115
3260,18.115
3261,18.125
3262,18.075
3263,18.115
3264,17.95
3265,17.965
3266,17.99
3267,18.01
3268,17.97
3269,17.995
3270,17.965
3271,17.985
3272,17.985
3273,17.995
3274,18.0
3275,18.0
3276,17.995
3277,17.995
3278,18.0
3279,17.98
3280,17.98
3281,17.975
3282,17.975
3283,17.94
3284,17.93
3285,17.935
3286,17.935
3287,17.915
3288,17.905
3289,17.895
3290,17.83
3291,17.805
3292,17.81
3293,17.805
3294,17.78
3295,17.8
3296,17.845
3297,17.87
3298,17.86
3299,17.81
3300,17.825
3301,17.77
3302,17.73
3303,17.715
3304,17.66
3305,17.695
3306,17.69
3307,17.685
3308,17.69
3309,17.695
3310,17.69
3311,17.65
3312,17.68
3313,17.74
3314,17.765
3315,17.76
3316,17.82
3317,17.865
3318,17.915
3319,17.92
3320,17.88
3321,17.825
3322,17.855
3323,17.85
3324,17.85
3325,17.835
3326,17.85
3327,17.84
3328,17.805
3329,17.78
3330,17.795
3331,17.82
3332,17.845
3333,17.755
3334,17.77
3335,17.755
3336,17.765
3337,17.735
3338,17.765
3339,17.76
3340,17.775
3341,17.795
3342,17.93
3343,17.915
3344,18.005
3345,18.01
3346,17.98
3347,17.995
3348,17.96
3349,17.98
3350,17.975
3351,17.905
3352,17.9
3353,17.87
3354,17.84
3355,17.845
3356,17.835
3357,17.85
3358,17.845
3359,17.835
3360,17.855
3361,17.89
3362,17.875
3363,17.875
3364,17.89
3365,17.865
3366,17.85
3367,17.865
3368,17.945
3369,17.87
3370,17.91
3371,17.88
3372,17.94
3373,17.935
3374,17.88
3375,17.88
3376,17.85
3377,17.83
3378,17.835
3379,17.825
3380,17.795
3381,17.795
3382,17.825
3383,17.825
3384,17.805
3385,17.78
3386,17.78
3387,17.805
3388,17.795
3389,17.78
3390,17.795
3391,17.795
3392,17.805
3393,17.815
3394,18.055
3395,17.99
3396,17.96
3397,17.915
3398,17.94
3399,17.865
3400,17.825
3401,17.8
3402,17.775
3403,17.75
3404,17.795
3405,17.755
3406,17.72
3407,17.685
3408,17.685
3409,17.65
3410,17.66
3411,17.675
3412,17.67
3413,17.635
3414,17.655
3415,17.67
3416,17.67
3417,17.74
3418,17.725
3419,17.755
3420,17.895
3421,17.9
3422,17.93
3423,17.95
3424,17.94
3425,17.975
3426,17.99
3427,17.97
3428,17.985
3429,17.98
3430,17.985
3431,18.015
3432,18.015
3433,18.015
3434,18.01
3435,18.01
3436,18.015
3437,18.02
3438,18.035
3439,18.025
3440,18.005
3441,18.0
3442,18.015
3443,18.035
3444,18.005
3445,18.035
3446,17.925
3447,17.865
3448,17.89
3449,17.89
3450,17.84
3451,17.87
3452,17.87
3453,17.81
3454,17.785
3455,17.77
3456,17.81
3457,17.82
3458,17.8
3459,17.78
3460,17.77
3461,17.76
3462,17.785
3463,17.77
3464,17.745
3465,17.74
3466,17.76
3467,17.78
3468,17.815
3469,17.815
3470,17.8
3471,17.79
3472,17.415
3473,17.3
3474,17.18
3475,17.23
3476,17.275
3477,17.305
3478,17.255
3479,17.285
3480,17.285
3481,17.285
3482,17.33
3483,17.39
3484,17.295
3485,17.375
3486,17.41
3487,17.405
3488,17.485
3489,17.465
3490,17.51
3491,17.58
3492,17.54
3493,17.52
3494,17.58
3495,17.625
3496,17.59
3497,17.57
3498,17.545
3499,17.56
3500,17.585
3501,17.615
3502,17.635
3503,17.58
3504,17.61
3505,17.635
3506,17.635
3507,17.635
3508,17.61
3509,17.63
3510,17.66
3511,17.655
3512,17.675
3513,17.66
3514,17.65
3515,17.6
3516,17.615
3517,17.63
3518,17.655
3519,17.605
3520,17.6
3521,17.605
3522,17.6
3523,17.61
3524,17.62
3525,17.65
3526,17.65
3527,17.625
3528,17.6
3529,17.58
3530,17.61
3531,17.62
3532,17.635
3533,17.635
3534,17.615
3535,17.635
3536,17.63
3537,17.635
3538,17.635
3539,17.65
3540,17.69
3541,17.665
3542,17.695
3543,17.61
3544,17.62
3545,17.64
3546,17.62
3547,17.6
3548,17.655
3549,17.665
3550,17.645
3551,17.655
3552,17.66
3553,17.685
3554,17.7
3555,17.73
3556,17.735
3557,17.75
3558,17.765
3559,17.785
3560,17.785
3561,17.775
3562,17.755
3563,17.785
3564,17.785
3565,17.775
3566,17.775
3567,17.765
3568,17.785
3569,17.78
3570,17.825
3571,17.85
3572,17.82
3573,17.8
3574,17.805
3575,17.79
3576,17.77
3577,17.7
3578,17.705
3579,17.73
3580,17.72
3581,17.705
3582,17.705
3583,17.695
3584,17.695
3585,17.685
3586,17.68
3587,17.7
3588,17.68
3589,17.67
3590,17.67
3591,17.675
3592,17.685
3593,17.665
3594,17.68
3595,17.57
3596,17.53
3597,17.54
3598,17.57
3599,17.51
3600,17.5
3601,17.505
3602,17.475
3603,17.475
3604,17.485
3605,17.515
3606,17.54
3607,17.565
3608,17.585
3609,17.62
3610,17.61
3611,17.67
3612,17.49
3613,17.64
3614,17.6
3615,17.57
3616,17.515
3617,17.455
3618,17.465
3619,17.48
3620,17.46
3621,17.05
3622,16.79
3623,16.915
3624,16.82
3625,16.74
3626,16.925
3627,16.87
3628,16.935
3629,16.89
3630,16.965
3631,16.965
3632,16.88
3633,16.91
3634,16.855
3635,16.825
3636,16.835
3637,16.83
3638,16.87
3639,16.835
3640,16.815
3641,16.78
3642,16.78
3643,16.8
3644,16.795
3645,16.805
3646,16.73
3647,16.375
3648,16.56
3649,16.53
3650,16.53
3651,16.485
3652,16.39
3653,16.37
3654,16.31
3655,16.29
3656,15.629999999999999
3657,15.400000000000002
3658,15.62
3659,15.670000000000002
3660,15.66
3661,15.699999999999998
3662,15.53
3663,15.465
3664,15.65
3665,15.87
3666,15.859999999999998
3667,15.93
3668,15.935
3669,15.899999999999999
3670,15.945
3671,15.835
3672,15.775
3673,15.699999999999998
3674,15.55
3675,15.57
3676,15.545
3677,15.36
3678,15.39
3679,15.245
3680,15.465
3681,15.47
3682,15.670000000000002
3683,15.709999999999999
3684,15.66
3685,15.58
3686,15.509999999999998
3687,15.56
3688,15.5
3689,15.5
3690,15.429999999999998
3691,15.44
3692,15.41
3693,15.39
3694,15.365
3695,15.52
3696,15.48
3697,15.590000000000002
3698,15.665
3699,15.655
3700,15.629999999999999
3701,15.73
3702,15.779999999999998
3703,15.92
3704,15.924999999999999
3705,16.02
3706,16.04
3707,16.26
3708,16.17
3709,16.19
3710,16.16
3711,16.28
3712,16.37
3713,16.375
3714,16.305
3715,16.295
3716,16.3
3717,16.37
3718,16.37
3719,16.35
3720,16.4
3721,16.41
3722,16.405
3723,16.38
3724,16.43
3725,16.4
3726,16.28
3727,16.29
3728,16.16
3729,16.19
3730,16.3
3731,16.32
3732,16.44
3733,16.3
3734,16.29
3735,16.3
3736,16.4
3737,16.355
3738,16.33
3739,16.34
3740,16.355
3741,16.31
3742,16.325
3743,16.345
3744,16.37
3745,16.345
3746,16.33
3747,16.29
3748,16.26
3749,16.255
3750,16.28
3751,16.295
3752,16.305
3753,16.27
3754,16.32
3755,16.28
3756,16.26
3757,16.25
3758,16.34
3759,16.22
3760,16.2
3761,16.22
3762,16.24
3763,16.255
3764,16.25
3765,16.23
3766,16.28
3767,16.325
3768,16.295
3769,16.295
3770,16.315
3771,16.335
3772,16.32
3773,16.315
3774,16.305
3775,16.305
3776,16.3
3777,16.265
3778,16.3
3779,16.27
3780,16.24
3781,16.285
3782,16.275
3783,16.36
3784,16.325
3785,15.979999999999999
3786,15.899999999999999
3787,15.8
3788,15.865
3789,15.81
3790,15.779999999999998
3791,15.82
3792,15.805000000000001
3793,15.79
3794,15.779999999999998
3795,15.755
3796,15.735
3797,15.709999999999999
3798,15.655
3799,15.615000000000002
3800,15.665
3801,15.670000000000002
3802,15.665
3803,15.615000000000002
3804,15.595
3805,15.66
3806,15.670000000000002
3807,15.629999999999999
3808,15.56
3809,15.515
3810,15.62
3811,15.635
3812,15.69
3813,15.699999999999998
3814,15.62
3815,15.61
3816,15.629999999999999
3817,15.670000000000002
3818,15.72
3819,15.73
3820,15.779999999999998
3821,15.74
3822,15.73
3823,15.755
3824,15.750000000000002
3825,15.68
3826,15.74
3827,15.709999999999999
3828,15.735
3829,15.77
3830,15.84
3831,16.0
3832,16.045
3833,16.07
3834,16.13
3835,16.115
3836,16.17
3837,16.125
3838,16.085
3839,16.05
3840,16.055
3841,16.075
3842,16.075
3843,16.005
3844,15.96
3845,15.92
3846,15.97
3847,15.924999999999999
3848,15.899999999999999
3849,15.895
3850,15.940000000000001
3851,15.979999999999999
3852,15.955
3853,15.955
3854,15.96
3855,15.92
3856,15.945
3857,15.83
3858,15.665
3859,15.72
3860,15.715
3861,15.69
3862,15.625
3863,15.615000000000002
3864,15.595
3865,15.605
3866,15.564999999999998
3867,15.56
3868,15.54
3869,15.564999999999998
3870,15.54
3871,15.509999999999998
3872,15.55
3873,15.56
3874,15.585
3875,15.585
3876,15.555
3877,15.595
3878,15.64
3879,15.644999999999998
3880,15.675
3881,15.665
3882,15.644999999999998
3883,15.965
3884,15.940000000000001
3885,15.945
3886,15.979999999999999
3887,15.935
3888,15.955
3889,15.965
3890,15.95
3891,15.994999999999997
3892,16.02
3893,16.015
3894,15.99
3895,15.994999999999997
3896,15.994999999999997
3897,16.0
3898,16.015
3899,16.0
3900,16.04
3901,16.07
3902,16.065
3903,16.075
3904,16.095
3905,16.115
3906,16.145
3907,16.38
3908,16.425
3909,16.335
3910,16.25
3911,16.23
3912,16.265
3913,16.215
3914,16.205
3915,16.22
3916,16.235
3917,16.25
3918,16.24
3919,16.185
3920,16.19
3921,16.13
3922,16.09
3923,16.055
3924,16.085
3925,16.05
3926,16.03
3927,16.06
3928,16.075
3929,16.01
3930,15.914999999999997
3931,15.89
3932,15.91
3933,15.84
3934,15.91
3935,15.905
3936,16.035
3937,16.03
3938,15.945
3939,15.940000000000001
3940,15.99
3941,15.97
3942,15.99
3943,15.940000000000001
3944,15.975
3945,15.979999999999999
3946,16.0
3947,16.07
3948,16.08
3949,16.07
3950,16.095
3951,16.07
3952,16.08
3953,16.06
3954,16.06
3955,16.02
3956,15.99
3957,16.035
3958,16.025
3959,15.955
3960,15.95
3961,15.93
3962,15.955
3963,15.924999999999999
3964,15.96
3965,15.955
3966,15.96
3967,15.985
3968,16.035
3969,16.02
3970,15.994999999999997
3971,16.0
3972,15.97
3973,15.92
3974,15.93
3975,15.945
3976,15.945
3977,15.95
3978,15.955
3979,15.97
3980,15.985
3981,15.965
3982,15.96
3983,16.025
3984,15.93
3985,15.924999999999999
3986,15.979999999999999
3987,15.97
3988,16.065
3989,16.035
3990,16.015
3991,16.01
3992,15.975
3993,15.994999999999997
3994,15.940000000000001
3995,15.985
3996,16.005
3997,15.99
3998,15.979999999999999
3999,15.965
4000,16.0
4001,16.02
4002,15.969999999999999
4003,15.969999999999999
4004,15.96
4005,15.969999999999999
4006,15.96
4007,15.954999999999998
4008,15.935
4009,15.965
4010,16.02
4011,16.17
4012,16.145
4013,16.185
4014,16.22
4015,16.23
4016,16.205
4017,16.2
4018,16.185
4019,16.195
4020,16.2
4021,16.185
4022,16.2
4023,16.21
4024,16.205
4025,16.265
4026,16.29
4027,16.275
4028,16.33
4029,16.33
4030,16.335
4031,16.34
4032,16.38
4033,16.375
4034,16.375
4035,16.325
4036,16.22
4037,16.2
4038,16.175
4039,16.13
4040,16.1
4041,16.145
4042,16.23
4043,16.2
4044,16.185
4045,16.28
4046,16.285
4047,16.34
4048,16.325
4049,16.305
4050,16.275
4051,16.25
4052,16.295
4053,16.32
4054,16.275
4055,16.27
4056,16.275
4057,16.345
4058,16.325
4059,16.36
4060,16.335
4061,16.335
4062,16.37
4063,16.41
4064,16.375
4065,16.335
4066,16.335
4067,16.395
4068,16.425
4069,16.43
4070,16.43
4071,16.415
4072,16.405
4073,16.4
4074,16.395
4075,16.395
4076,16.385
4077,16.44
4078,16.445
4079,16.41
4080,16.17
4081,16.03
4082,16.08
4083,16.11
4084,15.92
4085,15.88
4086,15.87
4087,15.54
4088,15.595
4089,15.58
4090,15.525
4091,15.545
4092,15.510000000000002
4093,15.52
4094,15.530000000000001
4095,15.530000000000001
4096,15.584999999999999
4097,15.549999999999999
4098,15.584999999999999
4099,15.595
4100,15.625000000000002
4101,15.63
4102,15.58
4103,15.545
4104,15.515
4105,15.549999999999999
4106,15.71
4107,15.595
4108,15.63
4109,15.640000000000002
4110,15.695
4111,15.689999999999998
4112,15.715
4113,15.71
4114,15.62
4115,15.655
4116,15.63
4117,15.635
4118,15.65
4119,15.6
4120,15.640000000000002
4121,15.665000000000001
4122,15.695
4123,15.625000000000002
4124,15.625000000000002
4125,15.640000000000002
4126,15.684999999999999
4127,15.715
4128,15.704999999999998
4129,15.724999999999998
4130,15.675
4131,15.71
4132,15.54
4133,15.525
4134,15.52
4135,15.525
4136,15.485
4137,15.52
4138,15.510000000000002
4139,15.495000000000001
4140,15.510000000000002
4141,15.52
4142,15.52
4143,15.52
4144,15.505000000000003
4145,15.5
4146,15.505000000000003
4147,15.495000000000001
4148,15.549999999999999
4149,15.515
4150,15.510000000000002
4151,15.515
4152,15.505000000000003
4153,15.505000000000003
4154,15.485
4155,15.515
4156,15.569999999999999
4157,15.56
4158,15.68
4159,15.66
4160,15.695
4161,15.83
4162,15.79
4163,15.815
4164,15.775000000000002
4165,15.655
4166,15.66
4167,15.655
4168,15.645000000000001
4169,15.625000000000002
4170,15.6
4171,15.66
4172,15.68
4173,15.695
4174,15.785
4175,15.77
4176,15.79
4177,15.785
4178,15.715
4179,15.73
4180,15.73
4181,15.735
4182,15.735
4183,15.73
4184,15.490000000000002
4185,15.470000000000002
4186,15.465
4187,15.445
4188,15.419999999999998
4189,15.434999999999999
4190,15.434999999999999
4191,15.439999999999998
4192,15.485
4193,15.569999999999999
4194,15.52
4195,15.52
4196,15.554999999999998
4197,15.52
4198,15.515
4199,15.46
4200,15.475000000000001
4201,15.515
4202,15.505000000000003
4203,15.530000000000001
4204,15.495000000000001
4205,15.530000000000001
4206,15.470000000000002
4207,15.535
4208,15.554999999999998
4209,15.574999999999998
4210,15.85
4211,15.890000000000002
4212,15.87
4213,15.890000000000002
4214,15.935
4215,16.0
4216,15.994999999999997
4217,16.005
4218,15.989999999999998
4219,15.974999999999998
4220,15.965
4221,15.954999999999998
4222,15.969999999999999
4223,15.95
4224,15.989999999999998
4225,15.95
4226,15.969999999999999
4227,15.989999999999998
4228,15.98
4229,15.915000000000001
4230,15.885
4231,15.925
4232,15.819999999999999
4233,15.88
4234,15.925
4235,15.890000000000002
4236,15.775000000000002
4237,15.7
4238,15.68
4239,15.724999999999998
4240,15.68
4241,15.645000000000001
4242,15.615
4243,15.569999999999999
4244,15.554999999999998
4245,15.5
4246,15.46
4247,15.425
4248,15.39
4249,15.419999999999998
4250,15.439999999999998
4251,15.41
4252,15.439999999999998
4253,15.445
4254,15.41
4255,15.415
4256,15.5
4257,15.490000000000002
4258,15.324999999999998
4259,15.419999999999998
4260,15.454999999999998
4261,15.490000000000002
4262,15.454999999999998
4263,15.470000000000002
4264,15.425
4265,15.43
4266,15.434999999999999
4267,15.46
4268,15.405
4269,15.425
4270,15.395
4271,15.35
4272,15.360000000000001
4273,15.360000000000001
4274,15.425
4275,15.385
4276,15.324999999999998
4277,15.360000000000001
4278,15.319999999999999
4279,15.284999999999998
4280,15.299999999999999
4281,15.255
4282,15.284999999999998
4283,15.360000000000001
4284,15.475000000000001
4285,15.45
4286,15.490000000000002
4287,15.505000000000003
4288,15.485
4289,15.465
4290,15.475000000000001
4291,15.470000000000002
4292,15.38
4293,15.395
4294,15.35
4295,15.365
4296,15.385
4297,15.33
4298,15.38
4299,15.395
4300,15.439999999999998
4301,15.454999999999998
4302,15.434999999999999
4303,15.45
4304,15.445
4305,15.485
4306,15.495000000000001
4307,15.515
4308,15.549999999999999
4309,15.56
4310,15.569999999999999
4311,15.470000000000002
4312,15.52
4313,15.625000000000002
4314,15.56
4315,15.48
4316,15.470000000000002
4317,15.485
4318,15.485
4319,15.419999999999998
4320,15.43
4321,15.43
4322,15.445
4323,15.405
4324,15.365
4325,15.38
4326,15.41
4327,15.46
4328,15.5
4329,15.470000000000002
4330,15.510000000000002
4331,15.525
4332,15.549999999999999
4333,15.525
4334,15.54
4335,15.56
4336,15.014999999999999
4337,14.769999999999998
4338,14.705000000000002
4339,14.789999999999997
4340,14.904999999999998
4341,14.95
4342,14.945
4343,14.955000000000002
4344,14.975000000000001
4345,14.955000000000002
4346,15.049999999999999
4347,15.054999999999998
4348,15.090000000000002
4349,15.169999999999998
4350,15.245000000000001
4351,15.18
4352,15.154999999999998
4353,15.16
4354,15.189999999999998
4355,15.235
4356,15.215
4357,15.169999999999998
4358,15.240000000000002
4359,15.284999999999998
4360,15.315
4361,15.37
4362,15.52
4363,15.56
4364,15.595
4365,15.54
4366,15.545
4367,15.530000000000001
4368,15.525
4369,15.535
4370,15.510000000000002
4371,15.530000000000001
4372,15.5
4373,15.46
4374,15.445
4375,15.454999999999998
4376,15.445
4377,15.445
4378,15.445
4379,15.445
4380,15.445
4381,15.434999999999999
4382,15.454999999999998
4383,15.465
4384,15.485
4385,15.475000000000001
4386,15.485
4387,15.515
4388,15.445
4389,15.43
4390,15.475000000000001
4391,15.495000000000001
4392,15.490000000000002
4393,15.525
4394,15.565
4395,15.58
4396,15.574999999999998
4397,15.535
4398,15.5
4399,15.495000000000001
4400,15.48
4401,15.454999999999998
4402,15.46
4403,15.475000000000001
4404,15.48
4405,15.470000000000002
4406,15.485
4407,15.495000000000001
4408,15.495000000000001
4409,15.530000000000001
4410,15.525
4411,15.475000000000001
4412,15.485
4413,15.530000000000001
4414,15.890000000000002
4415,15.859999999999998
4416,15.83
4417,15.805
4418,15.77
4419,15.75
4420,15.665000000000001
4421,15.665000000000001
4422,15.7
4423,15.68
4424,15.645000000000001
4425,15.665000000000001
4426,15.704999999999998
4427,15.684999999999999
4428,15.719999999999999
4429,15.675
4430,15.67
4431,15.655
4432,15.66
4433,15.615
4434,15.595
4435,15.584999999999999
4436,15.584999999999999
4437,15.58
4438,15.645000000000001
4439,15.645000000000001
4440,15.834999999999999
4441,15.839999999999998
4442,15.885
4443,15.85
4444,15.895000000000001
4445,15.96
4446,16.01
4447,15.989999999999998
4448,15.935
4449,15.935
4450,15.994999999999997
4451,16.045
4452,16.07
4453,16.08
4454,16.095
4455,16.125
4456,16.12
4457,16.16
4458,16.15
4459,16.15
4460,16.24
4461,16.25
4462,16.185
4463,16.215
4464,16.195
4465,16.19
4466,16.12
4467,16.1
4468,16.135
4469,16.07
4470,16.075
4471,16.125
4472,16.115
4473,16.09
4474,16.155
4475,16.21
4476,16.175
4477,16.155
4478,16.12
4479,16.11
4480,16.115
4481,16.11
4482,16.08
4483,16.055
4484,16.11
4485,16.115
4486,16.18
4487,16.165
4488,16.175
4489,16.135
4490,16.165
4491,16.135
4492,16.11
4493,16.19
4494,16.155
4495,16.16
4496,16.17
4497,16.2
4498,16.165
4499,16.165
4500,16.17
4501,16.185
4502,16.155
4503,16.185
4504,16.195
4505,16.195
4506,16.17
4507,16.18
4508,16.15
4509,16.185
4510,16.19
4511,16.14
4512,16.15
4513,16.13
4514,16.175
4515,16.18
4516,16.155
4517,16.15
4518,16.12
4519,16.23
4520,16.22
4521,16.23
4522,16.245
4523,16.28
4524,16.24
4525,16.23
4526,16.235
4527,16.21
4528,16.23
4529,16.215
4530,16.2
4531,16.225
4532,16.23
4533,16.21
4534,16.21
4535,16.215
4536,16.22
4537,16.23
4538,16.215
4539,16.245
4540,16.245
4541,16.22
4542,16.215
4543,16.21
4544,16.25
4545,16.175
4546,16.105
4547,16.11
4548,16.13
4549,16.145
4550,16.09
4551,16.12
4552,16.12
4553,16.115
4554,16.14
4555,16.11
4556,16.115
4557,16.125
4558,16.105
4559,16.05
4560,16.04
4561,16.02
4562,16.0
4563,16.005
4564,16.055
4565,16.035
4566,16.015
4567,15.994999999999997
4568,15.96
4569,15.91
4570,16.13
4571,16.16
4572,16.14
4573,16.09
4574,16.115
4575,16.08
4576,16.1
4577,16.12
4578,16.11
4579,16.14
4580,16.14
4581,16.18
4582,16.18
4583,16.14
4584,16.19
4585,16.175
4586,16.175
4587,16.155
4588,16.125
4589,16.12
4590,16.15
4591,16.16
4592,16.155
4593,16.18
4594,16.165
4595,16.16
4596,16.355
4597,16.45
4598,16.4
4599,16.385
4600,16.43
4601,16.44
4602,16.43
4603,16.41
4604,16.435
4605,16.415
4606,16.435
4607,16.445
4608,16.455
4609,16.435
4610,16.425
4611,16.435
4612,16.435
4613,16.465
4614,16.43
4615,16.465
4616,16.495
4617,16.495
4618,16.53
4619,16.51
4620,16.525
4621,16.53
4622,16.44
4623,16.43
4624,16.37
4625,16.405
4626,16.365
4627,16.415
4628,16.44
4629,16.43
4630,16.45
4631,16.455
4632,16.45
4633,16.475
4634,16.495
4635,16.52
4636,16.49
4637,16.515
4638,16.525
4639,16.485
4640,16.49
4641,16.46
4642,16.46
4643,16.475
4644,16.485
4645,16.485
4646,16.495
4647,16.505
4648,16.46
4649,16.42
4650,16.37
4651,16.34
4652,16.375
4653,16.38
4654,16.4
4655,16.37
4656,16.4
4657,16.395
4658,16.38
4659,16.385
4660,16.415
4661,16.38
4662,16.38
4663,16.355
4664,16.345
4665,16.32
4666,16.305
4667,16.34
4668,16.345
4669,16.35
4670,16.365
4671,16.375
4672,16.39
4673,16.39
4674,16.47
4675,16.51
4676,16.51
4677,16.535
4678,16.56
4679,16.595
4680,16.59
4681,16.58
4682,16.54
4683,16.575
4684,16.59
4685,16.595
4686,16.59
4687,16.62
4688,16.665
4689,16.685
4690,16.735
4691,16.73
4692,16.84
4693,17.125
4694,17.11
4695,17.29
4696,17.23
4697,17.225
4698,17.24
4699,17.285
4700,17.36
4701,17.32
4702,17.220000000000002
4703,17.2
4704,17.185
4705,17.215
4706,17.19
4707,17.17
4708,17.25
4709,17.275
4710,17.24
4711,17.26
4712,17.245
4713,17.185
4714,17.23
4715,17.19
4716,17.15
4717,17.175
4718,17.195
4719,17.225
4720,17.12
4721,17.085
4722,16.98
4723,17.035
4724,17.14
4725,17.08
4726,17.02
4727,16.925
4728,16.905
4729,16.92
4730,16.915
4731,16.895
4732,16.85
4733,16.87
4734,16.84
4735,16.89
4736,16.885
4737,16.875
4738,16.9
4739,16.935
4740,16.94
4741,16.955
4742,16.98
4743,16.96
4744,16.9
4745,16.85
4746,16.81
4747,16.775
4748,16.8
4749,16.795
4750,16.83
4751,16.79
4752,16.995
4753,17.045
4754,17.02
4755,17.05
4756,17.02
4757,17.02
4758,17.045
4759,17.055
4760,17.05
4761,17.055
4762,17.06
4763,17.105
4764,17.085
4765,17.085
4766,17.06
4767,17.055
4768,17.04
4769,17.05
4770,17.075
4771,17.07
4772,17.09
4773,17.13
4774,17.09
4775,17.095
4776,17.07
4777,17.055
4778,17.12
4779,17.075
4780,17.08
4781,17.12
4782,17.145
4783,17.12
4784,17.085
4785,17.09
4786,17.18
4787,17.23
4788,17.205
4789,17.21
4790,17.215
4791,17.220000000000002
4792,17.21
4793,17.225
4794,17.23
4795,17.21
4796,17.255
4797,17.25
4798,17.215
4799,17.2
4800,17.220000000000002
4801,17.185
4802,17.19
4803,17.175
4804,17.185
4805,17.16
4806,17.145
4807,17.18
4808,17.2
4809,17.235
4810,17.19
4811,17.235
4812,17.205
4813,17.21
4814,17.23
4815,17.17
4816,17.135
4817,17.125
4818,17.085
4819,17.105
4820,17.105
4821,17.09
4822,17.1
4823,17.075
4824,17.085
4825,17.07
4826,17.01
4827,17.0
4828,16.975
4829,17.0
4830,17.195
4831,17.29
4832,17.275
4833,17.2
4834,17.215
4835,17.26
4836,17.28
4837,17.265
4838,17.3
4839,17.355
4840,17.33
4841,17.345
4842,17.345
4843,17.34
4844,17.34
4845,17.29
4846,17.32
4847,17.335
4848,17.34
4849,17.285
4850,17.285
4851,17.275
4852,17.255
4853,17.335
4854,17.345
4855,17.31
4856,18.05
4857,17.91
4858,17.98
4859,17.995
4860,18.035
4861,17.985
4862,17.975
4863,17.9
4864,17.86
4865,17.89
4866,17.915
4867,17.91
4868,17.895
4869,17.86
4870,17.88
4871,17.955
4872,17.98
4873,17.975
4874,17.98
4875,17.985
4876,17.975
4877,17.99
4878,17.98
4879,17.985
4880,17.895
4881,17.945
4882,17.91
4883,17.995
4884,17.925
4885,17.885
4886,17.895
4887,17.9
4888,17.86
4889,17.715
4890,17.67
4891,17.66
4892,17.68
4893,17.64
4894,17.725
4895,17.775
4896,17.73
4897,17.72
4898,17.715
4899,17.7
4900,17.7
4901,17.655
4902,17.61
4903,17.625
4904,17.63
4905,17.635
4906,17.72
4907,17.685
4908,17.8
4909,17.755000000000003
4910,17.65
4911,17.63
4912,17.690000000000005
4913,17.775
4914,17.785
4915,17.75
4916,17.835
4917,17.82
4918,17.845
4919,17.83
4920,17.785
4921,17.805
4922,17.78
4923,17.78
4924,17.82
4925,17.845
4926,17.85
4927,17.845
4928,17.904999999999998
4929,17.89
4930,17.895
4931,17.865
4932,17.875
4933,17.855
4934,17.805
4935,17.8
4936,17.73
4937,17.75
4938,17.75
4939,17.79
4940,17.8
4941,17.855
4942,17.855
4943,17.81
4944,17.825
4945,17.84
4946,17.855
4947,17.875
4948,17.805
4949,17.78
4950,17.795
4951,17.775
4952,17.78
4953,17.805
4954,17.75
4955,17.74
4956,17.72
4957,17.735
4958,17.73
4959,17.745
4960,17.53
4961,17.51
4962,17.55
4963,17.519999999999996
4964,17.585
4965,17.6
4966,17.555
4967,17.525
4968,17.51
4969,17.5
4970,17.49
4971,17.475
4972,17.5
4973,17.515
4974,17.519999999999996
4975,17.53
4976,17.519999999999996
4977,17.56
4978,17.475
4979,17.5
4980,17.45
4981,17.425
4982,17.425
4983,17.434999999999995
4984,17.369999999999997
4985,17.36
4986,17.19
4987,17.23
4988,17.14
4989,17.11
4990,17.145
4991,17.205
4992,17.17
4993,17.195
4994,17.2
4995,17.25
4996,17.295
4997,17.25
4998,17.225
4999,17.185
5000,17.2
5001,17.215
5002,17.165
5003,17.13
5004,17.15
5005,17.165
5006,17.19
5007,17.14
5008,17.195
5009,17.165
5010,17.175
5011,17.2
5012,17.24
5013,17.105
5014,17.02
5015,17.055
5016,17.08
5017,17.03
5018,17.045
5019,17.065
5020,17.065
5021,17.065
5022,17.095
5023,17.14
5024,17.21
5025,17.17
5026,17.205
5027,17.25
5028,17.215
5029,17.265
5030,17.32
5031,17.315
5032,17.315
5033,17.315
5034,17.355
5035,17.395
5036,17.435
5037,17.41
5038,17.39
5039,17.42
5040,17.43
5041,17.44
5042,17.535
5043,17.535
5044,17.51
5045,17.56
5046,17.56
5047,17.585
5048,17.595
5049,17.525
5050,17.47
5051,17.5
5052,17.52
5053,17.42
5054,17.44
5055,17.535
5056,17.535
5057,17.44
5058,17.38
5059,17.435
5060,17.41
5061,17.43
5062,17.45
5063,17.425
5064,17.55
5065,17.59
5066,17.605
5067,17.585
5068,17.585
5069,17.595
5070,17.62
5071,17.635
5072,17.655
5073,17.65
5074,17.65
5075,17.695
5076,17.675
5077,17.665
5078,17.695
5079,17.675
5080,17.69
5081,17.68
5082,17.75
5083,17.75
5084,17.775
5085,17.835
5086,17.855
5087,17.795
5088,17.81
5089,17.84
5090,17.81
5091,17.765
5092,17.74
5093,17.67
5094,17.675
5095,17.735
5096,17.74
5097,17.75
5098,17.71
5099,17.675
5100,17.73
5101,17.745
5102,17.795
5103,17.815
5104,17.815
5105,17.815
5106,17.795
5107,17.755
5108,17.725
5109,17.735
5110,17.725
5111,17.775
5112,17.74
5113,17.77
5114,17.71
5115,17.695
5116,17.82
5117,17.775
5118,17.79
5119,17.745
5120,17.755
5121,17.715
5122,17.715
5123,17.71
5124,17.715
5125,17.7
5126,17.645
5127,17.63
5128,17.67
5129,17.71
5130,17.725
5131,17.685
5132,17.65
5133,17.67
5134,17.65
5135,17.63
5136,17.65
5137,17.6
5138,17.635
5139,17.665
5140,17.645
5141,17.63
5142,17.64
5143,17.57
5144,17.615
5145,17.635
5146,17.68
5147,17.68
5148,17.725
5149,17.69
5150,17.68
5151,17.68
5152,17.675
5153,17.635
5154,17.66
5155,17.63
5156,17.61
5157,17.62
5158,17.61
5159,17.58
5160,17.56
5161,17.55
5162,17.52
5163,17.545
5164,17.51
5165,17.495
5166,17.5
5167,17.475
5168,17.39
5169,17.4
5170,17.38
5171,17.38
5172,17.35
5173,17.335
5174,17.38
5175,17.385
5176,17.43
5177,17.415
5178,17.43
5179,17.43
5180,17.42
5181,17.45
5182,17.47
5183,17.5
5184,17.49
5185,17.475
5186,17.46
5187,17.47
5188,17.475
5189,17.515
5190,17.535
5191,17.505
5192,17.51
5193,17.48
5194,17.52
5195,17.535
5196,17.505
5197,17.47
5198,17.48
5199,17.45
5200,17.43
5201,17.46
5202,17.415
5203,17.445
5204,17.47
5205,17.465
5206,17.475
5207,17.475
5208,17.47
5209,17.495
5210,17.47
5211,17.455
5212,17.445
5213,17.455
5214,17.46
5215,17.455
5216,17.45
5217,17.445
5218,17.415
5219,17.435
5220,17.38
5221,17.405
5222,17.435
5223,17.405
5224,17.425
5225,17.45
5226,17.465
5227,17.475
5228,17.48
5229,17.455
5230,17.475
5231,17.475
5232,17.48
5233,17.49
5234,17.53
5235,17.48
5236,17.48
5237,17.46
5238,17.465
5239,17.46
5240,17.47
5241,17.45
5242,17.485
5243,17.475
5244,17.455
5245,17.48
5246,17.495
5247,17.47
5248,17.465
5249,17.51
5250,17.525
5251,17.525
5252,17.51
5253,17.525
5254,17.5
5255,17.465
5256,17.475
5257,17.455
5258,17.46
5259,17.44
5260,17.64
5261,17.68
5262,17.58
5263,17.59
5264,17.63
5265,17.645
5266,17.57
5267,17.59
5268,17.565
5269,17.57
5270,17.585
5271,17.555
5272,17.61
5273,17.63
5274,17.59
5275,17.57
5276,17.575
5277,17.57
5278,17.58
5279,17.61
5280,17.645
5281,17.665
5282,17.715
5283,17.735
5284,17.77
5285,17.805
5286,17.84
5287,17.83
5288,17.76
5289,17.81
5290,17.8
5291,17.785
5292,17.735
5293,17.71
5294,17.705
5295,17.73
5296,17.74
5297,17.825
5298,17.81
5299,17.76
5300,17.74
5301,17.77
5302,17.7
5303,17.7
5304,17.67
5305,17.71
5306,17.63
5307,17.57
5308,17.565
5309,17.6
5310,17.585
5311,17.62
5312,17.72
5313,17.65
5314,17.57
5315,17.615
5316,17.57
5317,17.58
5318,17.685
5319,17.655
5320,17.605
5321,17.665
5322,17.57
5323,17.51
5324,17.545
5325,17.46
5326,17.485
5327,17.53
5328,17.495
5329,17.44
5330,17.455
5331,17.39
5332,17.35
5333,17.385
5334,17.3
5335,17.285
5336,17.275
5337,17.3
5338,17.48
5339,17.465
5340,17.485
5341,17.52
5342,17.57
5343,17.6
5344,17.625
5345,17.61
5346,17.625
5347,17.685
5348,17.66
5349,17.75
5350,17.76
5351,17.78
5352,17.76
5353,17.71
5354,17.77
5355,17.74
5356,17.745
5357,17.795
5358,17.815
5359,17.82
5360,17.78
5361,17.795
5362,17.775
5363,17.73
5364,17.69
5365,17.655
5366,17.65
5367,17.595
5368,17.595
5369,17.57
5370,17.555
5371,17.58
5372,17.605
5373,17.63
5374,17.58
5375,17.565
5376,17.53
5377,17.515
5378,17.56
5379,17.525
5380,17.555
5381,17.565
5382,17.58
5383,17.545
5384,17.525
5385,17.495
5386,17.5
5387,17.475
5388,17.535
5389,17.39
5390,17.34
5391,17.365
5392,17.315
5393,17.365
5394,17.39
5395,17.425
5396,17.36
5397,17.37
5398,17.34
5399,17.3
5400,17.3
5401,17.295
5402,17.3
5403,17.275
5404,17.275
5405,17.26
5406,17.225
5407,17.225
5408,17.155
5409,17.19
5410,17.17
5411,17.185
5412,17.185
5413,17.185
5414,17.18
5415,17.275
5416,17.265
5417,17.3
5418,17.255
5419,17.345
5420,17.335
5421,17.25
5422,17.165
5423,17.12
5424,17.12
5425,17.08
5426,17.015
5427,16.94
5428,16.915
5429,16.93
5430,16.91
5431,16.93
5432,17.005
5433,17.055
5434,17.025
5435,17.04
5436,16.99
5437,17.085
5438,17.11
5439,17.12
5440,17.085
5441,17.07
5442,17.055
5443,17.1
5444,17.165
5445,17.29
5446,17.21
5447,17.255
5448,17.3
5449,17.24
5450,17.23
5451,17.24
5452,17.29
5453,17.31
5454,17.375
5455,17.35
5456,17.375
5457,17.355
5458,17.32
5459,17.33
5460,17.405
5461,17.395
5462,17.335
5463,17.265
5464,17.28
5465,17.26
5466,17.22
5467,17.03
5468,16.92
5469,16.96
5470,17.0
5471,16.935
5472,16.89
5473,16.885
5474,16.93
5475,16.94
5476,16.885
5477,16.855
5478,16.825
5479,16.81
5480,16.79
5481,16.835
5482,16.775
5483,16.78
5484,16.79
5485,16.81
5486,16.795
5487,16.82
5488,16.795
5489,16.725
5490,16.715
5491,16.705
5492,16.715
5493,16.64
5494,16.66
5495,16.63
5496,16.61
5497,16.68
5498,16.65
5499,16.555
