,0
0,15.33
1,15.3194
2,15.300000000000002
3,15.265
4,15.24
5,15.19
6,15.14
7,15.129299999999999
8,15.17
9,15.21
10,15.13
11,15.18
12,15.28
13,15.28
14,15.23
15,15.2782
16,15.3001
17,15.2599
18,15.2805
19,15.375
20,15.41
21,15.37
22,15.33
23,15.3507
24,15.404999999999998
25,15.38
26,15.34
27,15.385
28,15.35
29,15.32
30,15.265
31,15.28
32,15.2999
33,15.2599
34,15.2693
35,15.33
36,15.34
37,15.41
38,15.42
39,15.38
40,15.449199999999998
41,15.47
42,15.4699
43,15.54
44,15.57
45,15.56
46,15.575
47,15.55
48,15.56
49,15.600000000000001
50,15.6501
51,15.64
52,15.66
53,15.62
54,15.61
55,15.64
56,15.615
57,15.61
58,15.59
59,15.45
60,15.53
61,15.56
62,15.5877
63,15.64
64,15.600000000000001
65,15.58
66,15.7399
67,15.71
68,15.6801
69,15.662
70,15.66
71,15.62
72,15.64
73,15.630000000000003
74,15.59
75,15.5901
76,15.6099
77,15.5695
78,15.600000000000001
79,15.57
80,15.6301
81,15.630000000000003
82,15.65
83,15.62
84,15.64
85,15.600000000000001
86,15.5896
87,15.600000000000001
88,15.600000000000001
89,15.57
90,15.58
91,15.55
92,15.53
93,15.28
94,15.23
95,15.155
96,15.17
97,15.1801
98,15.0476
99,15.11
100,15.005
101,14.929
102,15.01
103,14.9593
104,14.940000000000001
105,14.940000000000001
106,14.9499
107,14.9578
108,14.95
109,14.9301
110,14.93
111,14.89
112,14.89
113,14.9
114,14.92
115,14.835
116,14.77
117,14.78
118,14.75
119,14.75
120,14.81
121,14.73
122,14.58
123,14.6599
124,14.850999999999999
125,14.74
126,14.689999999999998
127,14.66
128,14.577600000000002
129,14.61
130,14.595
131,14.6076
132,14.6529
133,14.6293
134,14.55
135,14.4899
136,14.369000000000002
137,14.3622
138,14.4
139,14.51
140,14.49
141,14.571
142,14.7482
143,14.78
144,14.921
145,15.03
146,15.0
147,14.78
148,14.6905
149,14.75
150,14.7
151,14.68
152,14.73
153,14.8199
154,14.759500000000001
155,14.7199
156,14.709900000000001
157,14.66
158,14.689999999999998
159,14.719999999999999
160,14.705
161,14.609000000000002
162,14.595
163,14.5199
164,14.543
165,14.6501
166,14.59
167,14.57
168,14.53
169,14.540500000000002
170,14.56
171,14.52
172,14.48
173,14.48
174,14.77
175,14.63
176,14.661
177,14.599899999999998
178,14.52
179,14.44
180,14.35
181,14.2793
182,14.4001
183,14.5001
184,14.5615
185,14.515
186,14.42
187,14.42
188,14.5201
189,14.4399
190,14.4605
191,14.500000000000002
192,14.47
193,14.46
194,14.48
195,14.43
196,14.500000000000002
197,14.500000000000002
198,14.505
199,14.48
200,14.47
201,14.539000000000001
202,14.65
203,14.54
204,14.56
205,14.5893
206,14.56
207,14.54
208,14.59
209,14.575
210,14.56
211,14.565
212,14.59
213,14.59
214,14.67
215,14.76
216,14.87
217,14.81
218,14.76
219,14.76
220,14.73
221,14.66
222,14.67
223,14.689999999999998
224,14.719999999999999
225,14.6207
226,14.66
227,14.67
228,14.6
229,14.7
230,14.675
231,14.65
232,14.56
233,14.56
234,14.634999999999998
235,14.66
236,14.68
237,14.65
238,14.665
239,14.6399
240,14.65
241,14.6301
242,14.645
243,14.71
244,14.6725
245,14.6924
246,14.66
247,14.67
248,14.655
249,14.63
250,14.65
251,14.61
252,14.65
253,14.62
254,14.63
255,14.33
256,14.389999999999999
257,14.41
258,14.4
259,14.38
260,14.4
261,14.4
262,14.46
263,14.4205
264,14.425
265,14.498999999999999
266,14.48
267,14.47
268,14.4696
269,14.42
270,14.4
271,14.44
272,14.435
273,14.48
274,14.500000000000002
275,14.49
276,14.47
277,14.47
278,14.389999999999999
279,14.48
280,14.500000000000002
281,14.45
282,14.67
283,14.68
284,14.719999999999999
285,14.77
286,14.8525
287,14.8
288,14.8196
289,14.85
290,14.91
291,14.89
292,14.940000000000001
293,14.92
294,14.92
295,14.93
296,15.01
297,15.14
298,15.0801
299,15.14
300,15.11
301,15.1301
302,15.12
303,15.125
304,15.182
305,15.21
306,15.262
307,15.18
308,15.159999999999998
309,15.37
310,15.4099
311,15.5
312,15.56
313,15.54
314,15.58
315,15.5293
316,15.489999999999998
317,15.44
318,15.47
319,15.5093
320,15.54
321,15.5996
322,15.615
323,15.61
324,15.61
325,15.625
326,15.56
327,15.57
328,15.54
329,15.6207
330,15.630000000000003
331,15.67
332,15.64
333,15.6518
334,15.630000000000003
335,15.66
336,15.67
337,15.740000000000002
338,15.86
339,15.77
340,15.7721
341,15.81
342,15.87
343,15.86
344,15.8235
345,15.84
346,15.78
347,15.77
348,15.7601
349,15.775
350,15.83
351,15.87
352,15.9
353,15.9
354,15.88
355,15.9201
356,15.929999999999998
357,15.97
358,15.9
359,15.9
360,15.955
361,15.86
362,15.88
363,15.819999999999999
364,15.85
365,15.98
366,15.915
367,15.929999999999998
368,15.95
369,15.97
370,15.97
371,15.98
372,15.98
373,16.015
374,16.03
375,15.98
376,15.97
377,15.959999999999999
378,15.94
379,15.965
380,15.929999999999998
381,15.89
382,15.91
383,15.94
384,15.929999999999998
385,15.91
386,15.9
387,15.9401
388,15.86
389,15.88
390,15.98
391,16.11
392,16.05
393,16.11
394,16.1625
395,16.15
396,16.075
397,16.09
398,16.18
399,16.1503
400,16.18
401,16.17
402,16.2
403,16.185
404,16.18
405,16.17
406,16.23
407,16.21
408,16.22
409,16.25
410,16.3
411,16.325
412,16.37
413,16.385
414,16.26
415,16.22
416,16.21
417,16.315
418,16.3432
419,16.08
420,16.06
421,16.1
422,16.1125
423,16.1001
424,16.06
425,16.13
426,16.08
427,16.0385
428,15.970499999999998
429,15.935
430,15.94
431,15.8599
432,15.939
433,15.88
434,15.819999999999999
435,15.87
436,15.88
437,15.9701
438,15.99
439,15.991
440,16.019000000000002
441,15.97
442,15.94
443,15.94
444,15.98
445,16.1
446,16.0299
447,16.09
448,16.21
449,16.1802
450,16.233
451,16.21
452,16.22
453,16.25
454,16.25
455,16.24
456,16.28
457,16.26
458,16.33
459,16.299
460,16.28
461,16.3
462,16.291
463,16.3066
464,16.26
465,16.26
466,16.32
467,16.33
468,16.33
469,16.35
470,16.33
471,16.05
472,16.11
473,16.1
474,16.18
475,16.15
476,16.14
477,16.11
478,16.09
479,16.09
480,16.05
481,16.06
482,16.06
483,16.1
484,16.093
485,16.1
486,16.08
487,16.12
488,16.23
489,16.21
490,16.22
491,16.2418
492,16.29
493,16.3201
494,16.37
495,16.42
496,16.56
497,16.55
498,16.57
499,16.55
500,16.44
501,16.55
502,16.61
503,16.599
504,16.6
505,16.6101
506,16.615
507,16.62
508,16.61
509,16.63
510,16.62
511,16.625
512,16.6593
513,16.65
514,16.67
515,16.72
516,16.72
517,16.725
518,16.74
519,16.74
520,16.78
521,16.8195
522,16.775
523,16.69
524,16.66
525,16.809
526,16.7
527,16.76
528,16.7
529,16.705
530,16.645
531,16.655
532,16.61
533,16.579
534,16.599
535,16.635
536,16.66
537,16.62
538,16.59
539,16.61
540,16.6201
541,16.64
542,16.665
543,16.66
544,16.66
545,16.6407
546,16.63
547,16.61
548,16.655
549,16.67
550,16.73
551,16.71
552,16.77
553,16.75
554,16.69
555,16.7285
556,16.77
557,16.7601
558,16.7802
559,16.7805
560,16.78
561,16.7695
562,16.7255
563,16.71
564,16.675
565,16.7025
566,16.7155
567,16.7
568,16.71
569,16.69
570,16.65
571,16.58
572,16.58
573,16.47
574,16.495
575,16.42
576,16.43
577,16.45
578,16.46
579,16.54
580,16.54
581,16.56
582,16.4893
583,16.521
584,16.555
585,16.59
586,16.6
587,16.6
588,16.5899
589,16.56
590,16.561
591,16.5601
592,16.53
593,16.5224
594,16.49
595,16.47
596,16.51
597,16.53
598,16.41
599,16.38
600,16.43
601,16.45
602,16.36
603,16.38
604,16.37
605,16.37
606,16.45
607,16.46
608,16.44
609,16.4372
610,16.4
611,16.39
612,16.439
613,16.43
614,16.425
615,16.4318
616,16.43
617,16.425
618,16.3905
619,16.42
620,16.43
621,16.44
622,16.4001
623,16.4005
624,16.41
625,16.39
626,16.395
627,16.395
628,16.38
629,16.38
630,16.4
631,16.39
632,16.4
633,16.53
634,16.46
635,16.4705
636,16.529
637,16.56
638,16.5985
639,16.69
640,16.7199
641,16.695
642,16.6776
643,16.6915
644,16.6901
645,16.71
646,16.72
647,16.725
648,16.7
649,16.6793
650,16.7
651,16.6701
652,16.675
653,16.71
654,16.73
655,16.73
656,16.735
657,16.73
658,16.7
659,16.7
660,16.8193
661,16.78
662,16.86
663,16.8915
664,16.85
665,16.83
666,16.7713
667,16.75
668,16.7689
669,16.77
670,16.73
671,16.76
672,16.76
673,16.8
674,16.8137
675,16.81
676,16.81
677,16.82
678,16.83
679,16.8005
680,16.815
681,16.8055
682,16.8045
683,16.82
684,16.8
685,16.69
686,16.74
687,16.6015
688,16.6674
689,16.73
690,16.7218
691,16.79
692,16.81
693,16.8099
694,16.81
695,16.84
696,16.881
697,16.9
698,16.97
699,16.9395
700,16.96
701,16.9675
702,16.951
703,16.925
704,16.9205
705,16.95
706,16.965
707,16.92
708,16.89
709,16.79
710,16.79
711,16.85
712,16.82
713,16.8
714,17.15
715,17.1301
716,17.2299
717,17.24
718,17.28
719,17.27
720,17.2702
721,17.2795
722,17.3199
723,17.2901
724,17.19
725,17.17
726,17.19
727,17.21
728,17.15
729,17.19
730,17.2
731,17.137999999999998
732,17.17
733,17.2
734,17.155
735,17.11
736,17.1693
737,17.085
738,17.09
739,17.11
740,17.11
741,17.232
742,17.13
743,17.158
744,17.11
745,17.13
746,17.17
747,17.1299
748,17.15
749,17.13
750,17.18
751,17.185
752,17.17
753,17.18
754,17.21
755,17.2292
756,17.2
757,17.1899
758,17.16
759,17.1205
760,17.0999
761,17.1145
762,17.1
763,17.1699
764,17.18
765,17.1175
766,17.1
767,17.12
768,17.15
769,17.18
770,17.11
771,17.12
772,17.0401
773,17.07
774,17.07
775,17.08
776,17.06
777,17.05
778,17.0707
779,17.09
780,17.03
781,17.0024
782,17.03
783,17.01
784,17.04
785,17.0001
786,16.9906
787,16.94
788,16.865
789,16.8601
790,16.79
791,16.7
792,16.79
793,16.85
794,16.85
795,16.72
796,16.68
797,16.748
798,16.77
799,16.9
800,16.82
801,16.71
802,16.69
803,16.72
804,16.74
805,16.735
806,16.77
807,16.76
808,16.72
809,16.775
810,16.75
811,16.76
812,16.7624
813,16.72
814,16.75
815,16.73
816,16.75
817,16.7701
818,16.83
819,16.86
820,16.86
821,16.85
822,16.97
823,16.99
824,17.0196
825,16.98
826,17.02
827,17.04
828,17.0199
829,17.0391
830,17.041
831,17.0301
832,17.025
833,17.0393
834,16.9799
835,17.01
836,16.9593
837,16.97
838,16.97
839,16.95
840,16.99
841,17.01
842,16.93
843,17.000999999999998
844,17.0137
845,17.0299
846,17.01
847,17.05
848,17.03
849,17.22
850,17.2182
851,17.14
852,17.14
853,17.18
854,17.1905
855,17.2207
856,17.205
857,17.225
858,17.23
859,17.21
860,17.23
861,17.21
862,17.2155
863,17.22
864,17.2393
865,17.285
866,17.2601
867,17.24
868,17.28
869,17.27
870,17.22
871,17.25
872,17.16
873,17.19
874,17.26
875,17.27
876,17.2
877,17.28
878,17.2399
879,17.1424
880,17.1255
881,17.17
882,17.15
883,17.12
884,17.115
885,17.08
886,17.0201
887,17.03
888,17.0101
889,17.0399
890,17.065
891,17.05
892,17.06
893,17.0407
894,17.04
895,17.06
896,17.0601
897,17.06
898,17.03
899,17.06
900,17.069000000000003
901,17.08
902,17.08
903,16.98
904,17.0
905,16.9301
906,16.93
907,16.8901
908,16.875
909,16.78
910,16.7782
911,16.76
912,16.791
913,16.7575
914,16.7545
915,16.78
916,16.762
917,16.84
918,16.851
919,16.8165
920,16.8676
921,16.8999
922,16.925
923,16.88
924,16.87
925,16.905
926,16.909000000000002
927,16.895
928,16.82
929,16.82
930,16.77
931,16.8
932,16.77
933,16.8707
934,16.88
935,16.89
936,16.9
937,16.89
938,16.8401
939,16.88
940,16.8375
941,16.848
942,16.8107
943,16.825
944,16.92
945,16.89
946,16.9015
947,16.89
948,16.8715
949,16.89
950,16.9
951,16.879
952,16.89
953,16.9315
954,16.94
955,16.95
956,16.96
957,17.01
958,17.02
959,16.99
960,17.01
961,16.9999
962,17.0
963,16.98
964,17.01
965,17.01
966,17.03
967,17.12
968,17.08
969,17.07
970,17.0699
971,17.0599
972,17.095
973,17.0565
974,17.03
975,17.0507
976,17.05
977,17.07
978,17.0705
979,17.11
980,17.125
981,17.175
982,17.13
983,17.13
984,17.335
985,17.38
986,17.48
987,17.4901
988,17.53
989,17.49
990,17.42
991,17.429000000000002
992,17.4703
993,17.5099
994,17.525
995,17.62
996,17.6
997,17.582
998,17.55
999,17.58
1000,17.54
1001,17.51
1002,17.53
1003,17.57
1004,17.6025
1005,17.5982
1006,17.555
1007,17.66
1008,17.665
1009,17.58
1010,17.57
1011,17.82
1012,17.93
1013,17.94
1014,17.8701
1015,17.97
1016,18.01
1017,18.1
1018,18.13
1019,18.1893
1020,18.2
1021,18.2
1022,18.23
1023,18.25
1024,18.2878
1025,18.28
1026,18.241
1027,18.17
1028,18.1499
1029,18.14
1030,18.0201
1031,18.11
1032,18.09
1033,18.13
1034,17.99
1035,17.8499
1036,17.75
1037,17.74
1038,18.04
1039,18.09
1040,18.12
1041,18.12
1042,18.1001
1043,18.09
1044,18.13
1045,18.19
1046,18.175
1047,18.11
1048,18.15
1049,18.015
1050,18.051
1051,17.93
1052,17.86
1053,17.93
1054,17.9
1055,17.925
1056,17.885
1057,17.95
1058,17.93
1059,17.9
1060,17.8675
1061,17.84
1062,17.79
1063,17.91
1064,17.9
1065,18.0
1066,17.9602
1067,17.96
1068,17.92
1069,17.91
1070,17.92
1071,17.965
1072,17.99
1073,18.0
1074,17.9505
1075,17.97
1076,17.8699
1077,17.81
1078,17.8393
1079,17.895
1080,17.910999999999998
1081,17.89
1082,17.94
1083,17.945
1084,17.9193
1085,17.95
1086,17.98
1087,18.0496
1088,18.05
1089,18.04
1090,18.03
1091,18.04
1092,18.0545
1093,18.06
1094,18.08
1095,18.03
1096,17.96
1097,17.9085
1098,17.8
1099,17.75
1100,17.78
1101,17.78
1102,17.76
1103,17.8
1104,17.81
1105,17.8
1106,17.78
1107,17.7407
1108,17.74
1109,17.76
1110,17.7899
1111,17.76
1112,17.82
1113,17.84
1114,17.79
1115,17.79
1116,17.755
1117,17.75
1118,17.76
1119,17.74
1120,17.82
1121,17.86
1122,17.92
1123,17.88
1124,17.8404
1125,17.855
1126,17.882
1127,17.889
1128,17.9085
1129,17.89
1130,17.9
1131,17.881
1132,17.86
1133,17.9101
1134,17.8901
1135,17.8801
1136,17.89
1137,17.895
1138,17.8999
1139,17.8305
1140,17.8
1141,17.782
1142,17.78
1143,17.755
1144,17.81
1145,17.85
1146,17.98
1147,18.03
1148,17.97
1149,17.96
1150,17.9799
1151,17.9804
1152,18.02
1153,18.025
1154,18.01
1155,18.02
1156,18.015
1157,18.011
1158,18.015
1159,18.0087
1160,18.015
1161,18.03
1162,17.9975
1163,17.9785
1164,17.99
1165,17.97
1166,17.92
1167,17.94
1168,17.935
1169,17.91
1170,17.95
1171,18.03
1172,18.04
1173,18.25
1174,18.1799
1175,18.1193
1176,18.1
1177,18.1001
1178,18.0699
1179,18.0899
1180,18.09
1181,18.11
1182,18.18
1183,18.149
1184,18.15
1185,18.15
1186,18.125
1187,18.14
1188,18.125
1189,18.09
1190,18.0824
1191,18.11
1192,18.12
1193,18.13
1194,18.095
1195,18.06
1196,18.05
1197,18.065
1198,18.1224
1199,18.13
1200,18.16
1201,18.17
1202,18.2
1203,18.19
1204,18.18
1205,18.1799
1206,18.1876
1207,18.235
1208,18.2715
1209,18.2625
1210,18.2485
1211,18.25
1212,18.24
1213,18.27
1214,18.295
1215,18.2899
1216,18.29
1217,18.28
1218,18.315
1219,18.34
1220,18.409999999999997
1221,18.455
1222,18.5
1223,18.48
1224,18.5
1225,18.4889
1226,18.490000000000002
1227,18.745
1228,18.7899
1229,18.7299
1230,18.735
1231,18.7
1232,18.7
1233,18.7185
1234,18.73
1235,18.67
1236,18.645
1237,18.64
1238,18.64
1239,18.64
1240,18.706
1241,18.7599
1242,18.84
1243,18.807000000000002
1244,18.79
1245,18.77
1246,18.76
1247,18.8
1248,18.778
1249,18.589999999999996
1250,18.575
1251,18.55
1252,18.62
1253,18.62
1254,18.4999
1255,18.35
1256,18.38
1257,18.449999999999996
1258,18.449999999999996
1259,18.480999999999995
1260,18.55
1261,18.58
1262,18.5799
1263,18.6299
1264,18.649999999999995
1265,18.705
1266,18.6807
1267,18.71
1268,18.69
1269,18.71
1270,18.77
1271,18.74
1272,18.72
1273,18.7599
1274,18.75
1275,18.745
1276,18.73
1277,18.8299
1278,18.775
1279,18.67
1280,18.649999999999995
1281,18.75
1282,18.8
1283,18.68
1284,18.592900000000004
1285,18.589999999999996
1286,18.52
1287,18.57
1288,18.605
1289,18.609999999999996
1290,18.6
1291,18.58
1292,18.6
1293,18.58
1294,18.57
1295,18.5622
1296,18.575
1297,18.57
1298,18.53
1299,18.5524
1300,18.56
1301,18.55
1302,18.5595
1303,18.55
1304,18.589999999999996
1305,18.5727
1306,18.589999999999996
1307,18.589999999999996
1308,18.73
1309,18.6501
1310,18.68
1311,18.69
1312,18.6795
1313,18.69
1314,18.6999
1315,18.74
1316,18.71
1317,18.76
1318,18.7875
1319,18.76
1320,18.745
1321,18.7501
1322,18.79
1323,18.78
1324,18.76
1325,18.75
1326,18.7699
1327,18.7907
1328,18.74
1329,18.745
1330,18.75
1331,18.7
1332,18.68
1333,18.64
1334,18.66
1335,18.58
1336,18.58
1337,18.595
1338,18.5875
1339,18.609999999999996
1340,18.595
1341,18.5799
1342,18.557000000000006
1343,18.52
1344,18.515
1345,18.55
1346,18.58
1347,18.5793
1348,18.578999999999997
1349,18.605
1350,18.6
1351,18.655
1352,18.69
1353,18.629999999999995
1354,18.629999999999995
1355,18.6224
1356,18.638999999999996
1357,18.665
1358,18.72
1359,18.7
1360,18.68
1361,18.67
1362,19.09
1363,18.9791
1364,18.995000000000005
1365,19.0475
1366,19.055999999999997
1367,19.115
1368,19.12
1369,19.17
1370,19.17
1371,19.14
1372,19.17
1373,19.2195
1374,19.22
1375,19.3
1376,19.34
1377,19.355000000000004
1378,19.26
1379,19.27
1380,19.31
1381,19.3801
1382,19.3693
1383,19.39
1384,19.3657
1385,19.31
1386,19.33
1387,19.405
1388,19.4
1389,19.52
1390,19.48
1391,19.6
1392,19.71
1393,19.8
1394,19.8
1395,19.6813
1396,19.65
1397,19.6
1398,19.45
1399,19.48
1400,19.5
1401,19.485
1402,19.52
1403,19.485
1404,19.512999999999998
1405,19.5
1406,19.53
1407,19.56
1408,19.514999999999997
1409,19.53
1410,19.534999999999997
1411,19.525
1412,19.4
1413,19.39
1414,19.482
1415,19.48
1416,19.207999999999995
1417,18.97
1418,19.2299
1419,19.2299
1420,18.9899
1421,18.85
1422,18.58
1423,18.38
1424,18.62
1425,18.82
1426,18.67
1427,18.667600000000004
1428,18.6
1429,18.73
1430,18.675
1431,18.56
1432,18.62
1433,18.589999999999996
1434,18.679000000000002
1435,18.74
1436,18.6392
1437,18.52
1438,18.55
1439,18.55
1440,18.575
1441,18.369999999999997
1442,18.409999999999997
1443,18.51
1444,18.532
1445,18.57
1446,18.5
1447,18.42
1448,18.373
1449,18.3
1450,18.29
1451,18.2225
1452,18.14
1453,18.05
1454,18.04
1455,18.09
1456,18.14
1457,18.052
1458,18.09
1459,18.08
1460,17.9496
1461,17.99
1462,18.0315
1463,18.25
1464,18.24
1465,18.235
1466,18.354499999999998
1467,18.23
1468,18.389999999999997
1469,18.389999999999997
1470,18.67
1471,18.71
1472,18.68
1473,18.6399
1474,18.609999999999996
1475,18.5515
1476,18.56
1477,18.589999999999996
1478,18.52
1479,18.54
1480,18.64
1481,18.602
1482,18.589999999999996
1483,18.5799
1484,18.555
1485,18.57
1486,18.57
1487,18.54
1488,18.470000000000002
1489,18.51
1490,18.5
1491,18.58
1492,18.55
1493,18.55
1494,18.589999999999996
1495,18.64
1496,18.609999999999996
1497,18.7082
1498,18.801500000000004
1499,18.86
1500,18.77
1501,18.7787
1502,18.75
1503,18.7
1504,18.65
1505,18.62
1506,18.7
1507,18.6
1508,18.65
1509,18.6605
1510,18.62
1511,18.58
1512,18.59
1513,18.5701
1514,18.54
1515,18.44
1516,18.25
1517,18.187
1518,18.26
1519,18.23
1520,18.1899
1521,18.27
1522,18.28
1523,18.26
1524,18.0915
1525,18.155
1526,18.355
1527,18.31
1528,18.21
1529,18.19
1530,18.2
1531,18.26
1532,18.08
1533,18.11
1534,18.13
1535,18.15
1536,18.18
1537,18.16
1538,18.255
1539,18.31
1540,18.28
1541,18.405
1542,18.4204
1543,18.52
1544,18.44
1545,18.465
1546,18.44
1547,18.54
1548,18.56
1549,18.52
1550,18.54
1551,18.36
1552,18.33
1553,18.42
1554,18.43
1555,18.381
1556,18.33
1557,18.38
1558,18.3801
1559,18.3305
1560,18.38
1561,18.36
1562,18.375
1563,18.371
1564,18.41
1565,18.42
1566,18.398
1567,18.35
1568,18.4
1569,18.4
1570,18.375
1571,18.3767
1572,18.4001
1573,18.3701
1574,18.4
1575,18.361
1576,18.41
1577,18.42
1578,18.2
1579,18.2
1580,18.19
1581,18.2
1582,18.34
1583,18.36
1584,18.38
1585,18.305
1586,18.325
1587,18.27
1588,18.315
1589,18.291
1590,18.273
1591,18.26
1592,18.235
1593,18.27
1594,18.2299
1595,18.23
1596,18.26
1597,18.2699
1598,18.25
1599,18.15
1600,18.115
1601,18.08
1602,18.115
1603,18.06
1604,18.05
1605,18.1575
1606,18.07
1607,18.06
1608,18.0
1609,18.1318
1610,18.09
1611,18.01
1612,17.7601
1613,17.73
1614,17.645
1615,17.5001
1616,17.52
1617,17.68
1618,17.65
1619,17.68
1620,17.755
1621,17.7089
1622,17.82
1623,17.7301
1624,17.72
1625,17.68
1626,17.66
1627,17.705
1628,17.6476
1629,17.57
1630,17.47
1631,17.47
1632,17.9085
1633,17.78
1634,17.73
1635,17.75
1636,17.7
1637,17.7176
1638,17.845
1639,17.71
1640,17.6
1641,17.65
1642,17.6
1643,17.71
1644,17.671
1645,17.5999
1646,17.71
1647,17.62
1648,17.63
1649,17.6765
1650,17.73
1651,17.77
1652,17.75
1653,17.74
1654,17.74
1655,17.78
1656,17.78
1657,17.76
1658,17.78
1659,18.0505
1660,18.07
1661,18.21
1662,18.165
1663,18.13
1664,18.135
1665,18.115
1666,18.15
1667,18.19
1668,18.165
1669,18.13
1670,18.14
1671,18.18
1672,18.16
1673,18.19
1674,18.17
1675,18.1818
1676,18.2393
1677,18.29
1678,18.36
1679,18.32
1680,18.265
1681,18.255
1682,18.3
1683,18.32
1684,18.29
1685,18.3
1686,18.169
1687,18.06
1688,17.97
1689,17.9589
1690,17.97
1691,18.0
1692,18.04
1693,17.98
1694,18.0473
1695,18.0793
1696,18.06
1697,17.86
1698,17.9
1699,17.77
1700,17.66
1701,17.76
1702,17.8199
1703,17.79
1704,17.87
1705,17.8282
1706,17.748
1707,17.69
1708,17.765
1709,17.72
1710,17.66
1711,17.78
1712,17.83
1713,17.8904
1714,17.88
1715,17.965
1716,17.9693
1717,17.91
1718,17.845
1719,17.885
1720,17.92
1721,17.9381
1722,17.98
1723,17.98
1724,18.03
1725,18.0999
1726,18.11
1727,18.08
1728,18.05
1729,18.0965
1730,18.12
1731,18.09
1732,18.12
1733,18.09
1734,18.1
1735,18.0101
1736,17.98
1737,18.0105
1738,18.08
1739,18.06
1740,17.742
1741,17.79
1742,17.8116
1743,17.8
1744,17.6982
1745,17.63
1746,17.65
1747,17.66
1748,17.6873
1749,17.705
1750,17.64
1751,17.59
1752,17.64
1753,17.6818
1754,17.64
1755,17.64
1756,17.7
1757,17.68
1758,17.71
1759,17.635
1760,17.635
1761,17.575
1762,17.5799
1763,17.61
1764,17.509
1765,17.57
1766,17.56
1767,17.11
1768,17.295
1769,17.27
1770,17.3
1771,17.45
1772,17.62
1773,17.6
1774,17.65
1775,17.7
1776,17.78
1777,17.69
1778,17.62
1779,17.59
1780,17.67
1781,17.6596
1782,17.73
1783,17.7
1784,17.7
1785,17.67
1786,17.59
1787,17.5
1788,17.47
1789,17.47
1790,17.4801
1791,17.515
1792,17.5399
1793,17.53
1794,17.58
1795,17.415
1796,17.26
1797,17.18
1798,17.111
1799,17.06
1800,16.97
1801,17.06
1802,16.9501
1803,16.95
1804,17.0062
1805,16.95
1806,16.905
1807,16.88
1808,16.8096
1809,16.69
1810,16.645
1811,16.55
1812,16.3601
1813,16.282
1814,15.74
1815,16.065
1816,16.21
1817,16.295
1818,16.34
1819,16.28
1820,16.28
1821,16.7
1822,16.52
1823,16.395
1824,16.04
1825,15.9699
1826,16.04
1827,16.25
1828,16.23
1829,16.31
1830,16.3
1831,16.46
1832,16.33
1833,16.32
1834,16.26
1835,16.18
1836,16.19
1837,16.32
1838,16.27
1839,16.1595
1840,16.15
1841,16.21
1842,16.18
1843,16.1201
1844,16.1515
1845,16.2
1846,16.17
1847,16.18
1848,17.25
1849,17.24
1850,17.2999
1851,17.13
1852,17.15
1853,17.22
1854,17.2201
1855,17.28
1856,17.3
1857,17.309
1858,17.305
1859,17.265
1860,17.27
1861,17.2405
1862,17.09
1863,17.16
1864,17.1
1865,17.09
1866,17.05
1867,17.052
1868,17.04
1869,17.092
1870,17.04
1871,17.13
1872,17.15
1873,17.31
1874,17.3
1875,17.1
1876,17.16
1877,17.17
1878,17.13
1879,17.172
1880,17.13
1881,17.25
1882,17.23
1883,17.27
1884,17.26
1885,17.305
1886,17.3204
1887,17.37
1888,17.47
1889,17.39
1890,17.39
1891,17.39
1892,17.36
1893,17.299
1894,17.23
1895,17.16
1896,17.22
1897,17.21
1898,17.22
1899,17.23
1900,17.16
1901,17.16
1902,17.08
1903,17.23
1904,17.23
1905,17.22
1906,17.1282
1907,17.115
1908,17.1
1909,17.0499
1910,17.1
1911,17.15
1912,17.13
1913,17.13
1914,17.1199
1915,17.12
1916,17.0995
1917,17.0701
1918,17.0
1919,17.01
1920,17.045
1921,17.08
1922,17.066
1923,17.11
1924,17.1301
1925,17.02
1926,17.02
1927,17.06
1928,17.07
1929,17.1187
1930,17.05
1931,17.0992
1932,17.09
1933,17.1001
1934,17.08
1935,17.05
1936,17.0724
1937,17.08
1938,17.03
1939,17.01
1940,17.01
1941,17.025
1942,17.03
1943,17.04
1944,17.079
1945,17.06
1946,17.07
1947,17.11
1948,17.09
1949,17.065
1950,17.04
1951,16.971
1952,16.98
1953,16.9501
1954,16.87
1955,16.87
1956,16.52
1957,16.48
1958,16.54
1959,16.5355
1960,16.44
1961,16.4
1962,16.28
1963,16.2505
1964,16.223
1965,16.2493
1966,16.17
1967,16.23
1968,16.28
1969,16.31
1970,16.31
1971,16.3
1972,16.2775
1973,16.345
1974,16.27
1975,16.322
1976,16.32
1977,16.28
1978,16.26
1979,16.24
1980,16.2495
1981,16.35
1982,16.34
1983,16.3
1984,16.17
1985,16.25
1986,16.31
1987,16.25
1988,16.26
1989,16.148
1990,16.17
1991,16.21
1992,16.09
1993,16.01
1994,16.0
1995,16.0
1996,15.889999999999999
1997,15.8805
1998,15.945
1999,15.91
2000,15.95
2001,16.0
2002,15.99
2003,16.0601
2004,16.14
2005,16.128
2006,16.09
2007,16.2518
2008,16.3607
2009,16.35
2010,16.6
2011,16.4708
2012,16.58
2013,16.53
2014,16.49
2015,16.5
2016,16.51
2017,16.475
2018,16.315
2019,16.3
2020,16.295
2021,16.27
2022,16.3288
2023,16.26
2024,16.16
2025,16.21
2026,16.13
2027,16.04
2028,16.105
2029,15.99
2030,15.92
2031,15.849999999999998
2032,15.87
2033,15.74
2034,15.974999999999998
2035,15.959999999999999
2036,15.95
2037,16.235
2038,16.21
2039,16.09
2040,16.11
2041,16.09
2042,16.06
2043,15.969999999999999
2044,15.87
2045,15.880000000000003
2046,16.04
2047,16.0799
2048,16.09
2049,16.0801
2050,16.13
2051,16.1301
2052,16.17
2053,16.24
2054,16.2715
2055,16.3
2056,16.26
2057,16.34
2058,16.31
2059,16.24
2060,16.2993
2061,16.37
2062,16.349
2063,16.31
2064,15.868500000000001
2065,15.94
2066,15.789999999999997
2067,15.629999999999999
2068,15.5825
2069,15.709899999999998
2070,15.75
2071,15.779999999999998
2072,15.732000000000001
2073,15.74
2074,15.687599999999998
2075,15.569999999999999
2076,15.595
2077,15.490000000000002
2078,15.569999999999999
2079,15.659299999999998
2080,15.73
2081,15.760000000000002
2082,15.779999999999998
2083,15.810000000000002
2084,15.839999999999998
2085,15.8
2086,15.760000000000002
2087,15.820000000000002
2088,15.62
2089,15.29
2090,15.299999999999999
2091,15.26
2092,15.449999999999998
2093,15.559999999999999
2094,15.4301
2095,15.550000000000002
2096,15.545
2097,15.700000000000001
2098,15.87
2099,15.94
2100,15.890100000000002
2101,15.909999999999998
2102,15.959999999999999
2103,15.890000000000002
2104,15.87
2105,15.880000000000003
2106,15.770000000000001
2107,15.86
2108,15.8885
2109,15.7784
2110,15.792
2111,15.764999999999999
2112,15.747599999999998
2113,15.67
2114,15.64
2115,15.739000000000003
2116,15.98
2117,15.99
2118,15.7201
2119,15.739000000000003
2120,15.8
2121,15.8
2122,15.909999999999998
2123,15.839999999999998
2124,15.830000000000002
2125,15.770000000000001
2126,15.839999999999998
2127,15.830000000000002
2128,15.839999999999998
2129,15.839999999999998
2130,15.789999999999997
2131,15.834300000000002
2132,15.760000000000002
2133,15.7493
2134,15.69
2135,15.719000000000001
2136,15.7201
2137,15.66
2138,15.62
2139,15.585
2140,15.559999999999999
2141,15.565000000000001
2142,15.615000000000002
2143,15.4
2144,15.4
2145,14.95
2146,14.9395
2147,15.030000000000001
2148,14.98
2149,14.93
2150,14.98
2151,15.08
2152,15.0
2153,14.998
2154,15.06
2155,15.1015
2156,15.05
2157,15.015000000000002
2158,15.060500000000001
2159,14.959999999999999
2160,15.02
2161,14.99
2162,14.9805
2163,15.037999999999998
2164,15.07
2165,15.150000000000002
2166,15.2093
2167,15.262
2168,15.33
2169,15.46
2170,15.509999999999998
2171,15.490000000000002
2172,16.02
2173,16.0099
2174,15.93
2175,15.839999999999998
2176,15.820000000000002
2177,15.675000000000002
2178,15.810000000000002
2179,15.73
2180,15.714999999999998
2181,15.69
2182,15.67
2183,15.69
2184,15.69
2185,15.73
2186,15.75
2187,15.714999999999998
2188,15.74
2189,15.75
2190,15.67
2191,15.6982
2192,15.65
2193,15.64
2194,15.685000000000002
2195,15.47
2196,15.58
2197,15.439999999999998
2198,15.47
2199,15.700000000000001
2200,15.74
2201,15.830000000000002
2202,15.92
2203,15.890000000000002
2204,15.8825
2205,15.87
2206,15.87
2207,15.849999999999998
2208,15.8801
2209,15.890000000000002
2210,15.92
2211,15.94
2212,15.890000000000002
2213,15.880000000000003
2214,15.92
2215,15.9299
2216,15.959999999999999
2217,16.0495
2218,16.055
2219,16.03
2220,16.0293
2221,16.07
2222,16.0129
2223,16.0993
2224,16.19
2225,16.18
2226,16.021
2227,16.14
2228,16.16
2229,16.08
2230,16.06
2231,16.04
2232,15.909999999999998
2233,15.922400000000001
2234,15.94
2235,15.912
2236,15.909999999999998
2237,15.93
2238,15.810000000000002
2239,15.87
2240,15.899999999999999
2241,15.909999999999998
2242,15.872700000000002
2243,15.789999999999997
2244,15.805
2245,15.850099999999998
2246,15.8599
2247,15.860999999999997
2248,15.880000000000003
2249,15.94
2250,15.914999999999997
2251,15.739900000000002
2252,15.74
2253,15.820000000000002
2254,15.749900000000002
2255,15.8
2256,15.820499999999997
2257,15.8
2258,15.830000000000002
2259,15.739900000000002
2260,15.770000000000001
2261,15.71
2262,15.69
2263,15.760000000000002
2264,15.789999999999997
2265,15.770000000000001
2266,15.704999999999998
2267,15.770000000000001
2268,15.809900000000003
2269,15.778
2270,15.760000000000002
2271,15.72
2272,15.72
2273,15.71
2274,15.700000000000001
2275,15.700999999999999
2276,15.58
2277,15.53
2278,15.420000000000002
2279,15.439999999999998
2280,15.47
2281,15.434999999999999
2282,15.46
2283,15.54
2284,15.559899999999999
2285,15.53
2286,15.595
2287,15.569999999999999
2288,15.629999999999999
2289,15.62
2290,15.62
2291,15.607999999999999
2292,15.595
2293,15.6125
2294,15.629999999999999
2295,15.62
2296,15.615000000000002
2297,15.58
2298,15.607600000000001
2299,15.629999999999999
2300,15.74
2301,15.789999999999997
2302,15.820000000000002
2303,15.830000000000002
2304,15.810000000000002
2305,15.909999999999998
2306,15.890000000000002
2307,15.899999999999999
2308,16.0601
2309,16.02
2310,15.94
2311,15.9301
2312,16.02
2313,16.01
2314,15.95
2315,15.9899
2316,15.959999999999999
2317,15.8895
2318,15.810000000000002
2319,15.775
2320,15.7816
2321,15.764999999999999
2322,15.73
2323,15.779999999999998
2324,15.770000000000001
2325,15.8399
2326,15.820000000000002
2327,15.849999999999998
2328,15.830000000000002
2329,15.760000000000002
2330,15.830000000000002
2331,15.7898
2332,15.789999999999997
2333,15.810000000000002
2334,15.58
2335,15.62
2336,15.679900000000002
2337,15.66
2338,15.61
2339,15.54
2340,15.5401
2341,15.53
2342,15.559999999999999
2343,15.54
2344,15.6
2345,15.569999999999999
2346,15.555000000000001
2347,15.65
2348,15.555000000000001
2349,15.559999999999999
2350,15.569999999999999
2351,15.505
2352,15.52
2353,15.499999999999998
2354,15.488999999999999
2355,15.41
2356,15.449999999999998
2357,15.35
2358,15.33
2359,15.34
2360,15.35
2361,15.1201
2362,15.250099999999998
2363,15.34
2364,15.275
2365,15.1176
2366,15.02
2367,14.98
2368,15.005000000000003
2369,15.030000000000001
2370,14.942699999999999
2371,15.030000000000001
2372,15.005000000000003
2373,15.01
2374,15.01
2375,15.009900000000002
2376,15.109999999999998
2377,15.05
2378,15.0599
2379,15.019900000000002
2380,15.0225
2381,14.93
2382,14.9301
2383,14.925
2384,14.829999999999998
2385,14.810000000000002
2386,14.810000000000002
2387,14.829999999999998
2388,14.945000000000002
2389,14.995
2390,14.98
2391,14.99
2392,14.875
2393,14.8996
2394,14.820000000000002
2395,14.94
2396,15.0
2397,15.055500000000002
2398,15.06
2399,15.0193
2400,15.02
2401,15.068499999999998
2402,15.030000000000001
2403,15.01
2404,14.95
2405,14.95
2406,14.899999999999999
2407,15.030000000000001
2408,15.08
2409,15.0
2410,15.005000000000003
2411,15.13
2412,15.239999999999998
2413,15.32
2414,15.33
2415,15.314999999999998
2416,15.27
2417,15.179999999999998
2418,15.210000000000003
2419,15.19
2420,15.32
2421,15.4
2422,15.471800000000002
2423,15.405
2424,15.370000000000001
2425,15.355000000000002
2426,15.360000000000001
2427,15.290999999999999
2428,15.29
2429,15.27
2430,15.29
2431,15.26
2432,15.250500000000002
2433,15.239999999999998
2434,15.29
2435,15.255
2436,15.13
2437,15.069900000000002
2438,15.090000000000002
2439,15.0
2440,15.02
2441,15.01
2442,15.282900000000001
2443,15.31
2444,15.26
2445,15.2529
2446,15.244999999999997
2447,15.240099999999998
2448,15.33
2449,15.304999999999998
2450,15.25
2451,15.25
2452,15.19
2453,15.2601
2454,15.140000000000002
2455,15.175
2456,15.179999999999998
2457,15.215
2458,15.239999999999998
2459,15.25
2460,15.229999999999999
2461,15.302000000000001
2462,15.385
2463,15.34
2464,15.370000000000001
2465,15.41
2466,15.420000000000002
2467,15.46
2468,15.46
2469,15.52
2470,15.61
2471,15.6
2472,15.6123
2473,15.559999999999999
2474,15.529600000000002
2475,15.430000000000001
2476,15.490000000000002
2477,15.480000000000002
2478,15.4745
2479,15.47
2480,15.420000000000002
2481,15.455
2482,15.439999999999998
2483,15.53
2484,15.495
2485,15.515
2486,15.480000000000002
2487,15.480000000000002
2488,15.495
2489,15.52
2490,15.550000000000002
2491,15.53
2492,15.535
2493,15.6413
2494,15.62
2495,15.6
2496,15.54
2497,15.58
2498,15.550000000000002
2499,15.509999999999998
2500,15.48
2501,15.58
2502,15.670000000000002
2503,15.68
2504,15.695
2505,15.7299
2506,15.76
2507,15.75
2508,15.75
2509,15.670000000000002
2510,15.64
2511,15.63
2512,15.6508
2513,15.54
2514,15.565
2515,15.59
2516,15.5501
2517,15.575
2518,15.544999999999998
2519,15.53
2520,15.49
2521,15.430000000000001
2522,15.41
2523,15.38
2524,15.41
2525,15.405
2526,15.39
2527,15.41
2528,15.460000000000003
2529,15.4499
2530,15.435
2531,15.45
2532,15.4675
2533,15.495
2534,15.49
2535,15.5
2536,15.55
2537,15.62
2538,15.6
2539,15.62
2540,15.670000000000002
2541,15.7
2542,15.728
2543,15.7
2544,15.695
2545,15.7
2546,15.75
2547,15.79
2548,15.79
2549,15.799000000000001
2550,15.85
2551,15.92
2552,15.88
2553,15.79
2554,15.8
2555,15.78
2556,15.85
2557,15.875
2558,15.8605
2559,15.889999999999999
2560,15.900000000000002
2561,15.93
2562,15.855
2563,15.85
2564,15.870000000000001
2565,15.918999999999999
2566,15.910000000000002
2567,15.95
2568,15.911
2569,15.93
2570,15.92
2571,15.94
2572,15.93
2573,15.81
2574,15.859999999999998
2575,15.859999999999998
2576,15.85
2577,15.92
2578,16.02
2579,15.9623
2580,15.93
2581,15.899000000000001
2582,15.900000000000002
2583,15.88
2584,15.859999999999998
2585,15.8793
2586,15.8
2587,15.78
2588,15.77
2589,15.72
2590,15.744999999999997
2591,15.7138
2592,15.707
2593,15.72
2594,15.77
2595,15.73
2596,15.715
2597,15.69
2598,15.69
2599,15.6
2600,15.64
2601,15.7201
2602,15.8
2603,15.82
2604,15.79
2605,15.74
2606,15.765
2607,15.88
2608,15.84
2609,15.855499999999997
2610,15.859999999999998
2611,15.84
2612,15.85
2613,15.8401
2614,15.85
2615,15.801799999999998
2616,15.82
2617,15.82
2618,15.835
2619,15.83
2620,15.85
2621,15.8495
2622,15.865
2623,15.889999999999999
2624,15.8601
2625,15.84
2626,15.81
2627,15.82
2628,15.825
2629,15.8201
2630,15.82
2631,15.82
2632,16.02
2633,16.08
2634,16.04
2635,16.0
2636,16.04
2637,16.02
2638,16.05
2639,16.07
2640,16.08
2641,16.075
2642,16.08
2643,16.05
2644,16.045
2645,16.06
2646,16.06
2647,16.06
2648,16.02
2649,16.03
2650,16.04
2651,16.0299
2652,16.0
2653,15.900000000000002
2654,15.8289
2655,15.82
2656,15.78
2657,15.79
2658,15.79
2659,15.85
2660,15.78
2661,15.8
2662,15.78
2663,15.76
2664,15.78
2665,15.76
2666,15.79
2667,15.8301
2668,15.855
2669,15.870000000000001
2670,15.8495
2671,15.83
2672,15.85
2673,15.851
2674,15.83
2675,15.885
2676,15.859999999999998
2677,15.837599999999998
2678,15.79
2679,15.7
2680,15.68
2681,15.71
2682,15.655
2683,15.659999999999998
2684,15.58
2685,15.58
2686,15.6134
2687,15.6473
2688,15.4501
2689,15.37
2690,15.440000000000001
2691,15.4324
2692,15.419999999999998
2693,15.455
2694,15.460000000000003
2695,15.409899999999999
2696,15.3657
2697,15.38
2698,15.4
2699,15.4
2700,15.425
2701,15.422000000000002
2702,15.4
2703,15.39
2704,15.41
2705,15.3745
2706,15.39
2707,15.359000000000002
2708,15.33
2709,15.355000000000002
2710,15.41
2711,15.45
2712,15.430000000000001
2713,15.2175
2714,15.17
2715,15.065
2716,15.12
2717,15.110699999999998
2718,15.24
2719,15.097999999999999
2720,15.01
2721,15.074999999999998
2722,15.068
2723,15.09
2724,15.085
2725,15.06
2726,15.089400000000001
2727,15.13
2728,15.1076
2729,15.11
2730,15.25
2731,15.225
2732,15.219999999999999
2733,15.14
2734,15.1
2735,15.04
2736,15.0399
2737,15.0325
2738,15.02
2739,15.02
2740,15.249099999999999
2741,15.27
2742,15.2799
2743,15.230000000000002
2744,15.200000000000001
2745,15.13
2746,15.18
2747,15.200000000000001
2748,15.200000000000001
2749,15.21
2750,15.195
2751,15.17
2752,15.189999999999998
2753,15.1896
2754,15.31
2755,15.41
2756,15.419999999999998
2757,15.45
2758,15.49
2759,15.57
2760,15.6
2761,15.5918
2762,15.585000000000003
2763,15.51
2764,15.534999999999998
2765,15.470000000000002
2766,15.419999999999998
2767,15.430000000000001
2768,15.49
2769,15.5299
2770,15.4538
2771,15.3801
2772,15.430000000000001
2773,15.4
2774,15.37
2775,15.3995
2776,15.34
2777,15.3299
2778,15.33
2779,15.29
2780,15.315000000000001
2781,15.25
2782,15.265
2783,15.2595
2784,15.29
2785,15.31
2786,15.27
2787,15.285
2788,15.3
2789,15.29
2790,15.25
2791,15.3
2792,15.24
2793,15.24
2794,14.96
2795,14.9291
2796,14.84
2797,14.685
2798,14.63
2799,14.68
2800,14.68
2801,14.62
2802,14.58
2803,14.57
2804,14.565
2805,14.62
2806,14.62
2807,14.67
2808,14.549999999999999
2809,14.560000000000002
2810,14.54
2811,14.6
2812,14.66
2813,14.65
2814,14.6
2815,14.560000000000002
2816,14.5395
2817,14.49
2818,14.519999999999998
2819,14.58
2820,14.57
2821,14.760000000000002
2822,14.7073
2823,14.61
2824,14.67
2825,14.61
2826,14.519999999999998
2827,14.5538
2828,14.6
2829,14.6342
2830,14.61
2831,14.575
2832,14.525
2833,14.5
2834,14.5212
2835,14.519999999999998
2836,14.530000000000001
2837,14.48
2838,14.560000000000002
2839,14.519999999999998
2840,14.54
2841,14.519999999999998
2842,14.568999999999999
2843,14.530000000000001
2844,14.41
2845,14.35
2846,14.37
2847,14.37
2848,14.279999999999998
2849,14.14
2850,13.81
2851,13.75
2852,13.620000000000001
2853,13.71
2854,13.745000000000001
2855,13.81
2856,13.839999999999998
2857,13.839999999999998
2858,13.798
2859,13.8899
2860,14.06
2861,13.96
2862,13.935
2863,14.045
2864,14.0818
2865,14.12
2866,14.1
2867,14.12
2868,14.03
2869,14.01
2870,14.025
2871,14.005000000000003
2872,14.0
2873,14.02
2874,14.02
2875,13.94
2876,13.87
2877,13.839999999999998
2878,13.839999999999998
2879,13.83
2880,13.8101
2881,13.849900000000002
2882,13.76
2883,13.75
2884,13.839999999999998
2885,13.81
2886,13.777999999999999
2887,13.72
2888,13.735000000000001
2889,13.7407
2890,13.754999999999999
2891,13.785
2892,13.81
2893,13.7699
2894,13.7993
2895,13.77
2896,13.8
2897,13.849999999999998
2898,13.839999999999998
2899,13.94
2900,13.839999999999998
2901,13.839999999999998
2902,14.16
2903,14.215
2904,14.279999999999998
2905,14.24
2906,14.16
2907,14.18
2908,14.1901
2909,14.11
2910,14.2
2911,14.2
2912,14.19
2913,14.14
2914,14.079900000000002
2915,14.090000000000002
2916,14.0404
2917,14.05
2918,13.98
2919,13.964999999999998
2920,13.87
2921,13.96
2922,13.98
2923,13.93
2924,13.94
2925,13.922
2926,14.0
2927,14.065
2928,14.06
2929,14.24
2930,14.25
2931,14.320000000000002
2932,14.34
2933,14.37
2934,14.3801
2935,14.35
2936,14.35
2937,14.320000000000002
2938,14.275
2939,14.285
2940,14.309999999999999
2941,14.34
2942,14.36
2943,14.42
2944,14.48
2945,14.4029
2946,14.48
2947,14.485
2948,14.4893
2949,14.49
2950,14.560000000000002
2951,14.58
2952,14.6
2953,14.65
2954,14.71
2955,14.71
2956,14.82
2957,14.8395
2958,14.83
2959,14.85
2960,14.811
2961,14.69
2962,14.73
2963,14.71
2964,14.6893
2965,14.675000000000002
2966,14.71
2967,14.73
2968,14.68
2969,14.6801
2970,14.7301
2971,14.739
2972,14.7407
2973,14.72
2974,14.68
2975,14.655
2976,14.69
2977,14.7195
2978,14.64
2979,14.755
2980,14.8
2981,14.855
2982,14.86
2983,14.805
2984,14.805
2985,14.86
2986,14.87
2987,14.94
2988,14.9
2989,14.880600000000001
2990,14.88
2991,14.94
2992,14.949999999999998
2993,14.947000000000001
2994,14.989999999999998
2995,14.949999999999998
2996,14.94
2997,14.97
2998,14.965
2999,14.989999999999998
3000,15.01
3001,15.0
3002,15.02
3003,15.05
3004,15.105
3005,15.1076
3006,15.07
3007,15.1
3008,15.089999999999998
3009,15.11
3010,15.089999999999998
3011,15.150099999999998
3012,15.12
3013,15.11
3014,15.102
3015,15.059999999999999
3016,15.05
3017,15.059999999999999
3018,15.082
3019,15.080400000000001
3020,15.18
3021,15.14
3022,15.200000000000001
3023,15.14
3024,15.18
3025,15.22
3026,15.16
3027,15.24
3028,15.205
3029,15.21
3030,15.23
3031,15.205
3032,15.23
3033,15.21
3034,15.21
3035,15.21
3036,15.4995
3037,15.52
3038,15.5
3039,15.5776
3040,15.5585
3041,15.6201
3042,15.6499
3043,15.64
3044,15.645
3045,15.6
3046,15.66
3047,15.69
3048,15.665000000000001
3049,15.6095
3050,15.59
3051,15.57
3052,15.595
3053,15.539999999999997
3054,15.58
3055,15.58
3056,15.63
3057,15.645
3058,15.6807
3059,15.69
3060,15.7
3061,15.67
3062,15.5
3063,15.5
3064,15.4705
3065,15.5
3066,15.49
3067,15.5
3068,15.5213
3069,15.545
3070,15.6
3071,15.5699
3072,15.5918
3073,15.66
3074,15.695
3075,15.655
3076,15.63
3077,15.63
3078,15.64
3079,15.5601
3080,15.55
3081,15.57
3082,15.6
3083,15.57
3084,15.63
3085,15.575
3086,15.67
3087,15.67
3088,15.39
3089,15.39
3090,15.175
3091,15.200000000000001
3092,15.175
3093,15.16
3094,15.1487
3095,15.18
3096,15.1377
3097,15.107999999999997
3098,15.13
3099,15.11
3100,15.1199
3101,15.14
3102,15.165
3103,15.2266
3104,15.23
3105,15.22
3106,15.184999999999999
3107,15.27
3108,15.265
3109,15.282
3110,15.19
3111,15.26
3112,15.36
3113,15.39
3114,15.39
3115,14.45
3116,14.42
3117,14.46
3118,14.345
3119,14.3218
3120,14.23
3121,14.2
3122,14.1385
3123,14.2301
3124,14.12
3125,14.2
3126,14.234999999999998
3127,14.2094
3128,14.12
3129,14.15
3130,14.130000000000003
3131,14.0693
3132,14.05
3133,14.07
3134,14.0301
3135,14.0
3136,14.03
3137,14.020000000000001
3138,13.99
3139,14.020000000000001
3140,14.0
3141,13.98
3142,13.69
3143,13.65
3144,13.589
3145,13.52
3146,13.4581
3147,13.38
3148,13.41
3149,13.450999999999999
3150,13.345
3151,13.3893
3152,13.4093
3153,13.5
3154,13.450999999999999
3155,13.49
3156,13.5
3157,13.48
3158,13.4
3159,13.43
3160,13.498
3161,13.53
3162,13.54
3163,13.59
3164,13.65
3165,13.58
3166,13.61
3167,13.61
3168,13.61
3169,13.43
3170,13.43
3171,13.44
3172,13.54
3173,13.5799
3174,13.59
3175,13.58
3176,13.570000000000002
3177,13.510500000000002
3178,13.490700000000002
3179,13.47
3180,13.4676
3181,13.5
3182,13.53
3183,13.47
3184,13.5299
3185,13.570000000000002
3186,13.63
3187,13.6104
3188,13.67
3189,13.75
3190,13.76
3191,13.78
3192,13.82
3193,13.7595
3194,13.76
3195,13.769999999999998
3196,13.8
3197,13.73
3198,13.748999999999999
3199,13.85
3200,13.765
3201,13.710000000000003
3202,13.6099
3203,13.570000000000002
3204,13.5587
3205,13.61
3206,13.635
3207,13.61
3208,13.62
3209,13.570000000000002
3210,13.58
3211,13.55
3212,13.5707
3213,13.5885
3214,13.44
3215,13.43
3216,13.4595
3217,13.3899
3218,13.435
3219,13.3996
3220,13.34
3221,13.36
3222,13.36
3223,13.72
3224,13.7415
3225,13.8107
3226,13.851800000000003
3227,13.79
3228,13.7705
3229,13.72
3230,13.769999999999998
3231,13.72
3232,13.68
3233,13.7
3234,13.710000000000003
3235,13.710000000000003
3236,13.76
3237,13.755
3238,13.742999999999999
3239,13.741
3240,13.7305
3241,13.765
3242,13.76
3243,13.72
3244,13.745
3245,13.739999999999998
3246,13.7365
3247,13.655
3248,13.65
3249,13.66
3250,13.584999999999999
3251,13.5
3252,13.52
3253,13.591
3254,13.62
3255,13.61
3256,13.600000000000001
3257,13.59
3258,13.535
3259,13.600000000000001
3260,13.587
3261,13.6201
3262,13.584999999999999
3263,13.6199
3264,13.64
3265,13.710000000000003
3266,13.68
3267,13.735
3268,13.769999999999998
3269,13.769999999999998
3270,13.765
3271,13.75
3272,13.745
3273,13.739999999999998
3274,13.66
3275,13.73
3276,13.739999999999998
3277,13.769999999999998
3278,13.79
3279,13.95
3280,13.889000000000001
3281,13.885
3282,13.935
3283,13.939999999999998
3284,13.95
3285,14.020000000000001
3286,14.08
3287,14.105
3288,14.1196
3289,14.07
3290,14.085
3291,14.09
3292,14.1
3293,14.12
3294,14.160000000000002
3295,14.17
3296,14.11
3297,14.07
3298,14.06
3299,14.07
3300,14.1006
3301,14.160000000000002
3302,14.135
3303,14.15
3304,14.51
3305,14.469999999999999
3306,14.2899
3307,14.329999999999998
3308,14.32
3309,14.359999999999998
3310,14.26
3311,14.23
3312,14.27
3313,14.34
3314,14.365
3315,14.3499
3316,14.35
3317,14.32
3318,14.28
3319,14.23
3320,14.24
3321,14.27
3322,14.2993
3323,14.300000000000002
3324,14.25
3325,14.225
3326,14.23
3327,14.28
3328,14.2
3329,14.18
3330,14.190000000000001
3331,14.155
3332,14.135
3333,14.09
3334,14.08
3335,14.07
3336,14.069
3337,14.07
3338,14.0499
3339,14.0895
3340,14.06
3341,14.055
3342,14.07
3343,14.07
3344,14.12
3345,14.1199
3346,14.0805
3347,14.08
3348,14.085
3349,14.0701
3350,14.04
3351,14.0209
3352,14.04
3353,13.98
3354,14.017
3355,14.042200000000001
3356,14.01
3357,13.99
3358,14.160000000000002
3359,14.17
3360,14.14
3361,14.14
3362,14.12
3363,14.12
3364,14.05
3365,13.96
3366,13.959900000000001
3367,13.95
3368,13.985
3369,13.99
3370,13.9127
3371,13.98
3372,14.0
3373,14.01
3374,14.034
3375,14.0195
3376,14.01
3377,14.06
3378,14.0604
3379,14.07
3380,14.08
3381,14.105
3382,14.03
3383,14.020000000000001
3384,14.03
3385,14.020000000000001
3386,14.11
3387,14.12
3388,14.1218
3389,14.23
3390,14.158
3391,14.21
3392,14.15
3393,14.17
3394,14.17
3395,14.14
3396,14.125
3397,14.1195
3398,14.14
3399,14.1
3400,14.091
3401,14.07
3402,13.9937
3403,14.0499
3404,14.085
3405,14.1
3406,14.0455
3407,14.1106
3408,14.160000000000002
3409,14.125
3410,14.04
3411,14.04
3412,14.31
3413,14.3127
3414,14.45
3415,14.41
3416,14.38
3417,14.395
3418,14.39
3419,14.375
3420,14.39
3421,14.4325
3422,14.44
3423,14.4299
3424,14.41
3425,14.43
3426,14.4224
3427,14.41
3428,14.39
3429,14.38
3430,14.4
3431,14.39
3432,14.42
3433,14.43
3434,14.4401
3435,14.459000000000001
3436,14.469999999999999
3437,14.44
3438,14.45
3439,14.425000000000002
3440,14.43
3441,14.29
3442,14.3602
3443,14.3775
3444,14.359999999999998
3445,14.39
3446,14.411
3447,14.44
3448,14.41
3449,14.3807
3450,14.3601
3451,14.37
3452,14.359999999999998
3453,14.345
3454,14.35
3455,14.35
3456,14.362500000000002
3457,14.37
3458,14.38
3459,14.3988
3460,14.395
3461,14.4
3462,14.365
3463,14.32
3464,14.34
3465,14.34
3466,14.325
3467,14.31
3468,14.295
3469,14.2395
3470,14.18
3471,14.2
3472,14.2
3473,14.22
3474,14.2
3475,14.160000000000002
3476,14.18
3477,14.21
3478,14.21
3479,14.17
3480,14.15
3481,14.1599
3482,14.160000000000002
3483,14.155
3484,14.1607
3485,14.15
3486,14.1701
3487,14.155
3488,14.155
3489,14.17
3490,14.2
3491,14.190000000000001
3492,14.190000000000001
3493,14.06
3494,14.07
3495,14.06
3496,14.020000000000001
3497,14.0
3498,13.98
3499,14.0199
3500,13.99
3501,13.9995
3502,13.99
3503,13.98
3504,14.02
3505,13.995
3506,13.99
3507,13.97
3508,13.97
3509,13.975
3510,14.01
3511,13.9993
3512,14.0
3513,13.995
3514,13.995
3515,14.04
3516,14.05
3517,14.025
3518,14.03
3519,14.02
3520,13.96
3521,14.0299
3522,14.007
3523,14.0
3524,13.93
3525,13.85
3526,13.8
3527,13.8
3528,13.8
3529,13.8
3530,13.805
3531,13.7801
3532,13.81
3533,13.78
3534,13.79
3535,13.7907
3536,13.8
3537,13.83
3538,13.78
3539,13.779000000000002
3540,13.77
3541,13.81
3542,13.82
3543,13.8795
3544,13.925
3545,13.96
3546,13.96
3547,13.8
3548,13.78
3549,13.783
3550,13.78
3551,13.82
3552,13.82
3553,13.81
3554,13.82
3555,13.84
3556,13.84
3557,13.86
3558,13.88
3559,13.89
3560,13.8793
3561,13.845
3562,13.8575
3563,13.86
3564,13.9
3565,13.92
3566,13.9
3567,13.93
3568,13.92
3569,13.85
3570,13.86
3571,13.87
3572,13.9
3573,13.91
3574,13.6999
3575,13.71
3576,13.7301
3577,13.725
3578,13.7
3579,13.675
3580,13.69
3581,13.69
3582,13.71
3583,13.695
3584,13.67
3585,13.685
3586,13.665
3587,13.6699
3588,13.67
3589,13.62
3590,13.619000000000002
3591,13.68
3592,13.68
3593,13.73
3594,13.8
3595,13.735
3596,13.690999999999999
3597,13.705
3598,13.7
3599,13.64
3600,13.63
3601,13.4
3602,13.39
3603,13.395
3604,13.385
3605,13.3407
3606,13.34
3607,13.31
3608,13.33
3609,13.3091
3610,13.3
3611,13.27
3612,13.265
3613,13.235
3614,13.23
3615,13.24
3616,13.23
3617,13.23
3618,13.22
3619,13.24
3620,13.2799
3621,13.225
3622,13.22
3623,13.22
3624,13.205
3625,13.185
3626,13.185
3627,13.19
3628,13.32
3629,13.18
3630,13.22
3631,13.16
3632,13.2
3633,13.1885
3634,13.14
3635,13.185
3636,13.13
3637,13.15
3638,13.15
3639,13.1611
3640,13.15
3641,13.19
3642,13.17
3643,13.15
3644,13.13
3645,13.12
3646,13.1
3647,13.119000000000002
3648,13.0801
3649,13.1
3650,13.1489
3651,13.125
3652,13.09
3653,13.065
3654,13.0625
3655,13.15
3656,13.25
3657,13.2699
3658,13.245
3659,13.3
3660,13.25
3661,13.245
3662,13.26
3663,13.2576
3664,13.24
3665,13.2405
3666,13.255
3667,13.26
3668,13.315
3669,13.31
3670,13.32
3671,13.32
3672,13.305
3673,13.265
3674,13.275
3675,13.285
3676,13.2725
3677,13.305
3678,13.285
3679,13.265
3680,13.24
3681,13.23
3682,13.215
3683,13.174000000000001
3684,13.24
3685,13.2593
3686,13.27
3687,13.22
3688,13.185
3689,13.215
3690,13.25
3691,13.2301
3692,13.245
3693,13.24
3694,13.225
3695,13.1895
3696,13.2
3697,13.21
3698,13.22
3699,13.205
3700,13.16
3701,13.175
3702,13.18
3703,13.15
3704,13.16
3705,13.195
3706,13.21
3707,13.2089
3708,13.19
3709,13.33
3710,13.27
3711,13.248
3712,13.21
3713,13.175
3714,13.25
3715,13.34
3716,13.34
3717,13.37
3718,13.3208
3719,13.26
3720,13.3
3721,13.2876
3722,13.34
3723,13.37
3724,13.3475
3725,13.3395
3726,13.335999999999999
3727,13.3407
3728,13.3
3729,13.2876
3730,13.2393
3731,13.23
3732,13.2099
3733,13.2
3734,13.21
3735,13.29
3736,13.275
3737,13.31
3738,13.315
3739,13.355
3740,13.36
3741,13.43
3742,13.415
3743,13.47
3744,13.4403
3745,13.41
3746,13.4
3747,13.395
3748,13.45
3749,13.465
3750,13.46
3751,13.45
3752,13.47
3753,13.44
3754,13.4293
3755,13.4293
3756,13.43
3757,13.36
3758,13.35
3759,13.34
3760,13.32
3761,13.32
3762,13.355
3763,13.31
3764,13.21
3765,13.1895
3766,13.12
3767,13.1345
3768,13.08
3769,13.09
3770,13.025
3771,13.055
3772,13.07
3773,13.13
3774,13.115
3775,13.0995
3776,13.08
3777,13.08
3778,13.0305
3779,13.04
3780,13.07
3781,13.06
3782,13.05
3783,13.0485
3784,13.055
3785,13.075
3786,13.045
3787,13.02
3788,13.02
3789,12.86
3790,12.8001
3791,12.806
3792,12.84
3793,12.87
3794,12.875
3795,12.835
3796,12.86
3797,12.81
3798,12.76
3799,12.8
3800,12.815
3801,12.805
3802,12.815
3803,12.84
3804,12.86
3805,12.8707
3806,12.855
3807,12.84
3808,12.83
3809,12.878
3810,12.86
3811,12.88
3812,12.865
3813,12.87
3814,12.8701
3815,12.87
3816,13.0499
3817,13.06
3818,13.05
3819,13.025
3820,13.03
3821,12.99
3822,13.02
3823,13.01
3824,13.025
3825,12.98
3826,13.02
3827,13.015
3828,13.005
3829,13.02
3830,12.992
3831,12.99
3832,12.96
3833,12.97
3834,13.0
3835,12.995
3836,13.0014
3837,12.99
3838,12.99
3839,12.93
3840,12.9
3841,12.87
3842,12.87
3843,12.7
3844,12.73
3845,12.65
3846,12.7001
3847,12.715
3848,12.705
3849,12.71
3850,12.68
3851,12.74
3852,12.73
3853,12.75
3854,12.71
3855,12.715
3856,12.68
3857,12.67
3858,12.715
3859,12.66
3860,12.6576
3861,12.6818
3862,12.7
3863,12.715
3864,12.735
3865,12.725
3866,12.745
3867,12.692
3868,12.65
3869,12.64
3870,12.5495
3871,12.48
3872,12.48
3873,12.46
3874,12.455
3875,12.54
3876,12.515
3877,12.54
3878,12.52
3879,12.5255
3880,12.5
3881,12.485
3882,12.47
3883,12.47
3884,12.491
3885,12.5
3886,12.5229
3887,12.525
3888,12.53
3889,12.54
3890,12.61
3891,12.6318
3892,12.64
3893,12.56
3894,12.69
3895,12.66
3896,12.66
3897,12.77
3898,12.7318
3899,12.8
3900,12.8018
3901,12.87
3902,12.85
3903,12.78
3904,12.758
3905,12.74
3906,12.74
3907,12.73
3908,12.71
3909,12.7245
3910,12.69
3911,12.6607
3912,12.67
3913,12.685
3914,12.6601
3915,12.58
3916,12.59
3917,12.585
3918,12.525
3919,12.555
3920,12.54
3921,12.555
3922,12.48
3923,12.47
3924,12.53
3925,12.47
3926,12.52
3927,12.58
3928,12.63
3929,12.6
3930,12.66
3931,12.66
3932,12.61
3933,12.59
3934,12.65
3935,12.63
3936,12.61
3937,12.61
3938,12.6
3939,12.61
3940,12.6
3941,12.65
3942,12.64
3943,12.63
3944,12.67
3945,12.63
3946,12.6
3947,12.64
3948,12.63
3949,12.62
3950,12.64
3951,12.53
3952,12.53
3953,12.5
3954,12.49
3955,12.46
3956,12.49
3957,12.46
3958,12.47
3959,12.43
3960,12.44
3961,12.44
3962,12.43
3963,12.44
3964,12.43
3965,12.42
3966,12.37
3967,12.39
3968,12.36
3969,12.34
3970,12.37
3971,12.37
3972,12.34
3973,12.33
3974,12.31
3975,12.34
3976,12.29
3977,12.32
3978,12.22
3979,12.24
3980,12.28
3981,12.2776
3982,12.265
3983,12.33
3984,12.34
3985,12.3999
3986,12.45
3987,12.47
3988,12.47
3989,12.435
3990,12.43
3991,12.46
3992,12.445
3993,12.45
3994,12.45
3995,12.5025
3996,12.4202
3997,12.35
3998,12.32
3999,12.375
4000,12.405
4001,12.39
4002,12.44
4003,12.46
4004,12.63
4005,12.73
4006,12.88
4007,12.99
4008,13.06
4009,13.08
4010,13.08
4011,13.019999999999998
4012,13.050500000000001
4013,13.06
4014,13.06
4015,13.06
4016,12.99
4017,13.0107
4018,13.065000000000001
4019,13.09
4020,13.09
4021,13.113
4022,13.1
4023,13.104999999999999
4024,13.09
4025,13.124999999999998
4026,13.18
4027,13.1593
4028,13.19
4029,13.209999999999999
4030,13.207500000000001
4031,13.201999999999998
4032,13.24
4033,13.250000000000002
4034,13.32
4035,13.350000000000001
4036,13.4145
4037,13.385
4038,13.36
4039,13.370000000000001
4040,13.345
4041,13.335000000000003
4042,13.3005
4043,13.2517
4044,13.229999999999999
4045,13.204999999999998
4046,13.209999999999999
4047,13.250000000000002
4048,13.224999999999998
4049,13.287499999999998
4050,13.229999999999999
4051,13.26
4052,13.26
4053,13.258
4054,13.285
4055,13.290999999999997
4056,13.28
4057,13.28
4058,13.62
4059,13.609999999999998
4060,13.42
4061,13.370000000000001
4062,13.404999999999998
4063,13.3749
4064,13.395
4065,13.448
4066,13.44
4067,13.42
4068,13.450000000000001
4069,13.4535
4070,13.48
4071,13.48
4072,13.4708
4073,13.465
4074,13.473899999999999
4075,13.48
4076,13.489999999999998
4077,13.514999999999999
4078,13.495
4079,13.450000000000001
4080,13.450000000000001
4081,13.48
4082,13.5
4083,13.5
4084,13.5
4085,13.4
4086,13.29
4087,13.299000000000001
4088,13.29
4089,13.29
4090,13.3
4091,13.24
4092,13.265
4093,13.26
4094,13.3
4095,13.3
4096,13.29
4097,13.312500000000002
4098,13.280999999999999
4099,13.28
4100,13.270000000000001
4101,13.285
4102,13.324999999999998
4103,13.318499999999998
4104,13.329999999999998
4105,13.28
4106,13.265
4107,13.290999999999997
4108,13.267499999999998
4109,13.250000000000002
4110,13.209999999999999
4111,13.209999999999999
4112,13.304999999999998
4113,13.29
4114,13.350000000000001
4115,13.3499
4116,13.389999999999999
4117,13.372
4118,13.409999999999998
4119,13.429300000000001
4120,13.395
4121,13.42
4122,13.44
4123,13.47
4124,13.473699999999997
4125,13.48
4126,13.463
4127,13.429999999999998
4128,13.350000000000001
4129,13.368199999999998
4130,13.38
4131,13.42
4132,13.44
4133,13.435000000000002
4134,13.430699999999998
4135,13.389999999999999
4136,13.370000000000001
4137,13.34
4138,13.370000000000001
4139,13.77
4140,13.837499999999999
4141,13.7907
4142,13.814999999999998
4143,13.789999999999997
4144,13.75
4145,13.78
4146,13.78
4147,13.810100000000002
4148,13.78
4149,13.765
4150,13.77
4151,13.76
4152,13.58
4153,13.529999999999998
4154,13.54
4155,13.58
4156,13.532000000000002
4157,13.514999999999999
4158,13.509999999999998
4159,13.54
4160,13.589999999999998
4161,13.57
4162,13.58
4163,13.56
4164,13.509999999999998
4165,13.5
4166,13.55
4167,13.585
4168,13.6195
4169,13.62
4170,13.619899999999998
4171,13.609999999999998
4172,13.593199999999998
4173,13.589999999999998
4174,13.585
4175,13.550899999999999
4176,13.54
4177,13.565
4178,13.565
4179,13.565
4180,13.585
4181,13.57
4182,13.58
4183,13.56
4184,13.56
4185,13.589999999999998
4186,13.625
4187,13.575999999999997
4188,13.58
4189,13.609999999999998
4190,13.589999999999998
4191,13.56
4192,13.55
4193,14.015
4194,14.000000000000002
4195,14.01
4196,13.994999999999997
4197,13.99
4198,13.962
4199,13.940000000000001
4200,13.959999999999999
4201,13.914999999999997
4202,13.959999999999999
4203,13.940000000000001
4204,13.879999999999999
4205,13.925000000000002
4206,13.910100000000002
4207,13.914999999999997
4208,13.9096
4209,13.920000000000002
4210,13.894999999999998
4211,13.920000000000002
4212,13.95
4213,13.9535
4214,13.93
4215,13.940000000000001
4216,13.97
4217,13.959999999999999
4218,13.95
4219,13.66
4220,13.746699999999999
4221,13.77
4222,13.7899
4223,13.7995
4224,13.76
4225,13.840000000000002
4226,13.81
4227,13.832
4228,13.817999999999998
4229,13.81
4230,13.7799
4231,13.78
4232,13.75
4233,13.7425
4234,13.701
4235,13.7
4236,13.689999999999998
4237,13.694999999999999
4238,13.68
4239,13.694999999999999
4240,13.71
4241,13.735000000000001
4242,13.760099999999998
4243,13.73
4244,13.68
4245,13.68
4246,13.575
4247,13.525
4248,13.575
4249,13.55
4250,13.580099999999998
4251,13.58
4252,13.57
4253,13.6
4254,13.65
4255,13.655000000000001
4256,13.6401
4257,13.717999999999998
4258,13.7204
4259,13.714999999999998
4260,13.76
4261,13.77
4262,13.77
4263,13.762399999999998
4264,13.755
4265,13.75
4266,13.7307
4267,13.757
4268,13.721200000000001
4269,13.78
4270,13.740000000000002
4271,13.71
4272,13.71
4273,13.62
4274,13.6
4275,13.57
4276,13.562399999999998
4277,13.57
4278,13.57
4279,13.579
4280,13.55
4281,13.565
4282,13.56
4283,13.5299
4284,13.545
4285,13.56
4286,13.54
4287,13.55
4288,13.54
4289,13.529999999999998
4290,13.52
4291,13.55
4292,13.56
4293,13.62
4294,13.629099999999998
4295,13.63
4296,13.63
4297,13.62
4298,13.589999999999998
4299,13.55
4300,13.609999999999998
4301,13.55
4302,13.532999999999998
4303,13.5124
4304,13.575
4305,13.52
4306,13.57
4307,13.509999999999998
4308,13.419899999999998
4309,13.389999999999999
4310,13.4
4311,13.42
4312,13.4
4313,13.375
4314,13.38
4315,13.4
4316,13.38
4317,13.4
4318,13.409999999999998
4319,13.429999999999998
4320,13.48
4321,13.450000000000001
4322,13.389999999999999
4323,13.389999999999999
4324,13.4
4325,13.4
4326,13.4
4327,13.409999999999998
4328,13.4005
4329,13.44
4330,13.5
4331,13.5
4332,13.565
4333,13.56
4334,13.560700000000002
4335,13.58
4336,13.57
4337,13.529999999999998
4338,13.55
4339,13.5615
4340,13.589999999999998
4341,13.57
4342,13.588
4343,13.6
4344,13.591
4345,13.5524
4346,13.6
4347,13.625
4348,13.666999999999998
4349,13.66
4350,13.65
4351,13.685
4352,13.75
4353,13.740000000000002
4354,13.885
4355,13.920000000000002
4356,13.940000000000001
4357,13.940000000000001
4358,13.920000000000002
4359,13.920000000000002
4360,13.920000000000002
4361,13.855
4362,13.86
4363,13.879999999999999
4364,13.879999999999999
4365,13.820000000000002
4366,13.820000000000002
4367,13.825
4368,13.75
4369,13.77
4370,13.77
4371,13.840000000000002
4372,13.86
4373,13.89
4374,13.940000000000001
4375,13.8393
4376,13.789999999999997
4377,13.765
4378,13.720000000000002
4379,13.65
4380,13.65
4381,13.740000000000002
4382,13.73
4383,13.65
4384,13.589999999999998
4385,13.57
4386,13.614999999999998
4387,13.56
4388,13.514999999999999
4389,13.529999999999998
4390,13.555499999999999
4391,13.56
4392,13.525
4393,13.500099999999998
4394,13.519
4395,13.47
4396,13.44
4397,13.4609
4398,13.46
4399,13.46
4400,13.445
4401,13.48
4402,13.48
4403,13.450999999999997
4404,13.429999999999998
4405,13.44
4406,13.44
4407,13.42
4408,13.3
4409,13.24
4410,13.3607
4411,13.34
4412,13.389999999999999
4413,13.38
4414,13.381999999999998
4415,13.38
4416,13.370000000000001
4417,13.36
4418,13.319899999999999
4419,13.28
4420,13.28
4421,13.2963
4422,13.28
4423,13.2801
4424,13.265
4425,13.224999999999998
4426,13.244999999999997
4427,13.24
4428,13.2
4429,13.2
4430,13.229999999999999
4431,13.19
4432,13.129999999999999
4433,13.150000000000002
4434,13.170000000000002
4435,13.324999999999998
4436,13.340100000000001
4437,13.329999999999998
4438,13.4
4439,13.48
4440,13.4607
4441,13.450000000000001
4442,13.438500000000001
4443,13.370000000000001
4444,13.420500000000002
4445,13.409999999999998
4446,13.429999999999998
4447,13.48
4448,13.460999999999999
4449,13.47
4450,13.48
4451,13.491999999999999
4452,13.509999999999998
4453,13.54
4454,13.52
4455,13.57
4456,13.54
4457,13.545
4458,13.505
4459,13.57
4460,13.589999999999998
4461,13.6
4462,13.485
4463,13.489999999999998
4464,13.489500000000001
4465,13.46
4466,13.509999999999998
4467,13.5
4468,13.450000000000001
4469,13.429099999999998
4470,13.42
4471,13.4285
4472,13.4195
4473,13.409999999999998
4474,13.395
4475,13.395
4476,13.38
4477,13.412500000000001
4478,13.44
4479,13.429999999999998
4480,13.419599999999999
4481,13.409999999999998
4482,13.409999999999998
4483,13.389999999999999
4484,13.370000000000001
4485,13.329999999999998
4486,13.29
4487,13.250000000000002
4488,13.24
4489,13.24
4490,13.29
4491,13.215
4492,13.19
4493,13.1927
4494,13.185
4495,13.175
4496,13.250000000000002
4497,13.270000000000001
4498,13.231600000000002
4499,13.262
4500,13.29
4501,13.26
4502,13.275000000000002
4503,13.23
4504,13.22
4505,13.262
4506,13.29
4507,13.2307
4508,13.205
4509,13.179999999999998
4510,13.195
4511,13.23
4512,13.2
4513,13.24
4514,13.27
4515,13.27
4516,13.16
4517,13.165000000000001
4518,13.1693
4519,13.16
4520,13.145
4521,13.16
4522,13.1699
4523,13.2
4524,13.205
4525,13.26
4526,13.23
4527,13.22
4528,13.2
4529,13.19
4530,13.179999999999998
4531,13.179999999999998
4532,13.17
4533,13.205
4534,13.205
4535,13.16
4536,13.19
4537,13.17
4538,13.122
4539,13.11
4540,13.054999999999998
4541,13.11
4542,13.11
4543,13.36
4544,13.295
4545,13.27
4546,13.25
4547,13.245
4548,13.17
4549,13.16
4550,13.09
4551,13.1565
4552,13.1
4553,13.095
4554,13.11
4555,13.14
4556,13.165000000000001
4557,13.12
4558,13.14
4559,13.128
4560,13.11
4561,13.102500000000001
4562,13.12
4563,13.14
4564,13.139000000000001
4565,13.08
4566,13.1284
4567,13.125
4568,13.11
4569,13.102500000000001
4570,13.21
4571,13.179999999999998
4572,13.16
4573,13.09
4574,13.150000000000002
4575,13.1255
4576,13.12
4577,13.125
4578,13.14
4579,13.135
4580,13.12
4581,13.115
4582,13.11
4583,13.115
4584,13.21
4585,13.188999999999998
4586,13.179999999999998
4587,13.2391
4588,13.3409
4589,13.33
4590,13.335
4591,13.349999999999998
4592,13.38
4593,13.31
4594,13.275000000000002
4595,13.2999
4596,13.3
4597,13.4207
4598,13.29
4599,13.339199999999998
4600,13.38
4601,13.31
4602,13.34
4603,13.31
4604,13.349999999999998
4605,13.305000000000001
4606,13.22
4607,13.2307
4608,13.245
4609,13.23
4610,13.251
4611,13.25
4612,13.26
4613,13.24
4614,13.21
4615,13.179999999999998
4616,13.1815
4617,13.2
4618,13.181
4619,13.179999999999998
4620,13.17
4621,13.167
4622,13.150000000000002
4623,13.150000000000002
4624,13.27
4625,13.349
4626,13.315
4627,13.302999999999999
4628,13.29
4629,13.33
4630,13.39
4631,13.38
4632,13.4601
4633,13.4
4634,13.49
4635,13.48
4636,13.495
4637,13.51
4638,13.549499999999998
4639,13.539900000000001
4640,13.56
4641,13.570000000000002
4642,13.56
4643,13.56
4644,13.58
4645,13.575
4646,13.62
4647,13.61
4648,13.61
4649,13.570000000000002
4650,13.56
4651,13.5395
4652,13.49
4653,13.48
4654,13.52
4655,13.495
4656,13.48
4657,13.495
4658,13.51
4659,13.55
4660,13.5507
4661,13.535
4662,13.479900000000002
4663,13.48
4664,13.47
4665,13.42
4666,13.44
4667,13.44
4668,13.4307
4669,13.37
4670,13.412499999999998
4671,13.37
4672,13.39
4673,13.36
4674,13.36
4675,13.36
4676,13.37
4677,13.379000000000003
4678,13.4591
4679,13.4045
4680,13.4107
4681,13.425
4682,13.374
4683,13.36
4684,13.349999999999998
4685,13.349999999999998
4686,13.36
4687,13.31
4688,13.3
4689,13.275000000000002
4690,13.26
4691,13.27
4692,13.3
4693,13.27
4694,13.270699999999998
4695,13.29
4696,13.3115
4697,13.319999999999999
4698,13.319999999999999
4699,13.319999999999999
4700,13.33
4701,13.31
4702,13.319999999999999
4703,13.31
4704,13.31
4705,13.340999999999998
4706,13.330199999999998
4707,13.335
4708,13.31
4709,13.3564
4710,13.44
4711,13.4196
4712,13.45
4713,13.4393
4714,13.425
4715,13.419
4716,13.42
4717,13.37
4718,13.33
4719,13.3
4720,13.25
4721,13.150000000000002
4722,13.17
4723,13.150000000000002
4724,13.225
4725,13.21
4726,13.150000000000002
4727,13.168000000000001
4728,13.16
4729,13.2
4730,13.1758
4731,13.179999999999998
4732,13.1893
4733,13.1785
4734,13.2138
4735,13.19
4736,13.17
4737,13.150000000000002
4738,13.1501
4739,13.179999999999998
4740,13.179999999999998
4741,13.179999999999998
4742,13.185
4743,13.165000000000001
4744,13.1699
4745,13.167
4746,13.165000000000001
4747,13.150000000000002
4748,13.16
4749,13.175
4750,13.16
4751,13.179999999999998
4752,13.175
4753,13.16
4754,13.155
4755,13.14
4756,13.13
4757,13.135
4758,13.150000000000002
4759,13.195
4760,13.28
4761,13.29
4762,13.2499
4763,13.3
4764,13.305000000000001
4765,13.3
4766,13.319999999999999
4767,13.31
4768,13.29
4769,13.31
4770,13.3035
4771,13.3137
4772,13.3
4773,13.315
4774,13.31
4775,13.31
4776,13.309000000000001
4777,13.38
4778,13.355
4779,13.365
4780,13.349999999999998
4781,13.369299999999999
4782,13.49
4783,13.46
4784,13.51
4785,13.52
4786,13.52
4787,13.5
4788,13.46
4789,13.46
4790,13.41
4791,13.47
4792,13.51
4793,13.43
4794,13.45
4795,13.456399999999999
4796,13.46
4797,13.49
4798,13.47
4799,13.45
4800,13.47
4801,13.4596
4802,13.474
4803,13.45
4804,13.46
4805,13.44
4806,13.41
4807,13.349999999999998
4808,13.3201
4809,13.305000000000001
4810,13.319999999999999
4811,13.285
4812,13.29
4813,12.71
4814,12.789999999999997
4815,12.74
4816,12.69
4817,12.789999999999997
4818,12.7093
4819,12.7
4820,12.66
4821,12.619999999999997
4822,12.619999999999997
4823,12.64
4824,12.53
4825,12.5427
4826,12.53
4827,12.51
4828,12.51
4829,12.55
4830,12.529300000000001
4831,12.47
4832,12.509
4833,12.51
4834,12.494999999999997
4835,12.505
4836,12.55
4837,12.555
4838,12.57
4839,12.6
4840,12.32
4841,12.32
4842,11.75
4843,11.91
4844,12.0801
4845,12.1499
4846,12.125000000000002
4847,12.13
4848,12.07
4849,12.061
4850,12.05
4851,12.015
4852,12.005
4853,12.011
4854,12.01
4855,11.98
4856,12.04
4857,12.07
4858,12.08
4859,12.01
4860,11.970000000000002
4861,11.91
4862,11.927999999999999
4863,11.96
4864,11.98
4865,11.98
4866,11.98
4867,11.915
4868,12.029999999999998
4869,11.999999999999998
4870,12.06
4871,12.06
4872,12.029999999999998
4873,12.029999999999998
4874,12.005
4875,11.999999999999998
4876,11.999999999999998
4877,11.99
4878,11.999999999999998
4879,11.999999999999998
4880,11.999999999999998
4881,11.995
4882,11.995
4883,11.9995
4884,11.99
4885,12.015
4886,12.045
4887,12.069700000000001
4888,12.2918
4889,12.36
4890,12.32
4891,12.339
4892,12.34
4893,12.2299
4894,12.1295
4895,12.1
4896,12.289000000000001
4897,12.35
4898,12.405
4899,12.43
4900,12.35
4901,12.38
4902,12.4039
4903,12.41
4904,12.37
4905,12.324999999999998
4906,12.290999999999999
4907,12.29
4908,12.28
4909,12.265000000000002
4910,12.058
4911,12.06
4912,11.989
4913,12.015
4914,11.96
4915,11.84
4916,11.770500000000002
4917,11.82
4918,11.79
4919,11.800000000000002
4920,11.4
4921,11.26
4922,11.3
4923,11.3599
4924,11.45
4925,11.380000000000003
4926,11.4
4927,11.5
4928,11.511
4929,11.43
4930,11.51
4931,11.59
4932,11.579999999999998
4933,11.73
4934,11.66
4935,11.685
4936,11.62
4937,11.645
4938,11.67
4939,11.74
4940,11.7475
4941,11.76
4942,11.779499999999999
4943,11.87
4944,11.7899
4945,11.74
4946,11.75
4947,11.755
4948,11.769900000000002
4949,11.7
4950,11.67
4951,11.65
4952,11.5999
4953,11.47
4954,11.4
4955,11.35
4956,11.465
4957,11.39
4958,11.4299
4959,11.39
4960,11.439999999999998
4961,11.45
4962,11.42
4963,11.380000000000003
4964,11.380000000000003
4965,11.4
4966,11.390999999999998
4967,11.4
4968,11.389
4969,11.349
4970,11.3892
4971,11.37
4972,11.36
4973,11.36
4974,11.525
4975,11.48
4976,11.47
4977,11.475
4978,11.47
4979,11.5
4980,11.4885
4981,11.435
4982,11.46
4983,11.465
4984,11.425
4985,11.46
4986,11.4999
4987,11.5
4988,11.485
4989,11.51
4990,11.47
4991,11.42
4992,11.4693
4993,11.45
4994,11.439999999999998
4995,11.43
4996,11.439999999999998
4997,11.435
4998,11.43
4999,11.439999999999998
5000,11.44
5001,11.4701
5002,11.48
5003,11.4095
5004,11.4099
5005,11.4
5006,11.4
5007,11.3701
5008,11.34
5009,11.29
5010,11.2604
5011,11.249
5012,11.16
5013,11.1755
5014,11.1416
5015,11.18
5016,11.25
5017,11.25
5018,11.17
5019,11.1
5020,11.1
5021,11.15
5022,11.16
5023,11.2
5024,11.23
5025,11.24
5026,11.16
5027,11.16
5028,11.265
5029,11.29
5030,11.31
5031,11.32
5032,11.3593
5033,11.43
5034,11.41
5035,11.47
5036,11.3799
5037,11.365
5038,11.43
5039,11.39
5040,11.34
5041,11.375
5042,11.38
5043,11.35
5044,11.36
5045,11.355
5046,11.33
5047,11.32
5048,11.31
5049,11.33
5050,11.32
5051,11.32
5052,11.3061
5053,11.3
5054,11.3
5055,11.35
5056,11.469000000000001
5057,11.5272
5058,11.5
5059,11.53
5060,11.475
5061,11.5
5062,11.53
5063,11.62
5064,11.63
5065,11.58
5066,11.57
5067,11.5601
5068,11.5704
5069,11.5399
5070,11.5399
5071,11.54
5072,11.6
5073,11.545
5074,11.559000000000001
5075,11.625
5076,11.609000000000002
5077,11.59
5078,11.595
5079,11.5505
5080,11.54
5081,11.54
5082,11.675
5083,11.64
5084,11.56
5085,11.51
5086,11.52
5087,11.51
5088,11.53
5089,11.54
5090,11.54
5091,11.515
5092,11.515
5093,11.5
5094,11.51
5095,11.48
5096,11.533
5097,11.52
5098,11.515
5099,11.5095
5100,11.525
5101,11.53
5102,11.53
5103,11.5309
5104,11.49
5105,11.4398
5106,11.505
5107,11.53
5108,11.53
5109,11.5
5110,11.41
5111,11.425
5112,11.415
5113,11.39
5114,11.45
5115,11.4461
5116,11.411
5117,11.42
5118,11.4115
5119,11.4199
5120,11.41
5121,11.42
5122,11.44
5123,11.43
5124,11.45
5125,11.46
5126,11.45
5127,11.455
5128,11.43
5129,11.42
5130,11.42
5131,11.4299
5132,11.46
5133,11.4501
5134,11.44
5135,11.449000000000002
5136,11.52
5137,11.475
5138,11.51
5139,11.4975
5140,11.475
5141,11.475
5142,11.505
5143,11.5
5144,11.51
5145,11.54
5146,11.5411
5147,11.56
5148,11.56
5149,11.55
5150,11.52
5151,11.535
5152,11.54
5153,11.53
5154,11.515
5155,11.48
5156,11.44
5157,11.435
5158,11.37
5159,11.44
5160,11.455
5161,11.52
5162,11.5
5163,11.5701
5164,11.515
5165,11.43
5166,11.44
5167,11.38
5168,11.3891
5169,11.3785
5170,11.370999999999999
5171,11.355
5172,11.36
5173,11.355
5174,11.3
5175,11.36
5176,11.36
5177,11.38
5178,11.37
5179,11.4
5180,11.41
5181,11.39
5182,11.355
5183,11.331
5184,11.35
5185,11.3676
5186,11.35
5187,11.3699
5188,11.39
5189,11.4
5190,11.55
5191,11.5
5192,11.52
5193,11.53
5194,11.515
5195,11.48
5196,11.46
5197,11.47
5198,11.49
5199,11.47
5200,11.437000000000001
5201,11.43
5202,11.44
5203,11.43
5204,11.43
5205,11.3995
5206,11.43
5207,11.42
5208,11.39
5209,11.34
5210,11.45
5211,11.48
5212,11.53
5213,11.535
5214,11.505
5215,11.5276
5216,11.52
5217,11.825
5218,11.765
5219,11.761
5220,11.795
5221,11.78
5222,11.765
5223,11.758
5224,11.7164
5225,11.73
5226,11.82
5227,11.81
5228,11.79
5229,11.845
5230,11.89
5231,11.91
5232,11.9499
5233,11.92
5234,11.94
5235,11.9314
5236,11.969000000000001
5237,11.94
5238,11.9185
5239,11.99
5240,12.11
5241,12.2275
5242,12.13
5243,12.13
5244,12.365
5245,12.49
5246,12.509
5247,12.6301
5248,12.675
5249,12.63
5250,12.64
5251,12.6
5252,12.525
5253,12.46
5254,12.57
5255,12.57
5256,12.6
5257,12.63
5258,12.635
5259,12.6
5260,12.55
5261,12.54
5262,12.5
5263,12.44
5264,12.35
5265,12.315
5266,12.325
5267,12.25
5268,12.27
5269,12.35
5270,12.36
5271,12.52
5272,12.535
5273,12.545
5274,12.565
5275,12.51
5276,12.495
5277,12.49
5278,12.48
5279,12.445
5280,12.5
5281,12.51
5282,12.52
5283,12.52
5284,12.52
5285,12.53
5286,12.55
5287,12.495
5288,12.515
5289,12.555
5290,12.66
5291,12.69
5292,12.667
5293,12.6399
5294,12.67
5295,12.6536
5296,12.6
5297,12.6
5298,12.5499
5299,12.56
5300,12.59
5301,12.6199
5302,12.5701
5303,12.6
5304,12.545
5305,12.55
5306,12.56
5307,12.53
5308,12.48
5309,12.47
5310,12.44
5311,12.45
5312,12.51
5313,12.433
5314,12.4005
5315,12.375
5316,12.39
5317,12.35
5318,12.39
5319,12.39
5320,12.29
5321,12.3095
5322,12.27
5323,12.29
5324,12.285
5325,12.37
5326,12.32
5327,12.25
5328,12.24
5329,12.34
5330,12.35
5331,12.3599
5332,12.38
5333,12.38
5334,12.4
5335,12.3995
5336,12.44
5337,12.4525
5338,12.46
5339,12.43
5340,12.465
5341,12.4799
5342,12.48
5343,12.52
5344,12.55
5345,12.54
5346,12.53
5347,12.532
5348,12.5064
5349,12.49
5350,12.56
5351,12.56
5352,12.37
5353,12.41
5354,12.41
5355,12.39
5356,12.3405
5357,12.38
5358,12.34
5359,12.3325
5360,12.3224
5361,12.35
5362,12.3863
5363,12.392999999999999
5364,12.385
5365,12.34
5366,12.37
5367,12.37
5368,12.39
5369,12.43
5370,12.4105
5371,12.4099
5372,12.4
5373,12.38
5374,12.41
5375,12.405
5376,12.375
5377,12.39
5378,12.37
5379,12.315
5380,12.3
5381,12.29
5382,12.25
5383,12.245
5384,12.2
5385,12.158
5386,12.1895
5387,12.22
5388,12.19
5389,12.17
5390,12.11
5391,12.092
5392,12.07
5393,12.08
5394,12.13
5395,12.1385
5396,12.1
5397,12.11
5398,12.11
5399,12.095
5400,12.115
5401,12.12
5402,12.09
5403,12.12
5404,12.11
5405,12.12
5406,12.28
5407,12.232000000000001
5408,12.24
5409,12.227
5410,12.26
5411,12.27
5412,12.2499
5413,12.21
5414,12.24
5415,12.24
5416,12.21
5417,12.213
5418,12.22
5419,12.22
5420,12.2
5421,12.2
5422,12.2076
5423,12.205
5424,12.1762
5425,12.185
5426,12.18
5427,12.17
5428,12.14
5429,12.11
5430,12.11
5431,12.08
5432,12.1
5433,11.91
5434,11.94
5435,11.99
5436,11.963
5437,11.935
5438,11.935
5439,11.89
5440,11.9
5441,11.87
5442,11.905
5443,11.89
5444,11.88
5445,11.85
5446,11.85
5447,11.8578
5448,11.86
5449,11.875
5450,11.868
5451,11.85
5452,11.782
5453,11.75
5454,11.805
5455,11.8
5456,11.8399
5457,11.855
5458,11.95
5459,11.94
5460,11.8189
5461,11.89
5462,11.9482
5463,11.88
5464,11.84
5465,11.81
5466,11.795
5467,11.8075
5468,11.8
5469,11.79
5470,11.78
5471,11.77
5472,11.7455
5473,11.72
5474,11.71
5475,11.74
5476,11.7399
5477,11.76
5478,11.73
5479,11.6899
5480,11.69
5481,11.68
5482,11.659
5483,11.615
5484,11.655
5485,11.63
5486,11.62
5487,11.71
5488,11.6615
5489,11.7
5490,11.67
5491,11.7
5492,11.74
5493,11.735
5494,11.7525
5495,11.74
5496,11.67
5497,11.695
5498,11.7085
5499,11.715
5500,11.73
5501,11.735
5502,11.725
5503,11.7387
5504,11.72
5505,11.71
5506,11.69
5507,11.69
5508,11.71
5509,11.7
5510,11.7
5511,11.68
5512,11.69
5513,11.7
5514,11.56
5515,11.55
5516,11.59
5517,11.555
5518,11.57
5519,11.57
5520,11.575
5521,11.59
5522,11.6
5523,11.58
5524,11.5999
5525,11.59
5526,11.61
5527,11.63
5528,11.64
5529,11.63
5530,11.635
5531,11.6
5532,11.63
5533,11.6
5534,11.59
5535,11.615
5536,11.61
5537,11.61
5538,11.63
5539,11.66
5540,11.66
5541,11.505
5542,11.5
5543,11.475
5544,11.4201
5545,11.4
5546,11.33
5547,11.35
5548,11.38
5549,11.345
5550,11.325
5551,11.31
5552,11.265
5553,11.27
5554,11.295
5555,11.32
5556,11.3
5557,11.3
5558,11.305
5559,11.27
5560,11.265
5561,11.241
5562,11.25
5563,11.23
5564,11.215
5565,11.2924
5566,11.3
5567,11.3
5568,11.35
5569,11.21
5570,11.18
5571,11.13
5572,11.22
5573,11.2099
5574,11.2
5575,11.21
5576,11.215
5577,11.2315
5578,11.2099
5579,11.2
5580,11.2
5581,11.24
5582,11.17
5583,11.165
5584,11.155
5585,11.15
5586,11.1692
5587,11.1542
5588,11.158
5589,11.145
5590,11.14
5591,11.12
5592,11.11
5593,11.0964
5594,11.09
5595,11.1376
5596,11.2
5597,11.215
5598,11.23
5599,11.29
5600,11.26
5601,11.245
5602,11.23
5603,11.285
5604,11.274000000000001
5605,11.28
5606,11.28
5607,11.2861
5608,11.28
5609,11.285
5610,11.2896
5611,11.28
5612,11.25
5613,11.26
5614,11.272
5615,11.26
5616,11.245
5617,11.255
5618,11.265
5619,11.24
5620,11.27
5621,11.28
5622,11.325
5623,11.171
5624,11.19
5625,11.185
5626,11.1899
5627,11.1599
5628,11.13
5629,11.15
5630,11.11
5631,11.125
5632,11.15
5633,11.16
5634,11.165
5635,11.165
5636,11.13
5637,11.12
5638,11.12
5639,11.13
5640,11.12
5641,11.17
5642,11.13
5643,11.2395
5644,11.24
5645,11.3001
5646,11.2643
5647,11.285
5648,11.2842
5649,11.225
5650,11.27
5651,11.28
5652,11.275
5653,11.29
5654,11.3
5655,11.255
5656,11.2595
5657,11.23
5658,11.24
5659,11.2496
5660,11.3
5661,11.3
5662,11.3399
5663,11.31
5664,11.33
5665,11.33
5666,11.32
5667,11.31
5668,11.22
5669,11.2716
5670,11.241
5671,11.275
5672,11.241
5673,11.21
5674,11.2237
5675,11.17
5676,11.2
5677,11.2
5678,11.205
5679,11.2101
5680,11.1976
5681,11.2
5682,11.2187
5683,11.2188
5684,11.15
5685,11.1299
5686,11.07
5687,11.02
5688,11.08
5689,11.05
5690,10.969000000000001
5691,11.01
5692,10.94
5693,10.94
5694,10.9425
5695,11.119000000000002
5696,11.09
5697,10.9975
5698,11.0
5699,11.055
5700,11.029000000000002
5701,11.04
5702,11.0499
5703,11.03
5704,11.08
5705,11.061
5706,11.05
5707,11.04
5708,11.07
5709,11.085
5710,11.12
5711,11.1
5712,11.11
5713,11.12
5714,11.13
5715,11.145
5716,11.22
5717,11.23
5718,11.28
5719,11.290999999999999
5720,11.28
5721,11.29
5722,11.48
5723,11.4415
5724,11.568
5725,11.61
5726,11.65
5727,11.6901
5728,11.685
5729,11.6801
5730,11.6
5731,11.62
5732,11.605
5733,11.5715
5734,11.625
5735,11.6
5736,11.612
5737,11.62
5738,11.625
5739,11.635
5740,11.67
5741,11.6501
5742,11.685
5743,11.695
5744,11.655
5745,11.65
5746,11.6527
5747,11.66
5748,11.68
5749,11.59
5750,11.62
5751,11.63
5752,11.575
5753,11.595
5754,11.63
5755,11.59
5756,11.59
5757,11.59
5758,11.58
5759,11.59
5760,11.6001
5761,11.605
5762,11.61
5763,11.64
5764,11.655
5765,11.64
5766,11.645
5767,11.675
5768,11.699000000000002
5769,11.7301
5770,11.74
5771,11.73
5772,11.7899
5773,11.8399
5774,11.85
5775,11.86
5776,11.83
5777,11.76
5778,11.74
5779,11.76
5780,11.73
5781,11.72
5782,11.715
5783,11.715
5784,11.7045
5785,11.7105
5786,11.695
5787,11.665
5788,11.68
5789,11.697000000000001
5790,11.68
5791,11.69
5792,11.715
5793,11.72
5794,11.700999999999999
5795,11.705
5796,11.7
5797,11.69
5798,11.7001
5799,11.66
5800,11.705
5801,11.6425
5802,11.64
5803,11.78
5804,11.7099
5805,11.58
5806,11.61
5807,11.605
5808,11.625
5809,11.625
5810,11.63
5811,11.6889
5812,11.69
5813,11.64
5814,11.635
5815,11.630999999999998
5816,11.65
5817,11.69
5818,11.67
5819,11.68
5820,11.67
5821,11.6404
5822,11.6699
5823,11.71
5824,11.6525
5825,11.64
5826,11.62
5827,11.61
5828,11.575
5829,11.57
5830,11.73
5831,11.76
5832,11.74
5833,11.76
5834,11.74
5835,11.76
5836,11.81
5837,11.82
5838,11.83
5839,11.8401
5840,11.88
5841,11.959000000000001
5842,11.970999999999998
5843,11.915
5844,11.959000000000001
5845,11.955
5846,11.99
5847,12.0
5848,12.03
5849,12.009
5850,12.05
5851,12.0345
5852,12.01
5853,11.985
5854,11.97
5855,11.99
5856,12.0
5857,12.28
5858,12.3618
5859,12.38
5860,12.355
5861,12.37
5862,12.32
5863,12.331
5864,12.315
5865,12.31
5866,12.29
5867,12.31
5868,12.35
5869,12.375
5870,12.395
5871,12.418
5872,12.43
5873,12.4314
5874,12.44
5875,12.435
5876,12.48
5877,12.552999999999999
5878,12.6
5879,12.635
5880,12.62
5881,12.64
5882,12.63
5883,12.65
5884,12.49
5885,12.53
5886,12.49
5887,12.53
5888,12.515
5889,12.52
5890,12.515
5891,12.51
5892,12.54
5893,12.59
5894,12.6511
5895,12.61
5896,12.59
5897,12.625
5898,12.6001
5899,12.62
5900,12.628
5901,12.66
5902,12.735
5903,12.745
5904,12.84
5905,12.8001
5906,12.742
5907,12.8
5908,12.81
5909,12.78
5910,12.785
5911,12.735
5912,12.715
5913,12.73
5914,12.725
5915,12.73
5916,12.8
5917,12.76
5918,12.77
5919,12.8055
5920,12.7801
5921,12.745
5922,12.7476
5923,12.745
5924,12.75
5925,12.69
5926,12.715
5927,12.7
5928,12.729000000000001
5929,12.745
5930,12.71
5931,12.7
5932,12.635
5933,12.605
5934,12.58
5935,12.57
5936,12.53
5937,12.520999999999999
5938,12.65
5939,12.6399
5940,12.67
5941,12.665
5942,12.6
5943,12.59
5944,12.58
5945,12.6
5946,12.615
5947,12.61
5948,12.64
5949,12.64
5950,12.6113
5951,12.6
5952,12.59
5953,12.591
5954,12.59
5955,12.6
5956,12.58
5957,12.54
5958,12.45
5959,12.52
5960,12.5
5961,12.4493
5962,12.37
5963,12.41
5964,12.4
5965,12.52
5966,12.53
5967,12.4899
5968,12.46
5969,12.47
5970,12.5099
5971,12.4824
5972,12.495
5973,12.52
5974,12.5
5975,12.5
5976,12.4799
5977,12.4199
5978,12.355
5979,12.39
5980,12.4
5981,12.395
5982,12.37
5983,12.3732
5984,12.3313
5985,12.315
5986,12.305
5987,12.31
5988,12.3596
5989,12.39
5990,12.32
5991,12.32
5992,12.57
5993,12.6
5994,12.58
5995,12.57
5996,12.55
5997,12.54
5998,12.5954
5999,12.55
