,0
0,12.56
1,12.74
2,12.75
3,12.75
4,12.790000000000001
5,12.66
6,12.729999999999999
7,12.72
8,12.78
9,12.800000000000002
10,12.83
11,12.85
12,12.85
13,12.91
14,12.91
15,12.96
16,12.979999999999999
17,12.91
18,12.9825
19,12.99
20,12.96
21,12.96
22,12.949899999999998
23,12.94
24,12.93
25,12.95
26,12.96
27,13.050000000000002
28,13.099999999999998
29,13.170000000000002
30,13.19
31,13.45
32,13.43
33,13.229999999999999
34,13.21
35,13.09
36,13.14
37,13.15
38,13.1811
39,13.2
40,13.2
41,13.24
42,13.21
43,13.22
44,13.2
45,13.16
46,13.14
47,13.11
48,13.050000000000002
49,13.099999999999998
50,13.16
51,13.19
52,13.16
53,13.16
54,13.12
55,13.16
56,13.155
57,13.2
58,13.28
59,13.27
60,13.27
61,13.349999999999998
62,13.3706
63,13.41
64,13.4
65,13.37
66,13.3599
67,13.36
68,13.36
69,13.39
70,13.420000000000002
71,13.37
72,13.420000000000002
73,13.420000000000002
74,13.38
75,13.37
76,13.349999999999998
77,13.34
78,13.31
79,13.33
80,13.24
81,13.190999999999999
82,13.12
83,13.07
84,13.050000000000002
85,12.790000000000001
86,12.9
87,12.915
88,12.86
89,12.91
90,12.88
91,12.9
92,12.88
93,12.86
94,12.83
95,12.88
96,12.865
97,12.83
98,12.81
99,12.8082
100,12.729999999999999
101,12.71
102,12.670000000000002
103,12.6696
104,12.7099
105,12.7116
106,12.705
107,12.7399
108,12.68
109,12.670000000000002
110,12.66
111,12.64
112,12.64
113,12.48
114,12.420000000000002
115,12.3799
116,12.23
117,12.1201
118,12.0599
119,12.1287
120,12.16
121,12.1649
122,12.19
123,12.110000000000001
124,12.0699
125,12.09
126,12.1399
127,12.18
128,12.12
129,12.0979
130,12.1
131,12.1199
132,12.0299
133,11.99
134,12.039999999999997
135,11.9318
136,11.99
137,12.12
138,12.15
139,12.19
140,12.289999999999997
141,12.14
142,12.09
143,12.0392
144,12.025
145,12.13
146,12.1
147,12.1
148,12.18
149,12.1806
150,12.13
151,12.14
152,12.19
153,12.28
154,12.295
155,12.32
156,12.31
157,12.28
158,12.289999999999997
159,12.3105
160,12.14
161,12.169999999999998
162,12.1999
163,12.169999999999998
164,12.15
165,12.15
166,12.039999999999997
167,12.08
168,12.12
169,12.12
170,12.110000000000001
171,12.0599
172,11.98
173,11.75
174,11.811
175,11.53
176,11.45
177,11.32
178,11.39
179,11.43
180,11.54
181,11.65
182,11.6699
183,11.5684
184,11.41
185,11.35
186,11.46
187,11.54
188,11.6
189,11.5
190,11.68
191,11.799999999999999
192,11.84
193,11.91
194,11.9499
195,12.0088
196,11.96
197,11.99
198,12.03
199,12.02
200,12.03
201,12.069
202,12.08
203,12.12
204,12.22
205,12.1902
206,12.169999999999998
207,12.1888
208,12.169999999999998
209,12.169999999999998
210,12.13
211,12.050000000000002
212,12.048
213,12.06
214,12.01
215,11.99
216,11.95
217,11.9399
218,11.95
219,11.97
220,11.81
221,11.66
222,11.7
223,11.7691
224,11.669999999999998
225,11.7
226,11.732000000000001
227,11.75
228,11.73
229,11.78
230,11.811
231,11.8883
232,11.88
233,11.87
234,11.88
235,11.87
236,11.93
237,11.94
238,11.93
239,11.87
240,11.8601
241,11.84
242,11.82
243,11.7801
244,11.860000000000001
245,11.85
246,11.88
247,12.43
248,12.39
249,12.37
250,12.37
251,12.4
252,12.48
253,12.52
254,12.6
255,12.68
256,12.7
257,12.71
258,12.6799
259,12.68
260,12.6422
261,12.689
262,12.66
263,12.61
264,12.64
265,12.657500000000002
266,12.71
267,12.7018
268,12.68
269,12.75
270,12.74
271,12.87
272,12.97
273,12.99
274,12.99
275,13.07
276,12.83
277,12.91
278,12.9
279,12.870999999999999
280,12.91
281,12.91
282,13.0
283,12.985
284,12.9675
285,12.9599
286,12.93
287,12.920000000000002
288,12.965
289,12.96
290,12.927999999999999
291,12.93
292,12.88
293,12.85
294,12.8506
295,12.920000000000002
296,12.94
297,12.920000000000002
298,12.94
299,12.96
300,12.9
301,12.91
302,13.21
303,13.13
304,13.1401
305,13.21
306,13.27
307,13.2
308,13.290000000000001
309,13.3601
310,13.3599
311,13.39
312,13.37
313,13.41
314,13.44
315,13.41
316,13.44
317,13.479999999999999
318,13.53
319,13.479999999999999
320,13.49
321,13.52
322,13.540000000000001
323,13.62
324,13.55
325,13.53
326,13.52
327,13.43
328,13.420000000000002
329,13.19
330,13.170000000000002
331,13.12
332,13.15
333,13.18
334,13.158
335,13.095
336,13.12
337,13.09
338,13.099999999999998
339,13.11
340,13.1418
341,13.15
342,13.14
343,13.13
344,13.170000000000002
345,13.22
346,13.24
347,13.2879
348,13.4
349,13.4
350,13.38
351,13.25
352,13.24
353,13.22
354,13.170000000000002
355,13.170000000000002
356,13.31
357,13.46
358,13.231
359,13.28
360,13.19
361,13.025
362,12.920000000000002
363,12.87
364,12.84
365,12.84
366,12.86
367,12.9
368,12.865
369,12.89
370,12.86
371,12.9
372,12.979999999999999
373,12.920000000000002
374,12.94
375,12.93
376,12.925
377,12.89
378,12.8618
379,12.87
380,12.89
381,12.85
382,12.89
383,12.65
384,12.550000000000002
385,12.48
386,12.4499
387,12.452
388,12.48
389,12.58
390,12.4899
391,12.420000000000002
392,12.289999999999997
393,12.300000000000002
394,12.2701
395,12.2701
396,12.24
397,12.19
398,12.18
399,12.16
400,12.169999999999998
401,12.22
402,12.27
403,12.25
404,12.27
405,12.300000000000002
406,12.2701
407,12.21
408,12.24
409,12.24
410,12.01
411,12.1
412,12.2
413,12.37
414,12.37
415,12.31
416,12.22
417,12.2499
418,12.23
419,12.0799
420,12.169999999999998
421,12.15
422,12.14
423,12.1
424,12.1
425,12.13
426,12.110000000000001
427,12.1
428,12.14
429,12.110000000000001
430,12.09
431,12.06
432,12.110000000000001
433,12.09
434,12.110000000000001
435,12.18
436,12.19
437,12.06
438,12.15
439,12.21
440,12.06
441,12.09
442,12.169999999999998
443,12.18
444,12.15
445,12.169000000000002
446,12.18
447,12.22
448,12.37
449,12.37
450,12.43
451,12.45
452,12.420000000000002
453,12.37
454,12.4
455,12.38
456,12.31
457,12.36
458,12.38
459,12.33
460,12.26
461,12.31
462,12.24
463,12.23
464,12.32
465,12.32
466,12.43
467,12.4294
468,12.46
469,12.4993
470,12.58
471,12.539999999999997
472,12.5601
473,12.550000000000002
474,12.64
475,12.6
476,12.6201
477,12.63
478,12.58
479,12.58
480,12.65
481,12.670000000000002
482,12.729999999999999
483,12.78
484,12.85
485,12.8018
486,12.82
487,12.790000000000001
488,12.76
489,12.670000000000002
490,12.69
491,12.76
492,12.47
493,12.320099999999998
494,12.5
495,12.43
496,12.46
497,12.47
498,12.4704
499,12.5
500,12.56
501,12.59
502,12.54
503,12.55
504,12.57
505,12.56
506,12.5301
507,12.5699
508,12.580000000000002
509,12.61
510,12.57
511,12.55
512,12.55
513,12.57
514,12.56
515,12.54
516,12.529999999999998
517,12.510000000000002
518,12.619999999999997
519,12.728
520,12.75
521,12.78
522,12.72
523,12.79
524,12.94
525,13.040100000000002
526,13.042
527,13.0199
528,13.0
529,13.02
530,13.03
531,13.079999999999998
532,13.09
533,13.0114
534,13.02
535,13.09
536,13.0393
537,13.040100000000002
538,13.05
539,12.970000000000002
540,13.017400000000002
541,13.04
542,13.079999999999998
543,13.1
544,13.09
545,13.17
546,13.21
547,13.07
548,13.09
549,13.0906
550,13.149999999999999
551,13.130000000000003
552,13.21
553,13.200099999999999
554,13.3199
555,13.32
556,13.3101
557,13.2601
558,13.28
559,13.3211
560,13.3
561,13.26
562,13.3
563,13.29
564,13.33
565,13.37
566,13.3606
567,13.36
568,13.34
569,13.4
570,13.35
571,13.34
572,13.46
573,13.59
574,13.63
575,13.6
576,13.62
577,13.6499
578,13.74
579,13.6605
580,13.61
581,13.6778
582,13.66
583,13.63
584,13.6727
585,13.6401
586,13.5601
587,13.51
588,13.5005
589,13.53
590,13.51
591,13.5492
592,13.52
593,13.45
594,13.5
595,13.5201
596,13.57
597,13.54
598,13.52
599,13.879900000000001
600,14.109999999999998
601,13.99
602,13.97
603,13.98
604,13.97
605,13.8614
606,13.860000000000001
607,13.83
608,13.8788
609,13.89
610,13.87
611,13.9
612,13.9101
613,13.9276
614,13.9618
615,14.0
616,13.91
617,13.9199
618,13.935
619,14.020000000000001
620,13.98
621,13.98
622,14.03
623,13.92
624,13.94
625,13.97
626,14.35
627,14.28
628,14.26
629,14.24
630,14.3499
631,14.4
632,14.3973
633,14.37
634,14.39
635,14.37
636,14.31
637,14.3576
638,14.31
639,14.339999999999998
640,14.320000000000002
641,14.33
642,14.3799
643,14.38
644,14.44
645,14.45
646,14.449899999999998
647,14.4709
648,14.49
649,14.550099999999999
650,14.6301
651,14.74
652,14.79
653,15.25
654,15.31
655,15.3
656,15.38
657,15.515
658,15.51
659,15.530000000000001
660,15.45
661,15.54
662,15.530000000000001
663,15.52
664,15.38
665,15.04
666,15.32
667,15.34
668,15.332000000000003
669,15.34
670,15.2899
671,15.31
672,15.2701
673,15.2601
674,15.28
675,15.32
676,15.32
677,15.24
678,15.308
679,15.32
680,15.09
681,15.17
682,15.26
683,15.32
684,15.46
685,15.55
686,15.65
687,15.67
688,15.77
689,15.7499
690,15.84
691,15.91
692,15.88
693,15.96
694,15.93
695,15.9
696,15.87
697,15.75
698,15.8285
699,15.81
700,15.830000000000002
701,15.772
702,15.73
703,15.58
704,15.52
705,15.6599
706,15.64
707,16.39
708,16.2382
709,16.2
710,16.22
711,16.1999
712,16.28
713,16.27
714,16.32
715,16.3499
716,16.3399
717,16.358
718,16.49
719,16.6
720,16.46
721,16.4699
722,16.49
723,16.48
724,16.5
725,16.57
726,16.567999999999998
727,16.64
728,16.65
729,16.7
730,16.79
731,16.73
732,16.62
733,16.66
734,17.1505
735,16.93
736,16.79
737,16.81
738,16.97
739,16.97
740,16.94
741,16.93
742,16.84
743,16.88
744,16.77
745,16.75
746,16.9082
747,16.7712
748,16.79
749,16.765
750,16.6899
751,16.66
752,16.51
753,16.4799
754,16.43
755,16.44
756,16.57
757,16.71
758,16.68
759,16.66
760,16.7
761,16.74
762,16.91
763,16.86
764,16.96
765,16.95
766,17.04
767,17.08
768,17.075
769,16.9999
770,17.06
771,16.94
772,16.8986
773,16.95
774,16.94
775,16.9399
776,17.0
777,16.9299
778,16.8899
779,16.9299
780,16.91
781,16.8701
782,16.72
783,16.4605
784,16.55
785,16.47
786,16.43
787,16.42
788,16.5985
789,16.66
790,16.66
791,16.7
792,16.76
793,16.7801
794,16.84
795,16.81
796,16.82
797,16.83
798,16.83
799,16.7001
800,16.74
801,16.69
802,16.553
803,16.43
804,16.58
805,16.5401
806,16.64
807,16.67
808,16.7206
809,16.69
810,16.67
811,16.71
812,16.69
813,16.69
814,16.68
815,16.79
816,16.8
817,16.79
818,16.57
819,16.52
820,16.46
821,15.84
822,16.06
823,15.982000000000001
824,15.9926
825,16.0299
826,16.04
827,16.052
828,15.9582
829,15.919099999999998
830,15.89
831,15.95
832,15.9706
833,16.018
834,15.98
835,15.9884
836,16.0
837,15.97
838,15.97
839,16.0
840,15.87
841,15.849999999999998
842,15.760000000000002
843,15.82
844,15.72
845,15.7705
846,15.849900000000002
847,15.96
848,15.9882
849,16.0299
850,16.02
851,16.1118
852,16.1
853,16.03
854,16.0106
855,16.05
856,16.08
857,16.04
858,15.98
859,16.0199
860,16.04
861,16.01
862,15.9082
863,15.96
864,15.98
865,15.9476
866,15.93
867,15.920000000000002
868,15.93
869,16.53
870,16.39
871,16.51
872,16.61
873,16.68
874,16.6499
875,16.6222
876,16.66
877,16.7
878,16.81
879,16.76
880,16.8
881,16.8
882,16.69
883,16.63
884,16.7
885,16.71
886,16.72
887,16.72
888,16.7299
889,16.78
890,16.75
891,16.82
892,16.9163
893,16.91
894,16.9825
895,17.0
896,16.88
897,16.8398
898,16.68
899,16.67
900,16.69
901,16.84
902,16.85
903,16.8101
904,16.86
905,16.84
906,16.82
907,16.82
908,16.82
909,16.83
910,16.83
911,16.84
912,16.84
913,16.92
914,17.14
915,17.22
916,17.38
917,17.368
918,17.3801
919,17.31
920,17.3605
921,17.39
922,17.39
923,16.53
924,16.66
925,16.64
926,16.68
927,16.67
928,16.61
929,16.5601
930,16.7
931,16.74
932,16.8477
933,16.8
934,16.78
935,16.75
936,16.730999999999998
937,16.73
938,16.77
939,16.71
940,16.73
941,16.68
942,16.73
943,16.7078
944,16.72
945,16.632
946,16.6
947,16.54
948,16.55
949,16.56
950,16.81
951,16.78
952,16.9
953,16.89
954,16.89
955,16.91
956,17.0299
957,16.9718
958,16.98
959,16.99
960,16.99
961,17.03
962,17.05
963,17.0401
964,16.9996
965,16.98
966,16.945
967,16.95
968,16.97
969,16.99
970,16.96
971,16.936
972,16.97
973,16.8804
974,16.9
975,16.88
976,16.9
977,16.83
978,16.89
979,16.941
980,16.91
981,16.96
982,16.9
983,16.8782
984,16.87
985,16.84
986,16.9
987,16.9294
988,16.9
989,16.8401
990,16.82
991,16.8396
992,16.82
993,16.8591
994,16.88
995,16.82
996,16.78
997,16.84
998,16.8126
999,16.76
1000,16.7611
1001,16.72
1002,16.77
1003,16.75
1004,17.070999999999998
1005,17.02
1006,17.06
1007,17.03
1008,17.1289
1009,17.1401
1010,17.17
1011,17.15
1012,17.14
1013,17.13
1014,17.11
1015,17.1
1016,17.12
1017,17.14
1018,17.1
1019,17.12
1020,17.1101
1021,17.09
1022,17.1
1023,17.05
1024,17.02
1025,17.0599
1026,17.061
1027,17.07
1028,17.11
1029,17.1
1030,17.14
1031,17.33
1032,17.469
1033,17.54
1034,17.445
1035,17.48
1036,17.43
1037,17.44
1038,17.4527
1039,17.48
1040,17.49
1041,17.4601
1042,17.51
1043,17.47
1044,17.48
1045,17.47
1046,17.46
1047,17.43
1048,17.45
1049,17.46
1050,17.49
1051,17.46
1052,17.47
1053,17.51
1054,17.52
1055,17.49
1056,17.77
1057,17.73
1058,17.81
1059,17.94
1060,17.99
1061,18.0789
1062,18.13
1063,18.0801
1064,18.07
1065,17.89
1066,17.97
1067,17.91
1068,17.89
1069,17.7583
1070,17.52
1071,17.52
1072,17.6801
1073,17.6501
1074,17.6599
1075,17.67
1076,17.636
1077,17.52
1078,17.47
1079,17.44
1080,17.41
1081,17.35
1082,17.35
1083,17.68
1084,17.92
1085,17.79
1086,17.64
1087,17.68
1088,17.65
1089,17.77
1090,17.82
1091,17.73
1092,17.72
1093,17.701
1094,17.8
1095,17.77
1096,17.7449
1097,17.74
1098,17.632
1099,17.67
1100,17.61
1101,17.688
1102,17.72
1103,17.729
1104,17.78
1105,17.8
1106,17.7094
1107,17.74
1108,17.72
1109,17.75
1110,17.678
1111,17.61
1112,17.84
1113,17.9
1114,17.86
1115,17.88
1116,17.835
1117,17.83
1118,17.81
1119,17.86
1120,17.89
1121,17.89
1122,17.85
1123,17.86
1124,17.81
1125,17.79
1126,17.7991
1127,17.82
1128,17.82
1129,17.82
1130,17.83
1131,17.83
1132,17.8
1133,17.81
1134,17.72
1135,17.77
1136,17.79
1137,17.61
1138,17.68
1139,17.6301
1140,17.65
1141,17.7
1142,17.76
1143,17.73
1144,17.75
1145,17.74
1146,17.76
1147,17.79
1148,17.912
1149,17.93
1150,17.91
1151,17.8518
1152,17.8801
1153,17.9192
1154,17.8999
1155,17.8692
1156,17.8882
1157,17.95
1158,17.8901
1159,17.91
1160,17.885
1161,17.91
1162,17.93
1163,17.92
1164,18.08
1165,18.06
1166,18.13
1167,18.09
1168,18.15
1169,18.08
1170,18.06
1171,18.07
1172,17.96
1173,17.89
1174,17.88
1175,17.7899
1176,17.89
1177,17.8976
1178,17.96
1179,17.9599
1180,17.97
1181,17.9601
1182,17.98
1183,18.0374
1184,17.98
1185,18.045
1186,18.05
1187,18.06
1188,17.96
1189,17.98
1190,17.98
1191,17.63
1192,17.67
1193,17.695
1194,17.75
1195,17.83
1196,17.84
1197,17.78
1198,17.7496
1199,17.77
1200,17.73
1201,17.6891
1202,17.7125
1203,17.68
1204,17.66
1205,17.6601
1206,17.672
1207,17.7
1208,17.7
1209,17.67
1210,17.71
1211,17.71
1212,17.73
1213,17.6775
1214,17.65
1215,17.6101
1216,17.61
1217,17.59
1218,17.81
1219,17.7799
1220,17.7
1221,17.77
1222,17.7005
1223,17.59
1224,17.51
1225,17.0204
1226,16.88
1227,16.9196
1228,16.9424
1229,16.78
1230,16.875
1231,16.81
1232,16.71
1233,16.8
1234,16.83
1235,16.83
1236,16.782
1237,16.78
1238,16.72
1239,16.71
1240,16.7301
1241,16.59
1242,16.52
1243,16.45
1244,16.46
1245,16.19
1246,16.25
1247,16.2801
1248,16.224
1249,16.23
1250,16.358
1251,16.33
1252,16.4
1253,16.38
1254,16.4001
1255,16.4099
1256,16.47
1257,16.5699
1258,16.67
1259,16.59
1260,16.59
1261,16.59
1262,16.52
1263,16.55
1264,16.5115
1265,16.53
1266,16.45
1267,16.4
1268,16.39
1269,16.34
1270,16.25
1271,16.27
1272,16.7618
1273,16.6483
1274,16.61
1275,16.6022
1276,16.69
1277,16.69
1278,16.77
1279,16.772000000000002
1280,16.86
1281,16.86
1282,16.81
1283,16.8
1284,16.7901
1285,16.78
1286,16.83
1287,16.83
1288,16.78
1289,16.7978
1290,16.7601
1291,16.755
1292,16.6608
1293,16.6673
1294,16.7
1295,16.65
1296,16.7
1297,16.83
1298,16.84
1299,17.16
1300,17.15
1301,17.15
1302,17.17
1303,17.15
1304,17.11
1305,17.05
1306,17.01
1307,17.1
1308,17.1
1309,17.15
1310,17.1201
1311,17.1
1312,17.08
1313,17.1
1314,17.16
1315,17.1
1316,17.04
1317,17.03
1318,16.99
1319,17.06
1320,17.0701
1321,17.0
1322,17.0
1323,17.04
1324,17.09
1325,17.09
1326,17.25
1327,17.25
1328,17.23
1329,17.18
1330,17.2504
1331,17.28
1332,17.24
1333,17.2301
1334,17.15
1335,17.19
1336,17.15
1337,17.03
1338,17.09
1339,17.07
1340,17.03
1341,17.1501
1342,17.15
1343,17.1601
1344,17.1788
1345,17.1801
1346,17.17
1347,17.16
1348,17.11
1349,17.1
1350,17.07
1351,17.01
1352,17.02
1353,17.03
1354,17.11
1355,17.05
1356,16.9899
1357,17.0101
1358,17.01
1359,17.0
1360,17.05
1361,17.19
1362,17.0761
1363,17.06
1364,17.07
1365,17.0404
1366,17.09
1367,17.11
1368,17.1
1369,17.1312
1370,17.09
1371,17.02
1372,17.05
1373,17.04
1374,17.0094
1375,17.06
1376,17.0101
1377,16.99
1378,17.06
1379,17.04
1380,16.79
1381,16.8203
1382,16.85
1383,16.83
1384,16.905
1385,16.9
1386,16.9
1387,16.82
1388,16.81
1389,16.77
1390,16.78
1391,16.82
1392,16.8104
1393,16.842
1394,16.82
1395,16.83
1396,16.848
1397,16.93
1398,16.9199
1399,16.9018
1400,16.93
1401,16.94
1402,16.89
1403,16.925
1404,17.06
1405,17.23
1406,17.22
1407,17.05
1408,17.07
1409,17.06
1410,17.1118
1411,17.07
1412,17.0739
1413,17.1622
1414,17.12
1415,17.1396
1416,17.1499
1417,17.0782
1418,17.06
1419,16.97
1420,17.04
1421,17.06
1422,17.0496
1423,17.01
1424,16.99
1425,17.0276
1426,17.0415
1427,17.055
1428,17.0
1429,17.03
1430,17.05
1431,17.052
1432,16.98
1433,16.97
1434,16.75
1435,16.6021
1436,16.56
1437,16.65
1438,16.72
1439,16.71
1440,16.74
1441,16.7182
1442,16.64
1443,16.6298
1444,16.65
1445,16.68
1446,16.69
1447,16.7
1448,16.7
1449,16.68
1450,16.78
1451,16.79
1452,16.81
1453,16.8399
1454,16.86
1455,16.87
1456,16.91
1457,16.94
1458,17.06
1459,16.97
1460,16.99
1461,17.070999999999998
1462,17.0199
1463,16.86
1464,16.92
1465,17.0
1466,17.01
1467,16.91
1468,16.865
1469,16.92
1470,16.9
1471,16.9
1472,16.93
1473,16.905
1474,16.94
1475,16.945
1476,17.0001
1477,16.99
1478,17.005
1479,16.965
1480,16.97
1481,16.9
1482,16.94
1483,16.93
1484,16.98
1485,16.86
1486,16.82
1487,16.79
1488,16.88
1489,16.88
1490,17.0095
1491,17.03
1492,17.12
1493,17.09
1494,17.19
1495,17.22
1496,17.19
1497,17.24
1498,17.27
1499,17.2
1500,17.2501
1501,17.27
1502,17.26
1503,17.28
1504,17.25
1505,17.21
1506,17.23
1507,17.1
1508,17.1524
1509,17.12
1510,17.17
1511,17.18
1512,17.17
1513,17.26
1514,17.25
1515,17.23
1516,17.42
1517,17.4799
1518,17.42
1519,17.56
1520,17.660999999999998
1521,17.621
1522,17.69
1523,17.64
1524,17.61
1525,17.46
1526,17.54
1527,17.49
1528,17.41
1529,17.472
1530,17.45
1531,17.52
1532,17.585
1533,17.5699
1534,17.5
1535,17.7194
1536,17.67
1537,17.66
1538,17.71
1539,17.6201
1540,17.65
1541,17.61
1542,17.55
1543,17.58
1544,17.61
1545,17.61
1546,17.72
1547,17.72
1548,17.7
1549,17.66
1550,17.6199
1551,17.59
1552,17.5699
1553,17.5882
1554,17.6192
1555,17.63
1556,17.635
1557,17.59
1558,17.57
1559,17.56
1560,17.54
1561,17.5301
1562,17.53
1563,17.55
1564,17.63
1565,17.660999999999998
1566,17.6001
1567,17.58
1568,17.63
1569,17.3899
1570,17.2461
1571,17.2575
1572,17.3401
1573,17.26
1574,17.27
1575,17.26
1576,17.25
1577,17.258
1578,17.27
1579,17.33
1580,17.3
1581,17.33
1582,17.2991
1583,17.27
1584,17.2809
1585,17.2831
1586,17.2601
1587,17.26
1588,17.268
1589,17.26
1590,17.23
1591,17.23
1592,17.35
1593,17.32
1594,17.2501
1595,17.25
1596,17.64
1597,17.59
1598,17.6
1599,17.6024
1600,17.61
1601,17.6379
1602,17.67
1603,17.6
1604,17.625
1605,17.61
1606,17.65
1607,17.63
1608,17.6301
1609,17.64
1610,17.64
1611,17.62
1612,17.63
1613,17.63
1614,17.61
1615,17.61
1616,17.64
1617,17.62
1618,17.57
1619,17.63
1620,17.61
1621,17.59
1622,17.61
1623,17.74
1624,17.66
1625,17.73
1626,17.7201
1627,17.72
1628,17.7311
1629,17.72
1630,17.75
1631,17.79
1632,17.78
1633,17.7812
1634,17.79
1635,17.8
1636,17.8
1637,17.81
1638,17.81
1639,17.81
1640,17.83
1641,17.82
1642,17.95
1643,17.9
1644,17.95
1645,17.97
1646,17.8801
1647,17.8
1648,17.5111
1649,17.52
1650,17.62
1651,17.62
1652,17.3
1653,17.35
1654,17.21
1655,17.28
1656,17.22
1657,17.1199
1658,17.1799
1659,17.15
1660,17.1601
1661,17.1599
1662,17.11
1663,17.03
1664,17.06
1665,16.9999
1666,16.89
1667,16.89
1668,16.85
1669,16.87
1670,16.91
1671,16.97
1672,17.0999
1673,17.07
1674,17.01
1675,17.01
1676,16.98
1677,16.92
1678,16.7882
1679,16.9101
1680,16.91
1681,16.875
1682,16.8382
1683,16.7776
1684,16.79
1685,16.77
1686,16.72
1687,16.6999
1688,16.59
1689,16.62
1690,16.59
1691,16.5699
1692,16.57
1693,16.59
1694,16.62
1695,16.72
1696,16.68
1697,16.68
1698,16.7601
1699,16.72
1700,16.75
1701,16.66
1702,16.62
1703,16.6
1704,16.79
1705,16.74
1706,16.75
1707,16.68
1708,16.665
1709,16.68
1710,16.7
1711,16.73
1712,16.74
1713,16.76
1714,16.78
1715,16.78
1716,16.79
1717,16.7705
1718,16.7892
1719,16.86
1720,16.98
1721,16.9
1722,16.9424
1723,17.0
1724,16.98
1725,16.97
1726,16.9699
1727,17.08
1728,17.0894
1729,17.21
1730,17.22
1731,17.38
1732,17.34
1733,17.3199
1734,17.25
1735,17.2799
1736,17.17
1737,17.17
1738,17.21
1739,17.1218
1740,17.13
1741,17.18
1742,17.17
1743,17.1901
1744,17.2509
1745,17.3
1746,17.27
1747,17.27
1748,17.29
1749,17.3
1750,17.27
1751,17.2373
1752,17.28
1753,17.26
1754,17.22
1755,17.2
1756,17.1599
1757,17.16
1758,17.19
1759,16.8499
1760,16.9
1761,16.9
1762,16.86
1763,16.82
1764,16.83
1765,16.91
1766,16.87
1767,16.89
1768,16.88
1769,16.92
1770,16.92
1771,17.02
1772,17.05
1773,17.03
1774,16.949
1775,16.9699
1776,16.93
1777,16.9
1778,16.97
1779,16.89
1780,16.7899
1781,16.8082
1782,16.87
1783,16.87
1784,16.92
1785,17.06
1786,16.86
1787,16.76
1788,16.75
1789,16.83
1790,16.84
1791,16.77
1792,16.9
1793,16.9318
1794,16.85
1795,16.82
1796,16.8499
1797,16.8175
1798,16.8215
1799,16.7001
1800,16.64
1801,16.63
1802,16.56
1803,16.6499
1804,16.57
1805,16.45
1806,16.42
1807,16.285
1808,16.28
1809,16.31
1810,16.18
1811,16.21
1812,15.84
1813,15.79
1814,15.84
1815,16.1469
1816,16.26
1817,16.13
1818,16.15
1819,16.15
1820,16.1101
1821,16.11
1822,16.15
1823,16.21
1824,16.26
1825,16.3302
1826,16.43
1827,16.43
1828,16.398
1829,16.43
1830,16.39
1831,16.45
1832,16.41
1833,16.3199
1834,16.26
1835,16.2199
1836,16.32
1837,16.34
1838,16.71
1839,16.8
1840,16.76
1841,16.77
1842,16.72
1843,16.77
1844,16.76
1845,16.75
1846,16.71
1847,16.7195
1848,16.7201
1849,16.79
1850,16.83
1851,16.82
1852,16.89
1853,16.83
1854,16.8
1855,16.85
1856,16.8325
1857,16.82
1858,16.89
1859,16.9
1860,16.92
1861,16.94
1862,16.91
1863,16.9595
1864,16.96
1865,17.32
1866,17.27
1867,17.249000000000002
1868,17.23
1869,17.22
1870,17.24
1871,17.29
1872,17.27
1873,17.261
1874,17.26
1875,17.23
1876,17.23
1877,17.28
1878,17.15
1879,17.1581
1880,17.135
1881,16.99
1882,16.9
1883,16.8
1884,16.7801
1885,16.86
1886,16.86
1887,17.0001
1888,17.02
1889,16.92
1890,16.97
1891,17.0
1892,17.14
1893,17.27
1894,17.2215
1895,17.18
1896,17.282
1897,17.24
1898,17.29
1899,17.31
1900,17.24
1901,17.24
1902,17.28
1903,17.3141
1904,17.2818
1905,17.33
1906,17.26
1907,17.26
1908,17.2501
1909,17.261
1910,17.1899
1911,17.22
1912,17.22
1913,17.292
1914,17.3
1915,17.32
1916,17.3225
1917,17.33
1918,17.35
1919,17.48
1920,17.4808
1921,17.5
1922,17.52
1923,17.48
1924,17.5001
1925,17.5
1926,17.55
1927,17.5501
1928,17.531
1929,17.55
1930,17.57
1931,17.56
1932,17.53
1933,17.4373
1934,17.4699
1935,17.46
1936,17.47
1937,17.45
1938,17.4299
1939,17.43
1940,17.42
1941,17.35
1942,17.32
1943,17.32
1944,17.33
1945,17.33
1946,17.4401
1947,17.45
1948,17.44
1949,17.41
1950,17.39
1951,17.39
1952,17.43
1953,17.43
1954,17.4399
1955,17.43
1956,17.3727
1957,17.3599
1958,17.37
1959,17.42
1960,17.43
1961,17.4376
1962,17.44
1963,17.46
1964,17.428
1965,17.42
1966,17.45
1967,17.49
1968,17.52
1969,17.51
1970,17.5
1971,17.54
1972,17.5
1973,17.69
1974,17.6499
1975,17.53
1976,17.54
1977,17.6
1978,17.62
1979,17.63
1980,17.67
1981,17.6901
1982,17.69
1983,17.7801
1984,17.76
1985,17.7899
1986,17.8224
1987,17.81
1988,17.78
1989,17.79
1990,17.84
1991,17.825
1992,17.765
1993,17.795
1994,17.83
1995,17.9325
1996,17.93
1997,17.9401
1998,18.02
1999,18.03
2000,17.83
2001,17.67
2002,17.55
2003,17.61
2004,17.69
2005,17.75
2006,17.69
2007,17.72
2008,17.77
2009,17.8199
2010,17.8
2011,17.75
2012,17.78
2013,17.76
2014,17.76
2015,17.79
2016,17.77
2017,17.78
2018,17.74
2019,17.76
2020,17.79
2021,17.79
2022,17.7878
2023,17.86
2024,17.84
2025,17.79
2026,17.81
2027,18.37
2028,18.27
2029,18.29
2030,18.260099999999998
2031,18.33
2032,18.27
2033,18.29
2034,18.28
2035,18.33
2036,18.3695
2037,18.4
2038,18.38
2039,18.4
2040,18.4195
2041,18.5
2042,18.44
2043,18.459999999999997
2044,18.449999999999996
2045,18.43
2046,18.459999999999997
2047,18.44
2048,18.47
2049,18.49
2050,18.5205
2051,18.52
2052,18.59
2053,18.59
2054,18.0
2055,18.189899999999998
2056,18.18
2057,18.16
2058,18.09
2059,18.14
2060,18.0901
2061,18.0
2062,18.02
2063,17.959999999999997
2064,18.0
2065,18.038
2066,17.980000000000004
2067,18.04
2068,18.03
2069,18.07
2070,18.0478
2071,17.99
2072,17.959999999999997
2073,17.9385
2074,18.02
2075,18.010000000000005
2076,18.0
2077,17.92
2078,18.0
2079,18.06
2080,18.1
2081,17.3501
2082,17.3324
2083,17.24
2084,17.3501
2085,17.32
2086,17.32
2087,17.3
2088,17.39
2089,17.38
2090,17.41
2091,17.36
2092,17.27
2093,17.25
2094,17.36
2095,17.38
2096,17.3999
2097,17.47
2098,17.3999
2099,17.38
2100,17.36
2101,17.33
2102,17.3301
2103,17.38
2104,17.3389
2105,17.35
2106,17.27
2107,17.26
2108,17.22
2109,17.23
2110,17.31
2111,17.33
2112,17.4
2113,17.37
2114,17.39
2115,17.39
2116,17.37
2117,17.34
2118,17.34
2119,17.33
2120,17.34
2121,17.3524
2122,17.33
2123,17.33
2124,17.35
2125,17.37
2126,17.45
2127,17.3673
2128,17.32
2129,17.28
2130,17.24
2131,17.18
2132,17.23
2133,17.16
2134,17.16
2135,17.27
2136,17.2994
2137,17.26
2138,17.27
2139,17.29
2140,17.4439
2141,17.41
2142,17.44
2143,17.3501
2144,17.3916
2145,17.34
2146,17.32
2147,17.3
2148,17.28
2149,17.31
2150,17.26
2151,17.22
2152,17.165
2153,17.18
2154,17.17
2155,17.16
2156,17.1
2157,17.06
2158,17.059
2159,17.05
2160,17.02
2161,17.01
2162,17.1001
2163,17.0815
2164,17.05
2165,17.05
2166,17.1
2167,16.99
2168,17.0
2169,17.1
2170,17.03
2171,16.97
2172,16.81
2173,16.88
2174,16.83
2175,16.9
2176,16.89
2177,16.82
2178,16.839000000000002
2179,16.91
2180,16.8605
2181,16.83
2182,16.83
2183,16.83
2184,16.87
2185,16.76
2186,16.57
2187,16.51
2188,16.51
2189,16.47
2190,16.43
2191,16.37
2192,16.33
2193,16.33
2194,16.39
2195,16.4527
2196,16.45
2197,16.37
2198,16.3175
2199,16.21
2200,16.05
2201,16.2
2202,16.26
2203,16.25
2204,16.2701
2205,16.26
2206,16.27
2207,16.47
2208,16.51
2209,16.5
2210,16.44
2211,16.46
2212,16.57
2213,16.49
2214,16.52
2215,16.52
2216,16.628
2217,16.59
2218,16.62
2219,16.59
2220,16.47
2221,16.39
2222,16.4
2223,16.31
2224,16.34
2225,16.31
2226,16.26
2227,16.23
2228,16.24
2229,16.24
2230,16.2581
2231,16.1999
2232,16.18
2233,16.2
2234,16.16
2235,16.155
2236,16.19
2237,16.14
2238,16.17
2239,16.1395
2240,16.14
2241,16.2
2242,16.22
2243,15.83
2244,15.82
2245,15.72
2246,15.77
2247,15.61
2248,15.640000000000002
2249,15.71
2250,15.575
2251,15.3
2252,15.2411
2253,15.22
2254,15.28
2255,15.349900000000002
2256,15.400000000000002
2257,15.54
2258,15.619999999999997
2259,15.6406
2260,15.5883
2261,15.5
2262,15.55
2263,15.4695
2264,15.4801
2265,15.2801
2266,15.3589
2267,15.36
2268,15.38
2269,15.400000000000002
2270,15.23
2271,15.3001
2272,15.25
2273,15.41
2274,15.38
2275,15.389999999999999
2276,15.389999999999999
2277,15.400000000000002
2278,15.369999999999997
2279,15.3301
2280,15.3301
2281,15.31
2282,15.29
2283,15.21
2284,15.23
2285,15.18
2286,15.2
2287,15.16
2288,15.1
2289,15.119999999999997
2290,15.169
2291,15.290999999999999
2292,15.400000000000002
2293,15.400000000000002
2294,15.43
2295,15.46
2296,15.45
2297,15.29
2298,15.24
2299,15.24
2300,15.199500000000002
2301,15.16
2302,15.13
2303,15.11
2304,15.21
2305,15.17
2306,15.119999999999997
2307,15.11
2308,15.139999999999999
2309,15.150000000000002
2310,15.0524
2311,15.09
2312,15.119999999999997
2313,15.150000000000002
2314,15.1718
2315,15.19
2316,15.1099
2317,15.11
2318,15.139999999999999
2319,15.05
2320,15.05
2321,15.05
2322,15.01
2323,15.01
2324,15.1
2325,15.2299
2326,15.23
2327,15.36
2328,15.2601
2329,15.33
2330,15.33
2331,15.38
2332,15.35
2333,15.35
2334,15.369999999999997
2335,15.44
2336,15.45
2337,15.44
2338,15.45
2339,15.48
2340,15.68
2341,15.7199
2342,15.68
2343,15.600999999999999
2344,15.69
2345,15.68
2346,15.7
2347,15.72
2348,15.6282
2349,15.73
2350,15.73
2351,15.51
2352,15.389999999999999
2353,15.3601
2354,15.31
2355,15.3
2356,15.33
2357,15.26
2358,15.23
2359,15.1305
2360,15.1
2361,15.0782
2362,15.05
2363,15.11
2364,15.05
2365,15.050999999999998
2366,14.84
2367,14.86
2368,14.87
2369,15.02
2370,14.859900000000001
2371,14.66
2372,14.6695
2373,14.6495
2374,14.62
2375,14.72
2376,14.61
2377,14.58
2378,14.78
2379,15.0
2380,15.079
2381,15.17
2382,15.082
2383,15.02
2384,15.06
2385,15.08
2386,15.08
2387,15.04
2388,14.81
2389,14.7399
2390,14.555
2391,14.18
2392,14.410000000000002
2393,14.5195
2394,14.399999999999999
2395,14.28
2396,14.479000000000001
2397,14.62
2398,14.6899
2399,14.6301
2400,14.66
2401,14.5899
2402,14.7
2403,14.649999999999999
2404,14.63
2405,14.399999999999999
2406,14.54
2407,14.498999999999999
2408,14.46
2409,14.5
2410,14.47
2411,14.43
2412,14.38
2413,14.3423
2414,14.43
2415,14.37
2416,14.42
2417,14.5195
2418,14.469000000000001
2419,14.4499
2420,14.48
2421,14.51
2422,14.58
2423,14.6818
2424,14.57
2425,14.57
2426,14.6
2427,14.69
2428,14.72
2429,14.8195
2430,14.79
2431,14.8
2432,15.1
2433,15.22
2434,15.17
2435,15.17
2436,15.1301
2437,15.17
2438,15.119999999999997
2439,15.05
2440,15.0
2441,15.02
2442,14.998
2443,15.02
2444,14.98
2445,14.91
2446,14.94
2447,14.95
2448,14.92
2449,14.95
2450,15.03
2451,14.900000000000002
2452,15.06
2453,15.01
2454,14.96
2455,14.96
2456,14.82
2457,14.708900000000002
2458,14.7
2459,14.83
2460,14.900000000000002
2461,14.91
2462,14.86
2463,14.96
2464,14.92
2465,14.8
2466,14.86
2467,14.8199
2468,14.78
2469,14.76
2470,14.777999999999999
2471,14.78
2472,14.79
2473,14.93
2474,14.87
2475,14.94
2476,14.97
2477,14.97
2478,14.96
2479,14.93
2480,14.98
2481,15.0225
2482,15.04
2483,15.03
2484,15.139999999999999
2485,15.13
2486,15.189499999999999
2487,15.07
2488,15.0177
2489,14.93
2490,14.91
2491,14.96
2492,14.92
2493,14.95
2494,15.05
2495,15.0
2496,15.05
2497,15.08
2498,15.09
2499,15.089
2500,15.09
2501,15.1
2502,15.06
2503,15.01
2504,15.0
2505,15.030000000000001
2506,15.01
2507,14.939999999999998
2508,14.929999999999998
2509,14.96
2510,15.025
2511,15.039899999999998
2512,15.05
2513,15.17
2514,15.269899999999998
2515,15.3218
2516,15.269999999999998
2517,15.32
2518,15.32
2519,15.33
2520,15.359199999999998
2521,15.41
2522,15.4401
2523,15.54
2524,15.54
2525,15.54
2526,15.56
2527,15.590000000000002
2528,15.590000000000002
2529,15.66
2530,15.7
2531,15.709999999999999
2532,15.66
2533,15.67
2534,15.719999999999999
2535,15.74
2536,15.719999999999999
2537,15.7215
2538,15.77
2539,15.77
2540,15.91
2541,16.02
2542,16.12
2543,16.14
2544,16.07
2545,15.969000000000003
2546,15.930000000000001
2547,15.9577
2548,15.91
2549,15.91
2550,15.89
2551,15.869999999999997
2552,15.829899999999999
2553,15.930000000000001
2554,15.91
2555,15.92
2556,15.950000000000001
2557,15.96
2558,15.965
2559,15.9815
2560,16.0301
2561,16.09
2562,16.06
2563,16.08
2564,16.02
2565,16.03
2566,16.03
2567,16.35
2568,16.42
2569,16.46
2570,16.53
2571,16.42
2572,16.37
2573,16.348
2574,16.37
2575,16.43
2576,16.3427
2577,16.3524
2578,16.44
2579,16.4001
2580,16.385
2581,16.4
2582,16.42
2583,16.37
2584,16.4
2585,16.41
2586,16.37
2587,16.37
2588,16.42
2589,16.44
2590,16.49
2591,16.5
2592,16.44
2593,16.43
2594,16.38
2595,16.52
2596,16.4101
2597,16.46
2598,16.47
2599,16.41
2600,16.34
2601,16.28
2602,16.2306
2603,16.2295
2604,16.3
2605,16.27
2606,16.28
2607,16.28
2608,16.2218
2609,16.27
2610,16.28
2611,16.24
2612,16.24
2613,16.19
2614,16.15
2615,16.08
2616,16.08
2617,16.05
2618,16.04
2619,16.08
2620,16.06
2621,16.11
2622,16.13
2623,16.088
2624,16.0818
2625,16.04
2626,16.03
2627,15.941999999999998
2628,15.99
2629,15.98
2630,15.96
2631,16.02
2632,16.07
2633,16.1
2634,16.11
2635,16.09
2636,16.09
2637,16.11
2638,16.02
2639,15.998
2640,15.97
2641,15.925
2642,15.849999999999998
2643,15.89
2644,15.88
2645,15.97
2646,15.98
2647,15.98
2648,16.23
2649,16.13
2650,16.17
2651,16.18
2652,16.19
2653,16.22
2654,16.1399
2655,16.14
2656,16.1301
2657,16.04
2658,16.09
2659,16.09
2660,16.15
2661,16.13
2662,16.09
2663,16.1092
2664,16.122
2665,16.14
2666,16.15
2667,16.16
2668,16.1899
2669,16.16
2670,16.07
2671,15.800000000000002
2672,15.820000000000002
2673,15.849999999999998
2674,15.869999999999997
2675,15.731
2676,15.712000000000002
2677,15.7
2678,15.709999999999999
2679,15.65
2680,15.68
2681,15.65
2682,15.63
2683,15.655000000000001
2684,15.63
2685,15.709999999999999
2686,15.709999999999999
2687,15.709999999999999
2688,15.709999999999999
2689,15.69
2690,15.7
2691,15.74
2692,15.709999999999999
2693,15.67
2694,15.63
2695,15.6399
2696,15.600000000000001
2697,15.719999999999999
2698,15.69
2699,15.76
2700,15.76
2701,15.77
2702,16.23
2703,16.09
2704,16.15
2705,16.23
2706,16.28
2707,16.24
2708,16.23
2709,16.23
2710,16.2
2711,16.24
2712,16.24
2713,16.21
2714,16.2699
2715,16.21
2716,16.18
2717,16.15
2718,16.18
2719,16.1718
2720,16.23
2721,16.22
2722,16.25
2723,16.33
2724,16.3599
2725,16.32
2726,16.325
2727,16.35
2728,16.35
2729,16.44
2730,16.37
2731,16.3082
2732,16.22
2733,16.1595
2734,16.11
2735,16.17
2736,16.1977
2737,16.17
2738,16.1899
2739,16.19
2740,16.1795
2741,16.19
2742,16.14
2743,16.12
2744,16.1199
2745,16.135
2746,16.1499
2747,16.121
2748,16.13
2749,16.15
2750,16.14
2751,16.13
2752,16.12
2753,16.16
2754,16.09
2755,16.08
2756,16.17
2757,16.08
2758,16.05
2759,16.05
2760,16.04
2761,16.0299
2762,16.04
2763,16.02
2764,16.1
2765,16.11
2766,16.12
2767,16.11
2768,16.15
2769,16.1
2770,16.13
2771,16.15
2772,16.15
2773,16.16
2774,16.160999999999998
2775,16.15
2776,16.13
2777,16.115
2778,16.11
2779,16.1
2780,16.15
2781,16.11
2782,16.09
2783,16.29
2784,16.32
2785,16.39
2786,16.44
2787,16.4475
2788,16.4
2789,16.39
2790,16.3499
2791,16.37
2792,16.34
2793,16.3
2794,16.31
2795,16.2999
2796,16.31
2797,16.27
2798,16.28
2799,16.28
2800,16.2601
2801,16.2
2802,16.21
2803,16.23
2804,16.213
2805,16.29
2806,16.2627
2807,16.2111
2808,16.27
2809,16.29
2810,16.135
2811,16.1
2812,16.07
2813,16.0111
2814,16.0775
2815,16.1306
2816,16.12
2817,16.15
2818,16.14
2819,16.14
2820,16.25
2821,16.23
2822,16.2
2823,16.21
2824,16.26
2825,16.21
2826,16.21
2827,16.1376
2828,16.16
2829,16.16
2830,16.19
2831,16.1799
2832,16.1599
2833,16.12
2834,16.12
2835,16.08
2836,16.1
2837,16.1101
2838,16.13
2839,16.17
2840,16.13
2841,16.09
2842,16.0324
2843,16.06
2844,16.03
2845,16.0189
2846,16.02
2847,15.950000000000001
2848,16.0
2849,15.9799
2850,15.96
2851,15.96
2852,15.9601
2853,15.97
2854,15.987500000000002
2855,15.950000000000001
2856,15.98
2857,15.930000000000001
2858,15.940000000000001
2859,15.940000000000001
2860,15.97
2861,15.940000000000001
2862,15.935
2863,15.950000000000001
2864,15.499999999999998
2865,15.580000000000002
2866,15.66
2867,15.65
2868,15.73
2869,15.69
2870,15.69
2871,15.719999999999999
2872,15.7199
2873,15.66
2874,15.620500000000002
2875,15.5844
2876,15.610000000000001
2877,15.479999999999999
2878,15.570000000000002
2879,15.54
2880,15.54
2881,15.509999999999998
2882,15.54
2883,15.52
2884,15.52
2885,15.55
2886,15.54
2887,15.54
2888,15.54
2889,15.509999999999998
2890,15.820000000000002
2891,15.74
2892,15.809899999999999
2893,15.77
2894,15.73
2895,15.69
2896,15.67
2897,15.66
2898,15.610000000000001
2899,15.590000000000002
2900,15.610000000000001
2901,15.63
2902,15.567700000000002
2903,15.56
2904,15.580000000000002
2905,15.610000000000001
2906,15.590000000000002
2907,15.65
2908,15.620000000000001
2909,15.610000000000001
2910,15.64
2911,15.66
2912,15.687499999999998
2913,15.77
2914,15.820000000000002
2915,15.88
2916,15.849999999999998
2917,15.950000000000001
2918,15.950000000000001
2919,15.930000000000001
2920,15.869999999999997
2921,15.869999999999997
2922,15.841799999999997
2923,15.88
2924,15.859999999999998
2925,15.829999999999998
2926,15.78
2927,15.829999999999998
2928,15.75
2929,15.69
2930,15.7
2931,15.78
2932,15.825
2933,15.820000000000002
2934,15.810000000000002
2935,15.829999999999998
2936,15.940000000000001
2937,15.930000000000001
2938,15.91
2939,15.9201
2940,15.9
2941,15.869999999999997
2942,15.895000000000001
2943,15.9
2944,15.68
2945,15.7
2946,15.74
2947,15.709999999999999
2948,15.66
2949,15.645
2950,15.56
2951,15.6025
2952,15.600100000000001
2953,15.620000000000001
2954,15.64
2955,15.600000000000001
2956,15.600000000000001
2957,15.64
2958,15.64
2959,15.6201
2960,15.605
2961,15.600000000000001
2962,15.600000000000001
2963,15.600000000000001
2964,15.620000000000001
2965,15.590000000000002
2966,15.610000000000001
2967,15.64
2968,15.6399
2969,15.65
2970,15.65
2971,16.6
2972,16.31
2973,16.27
2974,16.1802
2975,15.859999999999998
2976,15.9386
2977,16.01
2978,16.1999
2979,16.13
2980,16.09
2981,16.04
2982,16.02
2983,16.14
2984,16.15
2985,16.12
2986,16.149
2987,16.21
2988,16.22
2989,16.04
2990,15.860099999999997
2991,15.950000000000001
2992,15.810000000000002
2993,15.88
2994,15.719999999999999
2995,15.7
2996,15.74
2997,15.76
2998,15.839999999999998
2999,15.73
3000,15.8601
3001,15.99
3002,16.15
3003,16.09
3004,16.06
3005,15.979999999999999
3006,15.78
3007,15.895
3008,15.940799999999998
3009,15.878199999999998
3010,16.12
3011,16.15
3012,16.17
3013,16.15
3014,16.17
3015,16.15
3016,16.24
3017,16.19
3018,16.27
3019,16.2601
3020,16.37
3021,16.2575
3022,16.22
3023,16.1973
3024,16.28
3025,16.08
3026,16.18
3027,16.17
3028,16.15
3029,16.18
3030,16.13
3031,16.1299
3032,16.12
3033,16.15
3034,16.15
3035,16.14
3036,16.15
3037,16.18
3038,16.165
3039,16.1795
3040,16.22
3041,16.21
3042,16.155
3043,16.14
3044,16.13
3045,15.97
3046,16.0
3047,15.99
3048,15.869999999999997
3049,15.979999999999999
3050,15.879999999999999
3051,15.89
3052,15.699999999999998
3053,15.82
3054,15.769999999999998
3055,15.79
3056,15.72
3057,15.570000000000002
3058,15.668
3059,15.72
3060,15.639999999999999
3061,15.515
3062,15.525
3063,15.500000000000002
3064,15.49
3065,15.55
3066,15.45
3067,15.38
3068,15.470000000000002
3069,15.45
3070,15.48
3071,15.3975
3072,15.45
3073,15.45
3074,15.44
3075,15.470000000000002
3076,15.478000000000002
3077,15.41
3078,15.41
3079,15.368
3080,15.42
3081,15.4219
3082,15.44
3083,15.51
3084,15.52
3085,15.530000000000001
3086,15.51
3087,15.46
3088,15.48
3089,15.42
3090,15.4245
3091,15.431
3092,15.4595
3093,15.45
3094,15.4391
3095,15.400000000000002
3096,15.41
3097,15.44
3098,15.41
3099,15.500000000000002
3100,15.46
3101,15.51
3102,15.48
3103,15.4444
3104,15.375
3105,15.39
3106,15.489900000000002
3107,15.400000000000002
3108,15.32
3109,15.2999
3110,15.23
3111,15.249999999999998
3112,15.300000000000002
3113,15.24
3114,15.21
3115,15.149999999999999
3116,15.149999999999999
3117,15.1099
3118,15.13
3119,15.1976
3120,15.19
3121,15.179999999999998
3122,15.21
3123,15.1676
3124,15.205
3125,15.19
3126,15.2
3127,15.2
3128,15.2178
3129,15.17
3130,15.21
3131,15.2
3132,15.21
3133,15.3124
3134,15.37
3135,15.39
3136,15.34
3137,15.249999999999998
3138,15.300000000000002
3139,15.305
3140,15.27
3141,15.300000000000002
3142,15.34
3143,15.35
3144,15.360000000000001
3145,15.39
3146,15.38
3147,15.400000000000002
3148,15.46
3149,15.48
3150,15.505000000000003
3151,15.552500000000002
3152,15.510100000000001
3153,15.52
3154,15.52
3155,15.600000000000001
3156,15.642000000000001
3157,15.639999999999999
3158,15.62
3159,15.63
3160,15.52
3161,15.550100000000002
3162,15.48
3163,15.51
3164,15.49
3165,15.54
3166,15.545
3167,15.531800000000002
3168,15.54
3169,15.55
3170,15.600000000000001
3171,15.600000000000001
3172,15.669999999999998
3173,15.639999999999999
3174,15.61
3175,15.661999999999999
3176,15.59
3177,15.600000000000001
3178,15.61
3179,15.600000000000001
3180,15.591000000000001
3181,15.58
3182,15.6099
3183,15.58
3184,15.61
3185,15.63
3186,15.63
3187,15.4599
3188,15.3705
3189,15.41
3190,15.345
3191,15.35
3192,15.34
3193,15.31
3194,15.31
3195,15.300000000000002
3196,15.269899999999998
3197,15.298
3198,15.219999999999999
3199,15.2
3200,15.23
3201,15.23
3202,15.21
3203,15.205
3204,15.23
3205,15.2
3206,15.17
3207,15.2
3208,15.17
3209,15.219999999999999
3210,15.149999999999999
3211,15.16
3212,15.179999999999998
3213,15.19
3214,15.35
3215,15.380100000000002
3216,15.37
3217,15.369000000000002
3218,15.39
3219,15.4001
3220,15.400000000000002
3221,15.39
3222,15.3805
3223,15.385
3224,15.389900000000003
3225,15.37
3226,15.38
3227,15.39
3228,15.38
3229,15.37
3230,15.39
3231,15.38
3232,15.37
3233,15.37
3234,15.38
3235,15.342
3236,15.27
3237,15.26
3238,15.310100000000002
3239,15.300000000000002
3240,15.28
3241,15.23
3242,15.14
3243,15.155
3244,15.171999999999999
3245,15.24
3246,15.289000000000001
3247,15.21
3248,15.26
3249,15.261
3250,15.1801
3251,15.17
3252,15.199899999999998
3253,15.168
3254,15.169899999999998
3255,15.165
3256,15.155
3257,15.1499
3258,15.1
3259,15.12
3260,15.06
3261,15.03
3262,14.9598
3263,14.89
3264,14.89
3265,14.939999999999998
3266,14.875000000000002
3267,14.870000000000001
3268,14.987999999999998
3269,15.0
3270,14.982000000000001
3271,14.992499999999998
3272,14.96
3273,14.99
3274,14.979999999999999
3275,14.979999999999999
3276,14.9605
3277,14.957499999999998
3278,15.0
3279,15.0
3280,15.044999999999998
3281,15.029899999999998
3282,15.049999999999999
3283,15.069
3284,15.0624
3285,15.066999999999998
3286,15.049999999999999
3287,15.06
3288,15.09
3289,15.095
3290,15.149999999999999
3291,15.1
3292,15.06
3293,15.06
3294,15.03
3295,15.4099
3296,15.35
3297,15.37
3298,15.2785
3299,15.330000000000002
3300,15.290000000000001
3301,15.330000000000002
3302,15.32
3303,15.34
3304,15.31
3305,15.325000000000001
3306,15.307500000000001
3307,15.31
3308,15.290000000000001
3309,15.295000000000002
3310,15.300000000000002
3311,15.28
3312,15.27
3313,15.290000000000001
3314,15.290000000000001
3315,15.275
3316,15.2784
3317,15.27
3318,15.26
3319,15.28
3320,15.27
3321,15.28
3322,15.41
3323,15.39
3324,15.34
3325,15.38
3326,15.360000000000001
3327,15.360000000000001
3328,15.3699
3329,15.360000000000001
3330,15.35
3331,15.360000000000001
3332,15.39
3333,15.3701
3334,15.38
3335,15.37
3336,15.360000000000001
3337,15.360000000000001
3338,15.38
3339,15.38
3340,15.3725
3341,15.360000000000001
3342,15.37
3343,15.39
3344,15.38
3345,15.360000000000001
3346,15.35
3347,15.35
3348,15.330000000000002
3349,15.3701
3350,15.41
3351,15.355
3352,15.27
3353,15.27
3354,15.24
3355,15.24
3356,15.2175
3357,15.24
3358,15.23
3359,15.2024
3360,15.179999999999998
3361,15.16
3362,15.19
3363,15.2
3364,15.1998
3365,15.2
3366,15.214999999999998
3367,15.2201
3368,15.219999999999999
3369,15.2124
3370,15.23
3371,15.21
3372,15.2112
3373,15.19
3374,15.17
3375,15.19
3376,15.249999999999998
3377,15.2
3378,15.219999999999999
3379,15.239899999999999
3380,15.21
3381,15.2298
3382,15.219999999999999
3383,15.2295
3384,15.219999999999999
3385,15.230099999999998
3386,15.23
3387,15.2201
3388,15.21
3389,15.249999999999998
3390,15.249999999999998
3391,15.330000000000002
3392,15.35
3393,15.3129
3394,15.31
3395,15.27
3396,15.290000000000001
3397,15.32
3398,15.31
3399,15.31
3400,15.290000000000001
3401,15.290200000000002
3402,15.300000000000002
3403,15.28
3404,15.27
3405,15.2702
3406,15.254999999999999
3407,15.26
3408,15.26
3409,15.179999999999998
3410,15.16
3411,15.2101
3412,15.19
3413,15.23
3414,15.219999999999999
3415,15.24
3416,15.290000000000001
3417,15.290000000000001
3418,15.16
3419,15.21
3420,15.23
3421,15.27
3422,15.23
3423,15.19
3424,15.16
3425,15.1602
3426,15.179999999999998
3427,15.19
3428,15.19
3429,15.1705
3430,15.179999999999998
3431,15.195
3432,15.19
3433,15.179999999999998
3434,15.179999999999998
3435,15.16
3436,15.149999999999999
3437,15.149999999999999
3438,15.1505
3439,15.135
3440,15.14
3441,15.1427
3442,15.1201
3443,15.109999999999998
3444,15.12
3445,15.039999999999997
3446,15.06
3447,15.03
3448,15.049999999999999
3449,15.03
3450,15.03
3451,15.0199
3452,15.009999999999998
3453,14.9899
3454,15.014999999999999
3455,15.009999999999998
3456,15.02
3457,15.009999999999998
3458,15.014999999999999
3459,15.009999999999998
3460,14.99
3461,15.005
3462,15.0
3463,15.009999999999998
3464,15.009999999999998
3465,15.009999999999998
3466,15.0385
3467,15.0101
3468,15.039999999999997
3469,15.03
3470,15.079999999999998
3471,15.07
3472,15.13
3473,15.1276
3474,15.1
3475,15.14
3476,15.14
3477,15.1201
3478,15.109999999999998
3479,15.1316
3480,15.17
3481,15.1899
3482,15.21
3483,15.2099
3484,15.2082
3485,15.219999999999999
3486,15.23
3487,15.219999999999999
3488,15.23
3489,15.219999999999999
3490,15.2
3491,15.179999999999998
3492,15.19
3493,15.179999999999998
3494,15.17
3495,15.17
3496,15.149999999999999
3497,15.1
3498,15.06
3499,15.31
