,0
0,401.18
1,401.56
2,401.68
3,403.49
4,402.01
5,399.67
6,400.038
7,400.56
8,400.44
9,404.02
10,402.49
11,402.975
12,405.21
13,404.2729
14,405.075
15,406.20099999999996
16,407.675
17,407.6599
18,407.33
19,406.6301
20,405.42
21,405.54
22,404.81
23,403.74
24,403.84
25,404.51
26,404.4
27,402.95
28,403.6
29,405.26
30,405.72
31,406.366
32,406.0
33,405.43800000000016
34,404.37
35,404.67
36,406.75
37,407.43
38,404.6265
39,403.0
40,403.36800000000005
41,404.29
42,406.38
43,407.83
44,407.76
45,407.957
46,409.115
47,408.39
48,407.32800000000003
49,408.92
50,408.78
51,409.09
52,409.72
53,411.41
54,410.3801
55,410.85
56,412.18
57,410.68
58,409.67
59,409.48
60,409.26
61,409.50199999999995
62,409.33
63,408.23900000000003
64,407.49
65,406.72
66,404.1701
67,408.05
68,407.57
69,404.41
70,404.3101
71,405.856
72,404.4
73,404.29
74,403.86
75,403.88
76,403.68
77,402.64
78,401.51
79,403.56199999999995
80,403.3
81,404.62
82,404.75
83,402.58
84,401.645
85,403.96
86,406.19
87,405.35
88,404.31
89,398.01
90,403.67
91,404.665
92,404.85
93,407.225
94,404.88
95,406.092
96,406.78
97,407.0
98,406.6
99,405.66
100,405.42
101,406.76
102,406.55
103,406.11
104,407.38
105,407.65
106,403.91
107,404.598
108,404.115
109,405.31
110,405.45
111,406.1
112,404.47
113,405.56
114,405.99
115,404.47
116,401.96
117,400.5
118,400.03
119,401.27
120,400.5
121,399.88
122,400.57
123,403.73
124,403.30300000000005
125,403.63
126,403.85
127,404.27
128,404.407
129,405.096
130,405.655
131,406.426
132,406.51
133,406.44
134,407.38
135,405.96
136,405.5799
137,406.36
138,406.93
139,406.0
140,404.41
141,405.77
142,407.79
143,409.91
144,409.5
145,409.35
146,407.96
147,408.02
148,408.256
149,408.4
150,408.108
151,408.10400000000004
152,408.0
153,408.2
154,408.14
155,407.91
156,407.03
157,407.04
158,407.52
159,407.73
160,407.57
161,407.13
162,407.67
163,407.42
164,407.214
165,407.745
166,407.91
167,407.91
168,415.15
169,421.365
170,419.29
171,418.13
172,421.33
173,422.1
174,422.915
175,423.69
176,424.57
177,424.7955
178,424.0
179,424.3
180,424.0
181,424.7
182,425.54900000000004
183,426.7
184,427.785
185,428.11
186,429.26
187,429.431
188,430.34
189,429.63599999999997
190,428.76
191,428.39
192,429.77
193,430.04
194,429.98
195,427.0
196,426.47
197,425.7699
198,428.3064
199,424.57
200,426.05
201,426.69
202,428.8118
203,429.28
204,428.35699999999997
205,428.07
206,427.48
207,427.93
208,427.5094
209,425.9
210,426.452
211,427.005
212,428.8
213,430.26
214,429.945
215,431.33
216,430.19
217,429.62
218,429.48
219,430.05
220,430.44
221,430.44
222,428.92
223,428.88
224,428.17
225,426.97
226,429.45
227,428.58
228,427.0325
229,428.81
230,428.38
231,428.53
232,428.66
233,429.7408
234,429.73699999999997
235,429.83
236,431.32
237,433.82
238,433.36
239,432.6301
240,433.76
241,434.04
242,434.19
243,434.34
244,435.4982
245,433.84
246,434.14
247,433.8
248,433.99
249,432.81199999999995
250,433.9199
251,431.7
252,430.66
253,431.35
254,430.815
255,432.21
256,431.18
257,430.9
258,430.09
259,430.01
260,430.63
261,429.78
262,430.16
263,429.6
264,429.13
265,427.37
266,428.21
267,429.2
268,429.41
269,428.70099999999996
270,429.39
271,428.918
272,428.97
273,428.75
274,428.97
275,428.93
276,431.6601
277,433.25
278,432.66
279,433.34
280,436.061
281,438.7279
282,436.5
283,436.476
284,437.07
285,437.47
286,437.86
287,438.67
288,438.7396
289,438.36
290,437.36800000000005
291,438.56
292,438.93
293,438.19
294,437.65
295,437.15
296,437.2501
297,437.89
298,436.61
299,435.315
300,437.04
301,436.49
302,436.55
303,436.51
304,434.18
305,434.01
306,435.24
307,435.88800000000003
308,434.52
309,434.976
310,435.7399
311,435.21
312,434.55
313,434.57
314,432.23
315,433.185
316,432.88
317,433.19
318,433.54
319,434.7
320,434.49
321,434.66
322,435.15
323,435.8
324,435.46
325,434.12
326,434.26
327,434.83
328,435.46
329,435.51
330,433.62
331,430.7399
332,429.48
333,435.75
334,438.1
335,439.77
336,439.92
337,439.4
338,439.28
339,437.84
340,437.94
341,439.79
342,439.56
343,439.265
344,438.18
345,438.41
346,437.53
347,437.0
348,437.52
349,436.74
350,438.0
351,437.61
352,437.98
353,438.66900000000004
354,436.55800000000005
355,436.89
356,436.85
357,432.81
358,431.36
359,432.04
360,433.35
361,433.76
362,434.04
363,434.77
364,434.5299
365,433.625
366,431.05
367,432.1
368,431.28
369,432.64
370,433.27
371,435.09
372,434.1
373,433.99
374,432.51099999999997
375,432.8699
376,432.62
377,431.59
378,431.46
379,430.72
380,430.74800000000016
381,428.43
382,428.2999
383,428.23
384,433.66
385,434.41
386,436.76
387,435.5
388,435.9399
389,435.27
390,435.075
391,434.4375
392,434.029
393,433.27
394,432.92
395,433.839
396,433.86
397,433.6
398,433.35
399,433.28
400,433.89
401,434.72
402,435.93
403,435.43
404,435.601
405,435.77
406,435.43
407,436.06
408,435.55
409,434.95
410,434.95
411,434.97
412,433.31
413,431.93
414,432.43
415,433.4301
416,433.46
417,432.07
418,432.17
419,432.01
420,431.8
421,430.85
422,430.9
423,430.94
424,431.65
425,432.38
426,432.28
427,432.1
428,432.1101
429,431.57
430,431.77
431,431.39
432,431.58
433,432.16
434,432.65
435,432.49
436,432.39
437,432.23
438,433.0
439,431.29
440,433.35
441,438.73800000000006
442,440.79
443,442.57
444,444.0
445,443.75
446,443.19
447,443.0
448,444.27
449,446.1381
450,445.959
451,446.98
452,446.18199999999996
453,446.34
454,445.37
455,445.845
456,446.9499
457,448.86
458,449.19
459,448.83
460,447.72
461,446.41
462,447.1899
463,446.84
464,447.0
465,448.81
466,449.28
467,446.61
468,447.4
469,452.099
470,454.296
471,455.2
472,457.79
473,456.339
474,455.12
475,455.0844
476,455.4
477,453.86
478,454.5
479,454.4799
480,454.9352
481,453.94
482,452.4001
483,453.9
484,453.37
485,453.37
486,454.34
487,452.689
488,452.38
489,452.64
490,453.04
491,453.03
492,452.4
493,451.94
494,453.01800000000003
495,452.32
496,450.6
497,451.12
498,451.86
499,451.76800000000003
500,453.089
501,451.94800000000004
502,452.1689
503,452.9969
504,452.5
505,452.21
506,452.09
507,452.1
508,451.8
509,450.48
510,448.3978
511,446.35
512,447.22
513,447.24
514,447.64000000000004
515,447.98
516,449.08
517,448.79
518,448.79
519,451.74
520,451.50000000000006
521,450.73
522,452.23999999999995
523,452.64
524,453.06
525,452.96
526,451.251
527,450.43
528,450.1000000000001
529,451.88
530,451.88
531,451.85
532,451.85
533,452.12
534,452.75
535,452.65
536,452.69999999999993
537,452.45
538,451.75999999999993
539,451.6996
540,451.88
541,451.999
542,452.19500000000005
543,452.23999999999995
544,452.01
545,452.23
546,453.2599
547,451.07
548,449.83
549,449.75
550,451.12000000000006
551,450.358
552,450.25
553,450.59
554,450.54
555,450.95
556,451.37
557,451.108
558,450.93000000000006
559,450.72
560,449.736
561,449.98
562,449.29
563,448.2200000000001
564,446.2099999999999
565,446.53
566,443.54
567,444.2
568,441.51009999999997
569,442.667
570,444.0
571,445.63
572,445.63
573,442.49
574,442.31
575,438.93
576,442.54
577,442.97
578,443.509
579,440.98
580,440.63
581,440.47
582,440.35
583,441.31999999999994
584,439.99
585,440.06
586,440.83
587,440.81
588,441.42
589,441.1200999999999
590,442.035
591,444.5
592,443.083
593,444.41
594,444.69
595,443.34
596,443.27
597,444.42
598,445.47999999999996
599,445.59
600,449.66
601,449.06
602,450.38
603,450.7
604,451.4
605,451.7908
606,453.2001
607,452.69999999999993
608,453.06
609,453.3809999999999
610,453.87
611,453.36999999999995
612,453.87
613,453.81
614,452.67
615,452.53
616,452.4967
617,452.1475
618,452.90999999999997
619,453.9
620,452.98
621,452.93
622,452.83
623,453.42
624,454.29
625,454.9800000000001
626,454.9800000000001
627,456.155
628,453.58
629,452.44000000000005
630,454.829
631,455.5
632,453.73600000000005
633,453.5501
634,453.655
635,453.92
636,453.59
637,453.205
638,452.98999999999995
639,453.55
640,453.76990000000006
641,453.00000000000006
642,452.56
643,452.93
644,453.02
645,452.82
646,452.81000000000006
647,452.37
648,452.26
649,452.56
650,453.19000000000005
651,453.38000000000005
652,453.75000000000006
653,453.5
654,455.88
655,455.6999
656,454.65
657,453.1000000000001
658,451.7900000000001
659,453.05
660,453.1899
661,454.0199999999999
662,453.71
663,454.29
664,454.30999999999995
665,454.35
666,455.32
667,455.61999999999995
668,455.5
669,455.6358
670,454.0
671,449.9839
672,450.46000000000004
673,451.16
674,451.19999999999993
675,451.46
676,450.39
677,450.52
678,450.8
679,450.62
680,450.51
681,451.85
682,450.28
683,448.77
684,450.0
685,450.19
686,448.20000000000005
687,447.0
688,448.721
689,447.6
690,449.25
691,447.38
692,447.525
693,446.80000000000007
694,446.70000000000005
695,448.6809999999999
696,447.916
697,447.21
698,447.07000000000005
699,446.30999999999995
700,445.73
701,446.78999999999996
702,447.56
703,448.0899999999999
704,447.62
705,447.95
706,448.31
707,448.37
708,443.82
709,442.44
710,439.39
711,439.02500000000003
712,433.96
713,434.9665
714,433.8
715,437.5
716,437.249
717,435.26
718,434.509
719,434.84000000000003
720,434.82
721,437.71899999999994
722,438.593
723,437.95000000000005
724,436.99999999999994
725,438.22
726,438.25
727,439.99
728,439.83000000000004
729,440.4100000000001
730,439.91
731,440.0899999999999
732,440.29
733,440.0
734,442.42
735,444.72
736,445.92
737,445.69
738,445.18
739,445.2
740,445.061
741,443.765
742,442.98
743,442.96799999999996
744,442.21
745,441.17
746,441.87
747,441.29
748,441.63
749,440.75
750,440.935
751,441.97
752,441.17
753,440.42
754,438.5
755,438.1600000000001
756,435.994
757,437.17
758,436.59
759,437.49000000000007
760,437.47999999999996
761,434.4800000000001
762,435.43
763,434.25
764,436.5
765,437.17
766,438.2
767,439.4999
768,438.79999999999995
769,437.478
770,435.9599999999999
771,436.4
772,437.12
773,436.56
774,436.279
775,435.9
776,436.0299
777,435.2886
778,434.88
779,434.64
780,435.84
781,435.49
782,435.07
783,435.57
784,435.48699999999997
785,435.22
786,436.55000000000007
787,436.58
788,435.861
789,437.66
790,436.9996
791,437.04
792,435.43
793,436.07000000000005
794,436.0
795,435.74
796,436.65
797,436.14
798,435.01
799,433.05999999999995
800,433.05
801,431.25
802,430.1
803,432.471
804,431.4576
805,431.16
806,430.4
807,430.3500000000001
808,430.41
809,429.44
810,429.42
811,428.91
812,429.67
813,430.06000000000006
814,430.06000000000006
815,432.3
816,426.89500000000004
817,430.58
818,429.92
819,428.28
820,428.959
821,427.2099999999999
822,429.00999999999993
823,431.44999999999993
824,432.7
825,432.56
826,432.4704
827,432.02000000000004
828,430.74
829,430.64
830,430.23
831,428.45000000000005
832,427.96
833,427.245
834,428.18989999999997
835,427.51000000000005
836,425.91
837,424.84
838,423.23
839,424.11
840,424.49
841,424.49
842,426.04
843,425.9075
844,426.20000000000005
845,428.31
846,428.74000000000007
847,429.0899999999999
848,428.824
849,427.2
850,426.07
851,425.7099999999999
852,427.26
853,427.6
854,427.58
855,427.25
856,427.03999999999996
857,427.01
858,427.0199
859,426.59
860,426.4
861,425.58
862,424.01
863,424.08
864,424.148
865,424.38
866,423.38699999999994
867,422.68
868,422.71999999999997
869,423.45
870,422.2
871,422.65
872,423.43
873,422.0575
874,422.61199999999997
875,422.53
876,421.19999999999993
877,419.5400000000001
878,419.95
879,421.09
880,419.69999999999993
881,419.21
882,419.23010000000005
883,417.161
884,418.06
885,419.88999999999993
886,420.0001
887,420.4001
888,420.36
889,418.88599999999997
890,419.02900000000005
891,418.812
892,418.5025
893,418.606
894,420.25
895,420.25
896,420.46999999999997
897,424.1999
898,423.808
899,422.64
900,420.11
901,421.51
902,421.468
903,420.82
904,419.67900000000003
905,419.735
906,420.7
907,420.9
908,420.15
909,420.81
910,420.86
911,420.71
912,421.50000000000006
913,421.50000000000006
914,421.5002
915,420.8175
916,420.46999999999997
917,420.34
918,418.29
919,418.56999999999994
920,421.2300000000001
921,420.05
922,420.09
923,425.34999999999997
924,424.48
925,428.18000000000006
926,429.68000000000006
927,428.69
928,428.97
929,430.1701
930,429.07
931,429.621
932,430.47
933,430.0
934,431.17999999999995
935,430.27
936,430.79999999999995
937,430.41
938,428.75
939,429.6000000000001
940,428.78
941,427.2901
942,428.61
943,427.0
944,426.20000000000005
945,425.46
946,424.88000000000005
947,424.44
948,424.29
949,424.27
950,421.1
951,416.49999999999994
952,416.7799999999999
953,414.2
954,411.64
955,413.534
956,413.135
957,412.00000000000006
958,412.68
959,411.51
960,413.32000000000005
961,412.74
962,412.2
963,411.96
964,412.22
965,412.00000000000006
966,410.28
967,410.21999999999997
968,410.25
969,408.168
970,409.73999999999995
971,408.5
972,407.87000000000006
973,408.22
974,407.5733
975,406.31
976,393.06
977,391.425
978,386.3999999999999
979,383.85
980,381.22
981,379.27000000000004
982,375.41
983,377.5001
984,378.27
985,377.4999
986,376.705
987,375.21
988,373.5
989,368.86
990,371.8
991,372.47
992,373.51
993,374.89
994,375.785
995,376.4
996,378.27
997,379.34
998,376.58
999,380.02000000000004
1000,380.595
1001,378.99800000000016
1002,378.9
1003,379.97
1004,375.8776
1005,380.63
1006,375.98
1007,372.18
1008,367.6
1009,368.861
1010,372.91
1011,368.661
1012,368.68
1013,369.1401
1014,368.04
1015,370.36
1016,372.6646
1017,372.17
1018,374.5
1019,374.8596
1020,373.67
1021,374.4049999999999
1022,371.76
1023,372.855
1024,370.3500000000001
1025,370.634
1026,370.21
1027,371.58
1028,370.84
1029,370.84
1030,376.21
1031,373.77
1032,372.4
1033,369.7
1034,371.13
1035,368.5535
1036,367.5
1037,370.09
1038,368.71
1039,370.68
1040,371.75
1041,372.45
1042,374.51
1043,373.54
1044,373.9
1045,371.48
1046,370.83
1047,371.76599999999996
1048,370.59
1049,370.41
1050,373.64
1051,374.0
1052,375.5199
1053,373.12
1054,373.06
1055,372.28
1056,372.28
1057,362.58
1058,372.8299999999999
1059,374.07
1060,375.0901
1061,371.8699
1062,372.54
1063,368.89
1064,366.8
1065,363.68
1066,365.42
1067,367.18
1068,370.2
1069,367.56
1070,368.655
1071,370.26
1072,369.78
1073,368.1
1074,366.23199999999997
1075,368.0
1076,368.19
1077,367.44
1078,366.71
1079,364.0
1080,365.585
1081,364.8
1082,364.1
1083,364.18
1084,361.806
1085,359.06
1086,361.52
1087,365.53
1088,367.4
1089,366.54
1090,363.68199999999996
1091,365.515
1092,365.0904
1093,364.361
1094,363.41
1095,361.2
1096,362.42
1097,362.4501
1098,361.2
1099,361.0
1100,361.47
1101,360.215
1102,359.2
1103,358.82
1104,357.89
1105,357.955
1106,357.57
1107,357.61999999999995
1108,358.12
1109,358.78
1110,358.87
1111,362.12
1112,364.2
1113,362.6
1114,360.75
1115,358.38
1116,359.55
1117,358.49
1118,357.495
1119,357.42800000000005
1120,357.53
1121,356.17
1122,355.21
1123,356.09
1124,356.72999999999996
1125,355.72
1126,354.415
1127,353.41999999999996
1128,350.47
1129,353.3215
1130,354.4
1131,353.12
1132,352.24
1133,352.53
1134,352.0
1135,351.66999999999996
1136,352.25
1137,356.6601
1138,358.9999
1139,357.74
1140,355.8
1141,357.81
1142,360.46
1143,360.24
1144,362.0
1145,359.23
1146,358.21
1147,359.2501
1148,359.1177
1149,359.44599999999997
1150,358.89
1151,358.5
1152,359.35
1153,361.07
1154,360.75
1155,360.0
1156,359.1075
1157,358.92
1158,360.91
1159,359.91
1160,360.79
1161,362.649
1162,364.69
1163,364.69
1164,368.98199999999997
1165,362.0
1166,360.27
1167,363.72900000000004
1168,360.5403
1169,361.26
1170,363.11
1171,364.13
1172,368.04
1173,368.349
1174,365.91
1175,365.81
1176,366.0135
1177,363.19
1178,361.8
1179,359.88300000000015
1180,358.798
1181,361.22
1182,359.93
1183,360.28
1184,360.065
1185,360.7699999999999
1186,361.89
1187,363.01
1188,363.34
1189,362.94
1190,362.88
1191,363.9499
1192,363.0
1193,360.89
1194,358.89
1195,359.18000000000006
1196,359.615
1197,358.01
1198,356.34
1199,356.81
1200,355.355
1201,355.46
1202,353.7
1203,354.57
1204,353.88
1205,353.35
1206,352.99
1207,355.22
1208,354.44
1209,353.05
1210,352.77
1211,351.44
1212,351.89
1213,352.31
1214,352.454
1215,352.74
1216,354.72
1217,354.69
1218,347.541
1219,346.2715
1220,349.24
1221,346.9
1222,346.92
1223,344.19599999999997
1224,343.12
1225,341.3
1226,340.78
1227,340.28
1228,336.85
1229,339.24
1230,339.09
1231,338.35
1232,337.24
1233,339.39
1234,339.29
1235,340.4
1236,338.2
1237,338.205
1238,336.73
1239,337.87
1240,337.74
1241,338.63
1242,338.02
1243,337.36
1244,337.31
1245,338.1
1246,346.77
1247,346.95099999999996
1248,342.37
1249,339.67
1250,339.1899
1251,341.8
1252,341.95
1253,342.24999999999994
1254,339.98
1255,338.0
1256,338.79
1257,339.32
1258,339.46
1259,335.27
1260,336.24
1261,334.1215
1262,333.32500000000005
1263,333.51
1264,332.94
1265,334.81
1266,335.789
1267,337.9693
1268,340.774
1269,338.65
1270,338.0
1271,338.0
1272,343.69
1273,341.35999999999996
1274,343.39
1275,339.73
1276,343.92900000000014
1277,344.93
1278,346.4801
1279,346.9
1280,344.87
1281,347.165
1282,348.48
1283,350.07
1284,349.53
1285,348.31
1286,347.9699
1287,349.09
1288,347.64
1289,348.51
1290,347.0
1291,346.21
1292,344.75
1293,345.961
1294,346.8
1295,348.26
1296,348.11
1297,348.89
1298,348.89
1299,346.72
1300,345.34989999999993
1301,344.85
1302,346.0399
1303,344.8
1304,345.64
1305,345.41
1306,344.74
1307,347.2
1308,346.71
1309,347.12000000000006
1310,348.1575
1311,348.531
1312,347.369
1313,347.5
1314,346.43
1315,347.2
1316,347.12000000000006
1317,350.49
1318,351.22
1319,351.07
1320,351.11
1321,351.63
1322,352.36
1323,352.82
1324,353.03
1325,353.03
1326,355.08
1327,353.51199999999994
1328,351.73900000000015
1329,350.63
1330,348.0201
1331,345.9
1332,346.54
1333,341.463
1334,344.17
1335,340.5545000000001
1336,338.2
1337,338.94
1338,338.63
1339,338.56000000000006
1340,338.7404
1341,336.78
1342,337.57
1343,339.9
1344,339.2940000000001
1345,338.93
1346,338.04999999999995
1347,336.33
1348,334.8
1349,334.71
1350,335.08
1351,334.76
1352,334.73
1353,331.98
1354,330.34
1355,325.53
1356,327.01
1357,328.185
1358,332.46
1359,332.579
1360,333.52
1361,331.97
1362,333.0
1363,331.65
1364,332.545
1365,333.4700000000001
1366,333.19
1367,330.45
1368,330.00600000000003
1369,329.56
1370,328.2799999999999
1371,327.62
1372,327.42
1373,326.03
1374,328.65
1375,326.33
1376,327.73999999999995
1377,328.43999999999994
1378,326.71
1379,326.71
1380,332.01099999999997
1381,328.77
1382,329.92
1383,329.12
1384,331.7
1385,333.75
1386,334.3299
1387,333.51
1388,332.34
1389,331.21
1390,332.26
1391,332.07
1392,331.699
1393,331.12
1394,330.18
1395,329.98
1396,330.75
1397,329.37
1398,329.53
1399,327.8
1400,327.6
1401,326.34000000000003
1402,326.2
1403,327.98
1404,329.09
1405,331.65
1406,331.58
1407,329.53
1408,328.51
1409,326.7
1410,324.556
1411,323.97
1412,322.09
1413,318.892
1414,319.34
1415,316.04
1416,315.0
1417,315.0
1418,314.68
1419,314.44000000000005
1420,312.47
1421,315.5
1422,317.41
1423,318.63400000000007
1424,320.12
1425,320.39000000000004
1426,319.807
1427,324.74
1428,324.5
1429,324.99
1430,326.81
1431,325.26
1432,326.42
1433,326.27
1434,329.0019999999999
1435,327.75
1436,324.97
1437,327.08
1438,323.76
1439,325.48
1440,326.38
1441,327.379
1442,325.58
1443,326.638
1444,328.7701
1445,329.29
1446,327.63
1447,327.48
1448,326.73
1449,326.82
1450,326.2
1451,327.36000000000007
1452,328.01
1453,328.08
1454,329.0490000000001
1455,330.91
1456,329.97
1457,330.92
1458,331.37
1459,331.6
1460,331.41
1461,337.5299
1462,335.64
1463,336.0301
1464,337.36
1465,338.69
1466,338.38
1467,340.76
1468,340.78
1469,340.17
1470,340.08
1471,340.42
1472,341.79
1473,341.0
1474,343.09
1475,344.36
1476,345.24
1477,347.4007
1478,346.97
1479,347.361
1480,346.53
1481,346.05
1482,345.64
1483,346.0
1484,344.83
1485,344.84499999999997
1486,345.76
1487,345.74
1488,341.54
1489,342.205
1490,341.8275
1491,341.06
1492,339.65
1493,341.01000000000005
1494,342.53
1495,341.46
1496,342.6
1497,343.7152
1498,344.99
1499,344.57
1500,344.01
1501,343.9799
1502,343.26
1503,344.385
1504,344.84
1505,347.12999999999994
1506,346.44
1507,346.94
1508,345.93199999999996
1509,346.99999999999994
1510,348.62
1511,347.95
1512,346.0
1513,348.48900000000015
1514,348.49
1515,369.2
1516,372.64
1517,370.68999999999994
1518,371.09000000000003
1519,371.2099999999999
1520,371.11000000000007
1521,371.3399999999999
1522,370.11
1523,369.87
1524,368.69999999999993
1525,370.35
1526,369.62
1527,367.26000000000005
1528,366.46999999999997
1529,368.45000000000005
1530,368.525
1531,365.50199999999995
1532,367.95
1533,369.23999999999995
1534,369.13
1535,369.15
1536,368.46
1537,371.374
1538,370.101
1539,371.4999
1540,373.21999999999997
1541,372.9
1542,363.77
1543,363.009
1544,360.83
1545,361.47
1546,359.87
1547,359.97
1548,359.16
1549,357.3801
1550,357.14399999999995
1551,357.4299
1552,354.74800000000016
1553,354.25
1554,355.6549999999999
1555,354.2199
1556,354.03
1557,355.9886
1558,355.29
1559,354.231
1560,354.85
1561,356.5
1562,356.22
1563,355.72
1564,356.06
1565,354.5565
1566,354.83
1567,353.35999999999996
1568,353.50000000000006
1569,346.01
1570,341.1
1571,338.36
1572,341.07
1573,342.8
1574,342.10999999999996
1575,345.0
1576,347.3995
1577,343.6704
1578,343.7324
1579,343.96000000000004
1580,343.315
1581,344.04
1582,344.18
1583,345.35
1584,344.855
1585,342.2
1586,340.32
1587,340.44
1588,340.99
1589,341.5
1590,343.34
1591,343.902
1592,343.37
1593,343.65
1594,344.07
1595,344.07
1596,340.43
1597,336.2
1598,336.26
1599,333.45
1600,329.9799
1601,330.6977
1602,330.0
1603,332.73
1604,330.38499999999993
1605,330.43
1606,330.29
1607,328.416
1608,326.99
1609,325.89
1610,326.4664
1611,326.5
1612,326.79
1613,326.79900000000004
1614,326.26
1615,325.74
1616,324.36999999999995
1617,324.62999999999994
1618,324.19
1619,323.81
1620,324.05
1621,322.08
1622,322.08
1623,309.36
1624,315.2
1625,314.71
1626,316.47
1627,315.295
1628,312.54
1629,310.665
1630,306.78
1631,306.4
1632,304.01
1633,304.88
1634,304.05
1635,304.59
1636,304.47
1637,301.76599999999996
1638,301.13
1639,303.25
1640,304.66
1641,305.959
1642,306.94
1643,305.4
1644,305.8
1645,310.0001
1646,313.46
1647,315.55
1648,314.21
1649,314.21
1650,317.56
1651,318.99
1652,316.55
1653,313.55
1654,316.3801
1655,316.656
1656,316.13
1657,321.26
1658,319.74000000000007
1659,319.78
1660,321.61
1661,323.12
1662,322.69
1663,321.33
1664,321.25
1665,322.2
1666,321.2699
1667,320.99500000000006
1668,320.55
1669,319.84
1670,318.92
1671,319.42
1672,319.93
1673,321.23
1674,319.76
1675,319.88
1676,319.87000000000006
1677,317.63
1678,316.0399
1679,313.702
1680,315.9799
1681,314.35
1682,314.0237
1683,312.12
1684,312.856
1685,312.7999
1686,310.98
1687,311.885
1688,310.9799
1689,312.44
1690,312.93
1691,313.285
1692,314.67
1693,314.2
1694,314.16
1695,314.32
1696,315.44
1697,317.0350000000001
1698,319.2529
1699,318.84
1700,318.71
1701,322.0
1702,321.65
1703,341.56
1704,341.97999999999996
1705,340.76
1706,343.72
1707,340.9999
1708,338.68
1709,339.5799999999999
1710,337.83
1711,337.86
1712,338.3799
1713,337.71
1714,336.62
1715,334.92
1716,334.954
1717,335.19
1718,334.11980000000005
1719,332.0
1720,332.21
1721,331.69
1722,331.67
1723,331.68
1724,329.31
1725,329.427
1726,328.55
1727,327.5
1728,326.42
1729,326.37
1730,317.4
1731,317.999
1732,319.86
1733,319.83
1734,317.4
1735,317.13
1736,316.221
1737,323.0056000000001
1738,323.08
1739,321.382
1740,320.53
1741,320.09
1742,317.2099999999999
1743,319.4599999999999
1744,319.0
1745,319.97
1746,317.59
1747,318.64
1748,318.52
1749,318.815
1750,318.59
1751,317.98
1752,318.02
1753,318.81000000000006
1754,320.5400000000001
1755,320.5400000000001
1756,320.37
1757,321.96040000000005
1758,327.38
1759,329.76
1760,327.63
1761,327.836
1762,330.53
1763,330.3104000000001
1764,329.96
1765,330.25
1766,330.16
1767,328.84
1768,328.01
1769,327.6
1770,326.65
1771,326.15
1772,326.87999999999994
1773,324.28599999999994
1774,322.085
1775,322.465
1776,320.84
1777,321.02
1778,320.09
1779,320.94
1780,321.05
1781,321.85
1782,321.66
1783,317.43
1784,322.58
1785,324.6799
1786,323.3
1787,321.37
1788,320.55
1789,319.67
1790,321.24600000000004
1791,320.603
1792,321.36
1793,321.27
1794,321.43
1795,324.27
1796,324.33
1797,323.56999999999994
1798,324.49999999999994
1799,324.03
1800,324.69
1801,326.1000000000001
1802,324.43
1803,325.59
1804,326.198
1805,327.09
1806,327.05
1807,329.23
1808,328.57
1809,328.55
1810,335.866
1811,336.96
1812,338.27000000000004
1813,339.16
1814,340.32
1815,341.21
1816,340.921
1817,342.952
1818,342.26
1819,341.92
1820,341.34
1821,341.9599999999999
1822,341.42
1823,341.259
1824,340.56
1825,341.2375
1826,341.78
1827,341.9675
1828,342.35
1829,342.45
1830,342.967
1831,342.90999999999997
1832,342.385
1833,343.42999999999995
1834,344.7
1835,345.43
1836,345.45
1837,341.379
1838,344.46
1839,347.24
1840,350.18699999999984
1841,353.12
1842,350.73
1843,349.73
1844,349.15
1845,346.9
1846,347.965
1847,348.22
1848,347.29
1849,347.74
1850,347.75
1851,348.01
1852,348.8
1853,348.65
1854,347.46
1855,347.91
1856,346.6201
1857,348.0
1858,347.91
1859,346.68
1860,347.42
1861,347.21
1862,347.08
1863,352.2799999999999
1864,352.79
1865,351.95
1866,352.03000000000003
1867,349.82
1868,348.1346
1869,348.459
1870,346.73800000000006
1871,348.772
1872,347.844
1873,349.17
1874,348.88
1875,349.35
1876,348.11
1877,349.16
1878,349.67
1879,350.69
1880,351.05
1881,350.3268
1882,351.47
1883,351.62999999999994
1884,350.4296
1885,349.08
1886,350.02
1887,350.649
1888,351.84
1889,351.88
1890,350.08
1891,347.55
1892,341.91
1893,343.45
1894,345.88
1895,345.28999999999996
1896,341.908
1897,342.711
1898,342.13
1899,342.157
1900,343.39
1901,342.33
1902,343.8
1903,343.57000000000005
1904,342.85
1905,341.69999999999993
1906,339.98999999999995
1907,341.29
1908,343.056
1909,342.78
1910,342.785
1911,344.3196
1912,344.28
1913,343.2799999999999
1914,344.18
1915,344.175
1916,344.19
1917,341.55
1918,344.86
1919,341.27
1920,340.3999
1921,341.099
1922,341.0
1923,342.08
1924,341.68
1925,341.89
1926,342.49
1927,342.38000000000005
1928,343.35
1929,343.39
1930,342.2
1931,341.9599999999999
1932,342.36999999999995
1933,342.7
1934,343.34
1935,343.2609999999999
1936,344.6826
1937,346.3599
1938,348.95
1939,349.4
1940,348.63
1941,349.15
1942,349.88
1943,349.88
1944,354.28999999999996
1945,357.21
1946,356.08
1947,358.07
1948,358.4
1949,358.565
1950,359.499
1951,360.39099999999996
1952,361.03999999999996
1953,363.0
1954,365.125
1955,366.0
1956,363.62
1957,363.15999999999997
1958,363.901
1959,363.412
1960,363.34
1961,363.6
1962,365.57
1963,364.756
1964,363.635
1965,363.79
1966,363.45
1967,363.9
1968,363.8
1969,364.52
1970,364.5
1971,365.1
1972,365.06
1973,367.91999999999996
1974,368.166
1975,369.77000000000004
1976,370.1
1977,367.83
1978,367.505
1979,369.87
1980,371.51
1981,369.592
1982,370.57000000000005
1983,370.06
1984,370.9
1985,369.2646
1986,369.45
1987,365.81000000000006
1988,363.76
1989,365.98
1990,364.8889
1991,365.40999999999997
1992,366.25
1993,367.5
1994,368.8
1995,371.45
1996,371.67
1997,371.67
1998,374.47499999999997
1999,379.62
2000,377.99
2001,378.09000000000003
2002,380.5
2003,380.402
2004,380.95
2005,379.171
2006,380.83
2007,381.776
2008,382.45300000000003
2009,383.24199999999996
2010,383.8499
2011,384.259
2012,385.162
2013,383.5
2014,384.17900000000003
2015,384.9
2016,384.76
2017,385.89
2018,388.23
2019,387.51
2020,387.18
2021,387.84
2022,389.86
2023,390.59
2024,390.6
2025,392.8
2026,396.1804
2027,390.2799
2028,389.5101
2029,390.7
2030,391.619
2031,392.34
2032,393.01
2033,390.25
2034,390.25
2035,387.89
2036,388.88
2037,391.56000000000006
2038,390.31
2039,392.03
2040,394.38999999999993
2041,394.74
2042,395.0
2043,396.25
2044,395.19
2045,393.51
2046,393.1
2047,391.61400000000003
2048,391.5
2049,392.5577
2050,391.94
2051,390.78999999999996
2052,392.98
2053,394.72
2054,393.83
2055,393.94999999999993
2056,393.8399999999999
2057,393.18
2058,394.32
2059,394.82
2060,394.25
2061,395.45
2062,396.789
2063,396.32
2064,396.71
2065,396.63
2066,396.616
2067,397.81
2068,398.74
2069,398.834
2070,399.62
2071,399.38
2072,400.42
2073,401.31
2074,401.1
2075,401.24800000000016
2076,402.03
2077,399.8999
2078,398.33
2079,399.0899999999999
2080,399.5254
2081,398.37
2082,397.5
2083,396.51
2084,393.77
2085,395.099
2086,395.59999999999997
2087,396.17
2088,395.53
2089,395.73
2090,395.4189
2091,395.59999999999997
2092,394.722
2093,393.93
2094,394.1
2095,393.96
2096,394.07
2097,394.08
2098,393.92
2099,396.74
2100,399.18
2101,398.87
2102,397.59
2103,396.27
2104,393.78
2105,396.82
2106,396.28
2107,397.88
2108,399.76
2109,400.663
2110,403.71
2111,403.29
2112,404.1
2113,402.85
2114,402.5328
2115,402.91
2116,403.05000000000007
2117,403.86
2118,404.03
2119,404.335
2120,403.98
2121,403.94
2122,401.75
2123,402.36
2124,403.06
2125,403.0675
2126,402.0
2127,401.38079999999997
2128,402.392
2129,403.92
2130,405.35900000000004
2131,405.861
2132,408.46
2133,409.36
2134,409.75
2135,409.5439
2136,409.9
2137,409.77
2138,409.15
2139,407.83
2140,408.03
2141,409.45
2142,409.08
2143,410.43
2144,412.47
2145,412.78000000000003
2146,413.14
2147,413.01
2148,414.3572
2149,414.8
2150,414.8
2151,415.469
2152,414.2701
2153,415.2
2154,415.2
2155,417.77
2156,415.65
2157,418.93
2158,419.90000000000003
2159,418.67
2160,418.34
2161,421.1
2162,418.86
2163,420.0
2164,419.05
2165,418.97
2166,417.57
2167,416.46
2168,416.1996
2169,416.02
2170,414.315
2171,411.6101
2172,413.2175
2173,414.39
2174,414.94
2175,414.49
2176,414.9800000000001
2177,416.24
2178,415.45
2179,416.69
2180,417.83
2181,417.83
2182,417.69999999999993
2183,419.42
2184,416.0499
2185,417.01
2186,415.51
2187,414.92
2188,415.0
2189,417.53
2190,418.82
2191,421.15
2192,422.0
2193,420.31
2194,419.5
2195,418.5799999999999
2196,419.58
2197,420.8
2198,418.67199999999997
2199,417.68
2200,416.901
2201,417.0625
2202,417.98
2203,419.34
2204,419.025
2205,419.99
2206,421.48
2207,422.06
2208,422.06
2209,419.87
2210,422.22
2211,424.79
2212,424.0
2213,422.33600000000007
2214,422.70099999999996
2215,423.36
2216,422.6
2217,421.59
2218,421.39
2219,423.41
2220,423.426
2221,423.67
2222,423.29
2223,423.2914
2224,422.7
2225,422.3
2226,421.76
2227,421.95
2228,421.24
2229,419.3
2230,418.86
2231,418.82989999999995
2232,418.64
2233,417.33
2234,417.57
2235,417.57
2236,414.709
2237,417.5
2238,419.78
2239,419.57000000000005
2240,417.96
2241,419.51
2242,419.19
2243,422.61
2244,422.0
2245,422.426
2246,424.3019999999999
2247,423.1
2248,422.71
2249,423.07500000000005
2250,422.5
2251,422.81
2252,423.58
2253,424.1399
2254,423.08
2255,422.05
2256,422.27
2257,421.21
2258,421.99
2259,421.525
2260,422.5
2261,423.17199999999997
2262,423.21
2263,420.82
2264,424.43
2265,419.18
2266,422.38
2267,422.9499
2268,422.86
2269,423.01
2270,422.4
2271,422.07
2272,423.0
2273,423.5
2274,423.35
2275,424.59
2276,423.93999999999994
2277,427.0
2278,426.9
2279,427.49
2280,427.921
2281,428.66
2282,428.31
2283,427.44
2284,426.58
2285,427.17
2286,427.0678
2287,428.16
2288,428.33
2289,428.35
2290,431.08029999999997
2291,433.15
2292,429.76
2293,431.39000000000004
2294,431.63
2295,431.05999999999995
2296,432.51990000000006
2297,433.0901
2298,431.3584
2299,430.7
2300,431.2
2301,431.31
2302,431.76
2303,431.6
2304,429.76
2305,430.099
2306,428.7995
2307,429.2299
2308,429.8765
2309,430.7767
2310,430.21
2311,430.5
2312,430.605
2313,430.611
2314,429.87
2315,430.13
2316,430.13
2317,427.62
2318,426.13
2319,425.459
2320,425.13
2321,425.6
2322,426.57
2323,426.9
2324,426.53
2325,426.7
2326,426.5
2327,426.805
2328,426.55
2329,426.4
2330,425.85
2331,426.06
2332,423.72
2333,421.99
2334,421.47
2335,420.13
2336,420.2
2337,422.56
2338,423.22900000000004
2339,423.76
2340,423.61
2341,422.408
2342,423.0
2343,423.09
2344,431.58099999999996
2345,432.66
2346,431.8
2347,434.21
2348,434.41
2349,434.15
2350,434.04
2351,433.74
2352,434.7
2353,433.9
2354,432.65
2355,432.1601
2356,431.2
2357,431.4999
2358,431.4680000000001
2359,430.25
2360,429.94
2361,430.15
2362,430.5
2363,431.1
2364,428.62
2365,428.5299999999999
2366,427.11
2367,426.90999999999997
2368,428.06
2369,428.25
2370,428.29
2371,430.94
2372,430.06
2373,429.77
2374,428.05
2375,428.3
2376,427.23
2377,428.43
2378,429.94199999999995
2379,430.689
2380,431.215
2381,430.39
2382,430.749
2383,430.9593
2384,430.14
2385,428.63
2386,428.64
2387,428.68
2388,427.7706999999999
2389,426.75
2390,427.6
2391,427.93
2392,429.75
2393,429.21
2394,430.05
2395,430.2
2396,430.0
2397,430.0
2398,427.98
2399,426.2399
2400,428.0
2401,426.63
2402,426.26
2403,427.8
2404,429.69
2405,429.0
2406,428.96
2407,427.668
2408,427.78
2409,427.0101
2410,426.05
2411,426.38
2412,424.75
2413,423.85
2414,422.07
2415,421.535
2416,422.59
2417,422.1559
2418,422.72
2419,422.01
2420,421.958
2421,421.99
2422,422.09
2423,422.5
2424,422.45
2425,422.51
2426,419.28
2427,418.5001
2428,420.74
2429,422.69
2430,422.691
2431,423.13
2432,421.5101
2433,420.11
2434,421.39
2435,424.19
2436,424.4
2437,424.2525
2438,424.2
2439,423.55
2440,424.6
2441,424.7
2442,425.21
2443,426.89
2444,426.75
2445,426.49
2446,425.9
2447,426.38
2448,425.8
2449,426.38
2450,427.74
2451,427.71
2452,425.02
2453,424.06
2454,427.08
2455,427.7
2456,428.94599999999997
2457,426.87
2458,426.06
2459,426.09
2460,427.16
2461,428.11
2462,427.8
2463,427.82
2464,427.48
2465,428.04
2466,428.9
2467,428.86749999999995
2468,429.46
2469,428.0
2470,427.8
2471,428.26
2472,429.26
2473,429.84
2474,429.366
2475,430.5025
2476,430.791
2477,430.2
2478,430.26
2479,445.466
2480,444.16
2481,444.74
2482,445.15
2483,445.385
2484,443.75
2485,442.79
2486,442.5902
2487,442.43999999999994
2488,443.7
2489,442.93
2490,443.33
2491,444.31000000000006
2492,442.5
2493,442.276
2494,441.31
2495,442.95
2496,443.825
2497,444.29
2498,445.51599999999996
2499,444.12
2500,444.23999999999995
2501,443.56
2502,443.95000000000005
2503,446.01
2504,443.79
2505,443.65
2506,440.61
2507,442.491
2508,441.1
2509,443.19
2510,443.34
2511,442.13500000000005
2512,445.0
2513,445.28
2514,445.33
2515,446.13
2516,444.69
2517,444.62199999999996
2518,444.014
2519,443.55
2520,443.05
2521,442.52
2522,441.73999999999995
2523,441.17
2524,444.18
2525,444.95
2526,444.124
2527,444.69999999999993
2528,445.28
2529,447.38
2530,449.59999999999997
2531,448.53
2532,448.68
2533,446.91
2534,443.98
2535,446.0400000000001
2536,444.1
2537,444.991
2538,443.5
2539,443.58600000000007
2540,443.65999999999997
2541,442.95
2542,443.13
2543,444.81
2544,443.2
2545,443.2099999999999
2546,441.59
2547,441.25
2548,441.51
2549,438.74
2550,440.43
2551,441.53
2552,441.46
2553,441.95
2554,441.34
2555,442.00000000000006
2556,441.29400000000004
2557,441.69000000000005
2558,441.39
2559,441.39
2560,440.94800000000004
2561,438.144
2562,437.61
2563,435.06
2564,437.01
2565,438.064
2566,438.57
2567,436.84
2568,436.86
2569,437.00000000000006
2570,438.2
2571,438.75
2572,439.29
2573,439.51
2574,440.09
2575,439.21
2576,439.25
2577,439.841
2578,439.664
2579,439.57
2580,439.7
2581,440.18
2582,440.00999999999993
2583,439.961
2584,440.06
2585,440.16
2586,440.18
2587,438.56000000000006
2588,438.615
2589,436.24
2590,437.21
2591,439.29
2592,439.22
2593,440.5
2594,440.24999999999994
2595,441.39
2596,440.31
2597,440.15
2598,439.7653
2599,439.76
2600,439.74000000000007
2601,439.62000000000006
2602,438.89
2603,439.06999999999994
2604,438.88899999999995
2605,440.021
2606,440.0
2607,440.08000000000004
2608,440.03
2609,439.12
2610,439.17
2611,439.4104
2612,439.51
2613,439.52
2614,442.96
2615,441.464
2616,440.94
2617,441.75
2618,442.3999
2619,443.99999999999994
2620,445.5
2621,446.37
2622,448.4200000000001
2623,448.83
2624,447.34
2625,447.79
2626,447.84
2627,447.7
2628,445.20009999999996
2629,444.14
2630,444.01
2631,443.62
2632,444.5
2633,442.76
2634,442.4499
2635,441.86
2636,438.306
2637,437.73
2638,437.417
2639,436.30010000000004
2640,436.36
2641,436.9995
2642,434.2300000000001
2643,436.79
2644,435.52
2645,435.62999999999994
2646,436.49
2647,437.9
2648,438.6
2649,438.17999999999995
2650,438.12
2651,437.81999999999994
2652,438.17999999999995
2653,438.09
2654,438.55
2655,439.265
2656,440.65
2657,441.49999999999994
2658,442.16999999999996
2659,441.4
2660,443.19
2661,442.73
2662,442.5
2663,442.81
2664,442.95
2665,444.1
2666,444.23999999999995
2667,444.21
2668,440.42
2669,442.00000000000006
2670,439.47
2671,439.50000000000006
2672,439.0
2673,438.74
2674,439.53499999999997
2675,441.015
2676,441.79
2677,441.0
2678,440.962
2679,439.78
2680,439.95
2681,438.33
2682,437.73
2683,438.94999999999993
2684,438.36
2685,438.2799999999999
2686,437.9
2687,438.5
2688,439.47
2689,439.72
2690,440.23
2691,439.3
2692,439.56
2693,439.61
2694,439.61
2695,438.32
2696,438.3999999999999
2697,439.39
2698,440.369
2699,440.24
2700,439.01
2701,440.86
2702,440.43
2703,441.45000000000005
2704,442.69
2705,441.49999999999994
2706,441.92999999999995
2707,442.23
2708,441.535
2709,442.09
2710,440.74
2711,441.0
2712,441.06
2713,440.52
2714,440.35
2715,441.77
2716,441.33000000000004
2717,441.5849999999999
2718,441.72
2719,440.96
2720,442.08
2721,442.08
2722,444.44319999999993
2723,444.92
2724,445.60999999999996
2725,445.5627
2726,444.35999999999996
2727,443.0
2728,443.81
2729,442.92
2730,442.36000000000007
2731,441.72
2732,441.0199999999999
2733,441.24
2734,439.96000000000004
2735,441.3
2736,441.63
2737,442.59
2738,443.10999999999996
2739,442.74
2740,442.22729999999996
2741,441.7
2742,441.12
2743,440.4100000000001
2744,440.75000000000006
2745,440.64
2746,440.236
2747,440.7
2748,440.6
2749,462.99999999999994
2750,461.94000000000005
2751,460.9
2752,464.099
2753,464.88500000000005
2754,465.83
2755,466.67
2756,465.4
2757,467.065
2758,467.397
2759,466.65
2760,468.06
2761,467.28000000000003
2762,467.61
2763,466.7169999999999
2764,467.26
2765,466.43
2766,467.7274
2767,467.9
2768,467.67
2769,467.53
2770,471.20000000000005
2771,471.44199999999995
2772,471.79
2773,472.56
2774,473.1
2775,473.1
2776,472.72
2777,474.32
2778,470.791
2779,472.4
2780,472.2499
2781,472.9999000000001
2782,471.2900000000001
2783,471.6890000000001
2784,472.88
2785,472.73
2786,472.83
2787,472.65
2788,471.95
2789,471.2900000000001
2790,469.46
2791,469.94
2792,468.97
2793,469.8088
2794,469.15
2795,468.22
2796,468.41399999999993
2797,467.40009999999995
2798,467.75
2799,467.2099999999999
2800,466.46380000000005
2801,466.74
2802,470.24
2803,470.63
2804,470.4
2805,470.32
2806,470.1
2807,470.52
2808,471.47
2809,471.3
2810,471.47
2811,471.2200000000001
2812,470.82
2813,470.8
2814,470.47
2815,472.3500000000001
2816,472.3500000000001
2817,466.57
2818,468.3
2819,468.6601
2820,468.5
2821,468.49
2822,466.18
2823,465.8001
2824,463.4599999999999
2825,462.53
2826,461.1499999999999
2827,461.26
2828,460.82499999999993
2829,460.8
2830,463.19000000000005
2831,464.46400000000006
2832,463.4
2833,462.58600000000007
2834,461.68
2835,461.74
2836,460.99199999999996
2837,461.3921
2838,461.49199999999996
2839,460.91
2840,461.64
2841,461.62
2842,460.59
2843,460.62
2844,457.5601
2845,455.18000000000006
2846,451.735
2847,450.82989999999995
2848,449.04999999999995
2849,449.2699999999999
2850,445.1237
2851,442.95
2852,442.56
2853,440.4
2854,441.40200000000004
2855,443.1
2856,443.515
2857,443.335
2858,443.48
2859,446.25
2860,445.81
2861,444.11
2862,444.9
2863,443.9700000000001
2864,444.37
2865,442.34000000000003
2866,442.47
2867,443.01
2868,445.7099999999999
2869,445.28899999999993
2870,447.91
2871,445.41
2872,441.4901
2873,443.6
2874,446.3500000000001
2875,444.42
2876,442.77
2877,443.845
2878,441.75
2879,442.4
2880,442.5
2881,441.9
2882,443.29999999999995
2883,442.01
2884,442.00000000000006
2885,441.48
2886,441.525
2887,441.99
2888,441.24319999999994
2889,441.285
2890,440.0
2891,440.5
2892,441.9
2893,441.56
2894,442.01
2895,443.0
2896,432.245
2897,430.93999999999994
2898,430.62
2899,434.21000000000004
2900,436.03
2901,439.0301
2902,439.1
2903,439.14099999999996
2904,439.1
2905,441.06
2906,441.06
2907,443.68
2908,443.065
2909,442.22
2910,442.09
2911,443.56
2912,444.08
2913,442.42
2914,440.82
2915,440.55
2916,438.17199999999997
2917,437.91400000000004
2918,437.3153
2919,438.86
2920,439.6
2921,438.56000000000006
2922,441.7
2923,443.3325
2924,443.12
2925,440.48
2926,440.4101
2927,441.32
2928,440.79
2929,440.43
2930,440.73
2931,440.69199999999995
2932,440.89
2933,441.07500000000005
2934,440.48
2935,439.71
2936,440.12999999999994
2937,440.39000000000004
2938,440.21999999999997
2939,440.465
2940,440.23
2941,439.81
2942,438.555
2943,438.1449999999999
2944,437.92
2945,439.05199999999996
2946,438.80000000000007
2947,439.96000000000004
2948,439.96000000000004
2949,442.2
2950,445.90000000000003
2951,447.4
2952,449.5
2953,451.13
2954,453.0
2955,453.18
2956,453.9
2957,454.4301
2958,454.61
2959,453.16029999999995
2960,452.43
2961,451.33
2962,451.44
2963,452.3
2964,453.71
2965,454.4
2966,454.14
2967,453.34
2968,453.51
2969,454.12000000000006
2970,455.4558
2971,453.11000000000007
2972,452.3399
2973,452.26
2974,452.5801000000001
2975,452.5801000000001
2976,447.86
2977,449.00000000000006
2978,446.424
2979,447.42
2980,444.57
2981,443.8500000000001
2982,448.602
2983,447.29010000000005
2984,446.29
2985,445.0
2986,445.5
2987,447.51000000000005
2988,447.89
2989,447.06
2990,449.04
2991,449.16
2992,448.505
2993,448.51
2994,449.1499999999999
2995,449.895
2996,449.00000000000006
2997,448.65
2998,448.56999999999994
2999,448.63
3000,448.9100000000001
3001,449.06
3002,449.09
3003,453.31
3004,452.4
3005,451.59999999999997
3006,449.287
3007,450.49
3008,448.29
3009,448.25
3010,448.41
3011,446.12
3012,446.46
3013,447.38999999999993
3014,445.95
3015,446.12940000000003
3016,444.79
3017,445.19
3018,445.22
3019,445.98
3020,444.88
3021,445.0495
3022,444.86
3023,444.18
3024,444.31
3025,443.88000000000005
3026,444.5899999999999
3027,444.55
3028,444.4100000000001
3029,445.95
3030,445.5025
3031,444.53000000000003
3032,445.9599999999999
3033,445.63
3034,447.55
3035,445.0
3036,442.73
3037,444.25
3038,442.4399
3039,442.15
3040,442.50999999999993
3041,442.75800000000004
3042,443.13
3043,444.6201
3044,443.93
3045,442.58
3046,443.01
3047,442.67
3048,442.145
3049,442.15
3050,442.0383
3051,441.29
3052,440.51
3053,438.745
3054,439.2
3055,439.36000000000007
3056,438.63
3057,437.98999999999995
3058,438.75000000000006
3059,440.2799999999999
3060,438.835
3061,439.91
3062,440.73
3063,439.85
3064,440.5
3065,439.635
3066,441.26
3067,441.7099999999999
3068,441.27000000000004
3069,441.16
3070,441.48
3071,441.5989
3072,441.5199999999999
3073,441.77
3074,442.0999
3075,442.89000000000004
3076,443.01
3077,442.69999999999993
3078,442.8
3079,442.38
3080,443.01
3081,444.1499999999999
3082,444.17
3083,454.13
3084,453.72
3085,450.07
3086,451.664
3087,450.86
3088,452.39300000000003
3089,449.99
3090,451.11
3091,449.55
3092,449.0299999999999
3093,450.28
3094,448.47300000000007
3095,448.50499999999994
3096,449.8299999999999
3097,451.20000000000005
3098,451.44999999999993
3099,451.49
3100,450.05
3101,451.545
3102,452.135
3103,452.1700000000001
3104,452.05
3105,452.87999999999994
3106,453.0
3107,452.22
3108,451.9997
3109,451.9499
3110,431.7799999999999
3111,433.99
3112,433.52
3113,433.46999999999997
3114,431.01
3115,435.73
3116,433.89
3117,431.70000000000005
3118,431.75
3119,429.14720000000005
3120,429.775
3121,427.73
3122,425.99
3123,426.55000000000007
3124,426.5948
3125,428.24999999999994
3126,427.1600000000001
3127,428.6055999999999
3128,427.94
3129,426.60999999999996
3130,426.815
3131,427.81000000000006
3132,427.49
3133,428.62
3134,430.32
3135,431.19499999999994
3136,433.09
3137,433.86
3138,432.69000000000005
3139,431.4
3140,431.31
3141,431.4
3142,431.3853
3143,430.01
3144,428.58
3145,429.4
3146,430.3
3147,430.49999999999994
3148,430.3
3149,429.8
3150,427.49
3151,427.02
3152,428.0001
3153,428.36000000000007
3154,428.37
3155,428.54
3156,428.00000000000006
3157,427.56000000000006
3158,427.58
3159,427.8
3160,427.539
3161,427.86
3162,427.9
3163,422.755
3164,420.98
3165,420.94999999999993
3166,420.96
3167,421.51599999999996
3168,421.13999999999993
3169,421.15
3170,421.18500000000006
3171,421.325
3172,424.30000000000007
3173,424.5
3174,423.3
3175,422.82
3176,422.4146
3177,422.15000000000003
3178,422.53
3179,422.6600000000001
3180,424.1
3181,425.22
3182,425.56000000000006
3183,423.99999999999994
3184,425.0299999999999
3185,424.64
3186,425.355
3187,426.40000000000003
3188,425.36
3189,425.38
3190,427.64359999999994
3191,427.23999999999995
3192,424.31
3193,425.87
3194,424.54999999999995
3195,423.0801
3196,424.265
3197,424.07
3198,424.2099999999999
3199,423.4800000000001
3200,422.30000000000007
3201,422.39
3202,422.78000000000003
3203,423.0
3204,422.81
3205,422.56999999999994
3206,422.15000000000003
3207,422.33
3208,422.13000000000005
3209,422.25
3210,421.81
3211,421.51
3212,421.8
3213,421.5799999999999
3214,421.06600000000003
3215,421.8595
3216,421.86000000000007
3217,419.21
3218,421.22
3219,422.0
3220,419.6101
3221,422.65
3222,422.1
3223,422.9
3224,424.8052
3225,423.99
3226,423.522
3227,423.3
3228,422.79
3229,423.76
3230,423.99999999999994
3231,424.9
3232,424.9
3233,425.22
3234,425.52
3235,425.13
3236,424.40000000000003
3237,424.27
3238,425.23
3239,425.2499000000001
3240,424.9
3241,424.56
3242,424.6499999999999
3243,424.66
3244,425.97999999999996
3245,426.74000000000007
3246,427.06
3247,427.9899
3248,428.24999999999994
3249,427.0899999999999
3250,426.26099999999997
3251,425.71
3252,423.6800999999999
3253,424.98
3254,425.7
3255,425.5
3256,426.03
3257,425.61999999999995
3258,425.185
3259,425.87
3260,425.85
3261,425.75000000000006
3262,426.13
3263,425.0
3264,423.8899
3265,424.37
3266,424.5
3267,423.915
3268,423.684
3269,424.28
3270,424.28
3271,428.2656999999999
3272,426.81
3273,428.00000000000006
3274,427.71
3275,430.07
3276,429.63
3277,431.21989999999994
3278,431.9348
3279,431.87000000000006
3280,431.29999999999995
3281,429.93
3282,429.7478
3283,430.56
3284,431.8
3285,432.11
3286,431.38
3287,431.94999999999993
3288,431.70000000000005
3289,431.46999999999997
3290,431.92
3291,431.17
3292,431.38
3293,431.52
3294,433.19
3295,434.88
3296,434.36
3297,434.36
3298,431.56
3299,429.5624000000001
3300,430.05999999999995
3301,429.0768
3302,427.67
3303,426.7200000000001
3304,426.36000000000007
3305,426.01
3306,423.21
3307,422.2099999999999
3308,421.98
3309,422.37999999999994
3310,423.4800000000001
3311,424.42
3312,423.624
3313,424.5
3314,425.046
3315,425.5
3316,423.8901
3317,424.58
3318,423.33000000000004
3319,422.73
3320,421.86000000000007
3321,421.6700000000001
3322,423.505
3323,422.79
3324,423.9
3325,423.55999999999995
3326,420.845
3327,419.71000000000004
3328,420.29999999999995
3329,417.92
3330,417.79900000000004
3331,416.12
3332,413.9
3333,413.3
3334,414.96
3335,415.85
3336,415.4
3337,415.58
3338,415.64
3339,416.99
3340,421.06600000000003
3341,425.02
3342,425.3851
3343,425.22
3344,425.3201
3345,424.25
3346,424.66
3347,425.34999999999997
3348,425.4
3349,425.36
3350,427.594
3351,428.77989999999994
3352,427.99
3353,426.22
3354,423.17999999999995
3355,422.69
3356,423.72999999999996
3357,425.78999999999996
3358,425.00999999999993
3359,426.043
3360,424.966
3361,425.56000000000006
3362,425.77000000000004
3363,425.15
3364,422.69
3365,421.03
3366,423.38999999999993
3367,423.77000000000004
3368,423.50000000000006
3369,422.897
3370,423.5799999999999
3371,423.97
3372,424.5
3373,424.2099999999999
3374,424.1
3375,422.58
3376,422.82
3377,421.88000000000005
3378,425.78
3379,426.69
3380,425.89
3381,426.26
3382,426.24
3383,426.608
3384,425.99999999999994
3385,425.06
3386,424.54
3387,424.34
3388,423.2900000000001
3389,424.33
3390,423.5799999999999
3391,424.40000000000003
3392,421.55
3393,421.96000000000004
3394,422.37
3395,422.46
3396,423.02
3397,421.7
3398,421.26
3399,420.8500000000001
3400,422.8500000000001
3401,422.78000000000003
3402,422.8500000000001
3403,425.71
3404,426.23400000000004
3405,427.84700000000004
3406,430.28
3407,429.52
3408,430.64
3409,428.56
3410,429.315
3411,430.90000000000003
3412,431.29999999999995
3413,432.25000000000006
3414,430.7
3415,431.135
3416,432.4875
3417,433.21
3418,433.71
3419,434.28999999999996
3420,432.43260000000004
3421,431.94
3422,432.98
3423,433.73
3424,432.95
3425,431.4
3426,431.5
3427,430.275
3428,430.31
3429,430.3
3430,438.34
3431,441.09
3432,439.60999999999996
3433,440.295
3434,441.1909999999999
3435,440.0
3436,439.0845
3437,441.98
3438,443.4
3439,442.75
3440,442.55
3441,443.41
3442,442.96
3443,443.38
3444,444.81
3445,445.81
3446,446.62
3447,446.95000000000005
3448,448.49899999999997
3449,447.95
3450,448.97
3451,448.145
3452,448.59000000000003
3453,446.8
3454,447.85
3455,449.7
3456,449.67
3457,444.80750000000006
3458,444.75
3459,443.94
3460,442.27
3461,444.085
3462,445.6
3463,444.44
3464,444.67
3465,443.68999999999994
3466,444.57
3467,444.68000000000006
3468,444.9
3469,444.35
3470,445.49
3471,445.74
3472,446.39
3473,446.9296
3474,447.21
3475,447.0
3476,447.62
3477,446.73999999999995
3478,446.37999999999994
3479,445.79
3480,446.62
3481,445.95
3482,445.85
3483,445.85
3484,454.63000000000005
3485,454.27000000000004
3486,456.61
3487,456.26
3488,455.9801
3489,455.39
3490,456.6
3491,455.43000000000006
3492,454.87800000000004
3493,455.28000000000003
3494,455.37
3495,456.3205
3496,456.05
3497,454.66999999999996
3498,454.75
3499,454.086
3500,453.99000000000007
3501,453.67
3502,453.5
3503,453.74
3504,453.85
3505,453.075
3506,453.35
3507,453.28
3508,452.49000000000007
3509,451.54
3510,451.54
3511,449.40000000000003
3512,450.77
3513,451.35
3514,449.31
3515,447.68
3516,446.62630000000007
3517,446.59
3518,446.9778
3519,446.56999999999994
3520,446.80000000000007
3521,447.36999999999995
3522,447.93000000000006
3523,448.90000000000003
3524,447.44
3525,447.4
3526,446.7300000000001
3527,446.1275
3528,445.0384
3529,444.06
3530,444.23999999999995
3531,444.37000000000006
3532,444.75
3533,445.46
3534,445.04
3535,446.66
3536,446.44
3537,450.64
3538,451.3201
3539,450.68
3540,451.55899999999997
3541,452.6664
3542,452.7200000000001
3543,451.62999999999994
3544,452.35999999999996
3545,453.68
3546,452.82
3547,452.12
3548,452.1
3549,452.07
3550,452.31
3551,452.58
3552,452.77
3553,452.95
3554,452.07
3555,451.91
3556,452.54
3557,453.55999999999995
3558,453.52
3559,452.65
3560,452.88
3561,451.6241
3562,451.49
3563,450.38
3564,450.92199999999997
3565,450.12
3566,450.48
3567,450.24
3568,450.65999999999997
3569,451.3999999999999
3570,450.3
3571,449.05
3572,449.02
3573,448.99999999999994
3574,448.86000000000007
3575,449.69999999999993
3576,450.2699999999999
3577,450.39
3578,450.44
3579,450.01
3580,450.29
3581,450.1600000000001
3582,449.99999999999994
3583,450.17
3584,450.53000000000003
3585,450.21
3586,450.175
3587,450.58
3588,450.82
3589,450.19
3590,450.82
3591,453.69470000000007
3592,455.2001
3593,455.24
3594,452.215
3595,454.25999999999993
3596,453.18
3597,453.05999999999995
3598,452.77
3599,453.54
3600,455.09
3601,456.8
3602,456.2
3603,455.47
3604,458.16
3605,459.44
3606,458.54
3607,460.31999999999994
3608,460.99
3609,460.93
3610,460.365
3611,459.34999999999997
3612,459.7042
3613,459.37
3614,459.08
3615,459.0899999999999
3616,465.66
3617,468.385
3618,468.2388
3619,468.5389
3620,467.94000000000005
3621,468.22
3622,467.26
3623,467.5
3624,465.99
3625,467.80500000000006
3626,467.87000000000006
3627,467.53
3628,466.92
3629,466.45
3630,466.1
3631,466.56
3632,467.25
3633,467.6
3634,467.07349999999997
3635,467.6700000000001
3636,467.865
3637,467.44000000000005
3638,468.0
3639,466.426
3640,466.39
3641,465.92
3642,464.5
3643,464.19
3644,464.98
3645,464.0
3646,464.77
3647,465.22
3648,465.029
3649,465.27
3650,465.96
3651,465.56
3652,466.19
3653,467.6
3654,467.52
3655,467.26
3656,467.10999999999996
3657,468.8499
3658,468.3386
3659,468.15
3660,468.6138
3661,468.37000000000006
3662,469.2
3663,469.7
3664,469.75
3665,469.45
3666,468.9001
3667,468.15
3668,468.15
3669,467.73999999999995
3670,470.1000000000001
3671,470.81
3672,472.63500000000005
3673,472.097
3674,471.27000000000004
3675,471.23
3676,471.316
3677,472.53
3678,473.59
3679,473.579
3680,472.59
3681,472.26
3682,471.98
3683,472.48
3684,472.305
3685,472.54
3686,472.18
3687,471.16
3688,472.13
3689,471.97
3690,472.56999999999994
3691,473.03
3692,473.02
3693,473.51
3694,472.19
3695,472.19
3696,474.61
3697,472.74
3698,470.53499999999997
3699,470.66999999999996
3700,469.526
3701,468.7
3702,470.3347999999999
3703,469.452
3704,468.92
3705,468.14000000000004
3706,469.4
3707,468.93999999999994
3708,468.95
3709,468.93
3710,470.78
3711,470.6144
3712,470.86999999999995
3713,470.08
3714,470.43
3715,471.3424
3716,472.00000000000006
3717,471.91
3718,471.93
3719,471.7
3720,471.695
3721,472.05
3722,472.05
3723,470.2
3724,471.74
3725,473.726
3726,473.5901
3727,473.0668
3728,471.80000000000007
3729,473.15
3730,473.35
3731,473.41
3732,474.22
3733,475.05
3734,475.63000000000005
3735,475.3601
3736,475.76699999999994
3737,476.6
3738,476.77
3739,476.95
3740,477.25
3741,477.85
3742,477.45
3743,477.19999999999993
3744,478.32
3745,479.32
3746,478.23
3747,478.19
3748,479.09
3749,479.19000000000005
3750,479.64
3751,484.11
3752,483.03
3753,484.0891
3754,483.05000000000007
3755,483.1
3756,481.4301
3757,482.07
3758,481.7673
3759,482.13
3760,481.6676
3761,480.18
3762,479.9
3763,480.64
3764,480.67400000000004
3765,480.36
3766,480.46000000000004
3767,480.575
3768,481.47
3769,480.68
3770,481.342
3771,481.2293
3772,480.43
3773,480.11
3774,481.381
3775,481.05
3776,480.93
3777,476.836
3778,476.455
3779,476.18
3780,477.8
3781,478.48
3782,478.8001
3783,478.0
3784,480.16
3785,479.87
3786,479.69000000000005
3787,479.89000000000004
3788,480.9335
3789,480.1328
3790,479.6914
3791,479.49000000000007
3792,479.55
3793,479.8701
3794,480.5
3795,480.48999999999995
3796,480.19000000000005
3797,480.575
3798,480.25
3799,480.74
3800,480.12
3801,479.98
3802,479.35999999999996
3803,479.35999999999996
3804,477.88
3805,477.4505
3806,478.7123
3807,479.5
3808,480.0
3809,478.8299999999999
3810,478.5019
3811,477.19
3812,478.2900000000001
3813,477.89
3814,476.3349999999999
3815,476.281
3816,476.15
3817,475.76500000000004
3818,475.505
3819,475.40000000000003
3820,475.505
3821,475.08
3822,475.895
3823,474.78
3824,474.70000000000005
3825,474.14
3826,474.39
3827,473.779
3828,474.09
3829,474.62
3830,472.3399999999999
3831,472.4
3832,472.06
3833,473.18
3834,472.51
3835,473.05
3836,472.65
3837,474.62
3838,474.99999999999994
3839,475.49
3840,475.48
3841,475.99999999999994
3842,476.2499
3843,477.25
3844,476.61
3845,475.89
3846,475.25
3847,475.33000000000004
3848,475.99999999999994
3849,476.74
3850,476.8999999999999
3851,476.2900000000001
3852,475.9748
3853,475.5248
3854,474.98
3855,475.14
3856,475.21
3857,476.254
3858,474.945
3859,475.675
3860,476.01
3861,477.24
3862,479.49000000000007
3863,480.032
3864,479.55
3865,480.286
3866,478.24
3867,477.89
3868,477.8
3869,477.8
3870,478.3
3871,478.0
3872,477.11
3873,476.8999999999999
3874,476.78
3875,477.08099999999996
3876,476.96
3877,476.68
3878,477.4580000000001
3879,477.12
3880,477.645
3881,477.47
3882,477.51
3883,477.64
3884,477.01
3885,475.8453
3886,475.14
3887,475.81
3888,476.06000000000006
3889,477.1
3890,477.8999999999999
3891,476.94
3892,477.325
3893,475.671
3894,476.97
3895,478.2200000000001
3896,476.84
3897,477.08
3898,476.72
3899,475.90000000000003
3900,475.82
3901,476.788
3902,476.871
3903,476.27
3904,476.19999999999993
3905,476.55
3906,476.19999999999993
3907,476.6925
3908,477.26000000000005
3909,476.6
3910,476.6
3911,485.58
3912,485.6437
3913,483.81
3914,481.65350000000007
3915,481.48999999999995
3916,483.01
3917,481.5
3918,478.9001
3919,480.04
3920,479.2200000000001
3921,479.82
3922,480.0
3923,480.3
3924,479.67
3925,479.936
3926,480.2
3927,479.58009999999996
3928,479.95
3929,479.8137
3930,479.78999999999996
3931,479.87
3932,478.3999999999999
3933,477.5009999999999
3934,478.0325
3935,477.21
3936,477.39
3937,477.39
3938,479.73
3939,479.96000000000004
3940,480.6035
3941,480.34
3942,479.54
3943,479.82
3944,479.88
3945,478.2900000000001
3946,478.015
3947,477.68
3948,477.46
3949,476.21
3950,475.81
3951,476.02
3952,476.05
3953,477.32
3954,477.33000000000004
3955,476.88
3956,476.74
3957,476.01
3958,475.28
3959,474.34
3960,473.54
3961,473.65
3962,473.22
3963,472.62
3964,472.67
3965,471.7
3966,473.76
3967,472.47
3968,471.43
3969,472.22
3970,472.82
3971,473.16
3972,472.86
3973,473.4833
3974,473.99
3975,473.7300000000001
3976,473.7300000000001
3977,474.04
3978,473.5028
3979,475.49999999999994
3980,475.69999999999993
3981,475.37
3982,475.6600000000001
3983,476.8019999999999
3984,476.45
3985,475.7699999999999
3986,475.65
3987,476.24
3988,475.67
3989,475.647
3990,475.69
3991,475.68
3992,477.46
3993,480.0025
3994,479.1
3995,479.81
3996,478.416
3997,480.19000000000005
3998,479.55999999999995
3999,479.75
4000,479.1600000000001
4001,477.84999999999997
4002,477.68999999999994
4003,477.23
4004,478.19
4005,478.31
4006,477.48999999999995
4007,476.775
4008,476.34000000000003
4009,476.73999999999995
4010,477.09999999999997
4011,476.5799999999999
4012,476.93999999999994
4013,476.87000000000006
4014,477.43010000000004
4015,478.1399
4016,478.46239999999995
4017,479.33
4018,479.33
4019,486.62999999999994
4020,485.875
4021,484.88000000000005
4022,484.3995
4023,484.25
4024,485.38
4025,486.199
4026,485.2
4027,486.76
4028,487.85
4029,488.3309999999999
4030,487.47
4031,486.102
4032,484.91
4033,483.43
4034,484.24
4035,485.19
4036,484.89000000000004
4037,483.584
4038,482.0899999999999
4039,481.91
4040,482.14
4041,478.99800000000016
4042,478.33920000000006
4043,478.668
4044,479.04
4045,479.01000000000005
4046,479.565
4047,478.69
4048,478.6499999999999
4049,479.12
4050,479.46
4051,480.0067
4052,480.28
4053,480.01
4054,481.2300000000001
4055,480.96290000000005
4056,481.07800000000003
4057,481.69999999999993
4058,481.46
4059,481.59
4060,482.61999999999995
4061,482.47599999999994
4062,481.98
4063,482.24199999999996
4064,481.93
4065,481.12999999999994
4066,481.46999999999997
4067,482.3157
4068,483.15999999999997
4069,482.97999999999996
4070,484.16
4071,484.39
4072,484.39
4073,481.29999999999995
4074,482.23999999999995
4075,482.1
4076,480.9599999999999
4077,480.108
4078,481.21
4079,482.76
4080,482.57
4081,482.19
4082,482.74
4083,482.0
4084,483.37000000000006
4085,482.765
4086,482.9649999999999
4087,482.18
4088,480.54
4089,480.79
4090,480.34000000000003
4091,480.34000000000003
4092,481.48999999999995
4093,481.76
4094,481.46999999999997
4095,482.1
4096,481.87999999999994
4097,481.999
4098,481.56
4099,481.56
4100,481.55
4101,480.19
4102,481.65759999999995
4103,482.51
4104,482.835
4105,483.65
4106,482.91
4107,483.5400000000001
4108,483.175
4109,482.96999999999997
4110,482.9
4111,482.749
4112,482.59
4113,482.29
4114,481.4200000000001
4115,480.845
4116,479.26
4117,478.71
4118,478.18
4119,477.885
4120,476.71999999999997
4121,476.6
4122,477.56
4123,477.58
4124,476.9599999999999
4125,476.55999999999995
4126,476.54999999999995
4127,470.6000000000001
4128,468.31
4129,467.3500000000001
4130,466.51
4131,463.7899
4132,465.16
4133,463.19000000000005
4134,462.805
4135,462.25000000000006
4136,462.732
4137,463.0799999999999
4138,464.07
4139,462.14
4140,462.99000000000007
4141,460.24
4142,458.4
4143,459.44999999999993
4144,457.89000000000004
4145,457.30000000000007
4146,460.45
4147,461.18899999999996
4148,459.9499
4149,458.975
4150,459.3
4151,458.39
4152,457.75
4153,457.75
4154,450.0
4155,451.467
4156,451.69
4157,449.99
4158,450.26000000000005
4159,448.78000000000003
4160,448.3500000000001
4161,450.19620000000003
4162,450.4100000000001
4163,451.33
4164,450.63
4165,451.58
4166,454.05000000000007
4167,453.6600000000001
4168,454.81000000000006
4169,454.94
4170,456.15
4171,456.83
4172,456.34999999999997
4173,455.23999999999995
4174,457.70000000000005
4175,457.14000000000004
4176,456.38999999999993
4177,455.99999999999994
4178,456.1989
4179,456.83
4180,456.90999999999997
4181,453.4
4182,454.4557
4183,453.15000000000003
4184,454.29
4185,453.26
4186,454.54
4187,455.59999999999997
4188,455.0
4189,455.57790000000006
4190,455.0
4191,455.56
4192,454.58
4193,454.73499999999996
4194,454.91
4195,454.49999999999994
4196,454.17
4197,454.66999999999996
4198,454.95
4199,457.55
4200,457.74
4201,456.0199999999999
4202,456.88
4203,457.585
4204,457.26
4205,455.60999999999996
4206,454.76
4207,454.5299999999999
4208,453.41
4209,455.98999999999995
4210,456.45
4211,455.98999999999995
4212,457.3099
4213,457.0388
4214,457.6600000000001
4215,457.41
4216,458.7099999999999
4217,458.19
4218,458.96500000000003
4219,460.04
4220,461.2
4221,460.47
4222,460.25
4223,459.8299999999999
4224,459.78
4225,460.15
4226,459.9603000000001
4227,459.1
4228,458.694
4229,458.3
4230,458.55
4231,459.18000000000006
4232,458.4128999999999
4233,459.02000000000004
4234,459.01000000000005
4235,458.0901
4236,457.38
4237,457.4
4238,457.3519
4239,456.19999999999993
4240,457.39
4241,457.17
4242,456.27
4243,455.99999999999994
4244,456.71
4245,455.19
4246,455.77
4247,455.92
4248,456.35999999999996
4249,455.75
4250,457.34000000000003
4251,458.3698999999999
4252,458.29
4253,457.52000000000004
4254,458.37
4255,458.44000000000005
4256,458.01499999999993
4257,457.855
4258,457.99
4259,458.4899
4260,457.52000000000004
4261,457.52000000000004
4262,452.05500000000006
4263,451.0345
4264,450.17
4265,447.59
4266,445.06
4267,443.02
4268,444.67499999999995
4269,444.3500000000001
4270,442.01
4271,442.25
4272,440.86
4273,441.63
4274,441.6
4275,442.46999999999997
4276,441.7799999999999
4277,441.0299999999999
4278,439.815
4279,439.19
4280,440.11
4281,439.31
4282,439.86809999999997
4283,440.9
4284,439.75
4285,442.21
4286,443.2
4287,442.77
4288,442.78
4289,444.25
4290,445.52000000000004
4291,445.095
4292,444.48
4293,443.19
4294,442.37
4295,442.99
4296,444.59000000000003
4297,446.9264
4298,447.23999999999995
4299,447.2799999999999
4300,446.09999999999997
4301,446.465
4302,446.03
4303,443.92
4304,444.82
4305,445.94999999999993
4306,443.94
4307,444.07
4308,443.92
4309,443.92800000000005
4310,445.26
4311,445.49000000000007
4312,446.17
4313,444.6798999999999
4314,443.9
4315,443.9
4316,444.02000000000004
4317,444.48
4318,443.25999999999993
4319,444.20000000000005
4320,445.90999999999997
4321,446.0
4322,446.88999999999993
4323,449.14000000000004
4324,448.41
4325,448.65
4326,447.8296000000001
4327,447.52
4328,447.11
4329,446.44
4330,446.3901000000001
4331,447.36
4332,449.15000000000003
4333,448.66
4334,449.07
4335,450.10999999999996
4336,450.0400000000001
4337,450.505
4338,450.73
4339,451.12
4340,450.96
4341,450.56
4342,450.56
4343,447.67
4344,447.1
4345,444.8
4346,444.725
4347,443.81000000000006
4348,445.11000000000007
4349,444.44
4350,445.849
4351,444.5
4352,444.43
4353,445.0
4354,444.14
4355,444.5
4356,444.385
4357,445.4625
4358,445.83
4359,445.25
4360,444.56000000000006
4361,444.04
4362,443.78
4363,444.5
4364,444.00000000000006
4365,443.92
4366,443.12
4367,444.97
4368,443.49
4369,443.49
4370,447.12
4371,448.0975
4372,448.63199999999995
4373,449.00989999999996
4374,448.78000000000003
4375,448.655
4376,448.19000000000005
4377,447.2699999999999
4378,447.24999999999994
4379,447.7
4380,448.24
4381,448.64
4382,448.25
4383,448.2569999999999
4384,448.62
4385,448.65
4386,448.015
4387,448.61
4388,448.9
4389,449.51000000000005
4390,450.21
4391,449.77
4392,449.46
4393,449.13000000000005
4394,448.68
4395,448.7300000000001
4396,448.75000000000006
4397,444.565
4398,445.0401
4399,446.44
4400,446.96
4401,447.99999999999994
4402,446.825
4403,447.06999999999994
4404,445.90999999999997
4405,446.2059999999999
4406,448.06
4407,446.50999999999993
4408,446.26
4409,447.68
4410,448.03000000000003
4411,448.1700000000001
4412,449.18600000000004
4413,448.50499999999994
4414,449.28
4415,448.55000000000007
4416,447.75
4417,447.99999999999994
4418,448.7300000000001
4419,449.64
4420,449.81
4421,449.2900000000001
4422,449.50000000000006
4423,449.56
4424,453.92
4425,454.46000000000004
4426,451.31500000000005
4427,452.5
4428,454.795
4429,454.68999999999994
4430,454.45000000000005
4431,455.13
4432,453.94
4433,454.2319999999999
4434,454.94
4435,453.6700000000001
4436,453.27
4437,453.79499999999996
4438,454.6027
4439,452.74000000000007
4440,451.51
4441,451.8399999999999
4442,451.68
4443,451.54280000000006
4444,450.48999999999995
4445,450.77
4446,450.49999999999994
4447,452.1549999999999
4448,452.25989999999996
4449,451.18
4450,446.8036
4451,445.82
4452,442.3001
4453,442.96
4454,440.785
4455,441.94999999999993
4456,442.57
4457,442.41
4458,442.8999999999999
4459,443.0
4460,442.01
4461,442.39
4462,440.95000000000005
4463,440.58000000000004
4464,440.1700000000001
4465,440.36000000000007
4466,438.9999
4467,438.8507
4468,440.24
4469,439.87
4470,439.2475
4471,437.56999999999994
4472,438.35599999999994
4473,438.69999999999993
4474,439.44000000000005
4475,438.8
4476,438.8
4477,438.62889999999993
4478,441.885
4479,442.36
4480,442.76500000000004
4481,441.84
4482,438.28999999999996
4483,440.265
4484,441.15000000000003
4485,438.4
4486,441.191
4487,441.69
4488,442.29999999999995
4489,442.74
4490,445.94999999999993
4491,447.22999999999996
4492,447.55
4493,446.0400000000001
4494,446.77
4495,448.83
4496,449.46
4497,449.09
4498,449.73
4499,448.94000000000005
4500,448.78
4501,449.05
4502,450.305
4503,449.98
4504,454.77
4505,455.99
4506,457.3436
4507,457.3492
4508,457.0
4509,458.01
4510,457.55
4511,457.9
4512,457.0
4513,457.25
4514,457.65
4515,458.36
4516,459.28
4517,459.11
4518,458.96
4519,458.87
4520,458.52
4521,459.09
4522,458.89
4523,459.915
4524,460.15
4525,460.15
4526,460.17
4527,460.36
4528,459.25
4529,459.495
4530,459.54
4531,463.72
4532,461.82
4533,462.11
4534,462.75
4535,465.55
4536,465.39
4537,465.5
4538,465.47
4539,464.37
4540,464.5
4541,464.65
4542,464.71
4543,463.72
4544,464.5
4545,464.0099
4546,465.52
4547,465.42
4548,465.56
4549,465.36
4550,466.47
4551,465.855
4552,464.75
4553,463.86
4554,464.5
4555,463.91
4556,463.6015
4557,463.48
4558,460.97
4559,461.025
4560,461.185
4561,465.62
4562,464.8
4563,462.5701
4564,462.98199999999997
4565,462.24
4566,462.14
4567,461.87
4568,462.6
4569,462.398
4570,462.45
4571,461.68
4572,461.9999
4573,461.4
4574,461.04
4575,461.69
4576,461.6599
4577,459.93
4578,460.08
4579,459.73
4580,459.32
4581,457.7
4582,457.5
4583,456.51
4584,456.51
4585,456.5065
4586,454.92
4587,456.3
4588,456.55
4589,454.2505
4590,452.56
4591,453.845
4592,455.42
4593,457.06
4594,457.42
4595,458.8699
4596,456.6051
4597,457.6594
4598,456.784
4599,457.31
4600,456.72
4601,457.142
4602,459.58
4603,461.7
4604,463.702
4605,463.78
4606,464.0219
4607,465.05
4608,465.7
4609,467.19
4610,466.85
4611,466.86
4612,465.68
4613,465.34
4614,464.0
4615,464.21
4616,463.73
4617,464.22
4618,465.32
4619,466.33
4620,464.83
4621,463.44
4622,462.95
4623,461.7
4624,462.32
4625,462.28
4626,460.21
4627,463.06
4628,464.2
4629,463.41
4630,461.84
4631,461.11
4632,461.75
4633,460.8894
4634,462.03
4635,462.5915
4636,462.36
4637,461.67
4638,461.62
4639,464.05
4640,460.05
4641,455.34
4642,454.63
4643,457.61
4644,455.405
4645,454.43
4646,453.91
4647,453.57
4648,455.04
4649,456.75
4650,455.91
4651,456.48
4652,456.03
4653,455.3436
4654,454.59
4655,456.49
4656,455.49
4657,455.23
4658,454.77
4659,453.534
4660,453.51
4661,453.22
4662,452.11
4663,452.74
4664,452.23
4665,452.08
4666,446.98
4667,441.65
4668,441.61
4669,435.79
4670,433.03
4671,437.23
4672,440.23
4673,439.24
4674,440.5
4675,442.27
4676,441.7
4677,444.67
4678,446.38
4679,446.44
4680,443.99
4681,445.5
4682,444.67
4683,443.26
4684,444.68
4685,445.37
4686,444.28
4687,442.7701
4688,442.5
4689,441.352
4690,440.22
4691,438.44
4692,438.58
4693,446.43
4694,438.915
4695,443.04
4696,442.26
4697,443.67
4698,443.57
4699,446.836
4700,446.26
4701,448.42
4702,449.06
4703,449.89
4704,448.77
4705,450.04
4706,450.92
4707,450.0
4708,449.83
4709,448.67
4710,449.88
4711,451.6
4712,448.81
4713,451.13
4714,448.78
4715,448.0
4716,449.0
4717,450.07
4718,449.05
4719,449.12
4720,436.09
4721,440.09
4722,442.39
4723,439.01
4724,439.4
4725,432.5401
4726,435.04900000000004
4727,435.295
4728,435.78
4729,436.0
4730,435.95
4731,436.68
4732,437.0
4733,438.0
4734,438.2614
4735,435.88
4736,434.62
4737,435.344
4738,435.75
4739,437.0
4740,442.535
4741,446.32
4742,445.35
4743,446.72
4744,450.61400000000003
4745,448.59
4746,448.59
4747,346.83
4748,346.2401
4749,343.29
4750,345.08
4751,351.7401
4752,353.3984
4753,353.535
4754,352.88
4755,350.39
4756,349.74
4757,351.7
4758,350.74
4759,351.205
4760,352.81
4761,356.21
4762,360.3801
4763,365.2
4764,361.509
4765,359.87
4766,362.96
4767,360.5501
4768,359.77
4769,360.0048
4770,358.7501
4771,360.89
4772,361.75
4773,361.7
4774,349.0729
4775,350.24
4776,345.83
4777,345.085
4778,346.19
4779,345.09
4780,342.02
4781,343.17
4782,346.84
4783,348.09
4784,354.407
4785,354.098
4786,356.3049
4787,357.0
4788,353.2501
4789,351.1001
4790,352.38
4791,349.5265
4792,350.18
4793,353.55
4794,354.7
4795,352.91
4796,353.96
4797,355.4
4798,356.605
4799,357.09
4800,357.09
4801,363.46
4802,363.68
4803,362.4251
4804,364.87
4805,368.4535
4806,367.46
4807,365.81
4808,367.3
4809,366.96
4810,364.72
4811,364.7152
4812,365.8759
4813,362.97
4814,362.9126
4815,364.0601
4816,364.01
4817,362.5
4818,360.46
4819,361.839
4820,361.135
4821,361.8
4822,362.66
4823,361.26199999999994
4824,358.72
4825,358.92
4826,359.23
4827,359.22
4828,358.37
4829,357.79
4830,358.44
4831,359.3099
4832,362.66
4833,362.596
4834,362.18
4835,363.22
4836,362.926
4837,363.355
4838,362.86
4839,363.49699999999996
4840,363.8
4841,363.5699
4842,364.76800000000003
4843,364.02
4844,365.31
4845,364.75
4846,365.41
4847,366.2387
4848,366.4105
4849,365.14
4850,365.0779
4851,365.6
4852,365.31
4853,365.926
4854,365.99
4855,368.291
4856,372.29
4857,372.315
4858,375.5
4859,375.6899
4860,377.32
4861,379.194
4862,379.81
4863,380.53
4864,379.55
4865,381.09
4866,380.01
4867,376.5012
4868,377.48
4869,377.44
4870,374.68
4871,376.77
4872,375.63300000000004
4873,376.93
4874,376.51
4875,377.333
4876,378.10699999999997
4877,378.08
4878,377.44
4879,374.847
4880,374.62
4881,374.65
4882,380.93
4883,379.7101
4884,382.57599999999996
4885,381.8
4886,382.63
4887,382.29
4888,383.0
4889,381.1
4890,381.272
4891,381.68
4892,381.3499
4893,383.48
4894,382.87
4895,382.125
4896,383.29
4897,385.20300000000003
4898,384.7
4899,384.597
4900,385.37
4901,385.151
4902,384.96
4903,383.73
4904,383.69
4905,383.0001
4906,382.98
4907,382.99
4908,383.04
4909,384.92
4910,385.34
4911,385.84
4912,384.62800000000004
4913,383.63800000000003
4914,384.59
4915,383.8312
4916,383.3499
4917,383.5507
4918,384.56
4919,384.25
4920,382.4
4921,382.795
4922,381.8
4923,381.8229
4924,382.36
4925,383.01199999999994
4926,382.92
4927,382.7163
4928,382.915
4929,383.4499
4930,383.7
4931,383.45
4932,384.43
4933,384.97
4934,384.95
4935,385.02
4936,381.5
4937,380.5534
4938,381.34
4939,381.7
4940,381.68
4941,380.13
4942,380.38
4943,380.53
4944,378.56
4945,378.14
4946,378.89
4947,378.56
4948,379.2
4949,380.27
4950,381.08
4951,378.2
4952,378.33
4953,377.28
4954,378.38
4955,378.14
4956,378.38
4957,377.765
4958,377.6599
4959,378.483
4960,379.49
4961,379.4
4962,379.4
4963,380.295
4964,380.76599999999996
4965,382.25
4966,382.78
4967,384.75
4968,384.34
4969,384.84
4970,384.69
4971,383.57
4972,382.62
4973,383.85
4974,384.341
4975,384.2034
4976,384.245
4977,384.17
4978,384.48
4979,385.37
4980,386.0
4981,386.15
4982,386.79
4983,386.111
4984,385.6501
4985,386.23
4986,385.78
4987,385.59
4988,386.21
4989,386.22
4990,382.49
4991,383.42
4992,381.92
4993,380.74
4994,382.19
4995,381.1
4996,381.68
4997,381.82
4998,381.48
4999,382.22
5000,381.28
5001,380.39
5002,381.235
5003,381.05
5004,381.55
5005,381.7
5006,380.84
5007,381.32
5008,380.0
5009,381.42
5010,380.2
5011,380.87800000000004
5012,378.7099999999999
5013,378.3999999999999
5014,378.08
5015,378.07
5016,378.1
5017,380.51
5018,376.09
5019,375.9
5020,376.9
5021,376.755
5022,378.1899
5023,379.65
5024,379.34
5025,377.6
5026,378.27
5027,377.63
5028,377.76
5029,378.6
5030,378.615
5031,378.55
5032,379.8
5033,379.66
5034,380.49
5035,380.36
5036,379.98
5037,380.3709999999999
5038,378.41
5039,379.19
5040,377.9104
5041,378.201
5042,379.01
5043,379.01
5044,385.495
5045,386.47
5046,388.241
5047,388.9
5048,388.61
5049,389.64599999999996
5050,390.8178
5051,392.5689
5052,390.53
5053,389.1
5054,389.8
5055,389.46
5056,391.25000000000006
5057,391.174
5058,390.14
5059,390.58
5060,391.01
5061,390.78
5062,391.17999999999995
5063,390.6
5064,391.32
5065,392.746
5066,392.08
5067,393.26
5068,392.84
5069,392.76
5070,392.77
5071,389.66900000000004
5072,392.96
5073,391.44
5074,392.14
5075,394.34
5076,394.19
5077,393.75999999999993
5078,393.5
5079,392.709
5080,392.1
5081,390.69
5082,390.79
5083,391.5
5084,391.12
5085,389.66
5086,390.69
5087,390.63000000000005
5088,389.9100000000001
5089,389.0
5090,388.25
5091,386.51
5092,386.48
5093,387.57599999999996
5094,386.31
5095,387.4199
5096,388.38599999999997
5097,388.41
5098,385.01
5099,385.33
5100,384.28
5101,382.42
5102,382.3
5103,381.18
5104,380.49
5105,380.09000000000003
5106,379.88
5107,379.78000000000003
5108,380.03
5109,379.7099999999999
5110,380.48
5111,379.9
5112,380.42
5113,380.49
5114,380.14
5115,381.40000000000003
5116,382.49
5117,382.22
5118,381.87
5119,382.4395
5120,381.995
5121,382.2465
5122,382.87999999999994
5123,382.65
5124,382.78
5125,385.75
5126,384.79
5127,385.73
5128,385.43000000000006
5129,384.374
5130,385.02
5131,385.6
5132,385.8123
5133,385.04
5134,386.22
5135,385.47
5136,384.88000000000005
5137,383.64
5138,383.91
5139,384.99
5140,384.21
5141,383.27
5142,383.07160000000005
5143,381.183
5144,380.47
5145,377.33
5146,378.8
5147,379.0
5148,378.12
5149,378.56
5150,380.48
5151,380.38
5152,382.7099
5153,383.72
5154,383.34
5155,384.22
5156,382.7699
5157,382.73
5158,384.62
5159,384.1499999999999
5160,382.89
5161,381.13
5162,381.48
5163,381.67
5164,382.12
5165,382.53
5166,382.84
5167,382.735
5168,382.11
5169,382.77
5170,382.17
5171,382.61
5172,382.58
5173,382.39
5174,382.29
5175,381.46999999999997
5176,382.65
5177,383.18
5178,383.3
5179,382.5400000000001
5180,381.14
5181,380.37000000000006
5182,380.6
5183,381.33000000000004
5184,381.1399
5185,380.0
5186,381.22
5187,380.61000000000007
5188,381.46999999999997
5189,381.3304
5190,381.89
5191,382.2300000000001
5192,382.49
5193,382.1696
5194,383.11999999999995
5195,383.59
5196,383.78
5197,383.79
5198,382.84
5199,383.49
5200,383.49999999999994
5201,383.77
5202,383.18999999999994
5203,384.13
5204,384.09
5205,384.1600000000001
5206,381.47990000000004
5207,380.6475
5208,386.4
5209,384.63
5210,387.66
5211,388.9800000000001
5212,387.93
5213,387.79
5214,387.7483
5215,388.31999999999994
5216,386.79
5217,386.18
5218,386.94
5219,386.9
5220,387.3
5221,387.78
5222,388.08000000000004
5223,387.16
5224,387.1231
5225,387.16
5226,387.3
5227,387.43
5228,387.62
5229,387.0799999999999
5230,386.93
5231,387.27
5232,387.27
5233,384.0
5234,386.53000000000003
5235,391.04
5236,391.25000000000006
5237,393.01
5238,391.64
5239,389.98400000000004
5240,389.88
5241,390.99
5242,389.93999999999994
5243,390.38
5244,391.71
5245,391.5
5246,390.94000000000005
5247,389.55199999999996
5248,389.73
5249,389.13
5250,387.58
5251,386.68
5252,386.235
5253,385.1205
5254,386.8298
5255,386.33
5256,382.485
5257,384.08
5258,382.43
5259,382.55
5260,379.76
5261,378.6
5262,379.18
5263,379.1552
5264,380.38
5265,379.63999999999993
5266,377.95
5267,377.58
5268,378.76
5269,377.88
5270,380.6
5271,381.98
5272,382.4
5273,382.77
5274,382.7592
5275,382.71
5276,382.7
5277,382.97
5278,385.07
5279,385.2644
5280,384.5299999999999
5281,383.63
5282,383.95070000000004
5283,384.35
5284,384.5299999999999
5285,383.86
5286,383.86
5287,383.54
5288,383.62
5289,384.78
5290,383.22
5291,380.45
5292,379.9190000000001
5293,380.8901
5294,381.63
5295,380.0001
5296,380.075
5297,379.63999999999993
5298,380.1901
5299,381.56999999999994
5300,381.33000000000004
5301,381.05
5302,379.9356
5303,379.51559999999995
5304,380.0
5305,378.29999999999995
5306,378.4105
5307,379.1757
5308,378.041
5309,378.73
5310,378.01
5311,379.43
5312,379.3999999999999
5313,379.41
5314,379.41
5315,381.56
5316,382.2
5317,380.79
5318,381.66
5319,381.59
5320,381.9805
5321,382.39
5322,382.8989
5323,382.9732
5324,383.0
5325,383.21
5326,382.86
5327,383.69
5328,383.11
5329,383.14
5330,382.07
5331,382.58
5332,383.49999999999994
5333,383.3
5334,383.29
5335,384.61
5336,385.43000000000006
5337,386.61
5338,386.0301
5339,386.04
5340,388.82
5341,388.64
5342,387.545
5343,386.42
5344,383.49999999999994
5345,383.49999999999994
5346,381.63
5347,381.43
5348,381.545
5349,382.03
5350,381.66
5351,381.6
5352,381.81
5353,382.09
5354,382.77
5355,382.93
5356,383.1843
5357,382.51
5358,382.75
5359,382.15
5360,382.2697
5361,382.35
5362,382.21
5363,381.8
5364,381.58
5365,381.2
5366,381.14
5367,382.48900000000003
5368,382.2
5369,384.27
5370,383.14
5371,383.29
5372,383.2101
5373,383.226
5374,382.39
5375,382.49999999999994
5376,382.46999999999997
5377,382.94
5378,383.08
5379,383.56
5380,383.8399999999999
5381,384.28
5382,384.28
5383,384.08
5384,383.55
5385,383.46
5386,382.05
5387,382.53
5388,382.2300000000001
5389,382.71
5390,382.49999999999994
5391,381.94
5392,381.22
5393,381.03
5394,384.09
5395,380.93
5396,377.0
5397,374.91
5398,376.7900000000001
5399,376.76
5400,373.74
5401,373.5799999999999
5402,374.7
5403,374.4
5404,374.68
5405,375.0
5406,374.65990000000005
5407,375.445
5408,374.8016
5409,374.64
5410,374.78999999999996
5411,374.22
5412,372.05699999999996
5413,369.89
5414,367.6199
5415,368.0
5416,367.01
5417,365.69
5418,363.24
5419,363.00999999999993
5420,362.74
5421,365.25000000000006
5422,369.9977
5423,368.26
5424,368.97600000000006
5425,368.78
5426,368.46
5427,370.65
5428,370.695
5429,372.0299999999999
5430,372.57
5431,372.1059
5432,372.62000000000006
5433,372.0299999999999
5434,370.5
5435,370.3
5436,369.18
5437,369.25
5438,369.2
5439,369.89
5440,369.74
5441,368.7399
5442,366.4
5443,366.59000000000003
5444,367.4335
5445,368.39
5446,368.03
5447,368.13999999999993
5448,368.67
5449,367.79
5450,365.01000000000005
5451,367.06
5452,366.2101
5453,364.3601
5454,365.8101
5455,366.38
5456,366.31
5457,366.02
5458,365.8526
5459,364.79
5460,364.81
5461,364.72
5462,364.26
5463,363.53
5464,363.341
5465,363.06
5466,362.47900000000004
5467,360.665
5468,361.75
5469,360.897
5470,361.2796
5471,359.85
5472,360.0
5473,360.26
5474,360.28
5475,356.5028
5476,358.89
5477,362.24
5478,358.51
5479,358.0435
5480,357.51
5481,357.67
5482,358.0
5483,358.57000000000005
5484,359.18
5485,358.71
5486,358.2071
5487,357.995
5488,356.82
5489,356.05
5490,357.1
5491,357.26000000000005
5492,358.0
5493,357.42
5494,357.49999999999994
5495,358.54
5496,358.2777
5497,357.53
5498,357.45
5499,356.31
5500,356.47
5501,356.47
5502,347.7
5503,347.3
5504,346.7551
5505,346.9
5506,346.99
5507,346.32
5508,347.13989999999995
5509,347.75
5510,347.50000000000006
5511,348.17
5512,348.4376
5513,348.0
5514,348.21
5515,348.1068
5516,348.35
5517,348.57
5518,349.54
5519,352.0
5520,351.98
5521,350.82
5522,351.45
5523,349.56
5524,350.31
5525,349.68
5526,349.475
5527,349.0
5528,349.2501
5529,351.75
5530,350.23
5531,349.45
5532,350.52000000000004
5533,351.1
5534,350.83
5535,350.9599999999999
5536,351.775
5537,353.5174
5538,351.9
5539,351.5
5540,351.04400000000015
5541,350.62
5542,350.75
5543,351.80000000000007
5544,350.874
5545,350.9700000000001
5546,351.0
5547,350.6935
5548,350.62
5549,350.74010000000004
5550,351.08
5551,350.65999999999997
5552,350.67
5553,350.62999999999994
5554,351.2
5555,351.15999999999997
5556,351.69
5557,349.7
5558,349.13
5559,349.6548
5560,349.16
5561,348.61000000000007
5562,348.79
5563,350.23
5564,349.99
5565,349.51
5566,348.31
5567,347.849
5568,346.23
5569,346.72
5570,346.59
5571,342.61
5572,342.07
5573,342.43
5574,341.5
5575,339.41
5576,338.2900000000001
5577,339.54
5578,340.0
5579,339.70000000000005
5580,338.75
5581,340.0
5582,339.58
5583,339.06
5584,339.77
5585,339.8
5586,341.58
5587,342.44
5588,342.265
5589,342.08
5590,341.15
5591,341.13
5592,341.27
5593,341.65
5594,342.22
5595,342.04
5596,341.99
5597,341.81000000000006
5598,342.74999999999994
5599,343.65
5600,343.36
5601,343.87
5602,343.22
5603,343.8
5604,343.83
5605,346.51
5606,347.50000000000006
5607,347.96
5608,348.0199999999999
5609,347.71999999999997
5610,347.735
5611,346.01
5612,345.995
5613,347.4899
5614,347.08000000000004
5615,346.03
5616,346.90309999999994
5617,347.455
5618,349.29
5619,350.45
5620,350.9701
5621,351.07
5622,352.84
5623,352.34
5624,352.31
5625,350.03
5626,348.46
5627,347.06
5628,346.1700000000001
5629,345.72
5630,346.29
5631,346.37
5632,347.46999999999997
5633,347.25000000000006
5634,348.19559999999996
5635,348.76
5636,348.67
5637,348.46999999999997
5638,349.08
5639,351.06
5640,353.39599999999996
5641,352.80000000000007
5642,354.34999999999997
5643,353.31999999999994
5644,353.465
5645,352.40999999999997
5646,351.88000000000005
5647,353.9799
5648,354.37
5649,353.75
5650,355.11
5651,354.69
5652,356.5236
5653,355.8
5654,357.08
5655,355.33
5656,352.72
5657,354.28
5658,354.1499999999999
5659,354.72
5660,356.24000000000007
5661,355.94
5662,354.76
5663,355.82000000000005
5664,356.83
5665,357.52
5666,356.31
5667,356.17
5668,355.49000000000007
5669,354.505
5670,353.8
5671,354.06
5672,352.98100000000005
5673,352.11
5674,351.12999999999994
5675,350.0
5676,349.9
5677,350.56
5678,350.6
5679,349.9700000000001
5680,353.83
5681,354.0
5682,353.3316
5683,351.769
5684,349.9392
5685,351.39
5686,352.45
5687,351.69
5688,352.62
5689,352.4
5690,352.31
5691,352.06
5692,350.84799999999996
5693,350.33
5694,351.316
5695,351.75
5696,351.55000000000007
5697,351.17800000000005
5698,350.7
5699,350.36
5700,350.43
5701,350.37999999999994
5702,350.98
5703,350.552
5704,350.87999999999994
5705,350.92
5706,348.4
5707,348.1
5708,346.05
5709,347.57
5710,345.74
5711,344.74999999999994
5712,344.87
5713,342.38999999999993
5714,343.66999999999996
5715,343.24
5716,342.01
5717,341.61
5718,342.68
5719,342.57
5720,343.84
5721,342.54
5722,341.54
5723,340.30999999999995
5724,339.24879999999996
5725,340.61
5726,341.26
5727,340.12000000000006
5728,339.65
5729,339.125
5730,338.86
5731,339.42
5732,339.47999999999996
5733,335.2
5734,334.90000000000003
5735,333.73
5736,330.54
5737,331.418
5738,332.43
5739,331.46000000000004
5740,333.84
5741,335.139
5742,334.4187
5743,334.40000000000003
5744,334.86
5745,335.52
5746,337.61
5747,339.58
5748,340.0299999999999
5749,341.84
5750,342.824
5751,342.93
5752,343.03000000000003
5753,342.72
5754,343.34
5755,344.71
5756,344.23
5757,344.41299999999995
5758,343.86
5759,343.78
5760,341.95000000000005
5761,340.22
5762,342.88
5763,341.17
5764,341.53000000000003
5765,343.18
5766,341.08
5767,341.25
5768,341.43
5769,343.69
5770,342.78000000000003
5771,340.22999999999996
5772,341.32
5773,340.92
5774,340.9899
5775,340.83
5776,339.06
5777,337.9
5778,338.08450000000005
5779,338.39
5780,337.56010000000003
5781,336.52
5782,337.19
5783,338.1299
5784,336.53999999999996
5785,334.25
5786,334.32000000000005
5787,336.86999999999995
5788,336.5899999999999
5789,339.43
5790,339.96
5791,339.91
5792,339.91
5793,338.885
5794,338.0400000000001
5795,339.79
5796,339.75
5797,339.6
5798,339.69
5799,338.5
5800,338.85
5801,338.0
5802,338.4
5803,338.42
5804,338.36
5805,337.535
5806,337.22
5807,336.75
5808,334.3401
5809,336.0926
5810,336.3
5811,334.71
5812,334.72
5813,334.63
5814,331.44
5815,333.1401
5816,331.77
5817,332.6499999999999
5818,333.3
5819,330.6
5820,332.26
5821,332.1600000000001
5822,334.67
5823,335.08
5824,335.45
5825,338.0
5826,337.08
5827,336.51000000000005
5828,336.41
5829,336.76000000000005
5830,335.8
5831,336.0899999999999
5832,336.36
5833,335.23
5834,334.53
5835,335.67
5836,335.25999999999993
5837,336.0
5838,334.83
5839,334.71
5840,334.75
5841,336.75
5842,335.49
5843,331.9825
5844,329.59
5845,327.54
5846,329.001
5847,327.43
5848,327.105
5849,328.52
5850,327.5
5851,330.62
5852,331.38000000000005
5853,331.48
5854,332.0
5855,330.02
5856,329.25
5857,328.52
5858,328.7
5859,328.07
5860,329.01
5861,327.47
5862,327.52
5863,328.32
5864,326.79
5865,327.7499
5866,327.05
5867,327.04
5868,326.39
5869,327.29
5870,323.65
5871,323.9901
5872,319.26
5873,322.62
5874,321.87
5875,324.51
5876,325.55
5877,323.8
5878,322.15
5879,322.74
5880,323.47
5881,322.03
5882,320.0
5883,320.4
5884,320.99
5885,319.92
5886,318.931
5887,318.84
5888,318.88
5889,317.62
5890,317.5
5891,316.84
5892,316.428
5893,316.45
5894,316.44
5895,316.63
5896,327.0
5897,325.54
5898,321.66
5899,323.77
5900,324.56
5901,326.82
5902,327.5
5903,327.56
5904,328.56
5905,326.98
5906,326.8393
5907,325.55
5908,326.28
5909,327.0
5910,328.45
5911,329.03
5912,329.54
5913,330.86
5914,330.06
5915,330.96000000000004
5916,329.58
5917,329.7290000000001
5918,332.395
5919,333.73
5920,333.66
5921,333.6499999999999
5922,340.83
5923,338.92
5924,339.13
5925,337.57
5926,335.98
5927,335.43000000000006
5928,335.0
5929,336.11
5930,333.98
5931,335.96
5932,333.47
5933,333.53
5934,333.42
5935,333.28
5936,332.48
5937,334.1878
5938,335.38
5939,335.15000000000003
5940,332.45
5941,331.4201
5942,332.49000000000007
5943,331.7801
5944,332.83
5945,332.1799
5946,333.02
5947,334.42
5948,334.42
5949,334.47
5950,334.99
5951,334.71
5952,335.21
5953,335.21
5954,335.39
5955,335.56
5956,337.68
5957,337.75
5958,337.02
5959,335.76009999999997
5960,335.68000000000006
5961,336.6
5962,336.11
5963,335.62
5964,336.2
5965,336.78
5966,337.0899999999999
5967,337.63
5968,338.25
5969,338.85
5970,339.41
5971,338.9
5972,340.38
5973,339.71
5974,340.12000000000006
5975,340.12000000000006
5976,342.4099
5977,342.59
5978,340.671
5979,338.77
5980,338.22999999999996
5981,337.4
5982,337.27
5983,337.99
5984,335.32000000000005
5985,336.05
5986,335.73
5987,335.4328
5988,335.7101
5989,336.7
5990,336.42
5991,336.88
5992,336.3
5993,336.03
5994,335.1000000000001
5995,334.83
5996,334.6601
5997,334.67
5998,335.23
5999,336.0
