,0
0,121.742
1,119.79999999999998
2,119.31000000000002
3,120.09999999999998
4,120.67999999999999
5,120.41999999999999
6,119.69
7,119.12899999999999
8,118.35
9,118.22
10,118.92
11,119.083
12,119.63
13,120.29
14,120.322
15,121.14
16,121.15100000000001
17,120.31
18,120.22000000000001
19,121.04000000000002
20,120.66999999999999
21,120.38
22,120.2
23,119.87000000000002
24,121.37
25,121.495
26,120.52000000000001
27,119.50399999999999
28,119.77
29,120.499
30,120.6
31,121.65000000000002
32,121.95000000000002
33,123.29999999999998
34,123.14
35,123.11000000000001
36,122.61399999999999
37,122.84
38,122.946
39,122.78
40,122.56000000000002
41,122.48999999999998
42,122.98999999999998
43,123.04999999999998
44,122.88500000000002
45,122.97
46,122.92799999999998
47,122.93200000000002
48,123.01899999999999
49,123.71000000000001
50,125.02999999999999
51,123.879
52,124.34200000000001
53,124.81700000000001
54,125.27999999999999
55,125.3
56,124.96
57,124.29
58,124.46999999999998
59,123.67000000000002
60,122.94999999999999
61,122.67
62,123.32
63,123.02
64,123.03
65,123.54399999999998
66,123.428
67,123.49
68,123.85
69,123.71000000000001
70,123.37000000000002
71,123.85999999999999
72,123.95
73,123.86999999999999
74,124.0
75,124.0
76,124.66
77,125.53
78,125.435
79,124.74
80,125.55
81,125.87
82,125.73
83,125.97
84,126.44
85,126.10000000000001
86,126.26000000000002
87,126.27
88,126.4
89,126.947
90,126.79
91,127.03
92,126.78
93,126.68
94,126.08
95,126.48
96,126.7
97,126.56000000000002
98,126.24999999999999
99,125.96
100,126.12
101,126.43
102,126.43
103,122.435
104,123.12000000000002
105,123.09899999999998
106,123.118
107,123.13
108,122.84
109,122.93
110,122.70200000000001
111,125.15000000000002
112,126.82
113,126.4
114,126.06
115,127.91
116,127.89
117,128.537
118,128.43
119,128.439
120,130.09
121,130.399
122,129.45
123,129.799
124,128.85
125,129.01
126,129.53
127,129.51
128,129.23
129,129.25
130,128.73
131,130.602
132,130.40200000000002
133,130.688
134,130.69799999999998
135,131.75
136,131.69
137,131.58
138,131.954
139,133.001
140,133.17
141,133.21
142,132.67
143,131.92
144,132.33
145,131.4
146,129.8
147,128.691
148,127.772
149,128.1
150,128.151
151,126.99200000000002
152,127.66999999999999
153,127.99
154,128.2
155,128.04399999999998
156,127.88
157,127.88
158,126.19999999999999
159,126.37
160,126.10000000000001
161,126.50999999999999
162,125.68
163,125.20100000000001
164,124.72699999999999
165,123.84899999999999
166,124.38600000000001
167,124.08
168,124.37
169,125.354
170,125.041
171,124.92
172,124.64200000000001
173,124.76999999999998
174,124.32000000000001
175,124.57000000000001
176,124.88000000000001
177,124.81999999999998
178,124.738
179,124.2
180,124.34
181,123.83
182,124.06
183,124.0
184,124.0
185,123.45200000000003
186,125.06
187,124.70399999999998
188,123.55999999999999
189,124.06
190,124.11
191,124.779
192,124.38
193,124.48200000000001
194,124.54899999999999
195,124.51
196,124.31
197,124.43900000000001
198,124.54000000000002
199,124.89000000000001
200,126.54799999999999
201,126.10000000000001
202,126.73
203,126.24999999999999
204,126.00000000000001
205,125.83999999999999
206,125.28999999999999
207,125.56299999999999
208,125.27
209,124.76999999999998
210,124.87
211,124.84000000000002
212,124.05
213,125.58999999999999
214,125.0
215,125.0
216,125.57
217,125.44000000000001
218,125.37799999999999
219,125.85
220,124.8
221,124.254
222,124.42999999999999
223,124.31
224,124.72999999999999
225,125.11
226,125.05
227,124.41099999999999
228,124.14
229,123.90999999999998
230,123.45
231,123.58200000000001
232,123.77
233,123.72900000000001
234,123.45
235,123.38
236,122.88
237,123.32
238,123.93000000000002
239,123.93000000000002
240,123.44
241,123.29100000000001
242,123.06000000000002
243,122.08999999999999
244,122.08999999999999
245,121.2
246,121.35
247,120.95200000000001
248,121.22200000000001
249,120.82000000000001
250,120.4
251,119.107
252,119.448
253,119.35000000000001
254,119.564
255,118.80000000000001
256,119.54100000000001
257,119.50200000000001
258,119.9
259,119.651
260,120.2
261,119.72
262,118.979
263,118.975
264,118.85
265,118.28999999999999
266,118.3
267,120.09999999999998
268,120.87
269,120.13199999999999
270,121.17
271,121.5
272,122.66
273,123.37100000000001
274,123.087
275,122.94999999999999
276,122.91
277,123.328
278,122.98100000000001
279,122.51000000000002
280,122.44999999999999
281,122.55000000000001
282,122.64
283,123.13
284,123.21
285,123.43199999999999
286,123.574
287,123.05899999999998
288,123.131
289,122.93
290,122.61799999999998
291,122.99600000000001
292,123.06000000000002
293,123.07
294,122.60000000000001
295,122.76000000000002
296,122.0
297,122.57199999999999
298,122.39999999999999
299,122.33200000000002
300,122.73999999999998
301,123.49
302,125.0
303,124.65100000000001
304,124.13900000000001
305,123.92000000000002
306,124.0
307,123.18
308,123.45
309,123.60999999999999
310,123.90999999999998
311,123.94
312,123.21
313,122.82
314,122.33
315,122.15000000000002
316,122.336
317,122.12
318,122.1
319,122.03
320,122.06
321,120.2
322,121.67
323,121.04000000000002
324,120.5
325,121.42
326,121.31
327,121.68
328,122.64999999999999
329,122.11
330,123.09
331,123.22
332,122.61
333,122.96
334,123.04
335,122.81000000000002
336,123.009
337,123.25200000000001
338,123.11000000000001
339,122.44999999999999
340,122.54
341,122.36
342,122.54
343,122.524
344,122.9
345,122.88
346,122.03
347,121.91
348,121.38000000000001
349,122.04
350,122.05
351,122.26899999999999
352,122.17
353,122.07
354,120.05999999999999
355,120.71999999999998
356,120.818
357,121.12
358,121.62
359,121.25
360,121.15
361,121.03000000000002
362,121.4
363,121.53999999999999
364,121.44
365,121.24
366,121.19
367,121.41
368,121.67
369,121.63000000000001
370,121.57999999999998
371,121.635
372,122.0
373,121.791
374,121.85
375,125.27999999999999
376,124.42999999999999
377,125.0
378,124.62
379,123.86999999999999
380,123.64
381,124.04
382,124.9
383,125.26
384,124.99
385,125.05
386,124.94
387,121.51
388,118.83
389,119.19999999999999
390,118.61500000000001
391,119.212
392,119.48
393,117.884
394,118.14399999999999
395,117.96700000000001
396,118.85
397,118.372
398,117.35
399,117.19800000000001
400,117.35
401,117.4
402,112.24999999999999
403,112.65
404,111.91
405,112.14
406,110.94000000000001
407,111.81200000000001
408,111.93999999999998
409,112.162
410,111.912
411,111.058
412,109.98000000000002
413,109.775
414,109.29999999999998
415,109.13
416,109.34
417,111.02399999999999
418,111.18
419,111.38999999999999
420,111.98999999999998
421,111.70599999999999
422,111.32600000000001
423,111.285
424,111.88
425,112.06000000000002
426,112.46
427,112.42
428,112.4
429,113.19
430,113.294
431,113.0
432,112.96000000000001
433,113.09999999999998
434,113.3
435,112.80999999999999
436,111.985
437,112.18
438,111.97
439,112.12499999999999
440,112.91000000000001
441,112.9
442,112.59
443,112.59999999999998
444,112.4
445,112.43
446,112.74
447,112.25999999999999
448,112.46
449,112.453
450,112.77
451,112.97000000000001
452,112.69
453,112.61000000000001
454,112.98
455,112.99
456,113.08
457,112.29999999999998
458,112.54999999999998
459,111.83200000000002
460,112.53
461,112.29999999999998
462,112.395
463,112.13
464,112.25999999999999
465,112.57
466,112.21
467,112.021
468,111.81
469,111.602
470,111.89200000000001
471,111.71
472,111.71
473,111.72
474,111.83
475,111.79
476,111.73
477,111.72
478,111.72800000000001
479,111.81
480,111.64999999999999
481,111.66
482,111.67
483,108.25000000000001
484,108.23999999999998
485,108.43399999999998
486,109.85
487,109.632
488,109.55999999999999
489,108.81000000000002
490,109.50200000000002
491,109.64
492,108.73
493,108.84
494,108.461
495,108.32
496,108.37
497,108.589
498,108.524
499,108.69
500,108.656
501,109.301
502,109.19
503,109.65000000000002
504,109.84
505,109.56
506,108.7
507,109.6
508,109.42000000000002
509,109.41
510,110.82099999999998
511,111.21
512,111.41
513,113.56
514,114.1
515,113.33
516,114.19
517,113.61
518,113.29
519,113.322
520,113.48
521,114.83
522,114.46
523,114.369
524,113.88000000000001
525,113.79
526,113.55000000000001
527,113.50000000000001
528,113.305
529,112.542
530,112.93
531,112.822
532,112.88
533,113.25
534,113.35
535,113.36
536,113.32000000000001
537,111.83999999999999
538,111.958
539,112.03
540,111.65
541,111.21
542,110.98
543,110.8
544,110.48
545,110.88
546,110.52
547,110.61
548,111.27
549,110.478
550,110.31200000000001
551,110.29
552,110.05
553,110.2
554,110.3
555,110.18
556,110.45
557,110.625
558,110.7
559,110.85799999999999
560,110.58
561,110.734
562,110.68
563,110.73
564,109.70000000000002
565,109.82
566,109.84
567,109.65000000000002
568,109.4
569,109.782
570,110.51
571,111.24500000000002
572,110.84
573,111.54200000000002
574,112.17
575,111.78999999999999
576,112.65
577,112.09
578,113.2
579,113.212
580,113.07
581,112.97
582,113.344
583,113.32000000000001
584,112.28
585,113.015
586,112.9
587,112.612
588,112.49
589,112.75
590,112.75
591,114.63
592,115.4
593,115.20200000000001
594,115.087
595,116.39
596,116.49
597,117.19
598,117.02
599,116.4
600,115.76799999999999
601,115.48
602,115.51
603,115.632
604,115.40100000000001
605,115.42
606,115.25999999999999
607,115.538
608,115.58999999999999
609,115.48
610,115.52
611,115.84
612,114.69
613,114.77
614,115.0
615,115.03000000000002
616,115.1
617,115.1
618,114.64
619,115.01
620,114.68
621,113.35
622,112.85
623,112.54899999999998
624,112.0
625,112.06
626,112.1
627,111.65999999999998
628,111.659
629,111.67
630,111.52
631,111.49
632,112.395
633,112.68
634,112.02000000000001
635,111.83200000000001
636,111.86
637,111.74
638,111.12
639,111.22
640,111.28000000000002
641,111.11
642,110.96
643,110.8
644,110.81
645,108.58
646,108.1
647,107.32
648,107.71
649,108.38499999999999
650,108.69
651,108.49
652,108.55000000000001
653,108.00200000000001
654,107.52
655,107.54
656,107.15000000000002
657,107.02000000000001
658,106.75
659,107.05
660,107.16
661,107.12
662,106.85
663,106.60999999999999
664,106.32999999999998
665,106.43
666,106.35
667,106.96
668,107.02099999999999
669,107.07000000000001
670,107.13
671,107.13
672,109.15
673,110.25
674,109.75000000000001
675,109.24
676,107.93
677,108.11
678,108.742
679,109.20200000000001
680,108.74
681,108.35
682,108.29
683,108.64
684,108.18999999999998
685,107.64
686,107.08
687,106.83999999999999
688,104.82
689,104.76
690,103.92
691,102.99
692,104.88
693,104.762
694,104.15999999999998
695,104.585
696,104.74
697,105.19
698,105.19
699,105.035
700,105.65
701,106.75
702,106.73
703,105.45
704,106.21
705,106.46
706,105.89
707,105.3
708,105.19200000000002
709,106.5
710,105.95000000000002
711,106.35
712,106.4
713,107.32799999999999
714,107.46799999999998
715,107.42999999999999
716,108.1
717,107.34100000000001
718,107.821
719,107.79
720,107.64
721,107.821
722,107.855
723,108.061
724,108.07
725,108.07
726,106.3
727,106.65999999999998
728,108.13999999999999
729,107.47
730,107.62999999999998
731,107.506
732,107.00499999999998
733,106.99799999999999
734,107.03
735,107.491
736,107.80999999999999
737,108.18
738,109.165
739,109.08
740,109.70000000000002
741,109.1
742,109.82
743,109.64
744,109.4
745,109.48
746,109.14
747,109.12
748,108.90700000000001
749,108.39
750,108.985
751,109.1
752,109.13
753,110.16
754,110.155
755,108.40000000000002
756,108.43
757,108.36
758,108.44
759,108.32000000000001
760,107.88
761,106.85
762,107.24
763,107.12
764,106.5
765,106.05000000000001
766,106.21
767,105.83
768,106.16
769,106.22
770,105.86
771,106.186
772,105.90000000000002
773,106.02
774,106.05000000000001
775,106.03
776,106.15
777,106.35
778,106.2
779,106.2
780,108.165
781,107.5
782,107.66
783,107.44
784,107.0
785,107.28
786,107.12
787,107.28
788,107.27
789,107.18
790,106.54
791,106.85
792,105.95000000000002
793,106.15
794,106.381
795,106.999
796,106.67
797,106.32999999999998
798,106.12
799,105.53
800,105.76
801,105.57
802,106.35
803,106.32999999999998
804,106.00000000000001
805,106.34
806,106.35
807,105.44
808,104.75000000000001
809,104.76899999999998
810,104.51
811,103.94200000000002
812,103.71499999999999
813,104.80000000000001
814,104.33200000000001
815,103.75
816,103.87
817,103.564
818,103.432
819,103.26
820,103.87799999999999
821,103.8
822,104.06700000000001
823,103.89
824,103.66200000000002
825,103.59
826,103.48
827,103.63
828,104.065
829,104.27
830,104.52000000000001
831,105.079
832,105.24
833,105.25
834,105.98
835,105.96
836,105.47
837,105.86
838,106.32999999999998
839,107.33
840,107.25000000000001
841,108.0
842,108.48
843,107.977
844,108.54
845,109.0
846,109.1
847,108.89
848,108.87999999999998
849,108.73000000000002
850,108.64
851,108.03
852,108.23999999999998
853,109.015
854,109.41
855,109.19
856,109.38999999999999
857,109.15999999999998
858,110.53999999999999
859,110.16
860,110.17
861,109.20200000000001
862,108.7
863,108.62
864,108.35
865,108.72
866,108.47
867,107.88
868,108.376
869,108.50000000000001
870,108.65799999999999
871,108.95
872,109.9
873,111.01
874,110.78
875,110.82000000000001
876,110.6
877,110.708
878,111.05000000000001
879,110.86
880,110.546
881,110.45999999999998
882,110.11
883,110.4
884,110.02
885,109.96
886,109.98000000000002
887,109.83
888,112.43000000000002
889,112.97
890,112.59
891,113.079
892,112.68
893,112.65
894,113.73200000000001
895,113.76
896,113.949
897,113.63799999999999
898,113.65
899,113.85
900,114.04
901,114.2
902,114.82600000000001
903,114.77
904,114.51100000000001
905,114.46
906,114.725
907,114.52000000000001
908,114.45
909,114.24
910,113.77
911,114.19
912,114.37
913,114.33
914,115.71
915,114.71
916,113.84100000000001
917,114.772
918,114.85000000000001
919,115.77
920,115.12
921,114.67
922,114.83
923,114.55
924,114.33
925,114.58
926,114.45
927,114.42
928,115.25999999999999
929,115.225
930,115.23
931,115.17
932,115.27
933,115.53999999999999
934,114.95
935,115.21799999999999
936,115.35
937,115.17
938,115.06
939,115.02
940,115.02
941,117.82
942,118.1
943,118.8
944,119.88
945,118.8
946,118.08999999999999
947,118.037
948,119.23
949,119.25
950,119.07
951,119.23
952,119.92
953,120.7
954,120.47200000000002
955,120.09
956,120.04
957,119.75000000000001
958,119.729
959,119.9
960,120.0
961,119.97
962,119.65000000000002
963,120.21
964,120.37
965,120.65
966,120.1
967,120.1
968,122.84
969,122.0
970,122.48000000000002
971,122.1
972,122.25000000000001
973,121.471
974,121.05000000000001
975,119.43
976,119.63
977,119.6
978,120.59100000000001
979,120.03000000000002
980,119.87
981,119.45200000000003
982,119.56
983,119.15999999999998
984,118.82799999999999
985,118.40000000000002
986,118.75
987,119.235
988,118.8
989,118.85
990,118.35
991,118.18
992,118.51
993,118.74
994,118.73000000000002
995,118.365
996,119.46
997,117.448
998,117.75999999999999
999,118.9
1000,120.23
1001,119.89399999999999
1002,120.01999999999998
1003,119.78299999999999
1004,119.31499999999998
1005,119.24
1006,119.14
1007,119.06999999999998
1008,119.57
1009,119.36
1010,119.8
1011,120.48
1012,119.9
1013,119.86599999999999
1014,120.045
1015,120.07000000000001
1016,120.41
1017,120.35700000000003
1018,119.94
1019,119.97999999999999
1020,120.17
1021,119.97999999999999
1022,120.80999999999999
1023,120.45
1024,119.3
1025,119.29000000000002
1026,120.62
1027,120.06
1028,121.52999999999999
1029,121.38200000000002
1030,121.74
1031,121.72
1032,121.04
1033,121.42
1034,121.64
1035,121.47
1036,121.58200000000001
1037,121.30000000000001
1038,121.16799999999998
1039,121.47
1040,121.51000000000002
1041,121.84
1042,121.75
1043,121.52999999999999
1044,121.617
1045,121.77
1046,121.965
1047,121.99000000000001
1048,122.68
1049,121.75
1050,122.71000000000001
1051,122.41000000000001
1052,122.23000000000002
1053,122.17999999999999
1054,121.91999999999999
1055,122.41000000000001
1056,122.54
1057,122.75
1058,122.619
1059,122.31099999999999
1060,121.94
1061,122.05
1062,122.36899999999999
1063,121.89999999999999
1064,121.84
1065,121.70999999999998
1066,121.44
1067,121.16000000000001
1068,121.05
1069,121.04
1070,121.301
1071,120.91
1072,120.772
1073,120.66999999999999
1074,120.66999999999999
1075,120.1
1076,119.42100000000002
1077,119.075
1078,118.944
1079,118.79
1080,118.92
1081,119.24
1082,118.96000000000001
1083,119.82
1084,119.38
1085,119.01000000000002
1086,118.62200000000001
1087,118.7
1088,118.7
1089,118.90899999999999
1090,118.95
1091,118.915
1092,118.965
1093,118.86
1094,118.74999999999999
1095,118.87000000000002
1096,119.14
1097,119.01899999999999
1098,118.88
1099,118.81
1100,118.8
1101,118.805
1102,117.03999999999999
1103,117.09499999999998
1104,117.11000000000001
1105,116.2
1106,116.53000000000002
1107,116.24999999999999
1108,115.5
1109,114.67200000000003
1110,114.63799999999998
1111,113.79
1112,113.381
1113,114.71700000000001
1114,114.41
1115,114.45000000000002
1116,114.501
1117,114.13
1118,113.98
1119,114.52
1120,114.97
1121,115.23
1122,115.40000000000002
1123,114.975
1124,115.70000000000002
1125,115.07000000000001
1126,115.01999999999998
1127,115.01
1128,115.05
1129,115.16900000000001
1130,115.12000000000002
1131,115.40000000000002
1132,114.81
1133,116.28
1134,115.29999999999998
1135,115.15999999999998
1136,115.26000000000002
1137,115.1
1138,115.43
1139,115.596
1140,115.74000000000001
1141,115.89
1142,115.99100000000001
1143,116.312
1144,116.53000000000002
1145,116.37000000000002
1146,115.96999999999998
1147,116.07
1148,115.63
1149,115.85
1150,115.18
1151,115.29
1152,115.06299999999997
1153,115.05
1154,115.04
1155,115.04
1156,114.2
1157,113.52000000000001
1158,113.53
1159,113.85
1160,113.50000000000001
1161,112.67
1162,112.55
1163,112.31
1164,113.16999999999999
1165,112.90000000000002
1166,113.14999999999999
1167,113.27
1168,113.16
1169,113.58999999999999
1170,113.74999999999999
1171,113.64
1172,113.52000000000001
1173,113.87100000000001
1174,113.62
1175,113.988
1176,114.22
1177,114.34
1178,114.09
1179,114.31600000000002
1180,114.73
1181,113.98
1182,113.97
1183,110.356
1184,111.56999999999998
1185,112.6
1186,112.99
1187,111.82
1188,112.7
1189,112.53
1190,112.02
1191,112.56
1192,112.65
1193,112.39
1194,112.74199999999999
1195,113.62999999999998
1196,113.8
1197,113.50200000000001
1198,113.57
1199,113.90999999999998
1200,114.14399999999999
1201,113.39399999999998
1202,113.3
1203,112.95999999999998
1204,112.33999999999999
1205,112.64399999999999
1206,112.67
1207,112.81
1208,112.93
1209,112.95999999999998
1210,112.12
1211,111.53000000000002
1212,111.26999999999998
1213,111.06
1214,111.2
1215,110.59
1216,110.92999999999999
1217,110.28000000000002
1218,110.49
1219,110.00200000000001
1220,110.098
1221,110.08
1222,110.11
1223,110.04
1224,110.24
1225,110.11
1226,110.182
1227,110.68
1228,110.64999999999999
1229,110.52999999999999
1230,110.13
1231,110.06
1232,110.2
1233,110.45
1234,110.41
1235,110.22
1236,110.26000000000002
1237,110.633
1238,110.22
1239,110.42000000000002
1240,109.95
1241,109.93
1242,110.22
1243,110.23
1244,110.311
1245,110.82999999999998
1246,111.319
1247,111.2
1248,111.1
1249,111.08
1250,110.80999999999999
1251,111.1
1252,111.19
1253,110.84200000000001
1254,110.55
1255,110.31999999999998
1256,110.36
1257,110.04
1258,110.2
1259,110.09100000000002
1260,110.38
1261,110.21
1262,110.5
1263,110.5
1264,108.98
1265,108.0
1266,108.42
1267,108.73000000000002
1268,108.62999999999998
1269,108.44999999999999
1270,107.72999999999999
1271,107.81999999999998
1272,107.61099999999999
1273,107.6
1274,107.448
1275,106.89999999999999
1276,106.733
1277,106.99000000000001
1278,107.17
1279,106.89999999999999
1280,106.79
1281,106.8
1282,106.95
1283,107.16
1284,107.19
1285,107.22900000000001
1286,107.32
1287,106.91999999999999
1288,106.96
1289,106.67000000000002
1290,106.68
1291,106.77999999999999
1292,106.72
1293,106.07
1294,105.73
1295,105.93000000000002
1296,106.04
1297,105.78
1298,105.49
1299,105.09
1300,103.89000000000001
1301,103.58200000000001
1302,103.95200000000003
1303,103.89499999999998
1304,102.775
1305,102.321
1306,102.57
1307,102.39
1308,102.385
1309,102.11
1310,102.39
1311,102.23999999999998
1312,102.37999999999998
1313,102.01
1314,102.09299999999999
1315,101.93999999999998
1316,101.91999999999999
1317,101.91999999999999
1318,103.3
1319,101.7
1320,101.17
1321,101.02
1322,100.93000000000002
1323,101.89
1324,102.00299999999999
1325,101.45
1326,100.96
1327,101.35
1328,100.94
1329,100.22
1330,98.58
1331,99.31
1332,99.89
1333,101.24
1334,100.45
1335,100.051
1336,99.67
1337,99.65
1338,99.245
1339,99.55999999999999
1340,98.99999999999999
1341,99.33000000000001
1342,99.65
1343,99.8
1344,99.81
1345,100.79000000000002
1346,100.675
1347,100.72000000000001
1348,101.38
1349,102.33
1350,102.51999999999998
1351,102.27
1352,103.04999999999998
1353,102.56
1354,103.11
1355,102.88999999999999
1356,102.92000000000002
1357,103.14
1358,103.04
1359,102.83
1360,102.79899999999999
1361,102.71
1362,102.86999999999999
1363,103.55199999999999
1364,104.75
1365,103.78
1366,104.2
1367,103.89000000000001
1368,104.03000000000002
1369,104.16
1370,104.27
1371,105.01999999999998
1372,105.44000000000001
1373,105.17299999999999
1374,103.85
1375,103.30999999999999
1376,102.86999999999999
1377,103.0
1378,102.83
1379,103.158
1380,103.13
1381,102.69
1382,102.58
1383,102.6
1384,102.58
1385,102.84
1386,102.59
1387,102.845
1388,102.93
1389,102.881
1390,103.178
1391,103.39
1392,103.97999999999999
1393,104.559
1394,104.22
1395,104.57999999999998
1396,104.17000000000002
1397,104.17000000000002
1398,103.6
1399,102.23899999999999
1400,101.14
1401,101.44800000000001
1402,101.88
1403,102.09999999999998
1404,101.75
1405,101.0
1406,100.875
1407,100.92
1408,101.17
1409,100.94
1410,100.84
1411,100.94
1412,100.96999999999998
1413,101.26
1414,102.00299999999999
1415,101.59
1416,101.79999999999998
1417,101.91
1418,102.07
1419,101.87
1420,101.61999999999999
1421,101.69900000000001
1422,101.4
1423,101.14
1424,101.15
1425,103.56
1426,104.87999999999998
1427,105.55400000000002
1428,105.64
1429,104.92
1430,105.27
1431,105.08
1432,105.021
1433,104.99
1434,105.01999999999998
1435,105.76
1436,106.034
1437,106.01
1438,105.742
1439,105.689
1440,105.50999999999999
1441,105.88000000000001
1442,105.98
1443,106.012
1444,106.0
1445,106.69000000000001
1446,107.57
1447,107.02
1448,107.48000000000002
1449,107.18000000000002
1450,107.02
1451,107.02
1452,107.18000000000002
1453,106.66
1454,106.99000000000001
1455,108.22000000000001
1456,107.65
1457,108.0
1458,107.0
1459,106.81000000000002
1460,106.61
1461,107.12
1462,107.10899999999998
1463,106.45
1464,106.97000000000001
1465,106.77
1466,107.07999999999998
1467,107.43
1468,107.15
1469,107.0
1470,107.16
1471,107.35999999999999
1472,107.59
1473,107.542
1474,107.45
1475,107.09
1476,107.09999999999998
1477,106.89
1478,106.96
1479,106.06
1480,105.82
1481,107.6
1482,109.25999999999999
1483,108.79
1484,108.38000000000001
1485,107.51999999999998
1486,108.34999999999998
1487,108.34999999999998
1488,108.66
1489,108.11
1490,108.041
1491,108.11
1492,107.78000000000002
1493,107.72
1494,107.85
1495,108.00999999999999
1496,107.57
1497,107.35
1498,106.87
1499,106.42
1500,106.94
1501,107.07700000000001
1502,106.9
1503,106.76
1504,107.06
1505,107.08999999999999
1506,106.71600000000001
1507,107.32
1508,106.93
1509,108.0
1510,107.19
1511,106.77600000000001
1512,107.07
1513,107.1
1514,106.53
1515,106.85
1516,107.03
1517,106.95
1518,106.87999999999998
1519,107.15
1520,106.91
1521,106.38
1522,106.324
1523,106.18799999999999
1524,105.98
1525,106.31799999999998
1526,106.43
1527,105.98
1528,105.795
1529,106.015
1530,105.98
1531,106.11
1532,104.46
1533,103.18
1534,102.81
1535,103.01999999999998
1536,102.8
1537,102.15100000000001
1538,102.60999999999999
1539,102.3
1540,102.7
1541,102.55
1542,102.595
1543,102.89000000000001
1544,102.74999999999999
1545,102.67
1546,102.336
1547,102.39
1548,102.3
1549,102.22
1550,102.05999999999999
1551,102.25
1552,102.19
1553,102.09
1554,102.24
1555,102.21
1556,102.225
1557,101.78999999999999
1558,101.84
1559,86.85
1560,88.94
1561,89.21
1562,88.22
1563,88.39
1564,88.36
1565,88.14
1566,87.85
1567,88.24
1568,89.12100000000002
1569,88.41999999999999
1570,87.939
1571,87.8155
1572,88.00999999999999
1573,88.359
1574,87.835
1575,87.6904
1576,87.3
1577,87.56
1578,87.23800000000001
1579,86.55999999999999
1580,87.38
1581,87.27
1582,87.445
1583,87.04
1584,87.7
1585,87.68
1586,85.7
1587,85.28
1588,85.59
1589,84.88
1590,84.2099
1591,83.63259999999998
1592,82.37899999999998
1593,82.5404
1594,83.1
1595,83.38
1596,83.6142
1597,84.05
1598,83.93
1599,84.4
1600,84.85
1601,85.36
1602,85.45
1603,85.67000000000002
1604,85.0394
1605,85.24999999999999
1606,85.12000000000002
1607,85.15
1608,85.4
1609,86.00999999999999
1610,86.11
1611,86.34
1612,86.721
1613,86.62
1614,86.25
1615,85.77
1616,86.3774
1617,86.03
1618,85.89
1619,85.7
1620,85.44
1621,85.51
1622,85.08
1623,84.57
1624,84.1848
1625,84.15500000000002
1626,85.88
1627,85.63
1628,84.58
1629,84.3678
1630,85.0
1631,84.8872
1632,84.95
1633,85.29
1634,85.17
1635,85.05
1636,84.94
1637,85.0
1638,85.07
1639,84.31
1640,83.61
1641,83.49
1642,83.24
1643,84.06
1644,84.0401
1645,84.588
1646,84.83
1647,84.16
1648,84.2
1649,84.25
1650,84.85
1651,83.63
1652,83.84
1653,84.3
1654,84.14999999999999
1655,84.1
1656,83.67000000000002
1657,83.81000000000002
1658,83.7
1659,83.85
1660,83.85
1661,84.669
1662,84.07
1663,83.81000000000002
1664,83.82
1665,83.74
1666,81.38
1667,81.31
1668,80.87
1669,81.22
1670,81.54000000000002
1671,81.31
1672,81.19000000000001
1673,81.14
1674,81.31
1675,81.40000000000002
1676,81.36
1677,81.24
1678,81.1
1679,80.9
1680,80.82
1681,80.61
1682,80.44
1683,80.5418
1684,80.15
1685,80.19800000000002
1686,80.39
1687,80.4657
1688,80.18
1689,80.37
1690,79.87
1691,80.17
1692,80.14
1693,79.2375
1694,79.39
1695,81.1
1696,80.87
1697,81.09
1698,81.5092
1699,81.54000000000002
1700,81.92
1701,82.38
1702,81.85
1703,81.84
1704,81.85
1705,81.89
1706,81.742
1707,81.79
1708,81.893
1709,82.18
1710,82.02
1711,82.11
1712,82.03
1713,81.93
1714,81.84
1715,81.91
1716,82.0284
1717,81.63
1718,81.36
1719,81.36
1720,81.69
1721,82.39
1722,81.99
1723,81.9307
1724,81.6678
1725,81.0
1726,81.35
1727,81.58
1728,81.04
1729,80.97999999999999
1730,81.15
1731,81.31
1732,81.21
1733,81.17
1734,81.16
1735,81.19000000000001
1736,81.5
1737,81.7
1738,81.92
1739,82.165
1740,82.19
1741,82.16
1742,82.25
1743,82.2
1744,82.3322
1745,82.23
1746,82.23
1747,80.4301
1748,80.3122
1749,79.73
1750,78.6
1751,78.62
1752,79.0
1753,79.21
1754,78.58
1755,78.211
1756,77.51
1757,76.74
1758,76.1
1759,76.45
1760,76.49
1761,76.32
1762,76.00800000000001
1763,76.0381
1764,75.87999999999998
1765,76.0879
1766,76.2
1767,75.8401
1768,75.82
1769,75.9275
1770,76.15
1771,76.11
1772,75.96
1773,75.97
1774,74.5
1775,74.58
1776,73.32
1777,72.6
1778,72.305
1779,72.93
1780,73.7
1781,73.75000000000001
1782,73.81
1783,73.42
1784,73.752
1785,73.19
1786,73.66
1787,74.26
1788,74.63
1789,74.65000000000002
1790,74.89
1791,75.91
1792,75.9999
1793,75.87
1794,74.63999999999999
1795,74.36999999999999
1796,74.24
1797,73.7735
1798,73.35
1799,73.13
1800,73.145
1801,74.36
1802,74.7
1803,75.4643
1804,73.65
1805,73.34
1806,73.36
1807,73.33
1808,73.23
1809,73.277
1810,73.4199
1811,73.6
1812,74.08
1813,74.5101
1814,74.6
1815,74.34
1816,74.16000000000001
1817,74.13
1818,74.1614
1819,73.75000000000001
1820,73.42
1821,73.6
1822,73.39
1823,73.615
1824,73.54
1825,73.61000000000001
1826,73.49
1827,73.45
1828,71.76
1829,71.39
1830,71.37
1831,71.51
1832,71.22
1833,71.4
1834,71.5178
1835,71.86
1836,72.61
1837,72.86
1838,72.1
1839,72.14
1840,72.8
1841,72.32
1842,72.15
1843,72.55
1844,72.7408
1845,72.56
1846,72.31
1847,72.41
1848,72.18
1849,72.47
1850,72.99
1851,73.1
1852,72.81
1853,72.795
1854,72.79
1855,72.8978
1856,72.77
1857,72.57
1858,72.0
1859,72.6499
1860,72.56
1861,73.169
1862,73.51
1863,74.17
1864,74.25
1865,74.45
1866,74.56
1867,73.81
1868,73.736
1869,73.74
1870,73.87
1871,74.36999999999999
1872,74.29
1873,74.38
1874,74.63
1875,74.49
1876,74.42
1877,74.03
1878,74.1
1879,74.51000000000002
1880,74.35
1881,74.35
1882,72.952
1883,72.98
1884,73.13
1885,72.73
1886,72.73
1887,72.33
1888,72.27
1889,72.77
1890,72.41
1891,72.39
1892,72.46
1893,72.6978
1894,72.76
1895,72.94800000000002
1896,72.99
1897,73.14
1898,73.06
1899,72.73
1900,72.72
1901,72.67
1902,72.735
1903,72.61
1904,72.4
1905,72.4478
1906,72.29
1907,72.39
1908,72.42
1909,73.49
1910,74.33
1911,73.94
1912,75.1
1913,76.06
1914,76.52
1915,77.5
1916,76.9
1917,77.39999999999999
1918,77.31
1919,77.865
1920,78.02000000000001
1921,77.97
1922,77.62
1923,76.998
1924,77.0022
1925,77.26
1926,77.57419999999999
1927,77.5
1928,77.41
1929,77.41
1930,77.38
1931,77.45
1932,77.58
1933,77.26
1934,77.41
1935,77.38
1936,76.289
1937,76.06
1938,76.71000000000001
1939,77.34
1940,77.29
1941,77.43
1942,77.47000000000001
1943,77.55
1944,77.8199
1945,77.99
1946,77.59999999999998
1947,77.465
1948,77.53999999999999
1949,77.8
1950,77.18999999999998
1951,76.65100000000002
1952,77.0275
1953,76.75
1954,77.21
1955,77.385
1956,77.16
1957,76.87
1958,76.92000000000002
1959,76.92000000000002
1960,77.15
1961,76.96
1962,76.96
1963,77.7
1964,77.90990000000001
1965,78.0101
1966,78.09250000000002
1967,78.61
1968,79.02
1969,78.58
1970,78.615
1971,78.8
1972,78.83
1973,78.90999999999998
1974,78.8599
1975,78.89
1976,78.68
1977,78.68
1978,78.755
1979,78.71
1980,78.72
1981,78.97
1982,78.95
1983,78.92000000000002
1984,78.598
1985,77.86
1986,77.282
1987,77.47000000000001
1988,77.48
1989,77.48
1990,77.1
1991,77.89
1992,78.2
1993,77.96
1994,77.85
1995,77.66
1996,77.1
1997,76.13
1998,75.92
1999,75.78
2000,75.62
2001,75.33
2002,74.558
2003,74.19
2004,75.02199999999998
2005,75.49
2006,74.32
2007,74.35
2008,74.07
2009,74.07
2010,74.46
2011,74.86
2012,74.23
2013,74.17
2014,74.185
2015,74.19
2016,74.2
2017,72.9122
2018,73.05
2019,73.459
2020,73.52
2021,73.5508
2022,73.085
2023,72.87
2024,72.83
2025,72.9198
2026,73.0622
2027,72.49
2028,72.58
2029,72.63
2030,72.64
2031,72.99
2032,72.89
2033,72.73
2034,72.73
2035,72.34
2036,72.25
2037,72.12
2038,72.07
2039,72.19
2040,72.18
2041,72.07
2042,71.98
2043,71.97
2044,70.74
2045,70.11
2046,69.8
2047,70.42
2048,70.6301
2049,71.05
2050,70.59
2051,70.39
2052,70.08
2053,69.44
2054,70.46
2055,70.85
2056,70.8628
2057,70.84
2058,70.44800000000002
2059,70.73
2060,70.29
2061,70.07
2062,69.91
2063,70.0
2064,69.9801
2065,69.72
2066,69.81
2067,69.95
2068,69.96
2069,69.25
2070,68.081
2071,68.44
2072,69.01
2073,69.78
2074,70.66
2075,70.35
2076,70.41
2077,70.98
2078,71.1
2079,71.37
2080,71.94
2081,71.46
2082,71.645
2083,71.58
2084,71.55
2085,71.87
2086,71.92
2087,71.6
2088,71.68
2089,71.7
2090,71.79
2091,71.9
2092,71.78
2093,71.57
2094,71.76
2095,71.74
2096,72.27
2097,70.8
2098,70.98
2099,70.77
2100,70.99
2101,71.43
2102,70.72
2103,70.7199
2104,69.78
2105,69.36
2106,69.49
2107,69.742
2108,68.8
2109,68.52
2110,68.8
2111,68.135
2112,67.92
2113,68.18
2114,68.3305
2115,68.12
2116,67.95
2117,68.1
2118,67.91
2119,67.64
2120,67.54
2121,67.691
2122,67.71
2123,68.8056
2124,69.5971
2125,69.21
2126,69.65
2127,70.09
2128,69.765
2129,69.67
2130,68.703
2131,68.76
2132,68.7
2133,68.952
2134,69.17
2135,69.32
2136,69.12
2137,68.89
2138,69.44
2139,69.64
2140,70.04
2141,69.995
2142,70.0078
2143,70.76
2144,71.34899999999998
2145,71.2125
2146,71.32
2147,71.95
2148,71.9
2149,71.91
2150,70.78
2151,70.28
2152,70.28
2153,70.31
2154,70.28
2155,70.3
2156,70.75
2157,70.885
2158,70.56
2159,70.76
2160,70.9622
2161,70.681
2162,70.74
2163,70.6
2164,70.79
2165,70.81
2166,70.85
2167,70.51
2168,70.32
2169,70.41
2170,69.65
2171,69.98
2172,69.92
2173,69.82
2174,69.99
2175,70.25
2176,70.27
2177,70.86
2178,71.8201
2179,71.8
2180,72.71
2181,72.75
2182,72.35
2183,72.12
2184,72.6
2185,71.815
2186,71.45
2187,71.75
2188,71.51
2189,71.542
2190,71.171
2191,70.775
2192,71.0514
2193,71.27
2194,71.3978
2195,71.3
2196,70.65
2197,70.28
2198,70.24
2199,70.18
2200,70.06
2201,70.1
2202,70.26
2203,70.22
2204,69.86
2205,69.19
2206,69.73
2207,69.9
2208,70.15
2209,69.9
2210,69.73
2211,69.81
2212,69.46
2213,69.15
2214,68.5
2215,68.5
2216,68.79
2217,68.56
2218,68.34
2219,68.22
2220,68.48
2221,68.71
2222,68.65
2223,68.42
2224,68.33
2225,68.51
2226,69.17
2227,69.13
2228,69.46
2229,69.43
2230,69.44
2231,67.705
2232,68.54
2233,68.03
2234,67.7322
2235,67.5
2236,67.58
2237,67.5925
2238,67.54
2239,67.54
2240,67.59
2241,67.5399
2242,67.35
2243,67.58
2244,67.53
2245,67.39
2246,67.31
2247,67.54
2248,67.49
2249,67.47
2250,67.45
2251,67.635
2252,67.38
2253,67.34
2254,67.59
2255,67.3599
2256,67.3
2257,67.34
2258,65.1599
2259,64.44
2260,63.33
2261,63.32
2262,63.64
2263,63.208
2264,63.22
2265,63.025
2266,63.22
2267,62.75
2268,62.73010000000001
2269,63.53
2270,63.64
2271,63.354000000000006
2272,63.919999999999995
2273,64.34
2274,63.81
2275,63.54
2276,63.47
2277,63.12
2278,63.199999999999996
2279,63.15
2280,63.32
2281,63.81
2282,64.1
2283,63.45
2284,63.43999999999999
2285,61.9
2286,62.159699999999994
2287,62.09
2288,62.18
2289,62.65999999999999
2290,62.830000000000005
2291,62.933
2292,63.26
2293,63.27
2294,62.698
2295,62.85
2296,62.75
2297,62.75999999999999
2298,63.0
2299,62.79
2300,62.510000000000005
2301,62.510000000000005
2302,62.38
2303,62.01
2304,62.49
2305,63.044
2306,63.111000000000004
2307,63.45
2308,63.32
2309,62.92
2310,62.94
2311,62.95000000000001
2312,64.28
2313,63.12
2314,63.559999999999995
2315,64.28
2316,64.5001
2317,64.56
2318,64.155
2319,63.7512
2320,63.6
2321,63.3
2322,62.79
2323,62.69
2324,63.01
2325,63.255
2326,63.40390000000001
2327,63.22
2328,63.63
2329,63.64
2330,63.67000000000001
2331,63.79999999999999
2332,64.38
2333,64.21
2334,64.455
2335,64.24
2336,64.68
2337,65.01
2338,65.0
2339,65.33
2340,65.17
2341,65.27
2342,65.69
2343,65.95
2344,64.8999
2345,65.05
2346,65.16
2347,64.58
2348,64.32
2349,64.58
2350,64.75
2351,64.7
2352,64.92
2353,64.73
2354,64.69
2355,64.88
2356,64.82
2357,65.25
2358,65.01
2359,64.7
2360,65.0436
2361,64.67
2362,64.74
2363,64.95
2364,64.83
2365,64.83
2366,66.39
2367,67.19
2368,66.99
2369,66.89
2370,66.75
2371,67.152
2372,67.2897
2373,67.365
2374,67.37
2375,67.94
2376,68.04
2377,67.91
2378,68.08
2379,68.01
2380,67.47
2381,67.3
2382,67.19
2383,66.77
2384,66.14
2385,66.01
2386,65.6
2387,65.62
2388,65.21
2389,65.24
2390,65.82
2391,65.89
2392,65.88
2393,65.41
2394,65.88
2395,65.64
2396,65.42
2397,64.7678
2398,64.858
2399,65.3
2400,65.25
2401,65.7911
2402,65.88
2403,65.57
2404,65.52
2405,65.554
2406,65.65
2407,65.73
2408,65.72
2409,65.55
2410,65.39
2411,65.14
2412,65.61
2413,65.6282
2414,65.47
2415,65.48
2416,65.07
2417,64.74
2418,64.66
2419,64.64
2420,64.16
2421,65.23
2422,65.6599
2423,65.37
2424,65.5
2425,65.57
2426,65.32
2427,65.3
2428,65.48
2429,65.12
2430,65.03
2431,65.1
2432,65.3273
2433,65.44
2434,65.8
2435,65.65
2436,65.78
2437,65.632
2438,65.49
2439,65.35
2440,65.55
2441,65.43
2442,65.7
2443,65.66
2444,65.483
2445,65.64
2446,65.64
2447,64.9872
2448,65.34
2449,64.45
2450,64.31
2451,64.3
2452,63.98
2453,63.98899999999999
2454,64.0
2455,64.16
2456,63.85
2457,63.75
2458,63.681000000000004
2459,63.7401
2460,63.49999999999999
2461,63.93000000000001
2462,64.08
2463,64.0
2464,63.75
2465,63.49999999999999
2466,63.51
2467,63.64
2468,63.53
2469,63.15849999999999
2470,63.141999999999996
2471,63.13999999999999
2472,63.0
2473,63.0
2474,63.4815
2475,62.86999999999999
2476,62.4502
2477,63.199999999999996
2478,63.2682
2479,63.3722
2480,64.17
2481,63.90999999999999
2482,64.0
2483,63.64
2484,63.12
2485,63.0763
2486,62.7808
2487,62.59
2488,62.86
2489,62.6
2490,62.65
2491,62.58
2492,62.81
2493,62.81999999999999
2494,62.81
2495,62.91
2496,62.7
2497,62.75
2498,62.81999999999999
2499,63.22
2500,62.69
2501,63.239999999999995
2502,63.261
2503,63.61999999999999
2504,63.89999999999999
2505,63.53000000000001
2506,63.47
2507,63.230000000000004
2508,63.18
2509,63.26540000000001
2510,63.07999999999999
2511,63.42
2512,63.44
2513,63.49
2514,63.73
2515,63.69
2516,63.26
2517,63.33
2518,63.56399999999999
2519,63.34
2520,63.195
2521,63.09
2522,62.85
2523,62.77
2524,62.87
2525,62.83
2526,61.64779999999999
2527,61.582
2528,61.31000000000001
2529,61.419999999999995
2530,61.778999999999996
2531,61.89
2532,61.8
2533,62.19
2534,61.971
2535,61.93
2536,61.95
2537,62.038500000000006
2538,62.09
2539,62.01
2540,62.1
2541,61.96999999999999
2542,62.15
2543,62.06
2544,62.21
2545,62.08
2546,62.08
2547,61.92
2548,62.34
2549,62.17
2550,62.50999999999999
2551,62.669999999999995
2552,62.660000000000004
2553,63.71
2554,63.89999999999999
2555,64.083
2556,64.59
2557,64.7498
2558,64.891
2559,64.84
2560,64.7518
2561,64.59
2562,64.5578
2563,64.83
2564,64.79
2565,64.87
2566,64.7201
2567,64.97
2568,65.24
2569,64.83
2570,65.0122
2571,65.02
2572,65.03
2573,65.25
2574,65.27
2575,65.5
2576,65.62
2577,65.61
2578,65.77
2579,65.79
2580,66.52
2581,65.81
2582,65.9122
2583,66.415
2584,65.7
2585,65.68
2586,65.42
2587,65.77
2588,65.52
2589,65.48
2590,65.27
2591,65.29
2592,65.56
2593,65.54
2594,65.747
2595,65.82
2596,65.99
2597,66.3118
2598,66.58
2599,66.74
2600,66.75
2601,66.75
2602,66.76
2603,66.7049
2604,66.71
2605,66.73
2606,66.73
2607,67.3
2608,67.595
2609,68.182
2610,68.15
2611,68.475
2612,68.45
2613,68.34
2614,68.42
2615,68.56
2616,69.059
2617,69.065
2618,68.957
2619,69.0
2620,68.88
2621,68.68
2622,68.8
2623,68.955
2624,68.82
2625,68.8494
2626,68.82
2627,68.86
2628,69.48
2629,69.9
2630,70.12
2631,70.1915
2632,69.82
2633,69.83
2634,68.15
2635,68.1
2636,68.17
2637,68.37
2638,68.112
2639,68.24
2640,68.5301
2641,68.5001
2642,68.51
2643,68.2
2644,68.02
2645,68.13
2646,68.18
2647,68.64
2648,68.711
2649,68.696
2650,68.61
2651,68.9
2652,68.81
2653,68.351
2654,68.2
2655,68.12
2656,68.12899999999999
2657,68.04
2658,68.15
2659,68.15899999999999
2660,68.15899999999999
2661,67.93
2662,67.915
2663,67.4
2664,67.19
2665,67.51
2666,67.82
2667,67.15
2668,66.65
2669,66.85
2670,66.8022
2671,66.54
2672,66.34
2673,66.0975
2674,66.21
2675,66.305
2676,66.18
2677,66.1522
2678,66.31
2679,66.08
2680,65.96
2681,66.13
2682,66.37
2683,66.13
2684,65.9
2685,65.91
2686,65.81
2687,65.84
2688,66.1682
2689,66.5358
2690,67.1
2691,67.01
2692,66.862
2693,66.72
2694,66.9999
2695,67.1
2696,67.47
2697,67.8
2698,67.78
2699,67.93
2700,68.082
2701,68.03
2702,67.81
2703,67.68
2704,67.78
2705,67.99
2706,67.85
2707,67.8522
2708,67.84
2709,67.9301
2710,67.89
2711,67.8
2712,67.71
2713,67.86
2714,67.86
2715,69.0
2716,68.685
2717,69.312
2718,68.135
2719,67.84
2720,67.79
2721,68.15
2722,68.08
2723,67.93
2724,67.43
2725,66.888
2726,66.83
2727,66.69
2728,66.52
2729,66.5
2730,66.79
2731,67.0
2732,67.18
2733,67.1101
2734,67.1
2735,67.43
2736,67.28
2737,67.461
2738,67.2601
2739,67.04
2740,67.0
2741,67.03
2742,67.23
2743,66.85
2744,67.04
2745,66.7
2746,66.76899999999999
2747,66.82
2748,66.73
2749,66.95
2750,66.83
2751,66.9499
2752,66.94
2753,67.04
2754,67.39
2755,67.21
2756,67.16
2757,67.16
2758,66.96
2759,66.91
2760,67.22
2761,67.3
2762,67.05
2763,66.87
2764,66.90100000000001
2765,66.99
2766,67.06
2767,66.74
2768,66.8
2769,67.062
2770,66.02
2771,66.51
2772,66.06
2773,66.329
2774,66.4752
2775,66.54
2776,66.6
2777,66.72
2778,66.54
2779,66.56
2780,66.47
2781,66.45
2782,66.36
2783,66.39
2784,66.24
2785,66.23
2786,66.24
2787,66.06
2788,65.86
2789,65.7
2790,65.62
2791,66.0269
2792,66.27
2793,66.56
2794,66.48
2795,66.49
2796,66.8618
2797,67.71
2798,67.01
2799,67.04
2800,66.62
2801,66.94
2802,67.15
2803,67.55
2804,67.36
2805,67.28
2806,67.38
2807,67.17
2808,66.9599
2809,67.1
2810,67.238
2811,67.03
2812,66.63
2813,66.7001
2814,66.6
2815,66.73
2816,66.65
2817,66.56
2818,66.74
2819,66.8
2820,67.18
2821,67.35
2822,67.36
2823,67.75
2824,66.94
2825,67.3
2826,67.949
2827,68.27
2828,67.98
2829,67.81
2830,68.15
2831,68.3
2832,68.23
2833,68.01
2834,68.1
2835,68.09
2836,68.13
2837,68.19
2838,68.1
2839,68.19
2840,68.1
2841,68.13
2842,68.34
2843,68.28
2844,68.5
2845,68.54
2846,68.45
2847,68.54
2848,68.51
2849,68.485
2850,68.05
2851,67.98
2852,67.6
2853,67.84
2854,67.762
2855,68.2
2856,67.87
2857,67.93
2858,67.88
2859,68.01
2860,67.99
2861,67.93
2862,67.96
2863,68.05
2864,68.0
2865,68.02
2866,67.93
2867,67.86
2868,67.9
2869,67.759
2870,67.62
2871,67.59
2872,67.58
2873,67.62
2874,67.82
2875,67.9
2876,67.85
2877,68.92
2878,69.67
2879,70.5
2880,70.56
2881,70.28
2882,70.36
2883,70.74
2884,70.77
2885,71.44
2886,71.65
2887,71.562
2888,71.59
2889,71.705
2890,72.07
2891,72.04
2892,77.81
2893,77.37
2894,77.98
2895,79.52
2896,80.1992
2897,79.9701
2898,79.88
2899,80.7844
2900,80.639
2901,80.431
2902,80.5721
2903,81.3
2904,81.5801
2905,81.37
2906,81.4306
2907,82.18700000000003
2908,82.32
2909,82.59
2910,82.2799
2911,82.59
2912,81.72
2913,81.38
2914,81.79
2915,81.642
2916,81.945
2917,81.7201
2918,81.72
2919,84.7
2920,83.0699
2921,82.68
2922,82.875
2923,83.0
2924,84.66
2925,84.29
2926,83.935
2927,82.975
2928,82.8475
2929,83.24
2930,83.124
2931,83.04
2932,83.083
2933,81.94
2934,81.2
2935,81.0318
2936,81.14
2937,81.08
2938,80.72
2939,80.61
2940,80.72
2941,80.99
2942,81.85
2943,81.86
2944,81.85
2945,81.89
2946,81.758
2947,80.64
2948,81.14
2949,81.06
2950,81.23
2951,81.07
2952,81.93
2953,81.58
2954,81.73
2955,81.28
2956,81.75
2957,82.61
2958,83.0501
2959,83.48299999999998
2960,83.735
2961,84.01
2962,83.73
2963,83.32
2964,83.5744
2965,83.23
2966,83.12
2967,83.03
2968,83.09
2969,83.3
2970,82.92
2971,82.99
2972,82.99
2973,82.31
2974,82.09
2975,82.2499
2976,81.6992
2977,80.76
2978,81.4
2979,81.1901
2980,81.4
2981,81.5
2982,81.3099
2983,81.53
2984,81.45
2985,81.52
2986,81.8
2987,81.55
2988,81.105
2989,81.07
2990,80.57
2991,80.49
2992,80.3599
2993,80.13
2994,80.4
2995,80.14
2996,79.63
2997,79.7602
2998,80.24
2999,80.23
3000,82.01
3001,82.805
3002,84.2
3003,83.87
3004,82.99
3005,83.49
3006,83.75
3007,83.15
3008,83.91
3009,83.95
3010,83.5
3011,83.912
3012,84.11
3013,84.06
3014,83.45200000000001
3015,82.8982
3016,83.397
3017,83.22
3018,82.79
3019,82.41
3020,82.7
3021,82.6
3022,82.32
3023,82.18
3024,82.22
3025,81.63
3026,81.64
3027,81.0482
3028,81.19
3029,81.18
3030,80.99
3031,81.72
3032,81.96
3033,82.455
3034,82.65
3035,82.5
3036,82.91
3037,82.685
3038,82.78
3039,83.50399999999998
3040,83.55
3041,84.1412
3042,84.44
3043,84.54
3044,84.09
3045,84.18
3046,84.0
3047,84.21
3048,84.45
3049,85.09
3050,85.02
3051,84.9503
3052,85.04
3053,84.97
3054,85.35
3055,85.23
3056,85.67
3057,84.8718
3058,84.34
3059,84.53
3060,84.59299999999998
3061,84.22
3062,84.07
3063,84.31
3064,84.92200000000003
3065,84.978
3066,85.12
3067,84.97
3068,84.601
3069,84.309
3070,84.54799999999999
3071,84.62
3072,84.38
3073,84.6
3074,84.9
3075,84.76
3076,85.23
3077,85.07
3078,84.945
3079,84.9
3080,84.9
3081,84.18
3082,83.15
3083,82.79899999999998
3084,83.3111
3085,83.2724
3086,83.22
3087,83.4
3088,83.29
3089,83.07
3090,83.2801
3091,83.415
3092,83.23
3093,82.97
3094,83.075
3095,82.99
3096,83.25
3097,83.3
3098,83.44
3099,83.4
3100,83.245
3101,83.19
3102,83.12
3103,83.36
3104,83.23
3105,83.0082
3106,82.99
3107,82.98
3108,82.29
3109,82.48
3110,81.643
3111,81.2718
3112,80.75
3113,81.12
3114,81.0
3115,80.85
3116,81.39
3117,81.26
3118,81.17
3119,81.152
3120,81.21
3121,81.13
3122,82.01
3123,82.56
3124,82.43
3125,82.07
3126,82.11
3127,81.97
3128,81.67
3129,82.2
3130,81.83
3131,81.8
3132,81.77
3133,81.78
3134,81.78
3135,82.44
3136,82.31
3137,81.79
3138,81.56
3139,81.94
3140,81.58
3141,81.97
3142,82.07
3143,82.32
3144,82.0
3145,82.02
3146,82.07
3147,82.02
3148,82.07
3149,81.99
3150,81.95
3151,81.95
3152,81.62
3153,81.55199999999998
3154,81.27
3155,80.9301
3156,81.1
3157,81.26
3158,81.2
3159,81.25
3160,81.27
3161,81.27
3162,81.92
3163,82.8291
3164,83.26
3165,84.03
3166,83.83
3167,84.12
3168,84.21
3169,84.52
3170,84.2
3171,84.4
3172,84.65299999999998
3173,84.58
3174,84.38
3175,83.85
3176,84.12
3177,84.25
3178,84.19
3179,83.7
3180,83.67
3181,83.47
3182,83.63
3183,83.68
3184,83.54
3185,83.3809
3186,83.14
3187,83.14
3188,83.12
3189,81.78
3190,82.3401
3191,82.92
3192,83.03
3193,82.94
3194,83.0702
3195,83.24
3196,82.68
3197,82.09
3198,82.29
3199,82.43
3200,82.23
3201,82.27
3202,82.28
3203,82.18
3204,82.24
3205,82.19
3206,82.27
3207,82.29
3208,82.295
3209,82.09
3210,82.0
3211,81.99
3212,82.1086
3213,82.01
3214,81.83
3215,81.82
3216,79.3518
3217,78.67
3218,79.06
3219,78.86
3220,79.16
3221,79.24
3222,79.59
3223,79.75
3224,80.1
3225,79.84
3226,79.68
3227,79.971
3228,79.99
3229,80.4
3230,80.1
3231,80.25
3232,80.66
3233,80.81
3234,81.0
3235,81.045
3236,80.83999999999999
3237,80.46
3238,80.17
3239,80.175
3240,80.06
3241,79.98
3242,79.94
3243,80.9
3244,81.07
3245,81.96
3246,81.8
3247,81.54
3248,81.461
3249,82.06
3250,82.35
3251,81.892
3252,81.85
3253,81.76
3254,81.1601
3255,81.04
3256,80.77
3257,80.51
3258,79.475
3259,79.125
3260,79.25
3261,79.295
3262,78.86
3263,78.251
3264,78.54
3265,78.45
3266,79.09899999999998
3267,80.21
3268,80.38
3269,80.39
3270,63.669
3271,62.45
3272,63.0014
3273,63.01
3274,62.26
3275,61.62
3276,61.93
3277,61.128
3278,60.81
3279,61.238
3280,60.9309
3281,60.61600000000001
3282,59.97
3283,59.57100000000001
3284,59.65
3285,60.19
3286,59.94
3287,60.54
3288,60.598
3289,61.2
3290,61.3401
3291,61.11
3292,60.49
3293,60.45
3294,60.33
3295,60.28
3296,60.28
3297,58.26
3298,56.85
3299,56.21
3300,56.9479
3301,56.6518
3302,57.14
3303,57.356
3304,57.168
3305,57.14
3306,57.35
3307,57.45
3308,57.55
3309,57.21
3310,57.208
3311,57.107
3312,57.14
3313,57.03
3314,57.08600000000001
3315,57.13
3316,57.02
3317,56.809
3318,56.489
3319,56.48
3320,57.41
3321,57.00100000000001
3322,56.983000000000004
3323,57.01
3324,58.04
3325,58.64
3326,58.67
3327,59.04
3328,59.24
3329,58.98
3330,58.831
3331,58.52
3332,58.08
3333,57.98
3334,57.668
3335,57.62
3336,57.652
3337,57.916000000000004
3338,57.82
3339,58.02
3340,58.2482
3341,58.25
3342,58.22
3343,58.375
3344,58.59
3345,58.68
3346,58.91
3347,58.86
3348,59.05
3349,58.92
3350,58.92
3351,59.275
3352,58.928999999999995
3353,58.01
3354,58.02
3355,57.65
3356,57.23
3357,56.9
3358,56.4435
3359,56.6
3360,57.03
3361,56.957
3362,57.05
3363,57.273999999999994
3364,57.26
3365,57.49
3366,57.4399
3367,57.62
3368,57.39
3369,57.34
3370,57.4402
3371,57.63
3372,57.73
3373,57.34
3374,57.59
3375,57.32
3376,57.75
3377,57.75
3378,57.5301
3379,57.17
3380,56.84
3381,57.17
3382,57.3
3383,56.98
3384,57.16
3385,57.36
3386,57.21
3387,57.24
3388,56.98
3389,56.97
3390,57.1
3391,56.93
3392,56.79
3393,56.89
3394,56.82
3395,56.64
3396,56.83
3397,56.962
3398,56.9
3399,56.9
3400,56.72
3401,56.89
3402,56.92000000000001
3403,56.85
3404,56.85
3405,56.44
3406,55.82
3407,55.92
3408,55.98
3409,55.35
3410,55.38800000000001
3411,55.07
3412,54.69
3413,54.2
3414,54.44
3415,54.38
3416,54.725
3417,54.52
3418,54.652
3419,54.605
3420,54.758
3421,54.68
3422,54.6501
3423,54.55
3424,54.778
3425,54.4
3426,54.68
3427,54.6
3428,54.5
3429,54.45
3430,54.45
3431,54.5
3432,55.59
3433,54.542
3434,54.86
3435,54.71
3436,53.88
3437,54.22
3438,53.72
3439,53.66
3440,53.66
3441,53.49
3442,53.67
3443,53.7
3444,53.66
3445,53.62
3446,53.5
3447,53.58
3448,53.52
3449,53.559999999999995
3450,53.4
3451,53.38999999999999
3452,53.72
3453,53.69
3454,53.8975
3455,53.84
3456,53.88
3457,53.81
3458,53.87
3459,53.65
3460,54.32
3461,53.86
3462,53.856
3463,53.38
3464,52.9999
3465,53.75
3466,53.97
3467,54.82
3468,55.2
3469,55.09
3470,55.24
3471,55.1599
3472,54.9889
3473,54.81
3474,54.435
3475,54.28
3476,54.038000000000004
3477,54.65
3478,54.9625
3479,54.57
3480,54.68
3481,54.13
3482,54.08
3483,53.57
3484,53.91
3485,53.91
3486,55.95
3487,54.76
3488,54.93
3489,55.05
3490,55.48
3491,55.59
3492,55.402
3493,55.02
3494,55.1
3495,55.32
3496,55.3641
3497,55.2334
3498,55.379
3499,55.49
3500,55.370000000000005
3501,55.42
3502,55.52
3503,55.68000000000001
3504,55.82
3505,56.199999999999996
3506,56.55
3507,56.69
3508,56.6
3509,56.8
3510,56.86
3511,56.830000000000005
3512,56.79
3513,58.19
3514,58.5299
3515,59.13999999999999
3516,58.9
3517,58.3501
3518,58.67
3519,58.71000000000001
3520,58.71000000000001
3521,58.91
3522,58.96
3523,58.58
3524,58.4297
3525,58.465
3526,58.410000000000004
3527,58.08
3528,58.14
3529,58.11
3530,58.04
3531,58.13
3532,58.19
3533,58.47
3534,58.35
3535,58.31
3536,58.44
3537,58.19
3538,57.90999999999999
3539,57.89999999999999
3540,58.56
3541,58.300000000000004
3542,58.64399999999999
3543,58.290000000000006
3544,58.04
3545,58.13
3546,57.93
3547,58.2
3548,58.2799
3549,58.31
3550,58.33
3551,58.26
3552,58.11
3553,58.08
3554,58.07
3555,58.12
3556,58.21100000000001
3557,58.06
3558,57.97
3559,57.9066
3560,57.86
3561,57.769999999999996
3562,57.75
3563,57.71
3564,57.68999999999999
3565,57.78999999999999
3566,57.79999999999999
3567,57.46999999999999
3568,57.25000000000001
3569,57.55
3570,57.54
3571,58.25
3572,58.089999999999996
3573,57.9053
3574,57.78999999999999
3575,57.6
3576,57.43
3577,57.66
3578,57.63
3579,57.948
3580,58.083999999999996
3581,58.05
3582,58.05
3583,58.08
3584,58.11
3585,57.9975
3586,58.02
3587,58.00100000000001
3588,57.95
3589,57.87
3590,57.90999999999999
3591,57.879999999999995
3592,57.90999999999999
3593,57.90999999999999
3594,57.71
3595,57.43
3596,57.27
3597,57.260000000000005
3598,57.57999999999999
3599,57.6
3600,57.53
3601,57.779999999999994
3602,58.2
3603,58.27
3604,59.559999999999995
3605,59.93
3606,59.9
3607,60.21
3608,60.09
3609,60.088
3610,59.85000000000001
3611,59.73
3612,59.760000000000005
3613,59.85000000000001
3614,59.75000000000001
3615,59.870000000000005
3616,59.75000000000001
3617,59.88
3618,59.870000000000005
3619,59.91
3620,59.9
3621,60.50899999999999
3622,59.74
3623,59.74
3624,59.43
3625,59.44
3626,59.21
3627,58.93999999999999
3628,58.85
3629,59.1643
3630,58.97
3631,58.78
3632,58.730000000000004
3633,58.75
3634,58.68
3635,58.97
3636,59.03999999999999
3637,58.84
3638,58.88
3639,59.19
3640,59.7
3641,59.78
3642,59.980000000000004
3643,59.84
3644,59.88
3645,59.870000000000005
3646,59.89
3647,59.91
3648,60.55
3649,60.6411
3650,60.49999999999999
3651,60.25
3652,60.17000000000001
3653,60.40999999999999
3654,60.38000000000001
3655,60.28000000000001
3656,60.27000000000001
3657,60.2562
3658,60.268
3659,60.25
3660,60.26
3661,60.3999
3662,60.75
3663,60.769
3664,60.66
3665,60.75
3666,62.800000000000004
3667,62.83
3668,62.48
3669,62.74
3670,62.5
3671,62.225
3672,61.88
3673,61.82
3674,61.75999999999999
3675,62.64
3676,63.2902
3677,63.02
3678,63.182
3679,63.120000000000005
3680,63.519999999999996
3681,63.382000000000005
3682,63.010000000000005
3683,62.81
3684,62.83
3685,62.94
3686,63.0599
3687,63.06
3688,62.95
3689,62.910000000000004
3690,62.87
3691,62.858000000000004
3692,62.82
3693,62.85
3694,62.910000000000004
3695,62.89000000000001
3696,62.96
3697,63.35399999999999
3698,63.3
3699,63.45
3700,63.28
3701,63.26
3702,63.22999999999999
3703,63.3393
3704,63.17
3705,63.17
3706,63.45
3707,63.949999999999996
3708,63.9494
3709,64.13
3710,64.41
3711,64.36399999999999
3712,64.34
3713,64.3001
3714,64.41
3715,64.49
3716,64.402
3717,64.32
3718,64.2601
3719,64.25
3720,64.28
3721,64.27
3722,64.315
3723,64.3482
3724,64.42
3725,64.41
3726,64.31
3727,64.26
3728,64.31
3729,65.19
3730,65.22
3731,65.15
3732,65.1777
3733,65.09
3734,64.95
3735,64.6
3736,64.5
3737,64.0099
3738,63.74999999999999
3739,63.93
3740,63.87
3741,63.63999999999999
3742,63.54999999999999
3743,63.74999999999999
3744,63.63999999999999
3745,63.849999999999994
3746,63.92
3747,63.7999
3748,63.89
3749,63.72
3750,63.69
3751,63.62
3752,63.635000000000005
3753,63.64999999999999
3754,63.67
3755,63.69
3756,62.94
3757,62.46
3758,62.259899999999995
3759,62.6
3760,62.72
3761,62.93
3762,62.86
3763,63.18
3764,63.00000000000001
3765,63.39
3766,63.729899999999994
3767,64.5
3768,64.907
3769,64.92
3770,64.94
3771,64.95
3772,64.98
3773,64.6
3774,64.3401
3775,64.0
3776,64.08
3777,64.24
3778,64.22
3779,64.24
3780,64.24
3781,64.24
3782,64.24
3783,65.42
3784,65.75
3785,65.73
3786,65.95
3787,66.545
3788,65.8501
3789,65.08
3790,65.39
3791,65.33
3792,65.36
3793,65.44
3794,65.3
3795,65.421
3796,65.21
3797,64.68
3798,64.96
3799,64.985
3800,65.11
3801,65.19
3802,65.3496
3803,65.43
3804,65.5799
3805,65.42
3806,65.45
3807,65.419
3808,65.58
3809,65.6
3810,65.39
3811,65.8
3812,66.02
3813,66.18
3814,65.85
3815,65.52
3816,65.43
3817,65.24
3818,65.26
3819,65.53
3820,65.5
3821,65.51
3822,65.5794
3823,65.5
3824,65.51
3825,65.66
3826,65.67
3827,65.65
3828,65.69
3829,65.5122
3830,65.54
3831,65.51
3832,65.4
3833,65.44
3834,65.41
3835,65.4
3836,65.4
3837,65.96
3838,65.95
3839,66.05
3840,66.2
3841,65.81
3842,65.75
3843,65.98
3844,65.47
3845,64.96
3846,64.36
3847,64.41
3848,64.31
3849,63.8
3850,64.1
3851,64.12
3852,64.1198
3853,64.09
3854,64.0789
3855,63.87
3856,64.04
3857,64.05
3858,64.251
3859,64.4
3860,64.2001
3861,64.07
3862,64.05
3863,64.05
3864,62.03
3865,62.25
3866,62.35
3867,62.31
3868,62.46
3869,62.5
3870,62.29999999999999
3871,62.6
3872,62.4018
3873,62.31
3874,62.46
3875,62.53
3876,62.95
3877,63.18
3878,63.19
3879,63.57
3880,63.529999999999994
3881,63.53999999999999
3882,63.5
3883,63.5
3884,63.419999999999995
3885,63.419999999999995
3886,63.4
3887,63.27
3888,63.08
3889,63.15
3890,63.16
3891,63.15
3892,62.64
3893,62.3401
3894,62.74
3895,62.56
3896,62.74
3897,63.37
3898,63.519999999999996
3899,63.39
3900,63.120000000000005
3901,63.00000000000001
3902,62.77000000000001
3903,62.95700000000001
3904,62.85
3905,62.88000000000001
3906,62.9401
3907,62.75
3908,62.5
3909,62.58
3910,62.55
3911,62.72
3912,62.61
3913,62.5
3914,62.46
3915,62.38999999999999
3916,62.379999999999995
3917,62.38999999999999
3918,63.00000000000001
3919,62.472
3920,62.71
3921,62.9599
3922,62.98
3923,62.76
3924,62.7
3925,62.808800000000005
3926,62.74
3927,63.02
3928,62.99000000000001
3929,62.93
3930,62.910000000000004
3931,63.10000000000001
3932,63.2898
3933,63.25
3934,63.47
3935,63.458
3936,63.39
3937,63.34
3938,63.28
3939,62.910000000000004
3940,63.10000000000001
3941,63.00000000000001
3942,62.94
3943,62.97
3944,62.95
3945,63.64999999999999
3946,63.15
3947,63.51
3948,63.54999999999999
3949,63.32999999999999
3950,63.08
3951,62.67
3952,62.65
3953,62.85
3954,62.6601
3955,62.66
3956,62.7
3957,62.790000000000006
3958,62.71
3959,62.790000000000006
3960,62.89000000000001
3961,63.05
3962,63.05
3963,63.220000000000006
3964,63.35
3965,63.51
3966,63.48
3967,63.38
3968,63.36
3969,63.46
3970,63.45
3971,63.43999999999999
3972,62.84399999999999
3973,62.6069
3974,62.489999999999995
3975,61.8931
3976,61.8
3977,61.7
3978,61.75000000000001
3979,61.81
3980,61.86999999999999
3981,61.77
3982,61.53000000000001
3983,61.3317
3984,61.483000000000004
3985,61.24
3986,61.16
3987,61.16
3988,61.11
3989,61.05
3990,61.15
3991,61.01
3992,61.03
3993,61.26
3994,61.07
3995,60.919999999999995
3996,60.78
3997,60.48
3998,60.48
3999,59.970000000000006
4000,59.8
4001,59.5399
4002,59.6292
4003,59.66
4004,59.54
4005,59.842
4006,60.19
4007,60.0505
4008,59.75
4009,59.47
4010,59.25
4011,59.56
4012,59.74
4013,59.54
4014,59.63
4015,59.84
4016,59.98
4017,60.15
4018,60.19
4019,59.99
4020,60.0
4021,59.84
4022,59.88
4023,59.73
4024,59.73
4025,59.72
4026,53.57
4027,54.24
4028,53.68
4029,54.41
4030,55.66
4031,54.615
4032,55.1
4033,55.306999999999995
4034,54.95
4035,55.09
4036,55.51
4037,55.435
4038,55.55
4039,56.01
4040,55.72
4041,55.79
4042,55.9934
4043,55.88
4044,56.06
4045,55.74
4046,55.835
4047,55.831
4048,55.89
4049,56.093999999999994
4050,55.65
4051,55.93
4052,55.93
4053,54.56100000000001
4054,54.72
4055,55.0045
4056,55.23
4057,55.50100000000001
4058,55.1
4059,54.8
4060,54.9
4061,54.81
4062,54.82100000000001
4063,54.97
4064,55.11
4065,55.17
4066,55.13
4067,55.16
4068,55.12
4069,55.0
4070,55.05
4071,55.012
4072,55.01
4073,55.05
4074,55.02
4075,54.72
4076,54.85
4077,54.89
4078,54.95
4079,54.96
4080,54.5
4081,55.07
4082,55.065
4083,55.475
4084,55.52
4085,55.52
4086,55.3944
4087,55.38
4088,55.4
4089,55.52
4090,55.6724
4091,55.9501
4092,56.06
4093,55.995
4094,56.16
4095,56.148999999999994
4096,56.011
4097,55.9799
4098,56.1
4099,56.14
4100,56.1701
4101,56.54
4102,56.52
4103,56.49
4104,56.53
4105,56.66
4106,56.65
4107,57.33
4108,57.0899
4109,57.59
4110,57.37
4111,57.37
4112,57.41
4113,57.26
4114,57.2
4115,57.19
4116,57.01
4117,56.73
4118,56.15
4119,56.4775
4120,56.29
4121,56.17
4122,56.1
4123,56.08
4124,56.01
4125,56.14
4126,56.3
4127,56.43
4128,56.49
4129,56.62
4130,56.71
4131,56.67
4132,56.63
4133,56.66
4134,56.67
4135,56.6
4136,56.6
4137,56.86
4138,56.66
4139,56.65
4140,56.57
4141,56.2999
4142,56.24
4143,56.1199
4144,56.06
4145,55.95
4146,55.7702
4147,55.91
4148,55.91
4149,55.8699
4150,55.7417
4151,55.92
4152,55.94
4153,55.98
4154,56.01
4155,55.88
4156,55.81
4157,55.9
4158,55.76
4159,55.92
4160,55.92
4161,55.48
4162,55.71
4163,55.51
4164,55.36
4165,55.42
4166,55.4893
4167,55.5
4168,55.7077
4169,55.66
4170,55.98
4171,56.04
4172,56.2698
4173,56.49
4174,56.45
4175,56.51
4176,56.88
4177,57.08
4178,57.2
4179,57.0625
4180,57.2
4181,56.98
4182,56.8
4183,56.76
4184,56.78
4185,57.03
4186,57.16
4187,57.16
4188,57.98
4189,57.68
4190,57.93
4191,57.3101
4192,57.1999
4193,57.41
4194,57.19
4195,56.61
4196,56.85
4197,56.93
4198,56.78
4199,56.86
4200,56.9036
4201,57.14
4202,57.15
4203,57.16
4204,57.44
4205,57.82
4206,58.01
4207,57.68
4208,57.44
4209,57.3101
4210,57.09
4211,57.1
4212,57.18
4213,57.2
4214,57.21
4215,57.4645
4216,57.15
4217,56.51
4218,56.2443
4219,56.3686
4220,56.54
4221,56.81
4222,56.941
4223,57.11
4224,57.08
4225,57.08
4226,56.924
4227,57.28
4228,57.36
4229,57.34
4230,57.75
4231,57.6883
4232,57.46
4233,57.6
4234,57.92
4235,58.14
4236,58.07
4237,57.86
4238,57.92
4239,58.06
4240,58.0
4241,58.0
4242,59.83
4243,60.12
4244,60.7
4245,61.0
4246,61.15
4247,61.07
4248,60.7299
4249,60.64
4250,60.6899
4251,60.51
4252,60.3401
4253,60.18
4254,60.2599
4255,60.19
4256,60.17
4257,59.715
4258,59.41
4259,59.3
4260,59.63
4261,59.73
4262,60.0301
4263,60.3
4264,60.4
4265,60.33
4266,60.51
4267,60.58
4268,60.52
4269,57.37
4270,57.83
4271,57.56
4272,57.31
4273,57.271
4274,58.03
4275,57.9667
4276,57.7101
4277,57.77
4278,57.68
4279,57.50100000000001
4280,57.46100000000001
4281,57.33
4282,57.48
4283,57.35
4284,57.38
4285,57.07100000000001
4286,57.19
4287,57.02
4288,57.14
4289,57.05
4290,57.14
4291,57.05
4292,57.03
4293,56.88
4294,57.02
4295,57.02
4296,57.4
4297,58.0746
4298,57.78
4299,57.62
4300,57.62
4301,57.4
4302,57.28100000000001
4303,56.88
4304,56.49
4305,56.4
4306,56.42
4307,56.24
4308,56.22
4309,56.07
4310,56.16
4311,56.2917
4312,56.22
4313,55.99
4314,55.96
4315,56.0601
4316,56.0083
4317,55.96
4318,56.13
4319,56.05
4320,55.94
4321,56.035
4322,56.06
4323,55.7999
4324,56.43
4325,56.56
4326,56.495
4327,56.32
4328,56.52
4329,56.8699
4330,57.6
4331,57.42
4332,57.03
4333,56.96
4334,57.0034
4335,57.03
4336,56.931999999999995
4337,56.67
4338,56.71
4339,56.45
4340,56.64
4341,56.97
4342,56.9
4343,56.66
4344,56.79600000000001
4345,56.99
4346,57.06
4347,57.17
4348,57.01
4349,57.04
4350,57.55
4351,57.35
4352,57.82
4353,57.6034
4354,57.21
4355,57.5
4356,57.44
4357,57.41
4358,57.28
4359,57.35
4360,57.38
4361,57.28
4362,57.15
4363,57.41
4364,57.72
4365,58.22
4366,58.05
4367,58.12
4368,58.405
4369,58.55
4370,58.40600000000001
4371,58.599
4372,58.6
4373,58.66
4374,58.58
4375,58.76
4376,58.74
4377,59.56
4378,58.89
4379,58.5
4380,58.07
4381,58.18
4382,57.97
4383,57.98
4384,58.08
4385,58.17
4386,58.07
4387,58.05
4388,58.0
4389,58.0
4390,58.0032
4391,57.99
4392,58.02
4393,58.07
4394,57.9519
4395,57.73
4396,57.65
4397,57.78
4398,57.81
4399,57.92
4400,57.88
4401,57.64
4402,57.74
4403,57.79
4404,57.7099
4405,57.1
4406,57.4338
4407,57.27
4408,57.24
4409,57.26
4410,57.21
4411,57.37
4412,57.32
4413,57.58
4414,57.25
4415,57.28
4416,57.17
4417,57.09
4418,57.17
4419,56.89
4420,56.73
4421,56.6436
4422,56.66
4423,56.72
4424,56.8076
4425,56.7883
4426,56.68
4427,56.69
4428,56.39
4429,56.41
4430,56.39
4431,55.9
4432,55.8
4433,56.09
4434,55.78
4435,55.4
4436,55.44
4437,55.79
4438,55.56
4439,55.23
4440,54.95
4441,55.03
4442,54.97
4443,54.65
4444,54.65
4445,54.82
4446,54.66
4447,54.63
4448,54.73
4449,54.63
4450,54.41
4451,54.46
4452,54.21
4453,54.0
4454,53.94
4455,53.86
4456,53.78
4457,53.8
4458,53.315
4459,53.73
4460,53.83
4461,53.7
4462,53.91
4463,54.3063
4464,54.89
4465,55.32
4466,55.6292
4467,55.61
4468,55.75
4469,55.53100000000001
4470,55.38
4471,55.03
4472,55.4
4473,55.81
4474,55.85
4475,55.34
4476,55.46
4477,55.6
4478,55.46
4479,55.33
4480,55.11
4481,55.0
4482,55.12
4483,55.17
4484,55.13
4485,55.45
4486,54.53
4487,54.46
4488,54.7
4489,54.57
4490,54.72
4491,54.5
4492,54.5538
4493,54.71
4494,55.0
4495,55.14
4496,55.26
4497,54.9923
4498,54.88
4499,54.98
4500,55.08
4501,55.339999999999996
4502,55.41
4503,55.66
4504,55.61
4505,55.75
4506,55.53000000000001
4507,55.6299
4508,55.5684
4509,55.7
4510,55.54
4511,55.55
4512,55.2917
4513,54.9106
4514,54.75
4515,54.25000000000001
4516,54.27000000000001
4517,54.58
4518,54.5001
4519,54.35
4520,54.38
4521,54.361000000000004
4522,54.54
4523,54.387899999999995
4524,54.3499
4525,54.4155
4526,54.4799
4527,54.40999999999999
4528,54.6998
4529,54.58
4530,54.64
4531,54.356500000000004
4532,54.4235
4533,54.40999999999999
4534,54.55
4535,54.44
4536,54.39
4537,54.419999999999995
4538,54.44
4539,54.83
4540,54.998999999999995
4541,55.7395
4542,55.5
4543,55.68
4544,55.56
4545,55.81
4546,56.3301
4547,56.2487
4548,56.1381
4549,56.35
4550,56.3399
4551,56.15
4552,55.7504
4553,55.5869
4554,55.86
4555,55.82
4556,56.13
4557,56.08
4558,56.15
4559,56.21
4560,56.36
4561,56.18
4562,56.06
4563,56.06
4564,56.04999999999999
4565,56.04999999999999
4566,55.6
4567,55.8437
4568,56.03
4569,56.4
4570,56.56
4571,56.63000000000001
4572,56.93
4573,57.0998
4574,56.83
4575,56.35
4576,56.4899
4577,56.37
4578,56.22
4579,56.27000000000001
4580,56.48
4581,56.44
4582,56.620000000000005
4583,56.6066
4584,56.66
4585,56.5
4586,56.34
4587,56.3799
4588,56.36
4589,56.40999999999999
4590,56.51
4591,56.48
4592,56.46
4593,59.81
4594,60.19
4595,60.260000000000005
4596,60.41
4597,60.49
4598,60.46000000000001
4599,60.44990000000001
4600,60.84000000000001
4601,60.75
4602,61.4499
4603,61.1201
4604,61.3
4605,60.86399999999999
4606,60.58
4607,60.82990000000001
4608,60.94
4609,60.42
4610,60.655
4611,60.82000000000001
4612,60.94
4613,61.19
4614,61.14
4615,61.59
4616,61.88
4617,62.23
4618,62.64000000000001
4619,62.58
4620,65.03
4621,65.42
4622,65.4901
4623,65.9
4624,66.0783
4625,65.82
4626,65.66
4627,66.212
4628,66.49
4629,65.85
4630,66.20100000000001
4631,66.19
4632,65.97
4633,66.01
4634,66.04
4635,66.51
4636,66.23
4637,66.52
4638,66.78
4639,66.78
4640,66.57
4641,66.42
4642,66.5265
4643,66.5
4644,66.71
4645,66.72
4646,66.67
4647,66.9
4648,66.485
4649,65.641
4650,66.0328
4651,65.8185
4652,65.9292
4653,65.486
4654,65.4101
4655,65.34
4656,65.78
4657,65.63
4658,65.67
4659,66.23
4660,66.8999
4661,67.2743
4662,67.25
4663,66.98
4664,66.84
4665,67.13
4666,66.631
4667,66.38
4668,66.05
4669,66.25
4670,66.36
4671,66.49
4672,66.57
4673,66.56
4674,71.4699
4675,71.8699
4676,72.11
4677,72.5501
4678,73.0
4679,73.15
4680,72.7
4681,73.34
4682,73.49
4683,73.73
4684,73.56
4685,73.35
4686,73.475
4687,73.4382
4688,73.17
4689,73.6499
4690,73.35
4691,73.3899
4692,73.3701
4693,73.76
4694,73.88
4695,73.59
4696,74.0142
4697,73.92
4698,73.89
4699,73.52
4700,73.52
4701,67.8498
4702,67.96
4703,67.52
4704,66.95
4705,67.45
4706,67.21
4707,67.09
4708,66.97
4709,67.66
4710,67.6542
4711,67.7335
4712,67.81
4713,67.6
4714,67.83
4715,68.18
4716,67.6858
4717,66.98
4718,66.2099
4719,66.56
4720,65.795
4721,65.87
4722,66.184
4723,66.185
4724,65.795
4725,65.65899999999999
4726,65.4801
4727,65.5281
4728,66.0
4729,67.4499
4730,67.62
4731,67.43
4732,66.92
4733,66.84
4734,66.594
4735,66.42
4736,66.2
4737,66.01
4738,65.9
4739,65.979
4740,65.78
4741,65.51
4742,65.695
4743,65.22
4744,65.3736
4745,65.32
4746,65.34
4747,65.46
4748,65.4272
4749,65.4048
4750,65.4
4751,65.2
4752,65.3
4753,65.51
4754,65.5
4755,65.78
4756,65.77
4757,65.68
4758,66.186
4759,66.15
4760,66.21
4761,66.13
4762,66.55
4763,66.21
4764,66.2239
4765,66.49
4766,66.29
4767,66.05
4768,66.24
4769,66.15
4770,66.05
4771,65.97
4772,65.81
4773,66.1379
4774,66.13
4775,66.08
4776,66.18
4777,66.18
4778,66.14
4779,65.87
4780,65.93
4781,65.98
4782,65.85
4783,65.82
4784,65.28
4785,64.6497
4786,64.83
4787,64.8
4788,64.47
4789,64.37
4790,64.48
4791,64.38
4792,64.33
4793,64.24
4794,64.35
4795,64.23
4796,63.76
4797,63.8
4798,64.13
4799,64.33
4800,64.2
4801,64.3
4802,64.3499
4803,64.37
4804,64.29
4805,64.33
4806,64.31
4807,64.34
4808,64.3335
4809,64.79
4810,64.51
4811,64.16
4812,63.98
4813,64.12
4814,63.8
4815,64.36
4816,64.5
4817,64.6441
4818,64.61
4819,64.62
4820,64.22
4821,63.89999999999999
4822,63.98
4823,63.9001
4824,63.75
4825,63.89999999999999
4826,63.89
4827,63.86
4828,63.8
4829,63.55
4830,63.63
4831,63.865
4832,64.15
4833,64.475
4834,64.76
4835,64.76
4836,64.6001
4837,64.83
4838,64.09
4839,64.08
4840,64.1
4841,64.22
4842,63.88
4843,64.1988
4844,65.5525
4845,65.31
4846,65.43
4847,65.34
4848,66.1
4849,65.8599
4850,65.6608
4851,65.74
4852,65.7981
4853,65.78
4854,65.61
4855,65.54
4856,65.56
4857,65.64
4858,65.5925
4859,65.79
4860,66.06
4861,66.065
4862,66.05
4863,66.5
4864,67.1
4865,66.6
4866,66.7256
4867,66.83
4868,66.7926
4869,66.87
4870,67.3301
4871,67.29
4872,67.17
4873,67.49
4874,67.73
4875,67.61
4876,67.71
4877,67.8
4878,67.58
4879,67.36
4880,67.41
4881,67.37
4882,67.4
4883,67.61
4884,67.66
4885,67.69
4886,67.98
4887,68.4544
4888,68.53
4889,68.52
4890,69.18
4891,68.975
4892,68.2
4893,67.9399
4894,67.36
4895,67.5601
4896,67.6483
4897,67.5397
4898,68.0
4899,68.29
4900,68.23
4901,68.27
4902,67.79
4903,67.8
4904,67.09
4905,67.4483
4906,67.39
4907,67.27
4908,67.39
4909,66.9602
4910,67.0601
4911,67.25
4912,67.28
4913,67.55
4914,67.5899
4915,67.37
4916,67.36
4917,66.9101
4918,66.9
4919,67.0
4920,66.7465
4921,66.51
4922,66.33
4923,65.88
4924,65.9
4925,65.67
4926,65.54
4927,65.0306
4928,65.05
4929,65.2256
4930,64.95
4931,65.1137
4932,65.07
4933,64.81
4934,64.6172
4935,64.66
4936,64.3799
4937,64.75
4938,64.93
4939,64.8704
4940,64.95
4941,65.08
4942,64.96
4943,64.98
4944,67.1
4945,67.2801
4946,68.28
4947,68.25
4948,67.32
4949,67.24
4950,67.46
4951,67.75
4952,67.85
4953,69.34
4954,69.49
4955,69.46
4956,68.95
4957,68.76
4958,68.39
4959,68.06
4960,68.03
4961,67.87
4962,67.98
4963,67.95
4964,67.87
4965,67.8
4966,67.75
4967,67.97
4968,67.7845
4969,67.88
4970,67.88
4971,67.15
4972,66.38
4973,67.02
4974,66.85
4975,66.65
4976,66.93
4977,66.965
4978,67.3
4979,67.46
4980,67.714
4981,67.76
4982,68.2147
4983,68.97
4984,68.54
4985,68.7
4986,68.19
4987,68.0401
4988,68.47
4989,68.56
4990,68.42
4991,68.5901
4992,68.6
4993,68.62899999999999
4994,68.52
4995,68.03
4996,68.3
4997,68.22
4998,59.0025
4999,59.06
5000,58.01300000000002
5001,58.059999999999995
5002,58.059999999999995
5003,58.080000000000005
5004,57.99
5005,58.7756
5006,58.40600000000001
5007,58.2099
5008,58.75999999999999
5009,58.69
5010,59.510000000000005
5011,59.89
5012,59.85
5013,60.00000000000001
5014,59.915
5015,60.06000000000001
5016,60.13
5017,59.9001
5018,60.03
5019,60.220000000000006
5020,60.02000000000001
5021,60.18000000000001
5022,60.01989999999999
5023,60.10000000000001
5024,60.11769999999999
5025,61.2101
5026,60.88
5027,60.55
5028,60.7
5029,60.85999999999999
5030,60.78
5031,61.07
5032,60.99000000000001
5033,60.81
5034,61.01
5035,61.02
5036,61.04
5037,60.87
5038,60.93
5039,60.92
5040,61.3
5041,61.43000000000001
5042,61.510000000000005
5043,61.37
5044,61.43000000000001
5045,61.41
5046,61.1
5047,61.489999999999995
5048,61.36
5049,61.44
5050,61.5
5051,61.510000000000005
5052,62.45
5053,62.03
5054,61.650000000000006
5055,60.800000000000004
5056,61.15
5057,60.69
5058,60.7
5059,61.01
5060,61.910000000000004
5061,61.38
5062,61.589999999999996
5063,62.20000000000001
5064,62.09
5065,62.83
5066,63.2925
5067,64.06
5068,64.2
5069,64.6298
5070,64.77
5071,65.57
5072,67.3
5073,66.51
5074,67.97
5075,68.33
5076,69.94
5077,69.58
5078,69.58
5079,67.355
5080,68.375
5081,67.8
5082,68.93
5083,71.28
5084,70.33
5085,71.17
5086,72.0488
5087,72.52
5088,72.05
5089,71.74
5090,71.36
5091,70.11
5092,70.93
5093,70.4
5094,70.04
5095,70.1608
5096,70.4
5097,70.2
5098,71.15
5099,70.9583
5100,76.57
5101,79.98
5102,79.4173
5103,80.5
5104,79.16
5105,79.2394
5106,75.945
5107,75.88
5108,75.01
5109,75.43
5110,75.84
5111,76.6
5112,77.28
5113,78.28
5114,77.46
5115,77.63
5116,77.58
5117,78.3483
5118,78.4008
5119,79.03
5120,79.35
5121,78.88
5122,79.06
5123,78.5
5124,77.67
5125,77.84
5126,77.75
5127,77.82
5128,78.1
5129,78.18
5130,78.04
5131,77.69
5132,77.01
5133,77.27
5134,78.08
5135,79.39
5136,79.29
5137,78.68
5138,78.7
5139,78.68
5140,77.95
5141,77.36
5142,77.14
5143,76.39
5144,76.64
5145,76.6825
5146,76.89
5147,76.7
5148,76.61
5149,76.895
5150,76.922
5151,77.3799
5152,77.92
5153,77.61
5154,77.49
5155,77.339
5156,77.0953
5157,76.91
5158,76.9
5159,76.148
5160,77.1042
5161,77.2001
5162,77.77199999999998
5163,78.1833
5164,78.1
5165,77.19
5166,76.78
5167,76.8956
5168,77.3447
5169,77.23
5170,76.7401
5171,76.93
5172,77.12
5173,77.22
5174,77.36
5175,77.7001
5176,77.91
5177,77.75
5178,77.78
5179,77.88
5180,78.21
5181,78.17
5182,78.3
5183,78.62
5184,78.24
5185,78.24
5186,77.33
5187,77.18
5188,76.32
5189,76.5999
5190,76.9701
5191,77.0
5192,76.89
5193,76.68
5194,76.7586
5195,76.8
5196,76.42
5197,76.28
5198,76.71
5199,76.91
5200,77.4
5201,79.85
5202,79.52
5203,78.07
5204,77.6701
5205,77.51
5206,77.42
5207,76.7407
5208,77.12
5209,76.7
5210,76.73
5211,76.41
5212,76.37
5213,77.94
5214,78.99
5215,78.88
5216,78.75
5217,78.4186
5218,77.12
5219,77.35
5220,77.06
5221,77.66
5222,77.835
5223,77.64
5224,77.6
5225,77.8813
5226,77.61
5227,77.72
5228,77.41
5229,77.66
5230,77.57
5231,77.76
5232,77.715
5233,77.86
5234,78.242
5235,77.98
5236,78.22
5237,78.0
5238,77.74
5239,77.68
5240,79.389
5241,79.78
5242,79.95
5243,78.5
5244,79.1101
5245,78.86
5246,78.57
5247,78.3904
5248,78.57
5249,78.11
5250,77.365
5251,77.46
5252,77.21
5253,76.88
5254,77.14
5255,77.15
5256,77.319
5257,77.271
5258,77.0
5259,76.35
5260,76.25
5261,76.53
5262,76.5
5263,76.59
5264,75.94
5265,76.01
5266,75.97
5267,77.83
5268,77.9
5269,77.775
5270,77.56
5271,77.99
5272,78.38
5273,78.1064
5274,77.46
5275,77.6001
5276,77.57
5277,77.2001
5278,77.29
5279,77.31
5280,77.11
5281,77.3517
5282,77.39
5283,77.35
5284,77.5744
5285,77.58800000000002
5286,78.06
5287,77.9
5288,77.831
5289,77.73
5290,77.74
5291,77.79
5292,77.95
5293,77.9
5294,79.91
5295,79.69
5296,79.4299
5297,79.18
5298,79.05
5299,78.94
5300,78.52
5301,79.12
5302,78.6101
5303,78.54
5304,78.69
5305,79.0
5306,78.95
5307,78.91
5308,78.57
5309,78.77
5310,78.3755
5311,78.67
5312,78.62
5313,78.61
5314,78.07
5315,78.39
5316,78.13
5317,78.31
5318,78.35
5319,78.19
5320,78.19
5321,78.4
5322,78.63
5323,78.3273
5324,77.99
5325,77.84
5326,79.55
5327,80.59
5328,79.89
5329,79.9499
5330,80.34
5331,80.21
5332,80.2063
5333,80.2
5334,80.735
5335,80.51
5336,79.7001
5337,79.76
5338,80.05
5339,79.9298
5340,79.91
5341,79.95
5342,79.78
5343,79.999
5344,79.77
5345,79.8
5346,79.68
5347,79.6081
5348,79.39
5349,79.92
5350,80.79
5351,80.2
5352,80.34
5353,79.7601
5354,79.62
5355,80.165
5356,80.15
5357,80.124
5358,80.59
5359,80.535
5360,80.68
5361,80.89
5362,80.6
5363,80.76
5364,80.57
5365,81.07
5366,80.54
5367,80.25
5368,80.38
5369,80.4
5370,80.1901
5371,79.96
5372,79.83
5373,79.79
5374,79.7808
5375,80.79
5376,80.19
5377,80.21
5378,80.15
5379,80.3
5380,79.8355
5381,79.99
5382,79.74
5383,80.3723
5384,80.22
5385,80.25
5386,80.2
5387,80.0
5388,79.95
5389,79.96
5390,79.9901
5391,80.08800000000002
5392,80.14
5393,80.25
5394,80.19
5395,80.33
5396,80.42
5397,80.34
5398,80.54
5399,81.62
5400,81.47
5401,81.4804
5402,82.73
5403,82.6399
5404,82.66
5405,82.64
5406,82.15
5407,81.7066
5408,81.0618
5409,80.7584
5410,81.09
5411,81.8
5412,82.54
5413,82.76
5414,82.48
5415,82.34
5416,82.086
5417,81.835
5418,82.219
5419,82.55
5420,82.68
5421,82.0501
5422,81.91
5423,82.05
5424,82.22
5425,81.3
5426,81.08
5427,80.87
5428,80.9
5429,81.9
5430,81.31
5431,81.42
5432,81.13
5433,81.89
5434,81.39
5435,81.26
5436,80.62
5437,80.544
5438,80.2
5439,80.57
5440,80.62
5441,81.095
5442,81.67
5443,81.35
5444,81.55
5445,81.8101
5446,81.46
5447,81.73
5448,81.73
5449,81.45
5450,81.4
5451,81.04
5452,81.39
5453,81.19
5454,81.37
5455,81.3607
5456,81.62
5457,82.3899
5458,82.65
5459,82.16
5460,82.4
5461,82.67
5462,82.89
5463,83.15
5464,83.45
5465,83.21
5466,83.34
5467,83.31
5468,83.01
5469,83.0201
5470,82.45
5471,82.2
5472,82.1601
5473,82.5
5474,82.42
5475,82.4399
5476,82.194
5477,82.18
5478,82.44
5479,82.39
5480,82.3899
5481,82.37
5482,82.4
5483,84.39
5484,83.4362
5485,84.13
5486,83.8
5487,83.8
5488,83.53
5489,83.49
5490,83.54
5491,83.52
5492,83.47
5493,83.55
5494,83.4899
5495,83.31
5496,83.3
5497,83.12
5498,83.24
5499,83.25
5500,83.3
5501,83.47
5502,83.53
5503,83.48
5504,83.49
5505,83.09
5506,82.93
5507,83.1
5508,83.0
5509,83.0
5510,82.6001
5511,82.37299999999998
5512,82.55
5513,82.48200000000001
5514,82.67
5515,82.99
5516,83.1
5517,83.14
5518,83.5
5519,83.5899
5520,83.39
5521,83.15
5522,83.1
5523,82.93
5524,82.95
5525,81.5
5526,82.36
5527,82.25
5528,82.22
5529,82.49
5530,82.087
5531,82.225
5532,82.08
5533,82.2656
5534,82.0
5535,82.36
5536,82.23
5537,82.1499
5538,82.13
5539,82.28
5540,82.4299
5541,82.3
5542,82.57
5543,82.64
5544,82.57
5545,82.5982
5546,82.59
5547,82.16
5548,81.95
5549,81.9
5550,82.12
5551,82.06
5552,82.83
5553,82.72
5554,82.21
5555,82.13
5556,82.42
5557,82.37
5558,82.6
5559,82.64
5560,82.5
5561,82.8
5562,82.6
5563,82.34
5564,82.57
5565,82.77
5566,83.15
5567,83.2699
5568,83.29
5569,83.09
5570,83.15
5571,82.86
5572,83.16
5573,83.17
5574,83.319
5575,83.12100000000002
5576,83.14
5577,83.08
5578,82.97
5579,82.34
5580,82.76
5581,82.73
5582,82.74
5583,82.79
5584,83.2
5585,83.49
5586,82.91
5587,82.9625
5588,82.65
5589,82.79
5590,82.64
5591,82.01
5592,82.24
5593,82.155
5594,82.09
5595,82.0
5596,82.27
5597,82.24
5598,82.0085
5599,82.0
5600,82.08
5601,82.2101
5602,82.3501
5603,82.18
5604,82.23
5605,82.4399
5606,82.4
5607,82.335
5608,82.2299
5609,82.21
5610,82.09
5611,82.13
5612,81.96
5613,81.5
5614,81.25
5615,81.2599
5616,81.21
5617,81.2149
5618,81.1701
5619,81.22
5620,81.25
5621,81.21
5622,81.19
5623,81.23
5624,81.57
5625,81.6199
5626,81.62
5627,81.45
5628,81.49
5629,81.48
5630,81.38
5631,81.38
5632,80.16
5633,79.58
5634,79.94
5635,79.87
5636,79.94
5637,79.79
5638,80.05
5639,80.2
5640,79.79
5641,80.14
5642,80.15
5643,80.27
5644,80.3
5645,80.22
5646,80.3
5647,80.32
5648,80.31
5649,80.619
5650,80.67
5651,80.78
5652,80.72
5653,80.87
5654,80.84
5655,80.91
5656,81.24
5657,81.7
5658,81.71
5659,80.89
5660,80.66
5661,79.7175
5662,80.12
5663,79.736
5664,79.1865
5665,79.62
5666,79.85
5667,79.3801
5668,79.03
5669,79.0274
5670,79.1
5671,78.86
5672,78.35
5673,77.91
5674,77.99
5675,78.0901
5676,78.08
5677,77.67
5678,77.5399
5679,77.5
5680,77.01
5681,76.47
5682,76.48
5683,76.18
5684,76.01
5685,76.0
5686,74.81
5687,76.2
5688,77.59
5689,77.08
5690,76.99
5691,76.84
5692,76.89
5693,77.19
5694,77.8499
5695,77.74
5696,77.87
5697,78.37
5698,77.81
5699,77.53
5700,77.8126
5701,77.8
5702,78.14
5703,82.74
5704,84.56
5705,83.28
5706,84.89
5707,85.35
5708,86.36
5709,87.4
5710,87.08
5711,86.81
5712,86.6491
5713,85.55
5714,84.21
5715,86.26
5716,85.35
5717,84.3624
5718,85.2101
5719,86.3
5720,85.39
5721,84.22
5722,84.8
5723,83.9899
5724,84.2399
5725,84.52
5726,84.62
5727,84.17
5728,84.57
5729,85.23
5730,85.11
5731,85.08
5732,85.08
5733,85.62
5734,84.97
5735,85.21
5736,84.68
5737,83.48
5738,83.4
5739,83.37
5740,82.9
5741,83.01
5742,84.57
5743,85.384
5744,86.2
5745,86.37
5746,85.73
5747,86.4162
5748,87.48
5749,87.7417
5750,87.45
5751,86.74
5752,87.149
5753,87.41
5754,86.8
5755,86.98
5756,86.93
5757,87.24
5758,87.288
5759,87.5
5760,86.95
5761,86.32700000000001
5762,85.99
5763,85.82
5764,86.37
5765,86.1401
5766,86.17
5767,89.41
5768,87.69
5769,88.4601
5770,88.4419
5771,87.19
5772,87.1101
5773,87.115
5774,86.8699
5775,86.79
5776,85.39
5777,85.512
5778,85.6
5779,85.93
5780,86.4499
5781,86.78
5782,86.69
5783,86.87
5784,86.87
5785,87.3295
5786,87.32
5787,86.5338
5788,86.61
5789,86.39
5790,86.62
5791,86.53
5792,85.96
5793,85.98
5794,85.85
5795,85.99
5796,85.94
5797,85.9
5798,85.95
5799,86.13
5800,86.01
5801,85.88
5802,85.91
5803,85.89
5804,85.5701
5805,85.76
5806,85.57
5807,85.63
5808,85.66
5809,85.94200000000002
5810,85.79
5811,85.93
5812,85.889
5813,86.0396
5814,85.61
5815,85.97
5816,85.7801
5817,85.853
5818,85.21
5819,84.82
5820,84.8
5821,84.975
5822,85.45
5823,85.296
5824,85.46799999999998
5825,85.18
5826,85.2821
5827,85.26
5828,85.14
5829,85.47
5830,85.41
5831,85.63
5832,86.65
5833,86.95
5834,86.97
5835,86.77
5836,86.5325
5837,86.56
5838,86.5
5839,86.51
5840,86.5299
5841,86.4
5842,86.0799
5843,85.925
5844,85.96
5845,85.98899999999998
5846,86.084
5847,86.0837
5848,86.72
5849,86.83
5850,87.97
5851,89.11
5852,88.738
5853,89.32
5854,89.6
5855,89.4
5856,91.06
5857,91.18
5858,90.93
5859,90.93
5860,92.11999999999999
5861,92.19
5862,91.2301
5863,91.5201
5864,92.54100000000001
5865,92.2
5866,92.7
5867,92.59
5868,92.91300000000001
5869,92.1801
5870,91.52100000000002
5871,91.4
5872,91.0569
5873,90.66
5874,90.7295
5875,90.45
5876,91.8101
5877,92.46
5878,92.7199
5879,92.57
5880,92.11999999999999
5881,91.75
5882,91.66999999999999
5883,92.32999999999998
5884,92.33499999999998
5885,91.21
5886,90.39
5887,90.45
5888,90.4
5889,90.24
5890,90.9175
5891,90.82
5892,91.13
5893,90.9773
5894,90.51799999999999
5895,91.14
5896,91.4
5897,91.52000000000001
5898,92.11999999999999
5899,92.57
5900,92.59
5901,92.56
5902,93.81
5903,94.16
5904,93.59999999999998
5905,93.18999999999998
5906,93.14099999999999
5907,93.74000000000001
5908,93.92009999999999
5909,93.33
5910,93.376
5911,93.18999999999998
5912,93.9058
5913,94.11
5914,94.12
5915,93.83999999999999
5916,93.61
5917,93.8667
5918,93.91
5919,94.48
5920,94.28999999999999
5921,93.55989999999998
5922,93.73000000000002
5923,93.2014
5924,93.219
5925,93.06
5926,93.25
5927,93.3
5928,93.3
5929,92.995
5930,93.26
5931,92.73999999999998
5932,92.3101
5933,92.52999999999999
5934,92.31
5935,93.2
5936,93.4
5937,93.67609999999999
5938,93.9344
5939,94.63010000000001
5940,94.58
5941,94.49999999999999
5942,94.78
5943,94.70999999999998
5944,94.63
5945,94.53
5946,93.92
5947,93.921
5948,94.19000000000001
5949,94.49
5950,94.55000000000001
5951,94.59000000000002
5952,94.60000000000001
5953,94.76
5954,94.73
5955,94.69999999999999
5956,95.07
5957,94.49999999999999
5958,96.3
5959,97.18
5960,97.1855
5961,97.18
5962,97.1
5963,96.8
5964,96.7
5965,96.815
5966,96.6363
5967,96.661
5968,96.76000000000002
5969,96.4501
5970,96.06000000000002
5971,95.98
5972,96.31000000000002
5973,96.15
5974,96.79
5975,96.33
5976,95.71000000000001
5977,96.0
5978,96.31660000000001
5979,96.28
5980,95.80999999999999
5981,95.72
5982,95.6408
5983,96.94
5984,96.94
5985,96.91
5986,96.95
5987,96.99
5988,97.11
5989,97.52
5990,97.64
5991,97.45
5992,97.67000000000002
5993,97.46
5994,97.6892
5995,97.25
5996,97.11999999999999
5997,96.16
5998,96.1
5999,94.80000000000001
