,0
0,165.35
1,167.31
2,166.71
3,167.834
4,168.0
5,167.34
6,166.81
7,167.87
8,168.62400000000005
9,169.52700000000004
10,169.11000000000004
11,169.12
12,171.269
13,168.01
14,167.14
15,166.87099999999995
16,167.0
17,166.895
18,165.97
19,166.458
20,166.6
21,165.96
22,165.267
23,164.21
24,163.29
25,164.67
26,167.06
27,167.10999999999999
28,166.24
29,166.9
30,169.3
31,168.73
32,169.18
33,168.65
34,168.24400000000003
35,167.95
36,167.1
37,167.78
38,167.7
39,166.25
40,164.049
41,162.99999999999997
42,162.1
43,162.74
44,161.554
45,160.77
46,161.52
47,162.83
48,162.96
49,164.46
50,164.26
51,164.49999999999997
52,164.48
53,164.13
54,164.28000000000003
55,164.012
56,164.64
57,164.49999999999997
58,164.62
59,165.12
60,164.86
61,164.97
62,164.745
63,164.84
64,165.66
65,172.62
66,169.59
67,168.61000000000004
68,168.62
69,169.745
70,169.389
71,170.0
72,169.41700000000003
73,170.29
74,170.84
75,169.99
76,169.92
77,169.0
78,169.25
79,169.5
80,167.7
81,166.93
82,167.71900000000005
83,167.49
84,168.19
85,166.85
86,166.2
87,166.701
88,165.33
89,164.9
90,164.71999999999997
91,164.8
92,166.96900000000005
93,165.4
94,165.54
95,166.59
96,168.33700000000005
97,168.37999999999997
98,169.7
99,169.3
100,167.57
101,168.85
102,168.71
103,168.84
104,169.03
105,170.86
106,172.35
107,171.8
108,171.74
109,173.74900000000005
110,173.65
111,173.418
112,173.0
113,172.085
114,172.15
115,174.06
116,174.78
117,174.78
118,174.74
119,171.643
120,172.06
121,173.7
122,177.23
123,176.71
124,176.70499999999998
125,176.95
126,174.09799999999996
127,172.495
128,172.13
129,174.8
130,173.75599999999997
131,172.17
132,172.72
133,173.528
134,173.5
135,172.36
136,174.07
137,174.45
138,174.31099999999995
139,173.38
140,174.08
141,175.02599999999995
142,173.97
143,174.11
144,174.39
145,174.387
146,176.75
147,178.85
148,180.747
149,180.89
150,181.3
151,181.676
152,183.04
153,181.81000000000003
154,181.82
155,182.59
156,184.13
157,184.75000000000003
158,183.5
159,183.30599999999998
160,181.87
161,181.21
162,181.375
163,181.18
164,182.92
165,182.2
166,182.99
167,184.24
168,184.1
169,183.91
170,184.64
171,184.41
172,184.41
173,184.75000000000003
174,182.42
175,182.02
176,180.02
177,179.42000000000002
178,180.72
179,181.7
180,181.92
181,180.44
182,181.93099999999998
183,182.31000000000003
184,182.74
185,183.07
186,182.37
187,182.26
188,182.83900000000003
189,182.22
190,182.0
191,182.05
192,182.36599999999999
193,180.55
194,180.64000000000001
195,181.015
196,180.84
197,181.59
198,181.93
199,181.96200000000002
200,181.5
201,182.29
202,182.51
203,181.85
204,180.678
205,180.912
206,181.38
207,182.24400000000003
208,181.6
209,181.79600000000002
210,182.37
211,182.771
212,182.21
213,181.89
214,182.048
215,181.86900000000003
216,182.02
217,181.66400000000002
218,181.9
219,182.03000000000003
220,181.83
221,180.71
222,181.4
223,181.025
224,180.97
225,180.94
226,180.97
227,180.26
228,179.78
229,179.22
230,178.03
231,178.57
232,178.01
233,177.87000000000003
234,177.93200000000004
235,178.20000000000002
236,177.96
237,177.81400000000005
238,176.65000000000003
239,176.17
240,176.08
241,176.36
242,175.81900000000005
243,175.753
244,176.63
245,176.66
246,177.16
247,177.28900000000004
248,176.768
249,176.9
250,177.562
251,178.02
252,177.8
253,177.89
254,182.2
255,181.668
256,180.31000000000003
257,180.77
258,180.155
259,179.37000000000003
260,179.7
261,180.25
262,180.76
263,180.468
264,180.15
265,178.11700000000005
266,176.86999999999998
267,178.4
268,176.78
269,176.45
270,176.3
271,176.3
272,176.55
273,176.67
274,177.4
275,177.505
276,177.44
277,177.85
278,177.62
279,177.99
280,177.95
281,182.83
282,181.76
283,183.65
284,183.868
285,183.6
286,183.07
287,183.3
288,183.85999999999999
289,183.51600000000002
290,183.8
291,183.58700000000002
292,183.2
293,183.1
294,183.67
295,183.81
296,184.0
297,185.72
298,185.61
299,184.979
300,184.78
301,184.58900000000003
302,185.32
303,185.3
304,185.52
305,185.97000000000003
306,186.23
307,186.269
308,185.463
309,185.4
310,187.17
311,186.26
312,186.64
313,186.68
314,187.39
315,188.955
316,188.03
317,188.38
318,188.2
319,188.72
320,189.04
321,189.19
322,189.06
323,188.76
324,188.74900000000002
325,188.46
326,187.62
327,187.54
328,187.88
329,187.81
330,187.79
331,187.48
332,187.48
333,187.4
334,187.4
335,187.2
336,188.6
337,188.90900000000002
338,188.54
339,188.265
340,188.7
341,189.09799999999998
342,189.14799999999997
343,188.27
344,189.27
345,188.67099999999996
346,188.83
347,188.89
348,188.95
349,189.06
350,189.0
351,189.38
352,189.88
353,189.0
354,187.34999999999997
355,187.71
356,187.93
357,187.81
358,188.537
359,189.32
360,189.59
361,189.512
362,191.4
363,191.5
364,193.45
365,193.58
366,193.35
367,193.14
368,192.83599999999998
369,193.91
370,194.08599999999998
371,194.225
372,193.68000000000004
373,193.75
374,193.69
375,193.62
376,194.13
377,194.24
378,194.15
379,194.7
380,194.858
381,196.16999999999996
382,196.40000000000003
383,196.40000000000003
384,196.72
385,195.97
386,196.5
387,196.42
388,196.45000000000002
389,195.25400000000002
390,195.5
391,196.83
392,195.92
393,194.61999999999998
394,193.3
395,193.00999999999996
396,192.50999999999996
397,190.19
398,191.47099999999998
399,192.16099999999994
400,193.22
401,192.3
402,192.66
403,191.44
404,191.83
405,191.89
406,190.99
407,191.19
408,190.81
409,190.45
410,189.55
411,188.73999999999998
412,187.55
413,186.854
414,187.21
415,187.12
416,189.23
417,188.94
418,190.09
419,191.85
420,191.355
421,191.22299999999998
422,189.66
423,189.59599999999998
424,188.77
425,188.2
426,186.54
427,183.99
428,184.144
429,185.57
430,184.05
431,184.43
432,183.77900000000002
433,184.08
434,183.21
435,183.167
436,184.11
437,186.44
438,187.77
439,187.14
440,187.02
441,187.09
442,187.15
443,181.37
444,180.97
445,180.72
446,181.52
447,180.99
448,180.83
449,181.298
450,182.59
451,182.4
452,182.51
453,181.6
454,179.95
455,180.455
456,181.43900000000002
457,180.36
458,180.45
459,180.75
460,180.84
461,179.37000000000003
462,179.06
463,179.47
464,178.61
465,180.09000000000003
466,179.57
467,179.65
468,179.77
469,179.86
470,177.21
471,176.86
472,182.99
473,183.21
474,184.08900000000003
475,184.42
476,186.19000000000003
477,185.274
478,184.7
479,183.475
480,183.81
481,184.61
482,185.29
483,185.72
484,187.06599999999997
485,185.40999999999997
486,183.72
487,183.021
488,183.04799999999997
489,183.2
490,183.65
491,182.96999999999997
492,182.59
493,181.21
494,180.4
495,179.32
496,179.32
497,178.02
498,177.96
499,178.34
500,179.0
501,180.2
502,181.40999999999997
503,179.54
504,179.715
505,178.33900000000003
506,179.37
507,179.81
508,180.27
509,180.81
510,180.57
511,180.29
512,180.49
513,182.71
514,182.6
515,182.79
516,183.30999999999997
517,183.1
518,183.28
519,182.50099999999998
520,182.76
521,184.65200000000002
522,184.046
523,184.09
524,183.76
525,183.14
526,181.86
527,183.17
528,182.43
529,181.31
530,183.63
531,183.152
532,182.45
533,181.82
534,182.32
535,182.49
536,182.82
537,182.66
538,183.639
539,183.61
540,185.41099999999997
541,183.69999999999996
542,184.66
543,184.46
544,184.81
545,186.0
546,184.02
547,184.25599999999997
548,184.78
549,184.38
550,184.32
551,187.7
552,187.00500000000002
553,189.34
554,189.35
555,188.4
556,188.709
557,188.52
558,188.53499999999997
559,189.35
560,190.69
561,190.32999999999998
562,191.55
563,191.87
564,191.18200000000002
565,191.18
566,191.455
567,191.39
568,191.34
569,191.021
570,191.22099999999998
571,189.7
572,188.89
573,188.011
574,188.50799999999998
575,187.905
576,188.11
577,188.08
578,189.64
579,189.38
580,189.14
581,188.61000000000004
582,188.23
583,188.81900000000002
584,187.483
585,187.13
586,187.17
587,187.33
588,187.46
589,187.93
590,187.58
591,187.96
592,187.54
593,187.83
594,187.69
595,187.23
596,187.61
597,187.73
598,187.69
599,187.8
600,189.6
601,188.79
602,188.56
603,189.5
604,189.355
605,187.63
606,185.576
607,185.64
608,186.41
609,185.01
610,183.23
611,181.58000000000004
612,181.28
613,178.98
614,178.69099999999997
615,178.85499999999996
616,179.4
617,179.69000000000003
618,179.71099999999996
619,179.54
620,179.97
621,178.495
622,178.41
623,178.73
624,179.77
625,180.93
626,181.55
627,182.04
628,182.475
629,181.17
630,181.20999999999998
631,182.0
632,179.857
633,180.05
634,181.29
635,180.55
636,178.66
637,180.79
638,181.3
639,182.41
640,182.38
641,182.74
642,182.71
643,182.0
644,181.5
645,181.34
646,181.36
647,180.98
648,180.96
649,181.52
650,180.82
651,181.1
652,181.22799999999998
653,181.567
654,181.58000000000004
655,181.89
656,181.797
657,181.73
658,181.72
659,183.655
660,183.01
661,182.89
662,183.01
663,183.67
664,183.19
665,183.85
666,184.5
667,183.9
668,182.97799999999998
669,182.96
670,183.65
671,182.99
672,183.33
673,183.15
674,183.9
675,183.68000000000004
676,183.34
677,183.4
678,183.47
679,183.6
680,183.4
681,183.21
682,182.74
683,182.92
684,182.94
685,178.25
686,178.52
687,177.89
688,177.52200000000005
689,177.03999999999996
690,177.40000000000003
691,178.14
692,179.36
693,178.58
694,178.74999999999997
695,178.65
696,178.99
697,179.12999999999997
698,178.63
699,179.07699999999997
700,179.04
701,179.12999999999997
702,179.88000000000002
703,179.71
704,180.4
705,181.11
706,181.76
707,181.66
708,181.74
709,181.87
710,181.59000000000003
711,181.56
712,183.06
713,183.46
714,181.821
715,182.6
716,182.55
717,183.01
718,184.6
719,185.399
720,184.75
721,185.39999999999998
722,185.62
723,185.28
724,184.96
725,184.81
726,184.88
727,184.99
728,184.98
729,184.99
730,184.94
731,184.41899999999998
732,184.55
733,184.53
734,184.58
735,184.47
736,184.56
737,184.69
738,184.7
739,183.11999999999998
740,182.65
741,180.85
742,180.16
743,179.8
744,179.69000000000003
745,180.83999999999997
746,181.171
747,181.017
748,181.144
749,181.22999999999996
750,181.0
751,181.35
752,181.47
753,181.31
754,181.18
755,181.03099999999998
756,180.94
757,180.03
758,180.3
759,180.75
760,180.86
761,180.6
762,180.37
763,180.185
764,180.45
765,180.45
766,181.34
767,182.16000000000003
768,183.392
769,183.72400000000002
770,183.16
771,182.87
772,181.40000000000003
773,179.612
774,180.78799999999998
775,181.25
776,181.38
777,181.3
778,181.488
779,181.63
780,181.01999999999998
781,180.692
782,180.99099999999999
783,180.62
784,180.012
785,179.67
786,180.34
787,180.21
788,181.40000000000003
789,182.155
790,182.14
791,182.11
792,182.11
793,191.44
794,192.61999999999998
795,192.42999999999998
796,192.763
797,192.94
798,192.49
799,193.145
800,193.96
801,193.9
802,194.65
803,194.827
804,189.68
805,194.89999999999998
806,188.9
807,188.7
808,192.99999999999997
809,192.52
810,191.66000000000003
811,192.15
812,191.94
813,192.4
814,192.36
815,190.51
816,189.22
817,189.00000000000003
818,188.49
819,188.4
820,189.08
821,187.92
822,188.4
823,188.925
824,188.73
825,190.90000000000003
826,190.26
827,191.15
828,190.36
829,190.28
830,190.489
831,188.51
832,188.46
833,187.42
834,187.54
835,187.34
836,188.1
837,188.372
838,188.04999999999998
839,187.929
840,188.29
841,188.37
842,186.61
843,186.58
844,185.96000000000004
845,185.7
846,185.668
847,185.81
848,185.88
849,186.55
850,185.66
851,186.1
852,185.99
853,185.93
854,186.05200000000002
855,186.0
856,186.1
857,185.93
858,185.7
859,185.29
860,185.0
861,185.29
862,185.22
863,184.62
864,185.08
865,184.925
866,185.075
867,184.88
868,184.85
869,183.135
870,184.34
871,182.958
872,183.385
873,182.41
874,182.01
875,182.49900000000002
876,182.4
877,182.38
878,183.609
879,183.17
880,182.885
881,182.77
882,183.11999999999998
883,183.36
884,183.84
885,183.88999999999996
886,185.16
887,186.05
888,186.46900000000002
889,186.3
890,185.24
891,185.66
892,185.6
893,185.38
894,185.58999999999997
895,185.58999999999997
896,183.57
897,185.29
898,184.63000000000002
899,183.78
900,183.89100000000002
901,183.75
902,183.9
903,183.2
904,183.13
905,181.76
906,181.3
907,181.54
908,181.68
909,181.20999999999998
910,180.82
911,180.22
912,179.655
913,179.86
914,180.09
915,180.22
916,181.40000000000003
917,181.06
918,181.75
919,181.59999999999997
920,180.91
921,181.45
922,181.37
923,182.1
924,182.76
925,183.33
926,183.255
927,182.29
928,182.47
929,182.74
930,183.13
931,183.03
932,182.65
933,182.778
934,182.76
935,182.54
936,182.32
937,182.38
938,182.73
939,182.764
940,182.7
941,182.57
942,182.78
943,182.77
944,182.48
945,182.76
946,182.71
947,183.424
948,183.04
949,183.05
950,186.389
951,186.78
952,185.735
953,186.7
954,185.92
955,185.33
956,184.63000000000002
957,185.45
958,185.3
959,184.21
960,184.9
961,184.66
962,185.37
963,185.25
964,184.71
965,184.38
966,183.8
967,183.59
968,183.1
969,183.25
970,183.38
971,184.06000000000003
972,184.41
973,183.46400000000003
974,182.82
975,181.98000000000002
976,181.99
977,182.94
978,182.81
979,182.84
980,183.274
981,182.4
982,182.87
983,182.47099999999998
984,182.41
985,181.06
986,180.11
987,180.59
988,180.58
989,181.40000000000003
990,181.5
991,181.59000000000003
992,181.32499999999996
993,181.35
994,181.46
995,181.40999999999997
996,181.295
997,181.12
998,180.84799999999998
999,180.54
1000,180.38
1001,180.55999999999997
1002,181.3
1003,181.3
1004,182.01000000000002
1005,183.02
1006,184.83900000000003
1007,183.75
1008,182.45
1009,182.01000000000002
1010,181.79
1011,180.71
1012,180.84
1013,181.59
1014,181.31
1015,180.52
1016,180.926
1017,180.43
1018,180.0
1019,180.41
1020,180.25999999999996
1021,181.485
1022,181.03
1023,180.81
1024,181.04
1025,180.773
1026,180.49799999999996
1027,180.41099999999997
1028,180.606
1029,180.85
1030,180.79000000000002
1031,185.08
1032,186.12999999999997
1033,187.69
1034,187.9
1035,188.53
1036,189.04
1037,189.7
1038,189.81
1039,189.91
1040,189.45
1041,189.84
1042,190.63
1043,190.86
1044,191.73
1045,191.99
1046,191.39
1047,191.375
1048,191.01000000000002
1049,190.5
1050,191.53200000000004
1051,190.83
1052,191.625
1053,191.88500000000002
1054,191.75
1055,191.43
1056,190.63999999999996
1057,190.61
1058,193.747
1059,196.185
1060,194.84
1061,194.16
1062,193.44600000000003
1063,192.79
1064,193.678
1065,191.90099999999995
1066,191.20699999999997
1067,190.4
1068,190.73
1069,190.258
1070,189.2
1071,188.99900000000002
1072,189.095
1073,189.61
1074,190.47
1075,190.75
1076,191.804
1077,191.57700000000003
1078,191.455
1079,190.3
1080,190.47
1081,190.11
1082,190.563
1083,190.19
1084,190.24
1085,190.71
1086,191.68000000000004
1087,192.11
1088,190.75
1089,190.72400000000002
1090,190.0
1091,189.61
1092,189.729
1093,189.71999999999997
1094,189.32999999999998
1095,189.38
1096,189.04
1097,188.91
1098,189.13
1099,188.96
1100,189.02900000000002
1101,188.768
1102,188.817
1103,188.98
1104,189.57
1105,190.1
1106,189.571
1107,189.69
1108,189.58
1109,189.11
1110,189.29
1111,189.73
1112,187.27200000000002
1113,186.01
1114,185.54
1115,185.05000000000004
1116,184.12
1117,184.94
1118,185.35
1119,184.196
1120,183.65
1121,184.08
1122,182.86
1123,183.22
1124,183.19
1125,182.87
1126,183.34
1127,183.58
1128,183.15
1129,183.34
1130,182.82
1131,182.684
1132,182.5
1133,182.59900000000002
1134,182.3
1135,181.89
1136,182.42
1137,182.43
1138,182.11
1139,181.63
1140,181.46000000000004
1141,179.803
1142,180.25999999999996
1143,179.72599999999997
1144,181.393
1145,181.321
1146,181.247
1147,181.51
1148,181.77999999999997
1149,181.39
1150,181.33
1151,181.73499999999999
1152,181.01
1153,180.11
1154,179.9
1155,179.44
1156,179.11
1157,178.62
1158,177.18
1159,177.93
1160,177.51
1161,176.64
1162,176.23
1163,176.68
1164,176.69
1165,170.553
1166,168.3
1167,165.15
1168,166.02
1169,164.99999999999997
1170,167.14000000000001
1171,167.3
1172,167.46
1173,169.92
1174,170.94000000000003
1175,168.75
1176,170.59599999999998
1177,170.09
1178,169.57
1179,169.23
1180,167.92
1181,168.275
1182,168.25
1183,169.25
1184,168.75599999999997
1185,169.73
1186,169.62
1187,169.58
1188,170.05
1189,169.42000000000002
1190,169.77
1191,169.74
1192,165.86
1193,168.81
1194,168.15200000000004
1195,166.85
1196,168.12599999999995
1197,168.729
1198,168.15
1199,169.19000000000003
1200,168.39
1201,168.69
1202,168.71
1203,168.46400000000003
1204,168.73
1205,166.19
1206,166.06000000000003
1207,165.72
1208,166.267
1209,165.644
1210,164.97
1211,165.62
1212,165.65
1213,166.16
1214,166.53
1215,166.15
1216,166.49
1217,166.73
1218,166.69
1219,168.20000000000002
1220,169.24900000000005
1221,169.945
1222,168.7
1223,167.798
1224,167.41
1225,167.2
1226,166.96
1227,166.98000000000002
1228,167.0
1229,166.17
1230,166.32
1231,166.62
1232,165.84999999999997
1233,165.4
1234,165.77
1235,165.51
1236,164.69999999999996
1237,163.66
1238,164.28
1239,164.65
1240,165.04
1241,164.81
1242,164.0
1243,164.67
1244,164.68000000000004
1245,164.66
1246,162.23
1247,162.07
1248,161.21
1249,160.5
1250,161.16
1251,161.44
1252,161.24
1253,161.1
1254,161.17999999999998
1255,160.73
1256,159.86
1257,159.45
1258,159.821
1259,159.15
1260,159.44899999999996
1261,159.49
1262,159.7
1263,161.02000000000004
1264,161.67
1265,161.56
1266,161.347
1267,161.55000000000004
1268,161.93
1269,162.33
1270,163.08
1271,163.05
1272,163.06
1273,164.9
1274,167.081
1275,166.64
1276,166.75000000000003
1277,165.34
1278,166.37999999999997
1279,167.408
1280,168.4
1281,169.07
1282,169.67
1283,168.95
1284,169.85
1285,170.76
1286,170.45
1287,170.07
1288,170.03
1289,169.25
1290,169.226
1291,169.36
1292,169.13400000000001
1293,169.52
1294,169.6
1295,169.69499999999996
1296,169.727
1297,169.29
1298,169.45
1299,169.36
1300,165.90000000000003
1301,167.66
1302,167.71
1303,166.96
1304,168.72
1305,168.93
1306,167.7
1307,167.47699999999998
1308,168.0
1309,168.11000000000004
1310,168.42
1311,168.68
1312,169.011
1313,168.97
1314,168.57
1315,168.465
1316,168.15
1317,167.39
1318,167.005
1319,166.96
1320,166.85
1321,166.44
1322,165.7
1323,165.19
1324,165.71200000000005
1325,166.1
1326,166.07
1327,171.75
1328,169.55
1329,170.13
1330,170.0
1331,171.04
1332,171.65
1333,170.95
1334,171.52
1335,170.97
1336,170.83
1337,170.59
1338,170.82
1339,171.07
1340,171.468
1341,171.48
1342,171.19
1343,171.94299999999996
1344,172.0
1345,171.59900000000005
1346,171.62
1347,172.1
1348,172.75
1349,173.0
1350,172.77999999999997
1351,173.035
1352,173.01000000000002
1353,173.01000000000002
1354,176.1
1355,175.0
1356,173.44
1357,173.4
1358,173.0
1359,172.28
1360,173.658
1361,173.84000000000003
1362,172.0
1363,173.58
1364,173.615
1365,173.01000000000002
1366,173.65
1367,173.30999999999997
1368,172.32000000000002
1369,172.545
1370,172.14
1371,172.07
1372,172.37
1373,172.62599999999995
1374,173.36700000000005
1375,173.33
1376,173.39
1377,173.56
1378,173.36
1379,173.17700000000005
1380,173.2
1381,178.0
1382,178.97
1383,180.5
1384,181.91
1385,180.83599999999998
1386,181.82
1387,181.19
1388,181.65
1389,181.96200000000002
1390,179.77
1391,180.43
1392,180.8
1393,179.37
1394,178.16
1395,178.97900000000004
1396,179.28799999999995
1397,178.8
1398,179.51
1399,178.75
1400,179.07
1401,179.975
1402,179.03
1403,177.628
1404,177.65200000000004
1405,177.08
1406,176.52
1407,176.5
1408,175.17
1409,172.75
1410,173.68900000000008
1411,173.575
1412,173.90099999999995
1413,174.90000000000003
1414,176.0
1415,175.7
1416,175.767
1417,176.91
1418,177.097
1419,177.57
1420,176.31400000000005
1421,176.64
1422,176.2
1423,175.98000000000002
1424,175.45000000000002
1425,174.98
1426,176.87
1427,176.09500000000003
1428,175.361
1429,175.27
1430,175.72
1431,176.01
1432,175.95
1433,175.90999999999997
1434,175.85
1435,173.2
1436,176.545
1437,175.37999999999997
1438,174.54
1439,173.76
1440,173.15000000000003
1441,172.7
1442,173.59
1443,173.46
1444,171.80900000000003
1445,171.69
1446,170.26
1447,170.77
1448,169.88000000000002
1449,170.02000000000004
1450,170.12
1451,171.63000000000002
1452,170.88
1453,170.96
1454,171.16
1455,170.1
1456,170.0
1457,170.28
1458,168.89000000000001
1459,168.53
1460,169.37
1461,169.36
1462,169.66
1463,168.81999999999996
1464,168.21
1465,169.14900000000003
1466,168.76
1467,169.255
1468,167.37900000000005
1469,167.192
1470,166.08
1471,165.89
1472,165.91
1473,166.11
1474,165.72
1475,165.27
1476,165.02
1477,165.05
1478,164.56
1479,164.38000000000002
1480,163.65
1481,163.83
1482,163.42
1483,162.02999999999997
1484,162.9
1485,163.01
1486,164.14
1487,163.8
1488,163.82
1489,166.38099999999997
1490,165.511
1491,167.04999999999998
1492,167.4
1493,168.58
1494,168.34000000000003
1495,168.25
1496,167.12400000000005
1497,167.04
1498,167.315
1499,167.145
1500,166.26999999999998
1501,165.92500000000004
1502,165.76999999999998
1503,165.24
1504,165.18
1505,164.61
1506,165.601
1507,166.15
1508,166.09
1509,164.94
1510,164.0
1511,164.0
1512,163.835
1513,163.612
1514,163.4
1515,163.37
1516,169.892
1517,171.08999999999997
1518,168.26
1519,168.89
1520,168.72
1521,169.79
1522,170.75
1523,171.38999999999996
1524,171.38999999999996
1525,172.979
1526,173.47400000000005
1527,173.12
1528,172.48
1529,171.93
1530,172.74999999999997
1531,173.11000000000004
1532,173.851
1533,174.76000000000002
1534,174.94
1535,175.959
1536,175.00099999999995
1537,174.27
1538,174.52700000000004
1539,174.543
1540,174.08
1541,174.4
1542,174.37
1543,214.1
1544,210.257
1545,214.83
1546,213.17
1547,212.77
1548,212.84
1549,215.35
1550,216.65
1551,216.231
1552,216.2
1553,218.27
1554,218.21400000000003
1555,217.69
1556,217.55
1557,217.5
1558,217.063
1559,217.463
1560,216.77
1561,216.93000000000004
1562,214.39
1563,215.73
1564,216.53000000000003
1565,216.984
1566,218.4
1567,218.09
1568,217.14
1569,216.99
1570,222.75
1571,221.99999999999997
1572,218.041
1573,219.3
1574,218.764
1575,220.08999999999997
1576,219.43
1577,219.72
1578,218.92
1579,218.45
1580,217.69
1581,217.79
1582,214.87000000000003
1583,214.78
1584,213.9
1585,215.13
1586,217.09
1587,216.21
1588,216.75
1589,217.25
1590,217.24
1591,217.49
1592,216.65
1593,216.93000000000004
1594,216.37
1595,216.63
1596,216.71999999999997
1597,215.96
1598,216.17000000000002
1599,214.5
1600,214.75999999999996
1601,215.28
1602,216.63
1603,216.6
1604,217.97
1605,217.71
1606,217.72
1607,217.24
1608,217.04
1609,216.36
1610,216.07000000000002
1611,216.21999999999997
1612,216.82999999999998
1613,216.085
1614,215.88
1615,215.91
1616,215.33
1617,215.48
1618,214.79
1619,214.125
1620,213.59
1621,214.32
1622,213.7
1623,213.75
1624,214.94
1625,215.11
1626,213.0
1627,214.511
1628,214.07
1629,213.10999999999999
1630,213.66000000000003
1631,214.69099999999997
1632,214.26000000000002
1633,214.02000000000004
1634,213.85
1635,213.56099999999998
1636,213.428
1637,214.03
1638,213.679
1639,214.25
1640,214.533
1641,214.21900000000002
1642,214.04
1643,214.499
1644,214.34
1645,214.7
1646,215.4
1647,216.0
1648,216.201
1649,215.56
1650,215.55
1651,214.96
1652,214.75
1653,212.78
1654,213.68
1655,213.75
1656,214.9
1657,216.03799999999998
1658,216.82999999999998
1659,217.455
1660,217.3
1661,216.62
1662,216.07000000000002
1663,216.61
1664,215.669
1665,215.345
1666,215.48
1667,215.36
1668,214.88
1669,214.88
1670,215.239
1671,215.2
1672,215.32000000000002
1673,214.48
1674,214.94
1675,215.73
1676,215.01999999999998
1677,215.013
1678,217.92999999999998
1679,217.32500000000002
1680,218.52999999999997
1681,219.137
1682,218.89500000000004
1683,217.91
1684,217.3
1685,217.4
1686,216.88
1687,217.23
1688,216.21
1689,216.07000000000002
1690,215.91
1691,216.13
1692,216.07000000000002
1693,216.05
1694,215.46
1695,215.81
1696,216.02
1697,215.76999999999998
1698,215.73
1699,216.26
1700,216.09
1701,215.89
1702,216.0
1703,216.27
1704,216.07000000000002
1705,216.0
1706,216.14
1707,214.25099999999998
1708,212.8
1709,213.34
1710,214.19
1711,213.69
1712,213.12599999999998
1713,212.67
1714,212.97
1715,212.56000000000003
1716,212.437
1717,213.05
1718,213.34599999999998
1719,212.828
1720,213.09
1721,212.689
1722,213.22
1723,213.51799999999997
1724,213.75900000000001
1725,213.34
1726,213.45999999999998
1727,212.87
1728,212.701
1729,213.03
1730,212.93
1731,212.91000000000003
1732,213.5
1733,210.65000000000003
1734,212.18
1735,213.28
1736,213.63
1737,213.15799999999996
1738,213.88
1739,214.78
1740,214.35
1741,214.8
1742,214.192
1743,213.51000000000002
1744,213.48
1745,213.85
1746,214.34
1747,214.42
1748,213.84
1749,214.54
1750,214.271
1751,214.63
1752,214.65999999999997
1753,214.88
1754,214.65
1755,214.55
1756,214.25
1757,214.4
1758,214.49
1759,216.16
1760,215.22000000000003
1761,215.06
1762,214.92
1763,214.43
1764,214.6
1765,214.47
1766,214.07
1767,214.167
1768,213.44
1769,213.82
1770,213.68
1771,213.42
1772,213.14
1773,213.285
1774,212.82
1775,213.55
1776,213.525
1777,214.01000000000002
1778,213.979
1779,213.90700000000004
1780,214.00400000000005
1781,213.459
1782,213.5
1783,213.35999999999999
1784,213.44999999999996
1785,213.44999999999996
1786,206.19
1787,206.78000000000003
1788,208.82
1789,210.239
1790,210.42
1791,209.73999999999998
1792,209.45
1793,209.72699999999998
1794,210.38
1795,211.72
1796,211.77
1797,211.38
1798,211.27
1799,211.188
1800,210.41099999999997
1801,210.58
1802,210.63
1803,211.03
1804,211.71
1805,211.35000000000002
1806,210.90000000000003
1807,210.62
1808,210.73199999999997
1809,210.33999999999997
1810,210.39000000000001
1811,210.74
1812,210.68999999999997
1813,209.4
1814,209.06400000000002
1815,207.57
1816,207.815
1817,207.41
1818,207.03000000000003
1819,206.48
1820,206.71999999999997
1821,207.53000000000003
1822,207.53000000000003
1823,207.85
1824,207.733
1825,207.89
1826,207.4
1827,206.8
1828,206.85
1829,207.5
1830,207.31999999999996
1831,207.05
1832,206.15
1833,205.861
1834,206.2
1835,206.19
1836,206.2
1837,206.048
1838,206.25
1839,206.25
1840,207.9
1841,208.26
1842,210.15
1843,209.0
1844,208.5
1845,207.579
1846,207.66999999999996
1847,207.13000000000002
1848,208.62
1849,208.3
1850,209.04
1851,208.97
1852,208.692
1853,208.97
1854,209.021
1855,209.25
1856,209.64
1857,209.69099999999997
1858,209.75
1859,209.02
1860,207.92
1861,208.29
1862,208.54
1863,208.79
1864,208.4
1865,208.6
1866,208.61
1867,225.11
1868,226.99
1869,227.95
1870,227.28400000000002
1871,226.35
1872,226.54
1873,228.0
1874,227.792
1875,227.13000000000002
1876,227.22
1877,228.215
1878,226.68000000000004
1879,227.06
1880,226.713
1881,226.75
1882,226.69
1883,226.29
1884,226.46
1885,226.31999999999996
1886,227.17999999999998
1887,228.055
1888,228.89
1889,227.945
1890,228.26
1891,228.453
1892,229.38
1893,229.37900000000005
1894,235.6
1895,232.9
1896,233.48
1897,233.35
1898,232.44
1899,233.64
1900,232.33
1901,233.88
1902,234.29
1903,234.16099999999997
1904,235.739
1905,235.7
1906,236.46
1907,236.09
1908,235.68
1909,236.15
1910,235.96
1911,234.42
1912,233.59
1913,231.88
1914,233.53
1915,232.43
1916,232.35999999999999
1917,232.477
1918,233.43
1919,233.98
1920,233.97
1921,244.11
1922,242.66000000000003
1923,240.919
1924,243.88
1925,242.85
1926,243.22
1927,244.0
1928,243.61
1929,244.86900000000003
1930,243.7
1931,243.18400000000003
1932,243.4
1933,243.0
1934,243.67
1935,243.805
1936,242.8
1937,242.55
1938,242.59
1939,242.14
1940,240.63999999999996
1941,240.24
1942,240.423
1943,242.3
1944,241.75500000000002
1945,242.62599999999998
1946,243.4
1947,243.4
1948,244.73
1949,244.2
1950,241.17
1951,241.04
1952,240.86
1953,240.11
1954,239.02
1955,238.79
1956,239.45
1957,237.37
1958,236.5
1959,236.04
1960,236.0
1961,237.44
1962,236.23
1963,236.39
1964,236.8
1965,235.86
1966,236.44
1967,236.69
1968,236.25
1969,236.38
1970,236.39
1971,238.22999999999996
1972,237.55
1973,237.048
1974,237.03000000000003
1975,237.898
1976,241.24999999999997
1977,239.505
1978,239.1
1979,239.81799999999998
1980,239.1
1981,237.36
1982,238.028
1983,237.24
1984,236.7
1985,237.0
1986,237.385
1987,237.16999999999996
1988,237.93
1989,237.55
1990,237.69
1991,237.76
1992,237.8
1993,238.2
1994,238.28
1995,238.426
1996,239.50400000000002
1997,238.61
1998,239.28
1999,239.915
2000,238.99
2001,239.00000000000003
2002,239.67000000000002
2003,239.9
2004,240.75
2005,241.37
2006,240.78
2007,239.6
2008,239.703
2009,238.748
2010,239.20000000000002
2011,238.8
2012,237.87
2013,237.55
2014,237.49000000000004
2015,237.59000000000003
2016,238.24
2017,237.34
2018,237.5
2019,237.88999999999996
2020,238.19
2021,238.25
2022,238.1
2023,238.34
2024,239.01
2025,239.24
2026,239.44
2027,239.56
2028,239.55
2029,238.11
2030,238.29
2031,237.68
2032,235.58
2033,236.33
2034,236.42
2035,235.352
2036,235.7
2037,236.22
2038,236.45
2039,236.295
2040,236.53
2041,236.25
2042,237.44
2043,237.47
2044,238.07
2045,237.85
2046,237.77
2047,237.9
2048,237.53
2049,237.87
2050,238.15
2051,237.99
2052,237.87
2053,237.71
2054,237.09
2055,237.09
2056,234.25
2057,235.95
2058,237.0
2059,235.775
2060,234.75
2061,234.0
2062,235.78
2063,235.41
2064,235.60999999999999
2065,235.52499999999998
2066,234.54
2067,234.345
2068,234.28
2069,233.75
2070,234.1
2071,233.27900000000002
2072,231.31
2073,230.14
2074,228.1
2075,228.5
2076,227.905
2077,229.14
2078,228.65999999999997
2079,226.81
2080,227.662
2081,228.62
2082,228.55999999999997
2083,224.35200000000003
2084,222.755
2085,225.01
2086,226.53
2087,225.26
2088,225.31
2089,226.8
2090,227.02
2091,226.39700000000002
2092,226.8
2093,227.43
2094,226.83
2095,226.145
2096,225.89
2097,224.92
2098,224.18
2099,224.704
2100,225.0
2101,225.08
2102,225.01
2103,225.72
2104,225.09
2105,225.38
2106,225.252
2107,225.49
2108,226.2
2109,226.18
2110,227.35
2111,226.71
2112,225.99
2113,224.9
2114,225.53
2115,225.15
2116,225.3
2117,226.13
2118,226.72
2119,226.54
2120,226.17
2121,226.62
2122,225.354
2123,225.43
2124,225.77
2125,225.52
2126,225.28
2127,225.32
2128,226.11
2129,226.18
2130,226.85
2131,227.15099999999998
2132,228.29
2133,228.35999999999999
2134,227.87
2135,228.75
2136,228.74
2137,230.05500000000004
2138,222.44999999999996
2139,220.98
2140,220.605
2141,217.56
2142,219.06400000000002
2143,216.39
2144,216.59
2145,216.99
2146,217.304
2147,217.45000000000002
2148,216.48
2149,218.05
2150,219.0
2151,218.99
2152,218.511
2153,217.63
2154,217.51
2155,217.05
2156,215.226
2157,214.38
2158,214.91
2159,214.3
2160,214.28
2161,213.8
2162,214.18
2163,214.19
2164,217.0
2165,219.65599999999998
2166,218.898
2167,218.57
2168,213.61
2169,212.75
2170,211.75
2171,214.01
2172,213.58999999999997
2173,213.85
2174,212.28
2175,211.57
2176,211.5
2177,211.1
2178,211.12
2179,210.84
2180,212.14
2181,212.47
2182,214.801
2183,214.59
2184,215.3
2185,215.52
2186,214.52
2187,215.9
2188,214.771
2189,215.38
2190,215.34
2191,213.73
2192,212.44
2193,212.78
2194,213.232
2195,213.949
2196,213.45
2197,214.02
2198,215.827
2199,217.35000000000002
2200,218.497
2201,218.37
2202,217.99
2203,217.81
2204,218.57
2205,218.99
2206,219.1
2207,219.47
2208,219.7
2209,219.76
2210,220.81
2211,220.89
2212,221.675
2213,222.53499999999997
2214,221.44
2215,222.5
2216,222.66
2217,222.66
2218,228.48
2219,228.72
2220,226.52
2221,227.38
2222,226.66
2223,226.21
2224,227.49
2225,226.75
2226,227.43
2227,227.59
2228,227.35
2229,226.89
2230,226.415
2231,226.4
2232,225.72
2233,225.308
2234,225.31
2235,225.27
2236,225.16
2237,225.15
2238,224.9
2239,224.851
2240,226.34
2241,226.88
2242,226.676
2243,226.31
2244,226.25
2245,224.17
2246,224.77
2247,222.9
2248,223.24
2249,222.14999999999998
2250,222.39
2251,221.546
2252,220.54
2253,219.08
2254,219.295
2255,218.6
2256,218.65400000000002
2257,218.87
2258,219.238
2259,218.722
2260,218.8
2261,218.22
2262,218.41
2263,218.44
2264,218.32
2265,219.24
2266,220.408
2267,219.7
2268,220.65
2269,221.16
2270,221.9
2271,221.97
2272,223.84
2273,225.87
2274,224.57
2275,225.98
2276,225.38
2277,225.25
2278,225.05
2279,226.5
2280,227.22
2281,226.68
2282,226.475
2283,225.64000000000001
2284,225.85
2285,225.16
2286,225.23
2287,223.78
2288,224.04
2289,223.88
2290,223.01
2291,222.89
2292,223.01
2293,222.78
2294,222.83
2295,223.18999999999997
2296,226.14
2297,225.31
2298,225.31
2299,226.02
2300,225.72
2301,225.41
2302,225.85
2303,225.41
2304,224.15
2305,223.28999999999996
2306,222.67
2307,223.0
2308,222.19
2309,220.5
2310,220.65
2311,219.642
2312,219.25
2313,220.31
2314,220.82
2315,221.43599999999995
2316,220.71
2317,220.52
2318,218.62
2319,219.93
2320,220.15
2321,221.05
2322,222.06
2323,222.229
2324,223.46000000000004
2325,223.46000000000004
2326,222.54
2327,219.62
2328,217.98
2329,218.66
2330,218.66
2331,218.59799999999998
2332,218.00099999999998
2333,217.1
2334,217.38
2335,215.81
2336,215.35
2337,214.78
2338,216.215
2339,215.59199999999998
2340,216.13
2341,214.91400000000002
2342,214.93200000000002
2343,214.905
2344,214.42
2345,216.49
2346,216.16
2347,215.91
2348,216.28
2349,217.16500000000002
2350,216.945
2351,217.8
2352,217.74
2353,215.9
2354,218.91299999999998
2355,218.983
2356,219.155
2357,220.35
2358,218.44
2359,217.764
2360,219.75
2361,219.35
2362,219.09
2363,218.82
2364,218.87
2365,218.25
2366,219.68
2367,219.91
2368,219.16
2369,218.58
2370,218.2
2371,218.13
2372,217.88
2373,218.95
2374,219.91
2375,220.035
2376,220.02
2377,220.11
2378,220.07
2379,220.22
2380,218.54
2381,217.63
2382,218.3
2383,218.73
2384,218.67
2385,218.28
2386,219.76
2387,219.3
2388,220.23
2389,219.42
2390,220.63
2391,220.36
2392,219.41
2393,219.96
2394,219.83
2395,220.1
2396,220.04
2397,220.128
2398,219.61
2399,219.84
2400,220.25
2401,221.77
2402,221.47
2403,221.28
2404,221.9
2405,220.87
2406,220.93
2407,218.91
2408,218.96
2409,216.94
2410,218.47
2411,218.33
2412,218.9
2413,217.94
2414,217.79
2415,218.18
2416,217.37
2417,217.22
2418,217.38
2419,217.76
2420,217.27
2421,217.1
2422,216.71
2423,216.59
2424,215.68
2425,216.13999999999996
2426,215.572
2427,214.80000000000004
2428,214.74
2429,215.27000000000004
2430,214.72
2431,214.04
2432,214.405
2433,214.46
2434,212.46
2435,211.87900000000002
2436,212.28
2437,212.14
2438,211.15
2439,210.34900000000002
2440,209.03
2441,211.049
2442,210.32
2443,209.75
2444,209.73000000000002
2445,209.89
2446,209.95
2447,210.91
2448,211.764
2449,211.28
2450,211.455
2451,211.05
2452,209.83
2453,209.04
2454,208.45
2455,207.62
2456,207.122
2457,207.32
2458,207.39
2459,207.63
2460,207.64
2461,210.69
2462,211.0
2463,208.833
2464,210.30900000000003
2465,210.71
2466,210.61
2467,210.3
2468,210.633
2469,210.10000000000002
2470,210.57000000000002
2471,210.43
2472,211.64
2473,212.22
2474,212.97
2475,213.48
2476,213.08
2477,212.94
2478,213.6
2479,214.11599999999999
2480,214.51
2481,214.44499999999996
2482,214.86
2483,215.18
2484,215.26
2485,215.22
2486,215.39
2487,215.39
2488,215.02
2489,215.15
2490,213.8
2491,212.938
2492,212.8
2493,212.74
2494,213.74
2495,213.87499999999997
2496,214.548
2497,215.19999999999996
2498,214.761
2499,215.15
2500,215.24999999999997
2501,214.75599999999997
2502,214.95
2503,214.2
2504,213.9
2505,213.70999999999998
2506,213.58
2507,214.1
2508,214.34
2509,213.85
2510,214.04
2511,214.28
2512,214.0
2513,214.0
2514,213.99
2515,226.532
2516,226.0
2517,227.23
2518,226.46999999999997
2519,226.06000000000003
2520,226.95999999999998
2521,227.12
2522,228.27099999999996
2523,228.78900000000004
2524,228.27200000000002
2525,228.82
2526,228.97000000000003
2527,228.55000000000004
2528,229.29
2529,229.30200000000005
2530,229.96
2531,230.25
2532,229.53
2533,229.1
2534,228.912
2535,228.475
2536,227.9
2537,228.0
2538,228.17
2539,228.88699999999997
2540,229.22000000000003
2541,229.23
2542,227.85999999999999
2543,227.356
2544,227.59
2545,228.38
2546,229.1
2547,230.21
2548,229.55599999999998
2549,228.91
2550,228.0
2551,227.845
2552,227.29
2553,227.2
2554,228.0
2555,228.05
2556,227.61999999999998
2557,227.59
2558,227.755
2559,227.91
2560,228.075
2561,227.89
2562,228.59
2563,228.80000000000004
2564,228.63
2565,229.0
2566,228.42
2567,228.83
2568,228.83
2569,232.6
2570,233.51
2571,233.21999999999997
2572,234.01
2573,233.16
2574,233.35
2575,233.69000000000003
2576,234.39
2577,234.73
2578,234.77
2579,234.15000000000003
2580,234.35999999999999
2581,234.7
2582,234.75
2583,234.79000000000002
2584,233.411
2585,232.69
2586,231.90000000000003
2587,235.51
2588,235.12
2589,234.67
2590,232.15000000000003
2591,232.54999999999998
2592,233.91000000000003
2593,232.65099999999998
2594,232.30999999999997
2595,232.30999999999997
2596,229.8
2597,229.15999999999997
2598,227.85999999999999
2599,227.36
2600,227.24
2601,226.95999999999998
2602,227.37999999999997
2603,227.5
2604,227.04
2605,227.73499999999999
2606,227.3
2607,227.39000000000001
2608,226.72000000000003
2609,225.96500000000003
2610,225.53900000000002
2611,225.05
2612,225.045
2613,224.75
2614,223.64
2615,221.52
2616,222.21999999999997
2617,220.98
2618,221.0
2619,221.31900000000002
2620,222.3
2621,223.55
2622,223.52
2623,223.25
2624,220.25
2625,219.17
2626,218.55700000000002
2627,216.88
2628,216.85000000000002
2629,215.95000000000002
2630,215.4
2631,215.12
2632,215.93200000000002
2633,215.75000000000003
2634,215.77000000000004
2635,216.74
2636,218.64000000000001
2637,219.25
2638,218.56
2639,218.28
2640,217.11000000000004
2641,216.61999999999998
2642,217.25999999999996
2643,216.83999999999997
2644,216.57
2645,217.25
2646,217.64
2647,217.78000000000003
2648,217.14
2649,216.9
2650,210.59000000000003
2651,210.87
2652,211.84
2653,213.88999999999996
2654,214.80999999999997
2655,215.42
2656,213.63999999999996
2657,212.81799999999998
2658,213.18
2659,213.55900000000003
2660,212.18000000000004
2661,212.95
2662,213.26000000000002
2663,213.70000000000002
2664,213.95
2665,214.1
2666,214.68099999999998
2667,214.73
2668,216.07
2669,216.99
2670,218.53
2671,217.25
2672,216.47
2673,215.579
2674,216.48399999999998
2675,215.6
2676,215.6
2677,211.19
2678,210.01
2679,209.1
2680,208.26
2681,208.18
2682,209.28599999999994
2683,209.45999999999998
2684,208.89
2685,209.84999999999997
2686,211.84
2687,211.21
2688,211.07
2689,211.043
2690,210.08
2691,210.05
2692,210.13000000000002
2693,211.56
2694,211.071
2695,211.81
2696,212.14
2697,212.16000000000003
2698,212.209
2699,211.83
2700,212.53
2701,213.1
2702,212.99
2703,212.9
2704,216.5
2705,217.4
2706,216.23
2707,216.12999999999997
2708,216.67
2709,217.156
2710,217.57
2711,217.46
2712,217.27
2713,216.59999999999997
2714,215.0
2715,215.649
2716,214.48
2717,214.55
2718,213.468
2719,213.82600000000002
2720,212.43
2721,211.6
2722,212.235
2723,212.53
2724,212.64
2725,212.99999999999997
2726,211.89999999999998
2727,211.47000000000003
2728,211.19999999999996
2729,212.09999999999997
2730,212.09999999999997
2731,210.99999999999997
2732,211.63999999999996
2733,210.83000000000004
2734,215.93999999999997
2735,215.12
2736,214.68
2737,212.8
2738,213.83
2739,213.61
2740,214.69
2741,214.605
2742,214.5
2743,214.5
2744,215.24
2745,215.43
2746,214.76
2747,214.56
2748,214.40000000000003
2749,213.70999999999998
2750,213.895
2751,213.705
2752,213.75
2753,214.5
2754,214.76
2755,214.85
2756,215.02999999999997
2757,214.97
2758,215.70000000000002
2759,212.67
2760,212.23
2761,211.661
2762,212.7
2763,213.67800000000003
2764,213.37099999999998
2765,211.47000000000003
2766,211.19999999999996
2767,211.72
2768,211.195
2769,210.71
2770,211.41999999999996
2771,211.63
2772,211.35299999999998
2773,212.27
2774,211.97
2775,211.47000000000003
2776,211.91000000000003
2777,212.06
2778,211.79
2779,211.98
2780,211.72
2781,212.21
2782,211.91000000000003
2783,211.08
2784,211.09
2785,214.3
2786,217.2
2787,217.90900000000002
2788,218.84999999999997
2789,218.42000000000002
2790,217.78000000000003
2791,218.58800000000002
2792,220.36900000000003
2793,221.35999999999999
2794,222.21999999999997
2795,222.69000000000003
2796,222.62599999999998
2797,223.41
2798,223.11999999999998
2799,223.84000000000003
2800,225.19
2801,225.08
2802,223.63
2803,223.04
2804,224.26000000000002
2805,224.72000000000003
2806,224.63999999999996
2807,224.62
2808,223.03
2809,223.26400000000004
2810,224.26000000000002
2811,224.28000000000003
2812,225.101
2813,222.18
2814,221.66
2815,221.48
2816,222.153
2817,223.49
2818,223.0
2819,222.65999999999997
2820,222.78
2821,222.965
2822,222.12
2823,221.79000000000002
2824,221.39
2825,222.25000000000003
2826,222.18
2827,221.55999999999997
2828,221.24
2829,221.32000000000002
2830,221.03
2831,221.05
2832,221.375
2833,221.79999999999998
2834,222.49000000000004
2835,222.18
2836,221.05
2837,221.55999999999997
2838,221.46
2839,223.31
2840,220.59
2841,219.58000000000004
2842,220.40999999999997
2843,221.21
2844,220.73
2845,220.48
2846,220.06
2847,220.16999999999996
2848,220.96
2849,220.92
2850,220.89
2851,220.62
2852,220.92
2853,220.91000000000003
2854,221.24
2855,221.23
2856,220.42999999999998
2857,219.56000000000003
2858,220.7
2859,221.77
2860,221.86
2861,222.14
2862,222.62
2863,223.19
2864,224.24999999999997
2865,223.47
2866,223.178
2867,223.17
2868,223.84799999999998
2869,223.65
2870,224.31
2871,224.01000000000002
2872,224.691
2873,224.84
2874,223.794
2875,224.48000000000002
2876,224.29
2877,224.55
2878,224.85
2879,225.04
2880,225.1
2881,229.23
2882,230.76999999999998
2883,229.99
2884,230.32999999999998
2885,230.19
2886,229.39999999999998
2887,230.0
2888,230.02
2889,229.45
2890,228.66
2891,227.87000000000003
2892,228.55000000000004
2893,229.761
2894,229.972
2895,230.56000000000003
2896,231.37
2897,233.6
2898,233.78
2899,234.615
2900,233.5
2901,234.2
2902,234.23
2903,234.3
2904,233.91000000000003
2905,233.81599999999997
2906,233.1
2907,233.1
2908,240.22
2909,240.39999999999998
2910,241.80000000000004
2911,238.19000000000003
2912,239.83499999999998
2913,240.99
2914,243.06999999999996
2915,242.98
2916,242.75
2917,243.17
2918,243.83000000000004
2919,244.08
2920,246.366
2921,246.43999999999997
2922,245.74
2923,244.99
2924,244.94
2925,245.89
2926,245.63
2927,245.64
2928,245.345
2929,246.05200000000002
2930,246.667
2931,246.5
2932,246.56
2933,247.25
2934,247.382
2935,243.66
2936,244.77
2937,242.29
2938,241.62200000000004
2939,241.15
2940,242.4
2941,240.81999999999996
2942,240.05
2943,241.69
2944,241.6
2945,241.2
2946,241.05999999999997
2947,241.18
2948,241.57
2949,240.77
2950,240.75500000000002
2951,240.52700000000002
2952,240.7
2953,241.78000000000003
2954,242.549
2955,242.36
2956,242.54
2957,241.91
2958,242.34
2959,243.54099999999997
2960,243.82
2961,243.82
2962,243.27200000000002
2963,242.25099999999998
2964,243.27
2965,242.18
2966,243.395
2967,244.57
2968,244.61
2969,243.81000000000003
2970,244.1
2971,242.56
2972,242.3
2973,242.31
2974,242.91
2975,243.06
2976,243.04
2977,243.12900000000005
2978,242.00000000000003
2979,241.96
2980,241.31000000000003
2981,242.15999999999997
2982,242.38
2983,242.35
2984,243.86
2985,244.64000000000001
2986,244.4
2987,244.18999999999997
2988,244.16999999999996
2989,250.37
2990,250.44
2991,253.20000000000002
2992,252.80000000000004
2993,254.38
2994,253.37
2995,253.97
2996,254.32999999999998
2997,253.746
2998,253.33
2999,253.20000000000002
3000,254.16999999999996
3001,254.02
3002,254.16999999999996
3003,254.3
3004,254.90099999999998
3005,256.0
3006,255.832
3007,254.79
3008,255.8
3009,256.34
3010,256.61
3011,256.242
3012,256.8
3013,256.01
3014,257.3
3015,257.26099999999997
3016,254.11999999999998
3017,254.14000000000001
3018,254.40000000000003
3019,252.66
3020,254.13
3021,255.67
3022,255.09
3023,255.20000000000002
3024,255.385
3025,255.61799999999997
3026,255.63
3027,255.35000000000002
3028,256.22
3029,256.93
3030,257.018
3031,258.24
3032,258.37
3033,257.82
3034,258.209
3035,258.32
3036,258.67
3037,257.9
3038,258.22
3039,257.51
3040,257.51099999999997
3041,257.92
3042,257.98
3043,261.51
3044,262.0
3045,264.95
3046,265.41
3047,265.358
3048,265.17
3049,262.411
3050,264.4
3051,261.67
3052,261.488
3053,262.23
3054,262.7
3055,262.33
3056,260.35
3057,258.01
3058,257.89
3059,259.19
3060,257.84
3061,260.895
3062,261.29
3063,260.61
3064,259.23
3065,258.79
3066,259.45
3067,260.37
3068,260.43
3069,260.48
3070,263.22
3071,263.555
3072,264.88
3073,264.02
3074,263.62
3075,265.031
3076,265.47900000000004
3077,265.131
3078,264.54
3079,264.38
3080,264.07
3081,263.872
3082,264.2
3083,263.85
3084,262.95
3085,263.56
3086,264.02
3087,263.982
3088,264.42
3089,264.67
3090,264.75
3091,264.53
3092,265.04
3093,266.85
3094,267.971
3095,267.98
3096,267.92
3097,266.64
3098,265.81
3099,265.612
3100,267.19
3101,268.33
3102,269.091
3103,269.1
3104,268.41
3105,268.986
3106,268.5
3107,268.44
3108,267.72
3109,266.82
3110,267.09
3111,266.8
3112,266.29200000000003
3113,267.36
3114,267.758
3115,268.115
3116,268.435
3117,268.101
3118,267.685
3119,266.31
3120,266.42
3121,266.56
3122,266.41
3123,266.41
3124,266.743
3125,265.129
3126,267.25
3127,266.92
3128,265.428
3129,265.38
3130,266.27
3131,266.04400000000004
3132,265.18
3133,265.24
3134,265.57
3135,266.07
3136,266.22
3137,266.34
3138,266.36
3139,265.25
3140,265.52
3141,265.238
3142,264.95
3143,265.0
3144,265.0
3145,265.7
3146,265.47
3147,265.29
3148,264.89
3149,264.63
3150,264.57599999999996
3151,266.4
3152,264.626
3153,265.705
3154,266.7
3155,265.6
3156,265.75
3157,263.92
3158,263.69
3159,263.615
3160,263.3
3161,262.95
3162,263.81
3163,263.69
3164,263.248
3165,263.22
3166,262.67
3167,262.14
3168,261.31
3169,257.763
3170,258.64
3171,258.09
3172,259.711
3173,259.879
3174,262.0
3175,263.211
3176,261.439
3177,261.96
3178,258.27
3179,257.45
3180,258.16
3181,253.62
3182,254.13
3183,254.24999999999997
3184,251.82
3185,249.33999999999997
3186,247.17
3187,248.67999999999998
3188,248.58
3189,247.456
3190,247.95
3191,250.39899999999997
3192,253.14
3193,252.645
3194,252.81599999999997
3195,252.42
3196,252.51000000000002
3197,250.62
3198,251.27000000000004
3199,251.06400000000002
3200,250.48
3201,250.65
3202,249.904
3203,250.26
3204,250.26
3205,246.78999999999996
3206,247.09999999999997
3207,244.56000000000003
3208,244.06
3209,243.74500000000003
3210,244.2
3211,245.51000000000002
3212,246.56000000000003
3213,246.95
3214,247.31400000000002
3215,245.8
3216,245.7
3217,245.181
3218,244.4
3219,244.49999999999997
3220,244.071
3221,244.47000000000003
3222,243.61000000000004
3223,244.69999999999996
3224,244.2
3225,242.3
3226,241.87999999999997
3227,241.29
3228,241.51
3229,240.59500000000003
3230,241.18
3231,241.29999999999998
3232,241.84
3233,243.84
3234,244.57999999999998
3235,244.45
3236,244.25000000000003
3237,245.15000000000003
3238,245.655
3239,245.93
3240,244.69999999999996
3241,244.95
3242,245.22999999999996
3243,246.17000000000002
3244,246.73900000000003
3245,246.27999999999997
3246,246.25
3247,246.29999999999998
3248,245.59999999999997
3249,245.75099999999998
3250,246.25
3251,245.59500000000003
3252,246.43000000000004
3253,247.33000000000004
3254,247.25799999999995
3255,246.75
3256,246.29
3257,246.73999999999998
3258,246.73999999999998
3259,242.99999999999997
3260,242.7
3261,241.89
3262,241.65999999999997
3263,242.40999999999997
3264,242.31999999999996
3265,242.11999999999998
3266,243.37499999999997
3267,243.98
3268,243.72599999999997
3269,244.55
3270,244.42999999999998
3271,244.59799999999998
3272,244.25999999999996
3273,244.24099999999996
3274,245.44999999999996
3275,245.12099999999995
3276,244.75
3277,245.73000000000002
3278,245.35
3279,245.81999999999996
3280,246.645
3281,246.29999999999998
3282,245.58
3283,245.75000000000003
3284,246.328
3285,246.31
3286,248.05
3287,248.50999999999996
3288,247.63
3289,246.63000000000002
3290,246.44
3291,244.47999999999996
3292,244.62
3293,244.18800000000002
3294,244.68
3295,244.76000000000002
3296,244.37
3297,243.89999999999998
3298,243.006
3299,243.39
3300,243.4
3301,243.47
3302,243.39
3303,243.79599999999996
3304,244.6
3305,244.99
3306,244.79
3307,243.88499999999996
3308,244.39000000000001
3309,244.69999999999996
3310,244.62999999999997
3311,244.95999999999998
3312,244.95999999999998
3313,243.34099999999998
3314,242.65
3315,242.75099999999998
3316,243.79000000000002
3317,243.96500000000003
3318,244.18
3319,244.78000000000003
3320,245.08
3321,245.37
3322,244.80000000000004
3323,243.72500000000002
3324,243.6
3325,243.33
3326,243.6
3327,243.72999999999996
3328,242.52599999999998
3329,242.355
3330,242.65
3331,243.13999999999996
3332,243.57000000000002
3333,243.01999999999998
3334,243.38
3335,243.55
3336,243.11
3337,243.69
3338,243.79000000000002
3339,243.76
3340,245.519
3341,246.26000000000002
3342,243.09900000000005
3343,243.214
3344,242.67000000000002
3345,243.83000000000004
3346,243.72
3347,244.53
3348,245.231
3349,246.057
3350,245.39
3351,245.36
3352,245.05
3353,245.00000000000003
3354,245.34
3355,245.68999999999997
3356,245.63
3357,246.98
3358,246.03
3359,245.59999999999997
3360,245.19
3361,246.75
3362,246.12999999999997
3363,245.74099999999999
3364,244.73
3365,244.482
3366,244.484
3367,245.63
3368,247.0
3369,247.15
3370,247.72
3371,247.64
3372,247.04
3373,247.0
3374,246.93
3375,246.80000000000004
3376,246.12999999999997
3377,245.77399999999997
3378,246.92000000000002
3379,246.68
3380,247.26999999999998
3381,247.12299999999996
3382,248.06000000000003
3383,247.96
3384,247.84400000000002
3385,248.23
3386,248.429
3387,249.76000000000002
3388,249.47999999999996
3389,249.09
3390,247.99999999999997
3391,248.33
3392,249.14
3393,249.11999999999998
3394,246.16
3395,245.5
3396,246.45
3397,246.73
3398,245.85999999999999
3399,245.41
3400,245.90000000000003
3401,246.11
3402,246.19000000000003
3403,246.53
3404,246.201
3405,246.48000000000002
3406,246.26499999999996
3407,246.41000000000003
3408,245.83000000000004
3409,245.472
3410,245.21
3411,245.57
3412,245.15999999999997
3413,245.1
3414,245.53000000000003
3415,245.26
3416,245.74
3417,245.68000000000004
3418,246.14
3419,246.15
3420,246.18
3421,244.99
3422,243.71
3423,242.0
3424,242.66
3425,242.62999999999997
3426,243.78
3427,244.55
3428,245.076
3429,246.48000000000002
3430,246.204
3431,245.986
3432,253.19999999999996
3433,254.36
3434,255.45
3435,255.86099999999996
3436,254.57999999999998
3437,255.59900000000002
3438,254.31
3439,255.28000000000003
3440,255.47
3441,255.76999999999998
3442,256.01
3443,256.37
3444,256.79900000000004
3445,255.89999999999998
3446,255.89999999999998
3447,255.26
3448,252.5
3449,251.84
3450,252.39
3451,251.6
3452,251.59
3453,251.78000000000003
3454,250.81599999999997
3455,250.74
3456,250.898
3457,251.23
3458,252.04
3459,252.17999999999998
3460,251.245
3461,251.085
3462,251.59
3463,250.88000000000002
3464,251.49999999999997
3465,250.7
3466,250.20000000000002
3467,249.0
3468,249.49000000000004
3469,249.98000000000002
3470,249.69000000000003
3471,249.09
3472,249.18999999999997
3473,249.21
3474,250.88999999999996
3475,253.29999999999998
3476,251.10000000000002
3477,250.15000000000003
3478,248.81000000000003
3479,250.52999999999997
3480,251.80000000000004
3481,252.457
3482,253.05
3483,252.25900000000004
3484,252.32999999999998
3485,252.27
3486,252.35299999999998
3487,251.42
3488,251.64
3489,251.9
3490,252.60000000000002
3491,252.548
3492,252.56
3493,251.99
3494,252.00000000000003
3495,251.4
3496,250.81999999999996
3497,250.049
3498,250.37000000000003
3499,250.41
3500,250.40000000000003
3501,253.06999999999996
3502,252.61
3503,251.31999999999996
3504,251.8
3505,252.52999999999997
3506,251.6
3507,252.24
3508,251.54
3509,252.08
3510,251.97
3511,251.59
3512,251.96
3513,252.28599999999997
3514,252.00999999999996
3515,251.83999999999997
3516,252.61
3517,252.52999999999997
3518,252.24
3519,252.14
3520,252.25
3521,252.20999999999998
3522,252.29
3523,252.45
3524,252.44
3525,252.52999999999997
3526,252.68999999999997
3527,252.75
3528,252.72099999999998
3529,252.251
3530,251.97
3531,252.36000000000004
3532,253.06999999999996
3533,255.99
3534,255.01999999999998
3535,255.0
3536,255.04
3537,255.0
3538,254.14
3539,254.52
3540,254.505
3541,255.75
3542,256.355
3543,255.85999999999999
3544,256.02
3545,255.77
3546,255.46900000000002
3547,256.12
3548,255.85999999999999
3549,256.05
3550,256.27
3551,255.75
3552,256.66
3553,256.72
3554,256.6
3555,255.60500000000002
3556,255.74
3557,254.3
3558,255.36
3559,256.36
3560,256.99
3561,257.504
3562,259.389
3563,259.5
3564,259.32
3565,259.65
3566,259.87
3567,259.94
3568,260.418
3569,261.17
3570,261.441
3571,260.68
3572,260.5
3573,261.17
3574,261.42
3575,260.48400000000004
3576,260.78
3577,260.64
3578,260.68
3579,259.57
3580,259.22
3581,259.19
3582,261.846
3583,262.94
3584,262.6
3585,262.29
3586,263.58
3587,262.71
3588,261.3
3589,262.44
3590,263.12
3591,263.556
3592,263.49
3593,263.0
3594,263.32
3595,262.60200000000003
3596,262.154
3597,262.29
3598,262.7
3599,262.53
3600,262.21
3601,261.209
3602,261.64
3603,261.85
3604,262.133
3605,262.27
3606,261.73
3607,261.96
3608,261.81
3609,259.68
3610,258.71
3611,258.0
3612,258.07
3613,258.399
3614,257.509
3615,256.94
3616,258.257
3617,258.55
3618,258.79
3619,257.81
3620,257.87
3621,257.14
3622,255.38
3623,254.01000000000002
3624,254.19
3625,255.04
3626,253.808
3627,251.86
3628,253.44
3629,253.452
3630,253.05000000000004
3631,253.10999999999999
3632,252.94
3633,253.28
3634,253.44
3635,253.41
3636,260.1
3637,258.38
3638,259.13
3639,259.235
3640,259.99
3641,260.07
3642,260.36
3643,260.825
3644,262.47
3645,262.08
3646,263.121
3647,262.98
3648,263.06
3649,263.4
3650,263.14
3651,262.0
3652,261.71
3653,262.241
3654,261.64
3655,261.62
3656,261.73
3657,262.4
3658,261.199
3659,260.05
3660,259.93
3661,259.75
3662,259.78
3663,266.37
3664,266.56
3665,265.53
3666,266.49
3667,266.6
3668,265.72
3669,266.784
3670,266.461
3671,266.98
3672,267.245
3673,267.69
3674,268.4
3675,268.48900000000003
3676,269.57
3677,269.722
3678,269.58
3679,271.579
3680,271.73
3681,271.25
3682,271.48
3683,272.0
3684,272.68
3685,272.54
3686,272.93
3687,272.94
3688,273.45
3689,273.29
3690,271.73
3691,269.671
3692,268.541
3693,268.901
3694,271.47
3695,271.41
3696,270.98
3697,269.65
3698,269.99
3699,268.73
3700,268.62
3701,268.48
3702,269.7
3703,269.36
3704,269.21
3705,268.998
3706,269.04
3707,269.81
3708,269.31
3709,269.78
3710,272.82099999999997
3711,272.5
3712,273.25
3713,271.8
3714,271.9
3715,270.3
3716,270.37
3717,271.01
3718,269.45
3719,271.699
3720,271.82
3721,272.07
3722,271.68
3723,270.815
3724,268.558
3725,270.005
3726,269.94
3727,269.11
3728,269.33
3729,269.43
3730,269.43
3731,269.43
3732,269.25
3733,269.3
3734,269.53
3735,269.75
3736,272.35
3737,272.569
3738,272.05
3739,272.02
3740,272.64
3741,272.91200000000003
3742,272.161
3743,272.99
3744,272.2
3745,273.86
3746,277.45
3747,276.312
3748,276.22
3749,276.25
3750,277.51
3751,276.908
3752,277.5
3753,276.42
3754,277.03
3755,277.04
3756,276.14599999999996
3757,277.19
3758,277.26
3759,277.54
3760,277.163
3761,278.36
3762,278.36
3763,276.42
3764,276.57
3765,278.651
3766,279.041
3767,281.06
3768,281.89
3769,283.64
3770,285.27
3771,285.2
3772,287.0
3773,289.04
3774,289.256
3775,289.46
3776,288.841
3777,286.46
3778,287.64
3779,288.06
3780,286.96
3781,286.291
3782,286.64
3783,284.0
3784,282.127
3785,283.214
3786,282.73
3787,282.72
3788,284.89
3789,282.22
3790,278.91
3791,279.51
3792,279.47
3793,279.15
3794,277.82
3795,279.12
3796,278.01
3797,278.0
3798,277.25
3799,276.70599999999996
3800,276.41
3801,276.26
3802,275.76
3803,275.126
3804,277.56
3805,276.49
3806,275.15
3807,276.33
3808,276.74
3809,277.01
3810,279.52
3811,279.2
3812,278.34
3813,279.26
3814,281.06
3815,281.75
3816,281.725
3817,281.29
3818,281.691
3819,282.295
3820,282.81
3821,283.89
3822,284.28
3823,283.35
3824,282.93
3825,283.64
3826,283.534
3827,284.25
3828,283.09
3829,283.35
3830,283.23
3831,282.59
3832,283.71
3833,284.245
3834,283.77
3835,282.878
3836,283.36
3837,286.512
3838,287.0
3839,287.44
3840,287.538
3841,289.13
3842,287.94
3843,288.13
3844,288.68
3845,289.41
3846,289.844
3847,289.35
3848,288.851
3849,288.56
3850,289.26
3851,289.246
3852,288.035
3853,287.83
3854,287.467
3855,288.058
3856,288.374
3857,288.89
3858,288.55
3859,287.837
3860,287.51
3861,287.87
3862,287.86
3863,287.85
3864,285.6
3865,287.45
3866,285.858
3867,285.8
3868,284.76
3869,284.73
3870,286.1
3871,285.514
3872,284.51
3873,284.48
3874,285.74
3875,285.253
3876,285.055
3877,284.89
3878,284.32
3879,285.301
3880,285.13
3881,284.468
3882,283.89
3883,284.12
3884,283.86
3885,283.93
3886,283.94
3887,284.262
3888,283.71
3889,284.16
3890,283.91
3891,284.55
3892,286.72
3893,286.23
3894,286.83299999999997
3895,288.911
3896,290.29
3897,289.85
3898,287.75
3899,288.695
3900,288.005
3901,288.165
3902,287.863
3903,287.873
3904,287.05
3905,287.87
3906,289.07
3907,288.0
3908,287.045
3909,286.93
3910,286.839
3911,287.17
3912,288.0
3913,288.7
3914,289.0
3915,289.27
3916,289.0
3917,289.0
3918,290.84
3919,290.41
3920,291.4
3921,289.1
3922,287.21
3923,287.2
3924,288.872
3925,289.69
3926,289.88
3927,290.26
3928,289.105
3929,289.75
3930,289.06
3931,289.71
3932,289.755
3933,290.17
3934,290.85
3935,291.2
3936,292.0
3937,292.18
3938,292.08
3939,292.25
3940,292.779
3941,291.973
3942,292.1020000000001
3943,292.45
3944,292.43
3945,297.32
3946,296.64599999999996
3947,297.175
3948,296.934
3949,295.83
3950,295.73
3951,296.18
3952,296.83
3953,297.0
3954,296.42
3955,296.283
3956,296.17
3957,296.28
3958,296.17
3959,295.2
3960,295.34
3961,295.59
3962,295.175
3963,295.69
3964,296.219
3965,295.845
3966,296.01
3967,295.19
3968,295.65
3969,295.02
3970,295.14
3971,295.11
3972,293.09
3973,292.14
3974,292.4
3975,292.62
3976,294.335
3977,295.5
3978,295.24
3979,294.45
3980,294.04
3981,294.99
3982,294.67
3983,293.9
3984,291.83
3985,292.27
3986,291.47
3987,291.52
3988,292.35
3989,293.29
3990,293.06
3991,293.0
3992,292.95
3993,292.72
3994,292.44
3995,292.35
3996,292.072
3997,291.481
3998,291.54
3999,293.1
4000,292.181
4001,291.425
4002,290.772
4003,292.475
4004,292.95
4005,293.1
4006,293.46
4007,293.87
4008,293.43
4009,294.24
4010,294.19
4011,293.61
4012,292.07
4013,292.85
4014,292.246
4015,293.35
4016,293.8
4017,294.33299999999997
4018,294.53
4019,294.6790000000001
4020,294.856
4021,294.7
4022,294.18
4023,294.0
4024,294.086
4025,294.15
4026,301.378
4027,303.06
4028,304.44
4029,305.6
4030,306.46
4031,305.56
4032,306.25
4033,307.4
4034,306.8
4035,307.51
4036,308.01
4037,308.55
4038,309.0
4039,310.44
4040,310.0
4041,309.868
4042,310.26
4043,310.782
4044,310.36
4045,310.1
4046,309.8
4047,309.99
4048,309.96
4049,311.78
4050,311.77
4051,313.18
4052,313.06
4053,310.64
4054,307.4
4055,308.27
4056,308.67
4057,311.58
4058,312.54
4059,312.33
4060,312.0
4061,305.87
4062,305.154
4063,306.8
4064,307.57
4065,305.89
4066,305.839
4067,306.394
4068,306.52
4069,307.86
4070,307.89
4071,305.7
4072,307.48
4073,308.65
4074,308.14
4075,308.74
4076,308.04
4077,307.62
4078,308.24
4079,308.3
4080,299.72
4081,302.15
4082,302.32
4083,304.16
4084,304.93
4085,304.9
4086,303.26
4087,303.09
4088,302.5
4089,302.85
4090,302.08
4091,302.5
4092,302.58
4093,302.783
4094,303.38
4095,302.95
4096,302.825
4097,302.347
4098,301.52299999999997
4099,301.2
4100,300.84
4101,301.64
4102,300.933
4103,301.68
4104,301.43
4105,301.43
4106,301.406
4107,302.699
4108,302.93
4109,300.2290000000001
4110,299.44
4111,302.06
4112,301.807
4113,301.499
4114,301.173
4115,300.83
4116,301.1
4117,301.397
4118,302.31
4119,302.0
4120,302.59
4121,303.74
4122,304.55
4123,303.57
4124,303.95
4125,304.08
4126,304.08
4127,304.01
4128,305.84
4129,305.11
4130,304.8
4131,304.91
4132,305.7
4133,305.65
4134,308.079
4135,307.65
4136,307.285
4137,307.13
4138,306.58
4139,304.59
4140,304.39
4141,305.39
4142,304.95099999999996
4143,305.02
4144,305.225
4145,305.751
4146,304.5
4147,303.72
4148,303.88
4149,304.12
4150,303.36
4151,303.71
4152,303.4
4153,303.27
4154,302.0
4155,302.39
4156,303.03
4157,302.47
4158,302.09
4159,302.22
4160,302.16
4161,300.92
4162,298.47
4163,300.21
4164,297.7
4165,298.5
4166,299.89
4167,300.0
4168,300.41
4169,299.14
4170,299.04
4171,300.0
4172,299.7270000000001
4173,300.79
4174,302.01
4175,301.418
4176,301.466
4177,301.28
4178,301.48
4179,300.89
4180,301.17
4181,300.87
4182,300.93
4183,301.25
4184,300.33
4185,300.2
4186,299.52
4187,299.55
4188,300.925
4189,299.35
4190,299.09
4191,299.82
4192,300.14
4193,302.25
4194,301.515
4195,300.49
4196,301.47
4197,301.3
4198,302.18
4199,302.33
4200,303.09
4201,303.43
4202,303.06
4203,302.8
4204,302.3
4205,302.26
4206,305.9
4207,306.24
4208,305.69
4209,306.74
4210,307.28
4211,306.32
4212,306.42
4213,306.96
4214,306.92
4215,304.99
4216,306.62
4217,304.65
4218,305.5
4219,306.85
4220,306.51099999999997
4221,305.51
4222,306.315
4223,306.17
4224,306.205
4225,306.52
4226,306.25
4227,306.452
4228,306.17
4229,305.82
4230,306.21
4231,306.26
4232,305.89
4233,305.88
4234,305.97
4235,305.77
4236,305.687
4237,307.139
4238,307.43
4239,306.379
4240,305.52
4241,305.498
4242,311.15
4243,312.85
4244,312.72
4245,314.12
4246,314.75
4247,315.09
4248,312.95
4249,313.43
4250,314.281
4251,314.18
4252,314.83
4253,312.17
4254,313.748
4255,313.065
4256,313.35
4257,312.15
4258,312.225
4259,312.135
4260,312.594
4261,313.07
4262,311.9
4263,313.68
4264,313.84
4265,311.97
4266,312.65
4267,313.82
4268,313.83
4269,313.34
4270,306.26
4271,305.3
4272,303.285
4273,302.84
4274,299.79
4275,300.87
4276,300.72
4277,302.66
4278,301.8
4279,302.04
4280,301.449
4281,303.27
4282,304.665
4283,304.14599999999996
4284,304.49
4285,304.02
4286,305.0
4287,304.04
4288,302.73
4289,302.52
4290,303.46
4291,302.01
4292,301.15
4293,301.73
4294,302.08
4295,302.04
4296,302.649
4297,306.274
4298,305.4
4299,306.42
4300,306.99
4301,306.89
4302,306.09
4303,304.93
4304,305.0
4305,303.616
4306,304.63
4307,304.66
4308,305.25
4309,305.3
4310,305.44
4311,306.46
4312,306.595
4313,306.59
4314,306.968
4315,307.81
4316,308.78
4317,309.07
4318,308.42
4319,307.482
4320,306.78
4321,306.55
4322,306.49
4323,306.5
4324,304.601
4325,306.2
4326,307.289
4327,308.938
4328,307.27099999999996
4329,306.34
4330,308.33
4331,309.22
4332,309.16
4333,309.69
4334,309.54
4335,309.268
4336,308.21
4337,309.4
4338,309.35
4339,306.95
4340,308.77
4341,308.1
4342,308.09
4343,307.96
4344,307.5540000000001
4345,307.7
4346,307.33
4347,307.14
4348,307.19
4349,307.14
4350,310.17
4351,311.7
4352,311.13
4353,310.89
4354,310.21
4355,310.45
4356,311.31
4357,312.06
4358,313.075
4359,314.14
4360,313.76
4361,313.47
4362,313.465
4363,313.0
4364,313.92
4365,314.16
4366,312.69
4367,312.99
4368,312.748
4369,312.77
4370,313.165
4371,313.08
4372,312.81
4373,312.3
4374,313.019
4375,313.46
4376,313.51
4377,312.8
4378,311.61
4379,310.6
4380,311.64
4381,312.1
4382,311.55
4383,311.34
4384,312.15
4385,311.91
4386,311.45
4387,311.42
4388,311.85
4389,311.44
4390,311.86
4391,311.79
4392,311.3
4393,311.71
4394,311.45
4395,310.988
4396,310.73
4397,310.18
4398,310.2
4399,311.272
4400,311.96
4401,312.06
4402,312.45
4403,312.4
4404,307.92
4405,308.22
4406,307.665
4407,309.24
4408,310.0
4409,310.47
4410,309.52
4411,310.15
4412,310.09
4413,309.765
4414,309.05
4415,308.66
4416,309.95
4417,309.39
4418,309.23
4419,309.4
4420,309.68
4421,309.68
4422,310.151
4423,310.44599999999997
4424,310.84
4425,311.05
4426,309.8
4427,310.159
4428,309.315
4429,309.16
4430,309.21
4431,317.559
4432,315.49
4433,317.98
4434,317.88
4435,319.413
4436,320.34
4437,320.08
4438,320.362
4439,320.63
4440,320.64
4441,320.33799999999997
4442,320.524
4443,319.97
4444,319.7
4445,319.76
4446,321.5
4447,321.69
4448,321.73
4449,321.7
4450,321.5
4451,322.3
4452,322.673
4453,322.82
4454,323.0
4455,323.13
4456,324.59
4457,324.62
4458,324.95
4459,328.77
4460,327.34
4461,328.589
4462,328.91
4463,329.9
4464,329.66
4465,330.5030000000001
4466,331.028
4467,332.55
4468,333.38
4469,331.35
4470,332.38
4471,331.16
4472,329.45
4473,330.53
4474,330.56
4475,332.99
4476,330.82
4477,330.0540000000001
4478,329.4
4479,328.78
4480,329.75
4481,330.63
4482,329.75
4483,330.73
4484,330.73
4485,331.345
4486,331.0
4487,328.51
4488,326.0
4489,325.5
4490,326.89
4491,325.52
4492,324.5
4493,322.6
4494,319.69
4495,319.73
4496,320.22
4497,321.5540000000001
4498,322.883
4499,321.445
4500,322.81
4501,323.351
4502,324.0
4503,322.84
4504,322.69
4505,321.65
4506,320.95
4507,321.585
4508,321.868
4509,322.454
4510,321.8
4511,321.72
4512,318.85
4513,322.6
4514,323.02
4515,320.661
4516,320.06
4517,321.31
4518,322.35
4519,323.172
4520,324.028
4521,324.58
4522,324.89
4523,327.6
4524,327.3
4525,327.28
4526,327.173
4527,327.925
4528,328.2030000000001
4529,327.09
4530,327.58
4531,327.77
4532,327.47
4533,326.68
4534,327.05
4535,326.71
4536,326.31
4537,327.19
4538,327.26
4539,325.49
4540,325.435
4541,325.65
4542,324.63
4543,323.32
4544,322.68
4545,322.154
4546,321.1040000000001
4547,321.23
4548,321.46
4549,320.7990000000001
4550,319.901
4551,320.5
4552,319.092
4553,320.1
4554,320.23
4555,320.2
4556,321.5
4557,321.25
4558,320.2
4559,319.76
4560,320.41
4561,320.228
4562,319.78
4563,319.36
4564,318.16
4565,318.16
4566,320.235
4567,316.926
4568,313.84
4569,314.16
4570,312.4
4571,307.98
4572,308.26
4573,307.68
4574,303.695
4575,304.3040000000001
4576,301.73
4577,300.8
4578,303.25
4579,303.1
4580,302.18
4581,301.02
4582,301.2340000000001
4583,300.06
4584,300.76
4585,302.45
4586,302.22
4587,302.45
4588,302.09
4589,304.05
4590,303.6790000000001
4591,302.32
4592,302.32
4593,291.25
4594,290.401
4595,285.7
4596,291.0
4597,289.09
4598,285.59
4599,284.001
4600,286.33
4601,284.89
4602,284.83
4603,288.64
4604,287.925
4605,289.1
4606,287.27
4607,292.64
4608,292.56
4609,292.379
4610,293.94
4611,292.07
4612,293.01
4613,292.16
4614,293.278
4615,290.64
4616,289.56
4617,288.22
4618,288.43
4619,288.43
4620,298.36
4621,303.28
4622,299.945
4623,301.57
4624,302.44599999999997
4625,302.22
4626,301.41
4627,303.0
4628,304.2
4629,305.8
4630,306.75
4631,307.2
4632,306.57
4633,306.5420000000001
4634,305.83
4635,306.13
4636,305.78
4637,306.238
4638,305.08
4639,304.051
4640,304.15
4641,304.13
4642,304.64
4643,303.92
4644,304.31
4645,303.99
4646,303.994
4647,307.32
4648,305.84
4649,304.79
4650,304.20799999999997
4651,302.81
4652,303.9190000000001
4653,304.23
4654,303.93
4655,305.32
4656,305.135
4657,303.58
4658,303.69
4659,304.168
4660,304.48
4661,304.3
4662,303.35
4663,303.13
4664,303.15
4665,303.76
4666,303.82
4667,303.79
4668,303.17
4669,301.96
4670,300.85
4671,300.97
4672,300.85
4673,300.848
4674,306.34
4675,309.45
4676,309.11
4677,311.28
4678,312.41
4679,314.16
4680,315.4
4681,313.82099999999997
4682,315.75
4683,317.57
4684,317.4890000000001
4685,317.29
4686,317.466
4687,318.84
4688,318.87
4689,318.62
4690,318.25
4691,319.723
4692,321.15
4693,320.83
4694,320.742
4695,320.297
4696,322.459
4697,324.6
4698,325.08
4699,324.36
4700,324.36
4701,323.91
4702,324.06
4703,321.106
4704,323.431
4705,322.98
4706,321.595
4707,323.024
4708,325.14
4709,325.9790000000001
4710,325.51
4711,322.83
4712,323.19
4713,323.825
4714,324.6
4715,326.20099999999996
4716,325.1
4717,323.94
4718,324.85
4719,324.82099999999997
4720,323.26
4721,321.16
4722,322.56
4723,323.913
4724,323.4
4725,321.62
4726,321.67
4727,321.69
4728,322.311
4729,320.81
4730,322.18
4731,321.85
4732,321.1
4733,319.58
4734,320.26
4735,320.29
4736,322.37
4737,321.22
4738,322.58
4739,322.7
4740,322.89
4741,322.445
4742,322.4
4743,322.96
4744,322.23
4745,322.46
4746,322.99
4747,322.61
4748,322.631
4749,322.58
4750,322.361
4751,322.22
4752,322.02
4753,322.721
4754,322.878
4755,326.0
4756,324.49
4757,324.8
4758,326.2
4759,325.71
4760,326.02
4761,327.351
4762,327.76800000000014
4763,328.15
4764,328.73
4765,329.8
4766,329.157
4767,327.8
4768,328.85
4769,328.605
4770,328.017
4771,327.45
4772,327.27
4773,326.76099999999997
4774,327.23
4775,327.592
4776,328.301
4777,329.05
4778,329.29
4779,329.3
4780,330.07
4781,330.1
4782,332.64
4783,335.41
4784,332.75
4785,329.486
4786,330.418
4787,330.77
4788,332.58
4789,331.63
4790,331.47
4791,330.04
4792,330.717
4793,330.68
4794,331.93
4795,332.44
4796,332.54
4797,333.07
4798,333.45
4799,332.79
4800,331.51
4801,331.1
4802,331.455
4803,332.27
4804,332.155
4805,332.63
4806,332.475
4807,333.43
4808,333.5
4809,344.89
4810,348.361
4811,345.92900000000014
4812,345.11
4813,344.18
4814,344.121
4815,346.24
4816,345.79
4817,346.4
4818,347.596
4819,349.7
4820,350.31
4821,351.91
4822,351.14
4823,350.37
4824,349.375
4825,347.65
4826,349.0
4827,347.98
4828,347.03
4829,349.66
4830,350.385
4831,353.24
4832,354.84
4833,354.39
4834,355.12
4835,354.99
4836,380.689
4837,364.86
4838,361.184
4839,361.25
4840,341.0
4841,342.28
4842,338.01
4843,340.22
4844,337.44
4845,341.98
4846,337.33
4847,337.65
4848,334.07
4849,335.2
4850,333.635
4851,335.065
4852,330.91
4853,333.89599999999996
4854,328.96
4855,325.135
4856,326.5
4857,325.75
4858,325.21
4859,324.41
4860,325.76
4861,322.99
4862,322.524
4863,331.56
4864,329.77
4865,328.0
4866,323.33
4867,323.5
4868,325.39
4869,327.7
4870,328.67
4871,329.17
4872,329.214
4873,329.999
4874,328.86
4875,328.82
4876,329.0
4877,326.72
4878,328.13
4879,326.86
4880,327.15
4881,327.34
4882,328.54
4883,328.485
4884,327.38
4885,328.32
4886,328.12
4887,328.73
4888,330.24
4889,330.24
4890,329.3540000000001
4891,328.765
4892,327.7030000000001
4893,325.749
4894,326.46
4895,328.31
4896,332.36
4897,333.0
4898,332.46
4899,331.99
4900,332.01
4901,335.24
4902,335.4
4903,336.4890000000001
4904,335.37
4905,334.2
4906,333.47
4907,333.17
4908,334.0
4909,334.905
4910,335.14
4911,334.22
4912,333.27
4913,332.5
4914,330.855
4915,331.16
4916,331.22
4917,334.844
4918,334.92
4919,335.80300000000005
4920,333.55
4921,333.23
4922,333.7
4923,332.47
4924,331.47
4925,330.18
4926,329.524
4927,326.71
4928,328.35
4929,327.995
4930,328.32
4931,326.27
4932,327.36
4933,328.86
4934,328.07
4935,328.97
4936,328.54
4937,328.58
4938,329.1
4939,328.147
4940,328.11
4941,328.024
4942,328.16
4943,328.031
4944,328.93
4945,327.52099999999996
4946,327.43
4947,323.949
4948,322.53
4949,318.18
4950,316.415
4951,314.76
4952,313.08
4953,314.31
4954,317.0
4955,317.49
4956,319.699
4957,317.46
4958,319.2
4959,319.37
4960,320.527
4961,316.95
4962,316.69
4963,317.25
4964,317.06
4965,315.75
4966,313.78
4967,313.3
4968,312.3
4969,314.14
4970,314.0
4971,318.16
4972,314.805
4973,313.11
4974,312.815
4975,312.225
4976,309.59
4977,314.472
4978,314.73
4979,316.928
4980,317.9
4981,320.56
4982,321.29
4983,320.11
4984,321.65
4985,320.89799999999997
4986,320.589
4987,321.06
4988,323.22
4989,326.35
4990,324.69
4991,324.95
4992,325.67
4993,326.2
4994,326.39
4995,326.26
4996,327.3
4997,327.3
4998,324.0
4999,324.46
5000,321.86
5001,324.71
5002,324.73
5003,322.85
5004,324.0
5005,322.63
5006,322.316
5007,320.811
5008,321.79
5009,321.24
5010,320.768
5011,320.572
5012,320.2
5013,320.03999999999996
5014,320.032
5015,320.34
5016,320.33000000000004
5017,318.51099999999997
5018,316.12
5019,315.77
5020,316.55
5021,316.93
5022,317.27
5023,318.14
5024,318.14
5025,320.8
5026,317.661
5027,320.9990000000001
5028,320.172
5029,321.67
5030,323.21
5031,323.54
5032,324.36
5033,325.15
5034,324.26
5035,324.24
5036,325.52
5037,325.645
5038,323.76
5039,324.2
5040,324.51
5041,324.67
5042,324.48
5043,324.0
5044,323.94999999999993
5045,323.81999999999994
5046,323.0
5047,322.42999999999995
5048,322.24
5049,322.9
5050,322.52
5051,322.48
5052,331.566
5053,332.66
5054,329.54
5055,328.286
5056,329.625
5057,329.54
5058,326.71
5059,328.51
5060,328.69499999999994
5061,326.41
5062,327.25
5063,328.7
5064,328.72
5065,327.77
5066,327.6
5067,327.638
5068,327.84
5069,327.514
5070,328.07
5071,327.51
5072,327.47
5073,327.645
5074,328.22
5075,327.8500000000001
5076,328.36999999999995
5077,329.31
5078,329.265
5079,327.43
5080,326.89
5081,326.431
5082,329.16
5083,329.2
5084,329.35
5085,329.27
5086,332.23
5087,334.264
5088,334.5590000000001
5089,333.72
5090,333.43999999999994
5091,333.24
5092,333.325
5093,334.61300000000006
5094,335.285
5095,335.244
5096,335.11800000000005
5097,335.06100000000004
5098,334.9
5099,335.28000000000003
5100,335.33
5101,335.07
5102,336.34
5103,337.14
5104,337.65
5105,337.6
5106,337.45
5107,335.45
5108,339.3
5109,336.775
5110,338.34
5111,340.74
5112,339.81
5113,338.6
5114,339.649
5115,340.0
5116,339.024
5117,339.293
5118,338.265
5119,338.19199999999995
5120,339.16
5121,339.57
5122,340.64000000000004
5123,339.63
5124,341.6
5125,341.72
5126,341.87
5127,342.01
5128,342.07
5129,341.42
5130,341.14
5131,341.69
5132,341.5
5133,342.26
5134,343.82
5135,341.90000000000003
5136,339.36
5137,338.52
5138,338.0
5139,335.26
5140,336.57000000000005
5141,334.74
5142,335.9599999999999
5143,335.34
5144,336.18
5145,336.462
5146,334.725
5147,335.5
5148,336.445
5149,335.18000000000006
5150,335.33
5151,334.11
5152,334.125
5153,334.705
5154,334.95
5155,334.54
5156,335.05
5157,334.69999999999993
5158,335.7480000000001
5159,335.63
5160,336.24999999999994
5161,335.11999999999995
5162,330.211
5163,328.41
5164,326.5
5165,328.843
5166,327.635
5167,327.74
5168,328.35
5169,329.98
5170,332.01
5171,331.04999999999995
5172,331.25
5173,329.99
5174,328.58
5175,327.767
5176,329.7
5177,328.75
5178,326.9800000000001
5179,327.13
5180,327.14
5181,328.45
5182,326.86
5183,325.77
5184,325.69000000000005
5185,326.86
5186,326.86
5187,328.73199999999997
5188,327.9800000000001
5189,331.32
5190,333.46
5191,332.46999999999997
5192,332.95
5193,333.2
5194,333.29
5195,332.22
5196,333.64
5197,333.38
5198,334.49
5199,333.17
5200,333.36
5201,333.45099999999996
5202,334.098
5203,333.95
5204,334.46
5205,334.93
5206,334.37
5207,334.27
5208,334.22
5209,333.27
5210,332.56
5211,333.38
5212,334.9
5213,334.9
5214,332.0
5215,337.2480000000001
5216,336.935
5217,337.46
5218,335.08
5219,334.22
5220,333.97
5221,336.70000000000005
5222,335.9599999999999
5223,337.19
5224,336.24999999999994
5225,337.24
5226,338.0
5227,338.24999999999994
5228,337.04
5229,337.11999999999995
5230,336.81
5231,336.87
5232,336.918
5233,338.85
5234,338.4
5235,337.95
5236,338.16
5237,337.324
5238,337.5
5239,337.72
5240,337.91
5241,337.65
5242,338.58
5243,335.85
5244,336.75
5245,337.05
5246,335.78
5247,335.159
5248,336.4
5249,335.22
5250,335.69
5251,334.22
5252,334.59
5253,335.0
5254,333.33
5255,333.0
5256,332.63
5257,332.23
5258,333.01
5259,332.57800000000015
5260,331.95
5261,332.342
5262,332.66
5263,333.5
5264,333.38
5265,334.18000000000006
5266,333.77
5267,333.72999999999996
5268,330.15100000000007
5269,330.4
5270,330.26099999999997
5271,330.69
5272,331.909
5273,330.51
5274,332.51
5275,333.12
5276,331.93
5277,332.73
5278,332.5
5279,335.16
5280,334.93
5281,333.8299999999999
5282,333.37
5283,333.685
5284,334.04
5285,334.67
5286,334.19
5287,334.39099999999996
5288,334.4700000000001
5289,334.81
5290,334.45
5291,334.01
5292,334.33
5293,335.33
5294,335.284
5295,340.22
5296,343.31
5297,341.52
5298,340.76
5299,342.25
5300,340.87
5301,341.84
5302,342.44999999999993
5303,340.22
5304,338.9
5305,339.0
5306,338.35
5307,339.85
5308,339.08
5309,341.11
5310,341.99
5311,342.4
5312,342.80000000000007
5313,343.42
5314,343.64
5315,342.3
5316,342.90000000000003
5317,343.42
5318,343.6
5319,342.95
5320,342.7390000000001
5321,342.57
5322,346.63
5323,346.902
5324,348.74
5325,348.32199999999995
5326,347.09
5327,346.665
5328,346.365
5329,347.21
5330,347.2
5331,347.04
5332,347.63
5333,347.45599999999996
5334,346.69
5335,346.2
5336,346.765
5337,347.49800000000016
5338,347.5
5339,348.1
5340,348.54
5341,348.19
5342,347.35
5343,347.59
5344,349.08
5345,348.49300000000005
5346,348.5
5347,349.76
5348,349.76
5349,348.04
5350,343.7099999999999
5351,342.3
5352,343.36
5353,342.39
5354,343.01
5355,342.49
5356,343.786
5357,343.292
5358,345.409
5359,344.72
5360,345.7
5361,345.12
5362,344.76
5363,343.75
5364,344.06000000000006
5365,343.665
5366,343.64599999999996
5367,343.972
5368,345.5
5369,343.88
5370,343.36
5371,340.64000000000004
5372,340.32
5373,341.23
5374,341.749
5375,341.77000000000004
5376,344.28
5377,345.91
5378,345.97
5379,343.88300000000015
5380,343.87
5381,344.86999999999995
5382,343.772
5383,344.06000000000006
5384,342.9480000000001
5385,344.15
5386,344.8399999999999
5387,345.06
5388,343.93000000000006
5389,342.29
5390,338.68
5391,336.9359999999999
5392,337.57
5393,336.04
5394,335.98999999999995
5395,334.84
5396,336.85
5397,336.33
5398,336.95
5399,337.56
5400,336.01
5401,337.29
5402,337.29
5403,340.76
5404,342.08
5405,344.13
5406,343.365
5407,342.82
5408,342.89
5409,344.14
5410,344.07199999999995
5411,344.37
5412,344.6
5413,344.005
5414,343.83
5415,343.44999999999993
5416,342.7
5417,343.014
5418,342.49
5419,342.3
5420,341.6700000000001
5421,339.37
5422,340.87
5423,339.24
5424,340.05999999999995
5425,338.73
5426,338.62
5427,339.207
5428,339.57
5429,339.52
5430,343.845
5431,345.97
5432,346.61000000000007
5433,346.15
5434,347.06
5435,347.1190000000001
5436,346.12
5437,347.07
5438,346.94
5439,347.449
5440,346.87000000000006
5441,347.1
5442,346.54
5443,345.85
5444,346.798
5445,346.85
5446,347.81
5447,347.94
5448,347.24800000000016
5449,347.36
5450,347.755
5451,347.74000000000007
5452,347.87000000000006
5453,348.28999999999996
5454,347.38
5455,348.5
5456,348.5
5457,345.25
5458,345.85
5459,346.04
5460,347.82
5461,350.32
5462,347.8
5463,348.54999999999995
5464,349.31
5465,349.61
5466,349.59
5467,348.58
5468,347.67900000000014
5469,348.43
5470,347.801
5471,347.21
5472,346.37
5473,345.69
5474,345.58000000000004
5475,346.26
5476,347.45
5477,346.91
5478,346.42
5479,346.62
5480,346.175
5481,346.85
5482,347.84000000000003
5483,347.85
5484,352.9
5485,350.06
5486,348.5
5487,346.4
5488,347.36
5489,346.22
5490,347.991
5491,346.68199999999996
5492,347.25999999999993
5493,347.49
5494,346.99999999999994
5495,347.78
5496,347.41999999999996
5497,347.53
5498,347.89
5499,347.46
5500,349.23
5501,349.11
5502,349.365
5503,348.82
5504,349.81
5505,350.0
5506,349.33
5507,349.3
5508,349.87699999999984
5509,350.24
5510,350.24
5511,349.12
5512,348.89
5513,351.028
5514,352.49
5515,351.74
5516,351.51
5517,351.33
5518,352.1
5519,352.73
5520,352.25
5521,353.1
5522,353.28
5523,353.353
5524,354.5
5525,354.44
5526,353.7
5527,354.3
5528,352.92
5529,353.639
5530,354.05000000000007
5531,354.77
5532,354.47
5533,354.82
5534,355.64
5535,355.52
5536,355.21
5537,356.9
5538,358.88
5539,361.29
5540,361.77
5541,362.98800000000006
5542,361.444
5543,362.68
5544,362.24
5545,362.5
5546,362.36
5547,360.5
5548,360.29
5549,361.9
5550,360.73800000000006
5551,360.12
5552,359.49
5553,359.89
5554,359.96
5555,360.015
5556,360.57
5557,361.0
5558,361.42400000000004
5559,361.69
5560,362.15799999999996
5561,362.2
5562,362.49
5563,362.49
5564,365.3
5565,364.01
5566,365.16
5567,365.61
5568,366.13
5569,365.83
5570,365.585
5571,365.01
5572,365.65
5573,365.07
5574,365.76099999999997
5575,366.06
5576,366.1
5577,365.91
5578,365.8
5579,364.99
5580,361.39
5581,360.045
5582,362.06
5583,361.644
5584,362.49
5585,362.71
5586,360.59
5587,360.7
5588,359.48
5589,357.32
5590,358.62
5591,357.81
5592,358.33
5593,358.05000000000007
5594,358.7
5595,358.42
5596,357.61
5597,357.29
5598,358.0
5599,357.216
5600,357.22
5601,357.13000000000005
5602,358.25
5603,358.645
5604,359.03
5605,360.07
5606,360.72
5607,361.82
5608,361.66
5609,360.85999999999996
5610,362.2
5611,362.84
5612,362.94
5613,366.75
5614,366.0
5615,366.82
5616,366.93
5617,366.75
5618,366.07
5619,364.48
5620,362.75
5621,364.36
5622,363.18
5623,361.52
5624,362.28
5625,361.40000000000003
5626,361.475
5627,361.043
5628,358.5
5629,359.395
5630,360.36
5631,360.37
5632,358.24
5633,358.63199999999995
5634,359.28
5635,358.001
5636,357.39
5637,357.9
5638,356.37
5639,356.27
5640,355.54
5641,356.87
5642,356.66
5643,357.45
5644,357.59
5645,357.71
5646,357.5
5647,358.31
5648,357.71
5649,358.27
5650,359.40000000000003
5651,359.98
5652,361.03
5653,356.57
5654,356.84
5655,356.44
5656,355.92
5657,356.99
5658,357.01
5659,357.48
5660,357.0
5661,356.1
5662,357.54
5663,357.79
5664,357.76
5665,358.09
5666,358.06
5667,357.06
5668,359.17
5669,356.21000000000004
5670,354.0
5671,353.37
5672,355.44
5673,355.55999999999995
5674,354.96
5675,356.85999999999996
5676,357.09
5677,356.66
5678,356.87
5679,356.44
5680,356.3
5681,355.17199999999997
5682,354.96
5683,354.68
5684,354.39
5685,354.39
5686,354.7
5687,355.07
5688,355.205
5689,354.41
5690,354.43
5691,353.88
5692,354.44
5693,354.44
5694,355.8
5695,357.235
5696,357.47
5697,356.47999999999996
5698,358.81
5699,358.58
5700,359.35
5701,358.91
5702,357.47
5703,357.9
5704,356.79
5705,356.51
5706,357.03
5707,356.78
5708,355.86
5709,355.8
5710,355.49
5711,355.01
5712,354.39599999999996
5713,355.5
5714,354.61
5715,355.11400000000015
5716,355.8
5717,354.65
5718,355.16
5719,355.54
5720,355.66999999999996
5721,357.91
5722,358.0
5723,361.32800000000003
5724,362.95099999999996
5725,362.273
5726,361.3500000000001
5727,362.83
5728,362.85999999999996
5729,363.5
5730,362.58
5731,363.1
5732,363.76
5733,362.99
5734,362.4
5735,362.395
5736,363.34
5737,363.5
5738,362.8730000000002
5739,363.14
5740,363.14
5741,362.9
5742,362.8
5743,362.85999999999996
5744,363.47
5745,363.027
5746,363.1
5747,363.1
5748,368.45
5749,369.39
5750,368.75
5751,367.97
5752,369.11
5753,369.639
5754,369.6
5755,369.55
5756,366.95
5757,366.09
5758,365.33
5759,363.96
5760,366.18
5761,365.48
5762,366.27
5763,365.37
5764,366.5
5765,366.56
5766,363.9919999999999
5767,364.8
5768,364.62
5769,365.12
5770,363.87
5771,363.46
5772,362.94
5773,364.07
5774,363.98
5775,367.79
5776,366.42
5777,368.37
5778,369.3999999999999
5779,369.603
5780,370.82
5781,371.16
5782,370.42
5783,370.5899999999999
5784,369.7
5785,368.88
5786,368.73
5787,369.26
5788,369.72
5789,371.3999999999999
5790,371.75
5791,372.99
5792,373.75
5793,372.8
5794,372.96
5795,374.25
5796,373.985
5797,373.32
5798,373.66
5799,373.66
5800,373.37
5801,373.33
5802,371.23999999999995
5803,370.38699999999994
5804,372.23
5805,371.31
5806,372.495
5807,373.125
5808,372.18
5809,371.62000000000006
5810,371.6
5811,371.64099999999996
5812,372.07
5813,372.64099999999996
5814,372.3
5815,372.99
5816,372.57
5817,370.8
5818,370.25699999999995
5819,371.03
5820,369.75
5821,369.976
5822,369.47
5823,369.29
5824,369.37
5825,369.3999999999999
5826,369.39
5827,368.96999999999997
5828,368.96999999999997
5829,366.79
5830,367.93
5831,364.51
5832,365.65
5833,367.5
5834,366.55
5835,367.5
5836,367.36
5837,367.0
5838,366.53
5839,365.72
5840,366.18
5841,367.08
5842,367.03
5843,366.02
5844,365.99
5845,366.34
5846,365.88
5847,365.66
5848,365.91
5849,366.04999999999995
5850,365.9990000000001
5851,366.06
5852,365.95
5853,366.01
5854,366.329
5855,366.31
5856,368.189
5857,369.06
5858,371.94
5859,370.3
5860,370.13
5861,369.94
5862,368.962
5863,368.63
5864,369.407
5865,370.31999999999994
5866,370.47
5867,371.02
5868,370.72
5869,372.42999999999995
5870,372.6
5871,372.70000000000005
5872,373.09
5873,374.31999999999994
5874,375.7799999999999
5875,376.48
5876,376.915
5877,376.77
5878,377.5
5879,376.2
5880,375.72
5881,374.89
5882,374.87
5883,373.69
5884,371.6
5885,372.51
5886,372.01
5887,372.44
5888,371.6
5889,371.17400000000004
5890,369.19
5891,367.77
5892,368.41
5893,369.095
5894,369.93
5895,369.55
5896,369.28
5897,368.70000000000005
5898,369.81
5899,368.66
5900,368.58
5901,371.1
5902,371.03
5903,373.61
5904,375.74
5905,376.19
5906,375.977
5907,376.78
5908,376.00000000000006
5909,376.24
5910,378.11
5911,377.8
5912,374.33
5913,379.52
5914,378.532
5915,375.61999999999995
5916,375.825
5917,375.8
5918,376.3
5919,376.85
5920,376.6
5921,377.3
5922,378.55
5923,378.35
5924,377.81
5925,378.06
5926,377.94
5927,377.48
5928,377.39
5929,376.51599999999996
5930,376.853
5931,376.55
5932,376.53999999999996
5933,376.5899999999999
5934,376.88
5935,376.73
5936,376.74
5937,378.00000000000006
5938,377.14
5939,375.37
5940,375.84
5941,377.08099999999996
5942,376.64
5943,376.4
5944,377.66
5945,377.84
5946,377.3
5947,376.77
5948,376.75
5949,376.62
5950,377.05
5951,377.05
5952,376.9499
5953,377.11
5954,377.33
5955,377.65
5956,378.73
5957,378.5
5958,378.26
5959,378.23
5960,377.34999999999997
5961,377.8
5962,375.67
5963,375.67
5964,378.6599
5965,380.77
5966,380.895
5967,381.83
5968,382.79
5969,382.55
5970,381.91
5971,381.9
5972,381.7
5973,382.00000000000006
5974,383.37
5975,382.8
5976,382.834
5977,382.2
5978,381.93
5979,381.83
5980,381.27
5981,381.148
5982,381.16
5983,380.78
5984,380.98
5985,380.85
5986,380.905
5987,380.005
5988,380.11000000000007
5989,380.59
5990,380.58
5991,380.24
5992,380.31
5993,378.8802
5994,380.53999999999996
5995,379.602
5996,379.38
5997,379.28
5998,378.86500000000007
5999,379.445
