,0
0,443.6
1,445.0901
2,443.6244
3,444.0400000000001
4,444.69999999999993
5,443.93
6,444.125
7,443.68360000000007
8,443.995
9,443.8450000000001
10,443.8
11,443.8
12,444.97
13,442.14
14,440.5674
15,440.0
16,440.93000000000006
17,441.85
18,440.89
19,442.79
20,442.71
21,444.27
22,445.28
23,446.55
24,444.55
25,443.45
26,443.5
27,444.62
28,445.03
29,445.9
30,445.99000000000007
31,446.64
32,447.58
33,445.6
34,445.26
35,444.6600000000001
36,443.83
37,440.81
38,441.8
39,437.62000000000006
40,434.7599
41,434.8499
42,437.49500000000006
43,440.4051
44,439.625
45,441.8
46,442.53
47,442.3999999999999
48,441.52
49,439.21
50,438.23519999999996
51,440.2
52,438.35999999999996
53,438.6600000000001
54,439.58
55,436.55
56,436.37
57,437.4
58,438.8
59,437.45
60,436.6
61,437.45
62,438.5
63,440.69999999999993
64,441.03
65,441.065
66,446.01000000000005
67,448.3301
68,451.282
69,450.47999999999996
70,448.2
71,449.59
72,450.0
73,451.67199999999997
74,453.53999999999996
75,451.9
76,454.1499999999999
77,455.3
78,455.25
79,454.40000000000003
80,454.94
81,455.4700000000001
82,456.24999999999994
83,457.4
84,456.17999999999995
85,456.958
86,457.69989999999996
87,457.59
88,457.33
89,456.775
90,456.59999999999997
91,456.91
92,452.59999999999997
93,453.59
94,452.06000000000006
95,451.02000000000004
96,451.73499999999996
97,450.71
98,450.84
99,450.03000000000003
100,449.439
101,449.19500000000005
102,449.7
103,449.73
104,448.21
105,449.59
106,449.13
107,448.997
108,449.65
109,448.91900000000004
110,448.8309999999999
111,448.47100000000006
112,449.00000000000006
113,449.85
114,450.0
115,450.88
116,448.54999999999995
117,448.81999999999994
118,448.71
119,455.62
120,453.15
121,451.37000000000006
122,449.36
123,449.64000000000004
124,448.805
125,448.70000000000005
126,446.7480000000002
127,447.964
128,450.6
129,451.65
130,448.2849
131,448.8999
132,447.75
133,447.00000000000006
134,447.13
135,447.505
136,447.14500000000004
137,447.75
138,447.78999999999996
139,446.65000000000003
140,447.6700000000001
141,446.95000000000005
142,447.84
143,447.43999999999994
144,448.9
145,448.91
146,446.62
147,445.04
148,446.0601
149,444.71950000000004
150,444.52
151,444.76
152,443.14500000000004
153,443.41
154,443.7148
155,442.23
156,443.4747
157,444.65899999999993
158,443.78279999999995
159,444.89
160,443.55
161,443.77
162,444.7300000000001
163,445.00000000000006
164,445.93
165,447.11999999999995
166,446.99
167,445.8799000000001
168,444.54
169,444.4100000000001
170,444.25
171,444.34
172,444.36000000000007
173,441.59000000000003
174,442.46
175,441.17
176,441.00000000000006
177,439.23
178,439.77990000000005
179,443.63
180,446.0
181,445.94
182,443.28
183,443.16
184,444.2
185,443.38
186,443.6700000000001
187,442.99
188,443.16
189,443.6
190,443.5
191,442.81010000000003
192,443.06999999999994
193,443.24
194,442.72
195,442.19
196,442.92
197,443.38999999999993
198,443.16
199,443.065
200,444.68000000000006
201,447.29
202,451.18
203,450.3
204,449.82
205,451.29
206,452.35
207,452.43000000000006
208,451.795
209,454.69
210,454.54999999999995
211,455.08009999999996
212,454.59999999999997
213,455.64
214,455.45559999999995
215,454.36
216,454.8399999999999
217,454.845
218,454.62
219,454.0355
220,455.41
221,455.92
222,454.87500000000006
223,454.78
224,454.27
225,453.94
226,453.95
227,457.9898999999999
228,460.72
229,460.72
230,460.88
231,460.42
232,460.13000000000005
233,458.41
234,456.24999999999994
235,456.3
236,456.81
237,454.76
238,453.53999999999996
239,453.2
240,453.5801000000001
241,453.37000000000006
242,454.06000000000006
243,454.1753
244,455.3
245,455.173
246,455.33
247,456.19999999999993
248,455.05
249,455.4200000000001
250,455.49000000000007
251,455.34000000000003
252,454.88999999999993
253,454.88999999999993
254,453.7834
255,455.7575
256,457.28
257,456.22999999999996
258,455.23999999999995
259,454.39
260,454.59999999999997
261,453.74000000000007
262,453.19500000000005
263,453.25
264,453.59
265,453.16
266,454.19999999999993
267,455.55999999999995
268,455.99
269,455.6
270,456.1944
271,458.36
272,457.7049999999999
273,456.51
274,456.8809
275,457.01
276,457.65
277,456.54999999999995
278,456.51
279,456.73
280,456.73
281,461.87
282,462.26
283,463.32
284,462.43
285,460.8500000000001
286,462.02
287,462.61
288,461.8
289,462.56999999999994
290,462.72
291,462.36
292,462.50000000000006
293,462.26
294,462.06
295,461.92999999999995
296,460.76
297,461.30710000000005
298,461.36
299,462.215
300,463.1700000000001
301,463.0199
302,463.28999999999996
303,463.72
304,464.4
305,465.75
306,466.41
307,466.1
308,464.2501
309,463.01
310,467.79009999999994
311,468.88
312,467.67999999999995
313,466.7901
314,466.29
315,467.2
316,468.19
317,467.47
318,466.39
319,466.68300000000005
320,466.68999999999994
321,466.61999999999995
322,467.413
323,467.21000000000004
324,467.2900000000001
325,467.55
326,467.64
327,468.50000000000006
328,470.5774
329,470.0199999999999
330,470.83
331,471.6
332,471.1
333,469.97
334,469.43
335,471.84
336,471.87499999999994
337,472.26
338,472.91
339,473.13
340,473.56000000000006
341,474.01
342,473.48
343,474.23
344,475.10999999999996
345,475.55
346,474.9700000000001
347,475.35999999999996
348,474.68
349,475.55
350,474.8
351,474.5
352,475.85
353,475.44
354,474.73999999999995
355,473.7001
356,474.33
357,474.50800000000004
358,474.75
359,475.18
360,475.05999999999995
361,475.72999999999996
362,477.6499999999999
363,480.555
364,477.73990000000003
365,476.7200000000001
366,475.10999999999996
367,475.35
368,475.47999999999996
369,474.75
370,475.88
371,477.2
372,477.18500000000006
373,476.27099999999996
374,476.57000000000005
375,476.41
376,475.12
377,474.94000000000005
378,475.13
379,474.22
380,474.3054
381,474.01
382,474.2149999999999
383,475.1118
384,474.7273
385,474.7950000000001
386,474.59000000000003
387,474.6000000000001
388,476.2
389,476.75
390,476.5
391,474.41
392,474.63
393,474.54
394,474.38999999999993
395,473.74999999999994
396,474.38
397,474.09
398,474.9688
399,475.3999999999999
400,475.74
401,475.85
402,476.6
403,477.0299999999999
404,476.995
405,478.28
406,478.09999999999997
407,477.63749999999993
408,477.1819
409,477.86
410,478.3500000000001
411,478.04
412,477.965
413,478.33
414,478.2
415,476.78999999999996
416,475.161
417,471.58000000000004
418,471.90000000000003
419,473.74
420,472.44
421,473.299
422,474.22
423,474.8
424,473.23
425,473.34
426,472.8
427,471.9800000000001
428,472.2699999999999
429,473.78
430,474.43
431,473.87
432,473.37
433,473.62
434,474.09999999999997
435,471.71
436,471.6729
437,470.9700000000001
438,472.03
439,471.5
440,471.82
441,471.84
442,476.06800000000004
443,473.71
444,474.49
445,473.95000000000005
446,473.1899
447,473.55
448,472.9700000000001
449,473.4
450,473.85
451,474.08
452,472.9
453,472.73
454,472.86
455,472.99000000000007
456,473.16
457,473.54
458,474.25000000000006
459,473.55
460,473.624
461,473.69999999999993
462,473.95000000000005
463,474.485
464,474.7072
465,474.5
466,474.58
467,474.95
468,474.88
469,477.0
470,477.69999999999993
471,477.6499999999999
472,478.23
473,478.73999999999995
474,478.43
475,477.6
476,478.14
477,478.58
478,478.97
479,479.361
480,479.055
481,478.4
482,478.23
483,478.45
484,478.80199999999996
485,479.1900999999999
486,480.53
487,480.29
488,480.13
489,479.15
490,479.29
491,478.73999999999995
492,477.78
493,477.69999999999993
494,478.3500000000001
495,478.33
496,482.15549999999996
497,481.14
498,482.855
499,481.19
500,483.124
501,485.52
502,485.35
503,484.9700000000001
504,484.51
505,484.71
506,483.8236
507,484.49
508,483.89
509,484.75
510,484.0
511,486.18
512,483.1
513,483.26
514,481.92
515,481.862
516,481.43
517,482.1001
518,482.6
519,482.45
520,481.83
521,483.21
522,483.02
523,480.99
524,483.7
525,482.29
526,484.17999999999995
527,484.01
528,483.24
529,482.23990000000003
530,481.57
531,484.3
532,481.99
533,480.13
534,480.22
535,481.5799
536,480.80779999999993
537,480.4972
538,479.62
539,478.635
540,476.91
541,477.2532
542,477.67
543,475.92
544,476.8935
545,476.9299
546,475.9
547,475.68
548,474.9
549,474.91
550,470.73
551,472.7802
552,473.33
553,478.5
554,475.99
555,476.24999999999994
556,475.07
557,477.415
558,478.83
559,477.71
560,477.41
561,476.5066
562,476.7113
563,478.05
564,478.94
565,477.9795
566,478.75
567,478.84
568,478.1
569,477.15
570,478.33
571,479.34
572,478.42499999999995
573,478.89
574,479.8
575,480.25
576,480.25
577,475.74
578,476.75
579,475.55
580,476.1
581,475.345
582,473.95
583,473.9
584,474.57
585,473.34
586,474.7
587,474.13
588,472.92900000000003
589,473.78
590,476.03
591,475.0588
592,475.68
593,475.46
594,475.69
595,475.41
596,475.48
597,474.4
598,473.79
599,473.72
600,474.22999999999996
601,474.51
602,474.85
603,474.7099999999999
604,472.9
605,471.68
606,471.5
607,470.85
608,470.1
609,470.65000000000003
610,471.97
611,471.51
612,472.39
613,471.41
614,472.61
615,472.28
616,472.5245
617,473.22
618,473.56
619,475.05
620,469.906
621,466.72
622,468.34000000000003
623,468.67
624,470.49
625,472.5
626,468.55
627,468.81
628,470.6
629,469.77
630,469.77
631,467.7279
632,468.04
633,468.97
634,468.8
635,468.02
636,466.65
637,465.68
638,467.66
639,467.23
640,468.405
641,466.825
642,466.43
643,465.7
644,465.5
645,465.82
646,466.8
647,466.86
648,466.99
649,467.5
650,468.14
651,467.8
652,468.4
653,468.07
654,467.65
655,467.49
656,467.74
657,467.65
658,466.09
659,465.1008
660,464.656
661,466.26
662,468.02
663,466.98
664,465.38
665,464.82
666,463.81
667,464.91
668,464.96
669,463.8
670,462.525
671,461.84
672,461.87
673,461.68
674,461.09
675,460.94
676,461.55
677,460.24
678,459.08
679,457.89000000000004
680,457.3325
681,455.63
682,454.29
683,454.49
684,454.12
685,450.2
686,448.85
687,449.2300000000001
688,446.358
689,445.85
690,443.785
691,444.8
692,446.94
693,446.46
694,444.12
695,444.09000000000003
696,445.0201
697,444.63000000000005
698,443.4
699,443.175
700,442.7
701,443.7301
702,441.54999999999995
703,441.13
704,441.75
705,440.94
706,442.0
707,443.72900000000004
708,445.41
709,445.51
710,445.52
711,445.62999999999994
712,440.042
713,441.48
714,440.0499
715,436.599
716,435.26
717,437.56
718,437.96
719,437.57
720,438.3
721,438.77
722,438.67
723,437.48
724,439.32
725,439.23
726,438.43
727,438.88
728,437.9
729,436.94
730,437.4
731,437.4
732,438.21
733,437.78
734,438.18
735,436.6992
736,436.8735
737,435.07
738,435.06
739,439.09
740,441.15
741,442.39599999999996
742,441.95009999999996
743,440.30000000000007
744,442.2
745,443.06999999999994
746,442.99
747,445.48
748,446.4984
749,446.155
750,446.76
751,446.9632
752,445.83
753,444.45
754,444.0411
755,443.3
756,442.85
757,442.6201
758,443.34000000000003
759,441.95
760,442.12
761,440.9
762,439.42
763,440.47
764,440.19
765,440.19
766,447.88
767,449.5072
768,450.2
769,451.49
770,449.315
771,449.39
772,450.17
773,449.0
774,448.54
775,448.13
776,448.55
777,448.93999999999994
778,448.8007
779,448.67
780,447.1101
781,447.98
782,448.22
783,450.0
784,449.22
785,448.35
786,448.6175999999999
787,449.36
788,449.35
789,449.69
790,449.12
791,448.31
792,448.32
793,447.04
794,447.45
795,444.46
796,443.91
797,443.23
798,441.76
799,442.45
800,441.18
801,442.38
802,441.42
803,440.41
804,440.76
805,440.56
806,440.7036
807,439.66
808,438.8
809,439.12
810,438.78
811,438.8
812,438.28
813,437.31
814,437.2709
815,437.7737
816,437.98
817,438.69
818,438.26
819,438.4
820,426.11
821,424.39
822,422.66
823,421.71
824,423.44000000000005
825,423.48
826,422.1700000000001
827,420.51
828,419.67
829,418.88
830,419.2
831,420.13000000000005
832,418.0
833,418.98
834,420.16
835,419.4768000000001
836,418.94
837,420.08
838,421.6669
839,420.916
840,421.83
841,421.2
842,421.49
843,420.18
844,421.68
845,421.91
846,421.90000000000003
847,419.27
848,424.8
849,423.0583
850,421.43
851,419.29
852,418.93
853,417.7
854,418.06
855,419.06999999999994
856,419.2205
857,418.5
858,419.0
859,418.58
860,418.14
861,418.18
862,419.21
863,419.1
864,419.3199
865,419.25
866,419.02
867,419.24
868,419.1
869,418.51
870,417.96
871,418.855
872,418.42
873,418.52
874,416.2
875,420.16
876,420.45
877,419.8668
878,419.72
879,420.1325
880,419.28
881,418.33
882,418.05
883,417.06
884,417.29999999999995
885,416.4243
886,417.51
887,417.7
888,418.1
889,417.8
890,417.88300000000004
891,419.2
892,422.6694
893,421.0
894,421.8801
895,421.94
896,423.97
897,423.59
898,423.3
899,423.24
900,423.12
901,423.72
902,425.3
903,424.68
904,425.97999999999996
905,425.92
906,426.548
907,426.2
908,426.415
909,426.02
910,426.17
911,426.35
912,426.22
913,426.63
914,426.029
915,426.19
916,426.48
917,426.07
918,425.97
919,427.07
920,426.62
921,426.87
922,427.28
923,428.38
924,425.65
925,425.35
926,425.2
927,425.21000000000004
928,427.575
929,428.8381
930,428.295
931,423.1499999999999
932,423.79
933,425.95
934,426.50000000000006
935,426.51
936,426.3
937,426.58
938,426.16
939,426.05
940,426.52
941,427.17
942,427.42
943,427.71
944,427.805
945,426.9
946,426.4
947,427.0075
948,426.2099999999999
949,426.42
950,425.875
951,426.0353
952,425.75000000000006
953,424.921
954,425.07
955,425.07
956,425.0
957,425.0
958,433.56
959,435.34
960,438.44699999999995
961,438.48
962,437.52
963,439.25
964,440.08
965,440.41
966,440.55000000000007
967,441.11
968,441.25
969,440.23
970,440.41
971,440.73159999999996
972,440.42
973,439.91
974,439.98
975,440.75
976,440.39
977,440.085
978,440.15
979,440.2
980,440.67
981,439.01000000000005
982,439.09
983,438.48999999999995
984,438.28
985,434.4405
986,432.92
987,432.844
988,432.69
989,429.49
990,430.62
991,428.25
992,427.62
993,425.29
994,427.32950000000005
995,425.79
996,425.0
997,423.7872
998,425.39
999,423.43
1000,423.53
1001,424.0280000000001
1002,423.74
1003,423.14
1004,424.24
1005,423.38
1006,423.22
1007,424.6411
1008,423.38
1009,423.79
1010,421.88
1011,421.75
1012,421.1012
1013,420.1795
1014,419.78
1015,419.18570000000005
1016,420.99
1017,421.2200000000001
1018,421.49
1019,421.165
1020,421.465
1021,420.45
1022,419.43000000000006
1023,418.87000000000006
1024,417.2
1025,418.9
1026,418.53
1027,418.0
1028,418.84
1029,418.12
1030,417.63999999999993
1031,417.03
1032,417.73
1033,416.529
1034,416.4
1035,417.43
1036,418.1
1037,418.16
1038,416.84
1039,413.3
1040,412.355
1041,410.57
1042,411.55
1043,413.84999999999997
1044,413.9899
1045,412.75
1046,412.9275
1047,413.7
1048,413.91
1049,413.93
1050,415.16
1051,416.12
1052,416.2900000000001
1053,415.9
1054,416.09
1055,416.69
1056,416.03
1057,416.51
1058,415.3500000000001
1059,415.01
1060,413.88
1061,414.09
1062,414.43
1063,414.93
1064,414.77000000000004
1065,419.02
1066,418.4534
1067,417.58
1068,416.345
1069,416.56
1070,417.4800000000001
1071,419.71
1072,420.61999999999995
1073,419.2
1074,421.16
1075,421.3399999999999
1076,421.44999999999993
1077,421.69
1078,421.87499999999994
1079,421.8
1080,421.49
1081,421.46
1082,421.9398
1083,422.21000000000004
1084,422.67
1085,422.84000000000003
1086,423.85
1087,423.47
1088,422.25
1089,422.82
1090,422.56
1091,422.56999999999994
1092,417.03
1093,418.61
1094,420.1671999999999
1095,420.4662000000001
1096,420.9142
1097,420.81
1098,422.43
1099,422.73
1100,421.57
1101,420.825
1102,420.01500000000004
1103,421.62999999999994
1104,421.78
1105,421.21880000000004
1106,421.355
1107,421.06999999999994
1108,422.66
1109,421.77
1110,422.11
1111,420.79999999999995
1112,420.6600000000001
1113,420.79
1114,419.0311
1115,418.46
1116,417.52
1117,416.82
1118,416.69
1119,414.02
1120,413.77
1121,412.25
1122,411.98
1123,412.99999999999994
1124,412.98
1125,412.43999999999994
1126,413.28999999999996
1127,414.228
1128,413.84
1129,413.15059999999994
1130,412.93000000000006
1131,412.95
1132,411.61199999999997
1133,412.065
1134,413.4
1135,412.99999999999994
1136,413.49000000000007
1137,411.63
1138,411.44
1139,411.22
1140,411.94
1141,411.7699999999999
1142,411.70000000000005
1143,411.93
1144,413.13
1145,414.50000000000006
1146,414.74500000000006
1147,417.02
1148,416.57
1149,414.47
1150,413.5
1151,412.746
1152,413.20000000000005
1153,414.03
1154,413.9089
1155,413.35
1156,414.06
1157,414.21000000000004
1158,414.2
1159,414.17
1160,415.36
1161,415.01
1162,415.01
1163,414.61000000000007
1164,414.81
1165,414.2300000000001
1166,413.89
1167,414.73800000000006
1168,414.51199999999994
1169,414.64
1170,414.17
1171,412.59
1172,411.331
1173,413.4
1174,415.79
1175,415.3
1176,416.28
1177,417.11
1178,417.6799
1179,419.32800000000003
1180,419.94999999999993
1181,420.74
1182,420.81
1183,420.83400000000006
1184,420.88999999999993
1185,422.17
1186,422.57599999999996
1187,422.36
1188,422.7900000000001
1189,421.78
1190,422.18999999999994
1191,422.25
1192,422.35
1193,422.2909
1194,422.29999999999995
1195,422.73
1196,422.32
1197,422.31
1198,423.97999999999996
1199,422.15
1200,422.61
1201,423.78000000000003
1202,424.51
1203,423.89
1204,422.9700000000001
1205,422.2
1206,422.63999999999993
1207,422.99
1208,422.08
1209,422.24
1210,420.5
1211,422.15
1212,422.82
1213,423.06000000000006
1214,423.795
1215,423.28
1216,424.3539
1217,424.2
1218,424.69999999999993
1219,424.1899
1220,425.2
1221,424.6
1222,423.9100000000001
1223,423.56
1224,423.46
1225,436.79999999999995
1226,435.24
1227,435.33
1228,434.99
1229,434.4798
1230,435.08
1231,436.25
1232,436.79999999999995
1233,438.06
1234,437.905
1235,438.42
1236,438.69
1237,439.07
1238,438.76
1239,438.4601
1240,439.18
1241,438.52
1242,438.5
1243,438.9700000000001
1244,440.1
1245,439.47
1246,438.88
1247,438.32
1248,439.18
1249,440.545
1250,441.47
1251,441.34999999999997
1252,438.305
1253,438.79
1254,439.88
1255,439.35
1256,437.815
1257,438.46000000000004
1258,437.535
1259,436.54
1260,436.77
1261,437.4
1262,437.00000000000006
1263,437.24999999999994
1264,436.65
1265,436.103
1266,435.65
1267,435.6
1268,435.9
1269,435.51
1270,435.31
1271,435.6564
1272,436.25399999999996
1273,437.89
1274,438.55
1275,438.84000000000003
1276,438.5299999999999
1277,439.58000000000004
1278,439.5
1279,448.649
1280,451.51
1281,450.9443
1282,451.39000000000004
1283,450.66
1284,450.87
1285,450.25
1286,452.52
1287,452.52
1288,452.22
1289,453.24999999999994
1290,452.8128
1291,452.9100000000001
1292,452.68
1293,452.2794
1294,452.2
1295,452.84
1296,453.74000000000007
1297,454.4
1298,454.251
1299,454.6
1300,454.5
1301,454.5
1302,454.03
1303,453.86
1304,454.74
1305,454.57
1306,478.16
1307,477.09
1308,479.7901
1309,482.63390000000004
1310,483.2
1311,482.8298
1312,482.2664
1313,481.6234
1314,482.1699
1315,479.704
1316,478.95
1317,479.02099999999996
1318,478.59
1319,477.83
1320,477.4
1321,477.4725000000001
1322,476.19999999999993
1323,476.46
1324,475.63
1325,475.62
1326,474.68
1327,474.68
1328,479.105
1329,476.40000000000003
1330,476.83
1331,475.25
1332,476.05
1333,475.94
1334,476.61
1335,476.01
1336,474.3852
1337,473.23999999999995
1338,473.75
1339,473.87
1340,474.35400000000004
1341,473.07
1342,472.77000000000004
1343,473.08
1344,472.78399999999993
1345,472.42
1346,474.05
1347,475.51
1348,477.49999999999994
1349,477.7399
1350,476.815
1351,475.8059999999999
1352,478.26000000000005
1353,478.68
1354,480.0
1355,476.68
1356,475.74
1357,474.06
1358,474.61
1359,474.76
1360,475.344
1361,474.5
1362,473.369
1363,473.1
1364,472.56
1365,471.96
1366,473.2
1367,474.7543999999999
1368,474.88
1369,474.87
1370,474.595
1371,475.20079999999996
1372,475.42
1373,475.31
1374,475.13
1375,474.2900000000001
1376,473.38
1377,474.3388
1378,474.45000000000005
1379,475.74
1380,475.46000000000004
1381,535.14
1382,541.55
1383,545.12
1384,542.68
1385,545.73
1386,542.52
1387,543.3325
1388,543.29
1389,542.46
1390,544.82
1391,547.5
1392,549.33
1393,549.92
1394,555.2
1395,554.14
1396,553.0
1397,553.25
1398,554.98
1399,555.9
1400,556.53
1401,559.36
1402,561.83
1403,564.68
1404,566.26
1405,564.7
1406,562.05
1407,562.05
1408,567.8901
1409,573.07
1410,569.0
1411,571.23
1412,572.51
1413,570.215
1414,566.9275
1415,569.27
1416,566.46
1417,571.37
1418,567.37
1419,570.5
1420,569.59
1421,571.0555
1422,570.11
1423,568.61
1424,568.9
1425,567.52
1426,565.69
1427,566.51
1428,567.531
1429,566.89
1430,572.25
1431,571.35
1432,569.23
1433,571.69
1434,571.81
1435,570.06
1436,573.925
1437,570.7101
1438,568.225
1439,568.3999
1440,569.7208
1441,567.9
1442,567.48
1443,567.2
1444,566.52
1445,564.2
1446,564.2
1447,563.839
1448,564.1659999999998
1449,565.9999
1450,565.5301
1451,569.41
1452,572.0296
1453,571.7040000000002
1454,570.651
1455,569.77
1456,569.82
1457,569.56
1458,568.59
1459,567.35
1460,567.38
1461,567.39
1462,563.27
1463,561.934
1464,563.8199
1465,562.5
1466,561.92
1467,561.98
1468,560.56
1469,561.429
1470,562.7799
1471,562.5499
1472,562.05
1473,561.7703
1474,560.89
1475,561.51
1476,562.005
1477,561.11
1478,559.979
1479,559.97
1480,559.53
1481,560.81
1482,561.44
1483,561.05
1484,561.25
1485,560.36
1486,560.49
1487,560.19
1488,561.9
1489,561.36
1490,561.88
1491,561.02
1492,561.73
1493,562.064
1494,562.5
1495,562.34
1496,561.8
1497,561.78
1498,560.98
1499,560.6759999999998
1500,558.64
1501,558.74
1502,558.01
1503,557.93
1504,557.7
1505,559.4301
1506,558.86
1507,559.76
1508,560.22
1509,560.24
1510,559.31
1511,559.86
1512,557.86
1513,557.25
1514,557.68
1515,555.28
1516,555.23
1517,554.14
1518,552.87
1519,555.26
1520,554.8
1521,555.875
1522,556.9
1523,555.58
1524,556.03
1525,556.22
1526,556.19
1527,556.92
1528,558.28
1529,558.63
1530,558.3576
1531,558.44
1532,561.615
1533,561.41
1534,560.81
1535,560.615
1536,560.62
1537,561.3
1538,560.16
1539,559.29
1540,558.925
1541,559.06
1542,563.95
1543,564.24
1544,562.2
1545,560.655
1546,560.83
1547,560.53
1548,561.1877
1549,561.02
1550,559.57
1551,559.79
1552,560.56
1553,559.69
1554,560.16
1555,559.71
1556,558.84
1557,560.01
1558,560.22
1559,559.36
1560,559.92
1561,559.24
1562,558.27
1563,558.39
1564,557.23
1565,557.48
1566,558.21
1567,558.4
1568,558.395
1569,564.21
1570,567.45
1571,565.49
1572,568.34
1573,569.4
1574,569.4901
1575,570.98
1576,571.22
1577,571.63
1578,571.5401
1579,569.8194
1580,569.53
1581,567.65
1582,567.9
1583,568.4590000000002
1584,568.66
1585,568.0
1586,569.46
1587,569.43
1588,569.84
1589,569.81
1590,570.11
1591,568.9
1592,566.849
1593,565.502
1594,566.06
1595,566.08
1596,563.4259999999998
1597,564.17
1598,560.12
1599,564.22
1600,565.235
1601,566.895
1602,568.305
1603,565.73
1604,566.98
1605,567.17
1606,567.174
1607,566.4062
1608,564.83
1609,565.945
1610,566.11
1611,565.3
1612,564.74
1613,563.77
1614,563.83
1615,564.48
1616,565.015
1617,564.55
1618,564.05
1619,563.51
1620,563.66
1621,562.97
1622,563.06
1623,561.0
1624,561.36
1625,558.7
1626,558.63
1627,561.63
1628,561.34
1629,562.0
1630,562.81
1631,561.66
1632,561.71
1633,560.1924
1634,559.67
1635,560.0
1636,560.21
1637,560.395
1638,559.505
1639,560.35
1640,560.731
1641,559.29
1642,563.6
1643,566.855
1644,565.3822
1645,563.81
1646,562.86
1647,562.86
1648,562.81
1649,562.85
1650,563.445
1651,560.68
1652,559.77
1653,558.59
1654,557.7
1655,557.89
1656,559.015
1657,558.85
1658,558.56
1659,557.98
1660,558.76
1661,558.5
1662,558.78
1663,558.55
1664,558.1759999999998
1665,557.26
1666,557.35
1667,556.88
1668,557.02
1669,556.05
1670,557.0
1671,555.93
1672,554.8
1673,555.67
1674,556.49
1675,556.59
1676,559.02
1677,556.45
1678,555.56
1679,557.33
1680,556.9
1681,556.935
1682,556.76
1683,556.45
1684,555.55
1685,554.91
1686,553.57
1687,552.92
1688,553.7208
1689,554.78
1690,555.13
1691,554.81
1692,553.3
1693,556.0
1694,555.76
1695,556.11
1696,556.47
1697,556.23
1698,557.0
1699,556.36
1700,556.33
1701,556.9699
1702,557.03
1703,556.7
1704,555.72
1705,556.19
1706,556.33
1707,554.895
1708,553.112
1709,554.88
1710,555.69
1711,556.4
1712,555.86
1713,555.72
1714,555.69
1715,554.77
1716,554.47
1717,554.1
1718,553.707
1719,553.852
1720,553.96
1721,553.26
1722,554.265
1723,554.97
1724,553.39
1725,553.25
1726,555.21
1727,555.64
1728,554.76
1729,554.9
1730,568.5
1731,569.98
1732,570.26
1733,570.99
1734,571.48
1735,576.09
1736,574.0498
1737,575.83
1738,573.89
1739,573.655
1740,573.68
1741,573.2
1742,572.8
1743,570.64
1744,568.7
1745,569.48
1746,568.7774
1747,568.86
1748,566.6367
1749,566.85
1750,567.445
1751,567.7
1752,567.8701
1753,567.76
1754,566.78
1755,565.46
1756,563.0762
1757,563.32
1758,560.92
1759,562.005
1760,563.02
1761,563.07
1762,562.54
1763,562.15
1764,561.59
1765,562.14
1766,559.34
1767,560.68
1768,559.61
1769,559.05
1770,558.986
1771,558.51
1772,558.75
1773,558.71
1774,558.31
1775,558.2253
1776,557.42
1777,557.9914
1778,557.66
1779,557.8592
1780,558.0
1781,560.587
1782,560.54
1783,563.235
1784,558.79
1785,559.02
1786,558.26
1787,558.63
1788,558.045
1789,558.77
1790,559.48
1791,558.33
1792,557.55
1793,557.9499
1794,558.34
1795,560.331
1796,561.61
1797,562.28
1798,561.75
1799,562.38
1800,562.36
1801,563.18
1802,562.75
1803,563.97
1804,564.0
1805,563.785
1806,562.89
1807,563.5
1808,565.5419999999998
1809,565.24
1810,570.5
1811,570.23
1812,570.0
1813,571.96
1814,571.65
1815,572.32
1816,572.895
1817,573.21
1818,573.08
1819,573.39
1820,572.18
1821,571.46
1822,571.5239
1823,570.9
1824,571.4
1825,570.8
1826,570.84
1827,571.07
1828,571.73
1829,572.18
1830,571.9875
1831,572.64
1832,572.69
1833,573.85
1834,574.03
1835,574.61
1836,574.6
1837,583.88
1838,583.19
1839,583.72
1840,581.81
1841,580.694
1842,583.36
1843,586.5
1844,588.23
1845,588.78
1846,589.42
1847,588.0162
1848,588.9019999999998
1849,588.79
1850,588.8
1851,592.136
1852,591.5
1853,591.559
1854,590.75
1855,591.0755
1856,592.29
1857,592.41
1858,591.59
1859,589.36
1860,588.695
1861,588.37
1862,590.02
1863,589.945
1864,583.68
1865,583.41
1866,583.81
1867,583.0
1868,584.4279
1869,582.96
1870,584.15
1871,583.29
1872,582.7
1873,582.63
1874,582.59
1875,583.03
1876,584.06
1877,583.6
1878,585.0
1879,584.33
1880,583.47
1881,582.5
1882,582.56
1883,583.62
1884,583.5
1885,582.69
1886,582.0
1887,582.27
1888,583.15
1889,583.8
1890,583.64
1891,585.62
1892,586.0514
1893,587.26
1894,586.1813
1895,585.6333
1896,584.07
1897,583.06
1898,584.7499
1899,585.72
1900,586.67
1901,585.5
1902,584.69
1903,585.344
1904,584.97
1905,585.8
1906,585.66
1907,585.43
1908,585.09
1909,583.951
1910,582.3
1911,582.7699
1912,581.55
1913,581.42
1914,579.33
1915,579.99
1916,580.16
1917,577.61
1918,578.65
1919,581.7195
1920,581.13
1921,579.9
1922,579.2949
1923,579.63
1924,579.6101
1925,580.67
1926,581.5
1927,581.47
1928,582.49
1929,583.41
1930,583.75
1931,584.25
1932,584.23
1933,583.72
1934,583.13
1935,584.5936
1936,585.1605
1937,584.38
1938,583.485
1939,584.4899
1940,584.5
1941,586.25
1942,587.05
1943,602.49
1944,604.91
1945,608.7
1946,610.9755
1947,615.14
1948,616.2399999999999
1949,614.65
1950,614.52
1951,614.1199999999999
1952,614.65
1953,614.13
1954,613.0500000000001
1955,612.68
1956,614.4875
1957,614.7
1958,613.9199
1959,614.09
1960,616.0
1961,615.7959999999998
1962,616.73
1963,616.4800000000001
1964,615.44
1965,614.105
1966,614.21
1967,613.9300000000001
1968,613.26
1969,613.745
1970,617.5
1971,614.3399
1972,613.83
1973,617.02
1974,614.17
1975,613.99
1976,614.52
1977,616.61
1978,614.73
1979,614.635
1980,614.7043999999999
1981,614.5
1982,615.2599
1983,615.66
1984,614.8717
1985,614.9375000000001
1986,615.6
1987,616.06
1988,616.7399999999999
1989,617.88
1990,617.71
1991,618.16
1992,618.7
1993,619.13
1994,617.8600000000001
1995,625.675
1996,626.6199999999999
1997,627.875
1998,626.452
1999,626.44
2000,626.0
2001,626.4401
2002,625.56
2003,623.5
2004,623.86
2005,621.1825
2006,621.2999999999998
2007,620.42
2008,621.11
2009,621.4999999999999
2010,619.57
2011,619.845
2012,618.5000000000001
2013,617.9698
2014,618.775
2015,616.5
2016,617.0
2017,615.3699999999999
2018,615.2
2019,615.0
2020,616.46
2021,611.56
2022,612.51
2023,614.6199
2024,615.025
2025,616.3
2026,615.47
2027,615.102
2028,616.25
2029,615.45
2030,614.2500000000001
2031,615.78
2032,617.61
2033,617.5719
2034,618.3698
2035,618.25
2036,617.64
2037,618.4001
2038,618.98
2039,620.28
2040,623.4
2041,622.28
2042,622.2201
2043,620.5796
2044,620.1100000000001
2045,619.83
2046,621.63
2047,621.53
2048,622.31
2049,621.531
2050,622.0
2051,622.75
2052,621.02
2053,620.8
2054,621.21
2055,619.45
2056,618.632
2057,619.76
2058,618.7601
2059,618.5350000000001
2060,619.58
2061,620.7600000000001
2062,620.64
2063,620.6701000000002
2064,620.365
2065,619.582
2066,619.68
2067,620.6
2068,621.8
2069,621.87
2070,621.75
2071,622.49
2072,623.629
2073,622.86
2074,623.0200000000001
2075,624.0299999999999
2076,624.7200000000001
2077,624.54
2078,622.9135
2079,622.7811
2080,622.67
2081,622.32
2082,621.7101
2083,621.09
2084,622.23
2085,621.4999999999999
2086,622.44
2087,622.3
2088,622.3
2089,622.83
2090,623.15
2091,623.3501
2092,623.84
2093,623.302
2094,623.9699
2095,623.9
2096,624.46
2097,624.5219999999998
2098,623.24
2099,623.26
2100,621.86
2101,621.87
2102,621.118
2103,619.95
2104,618.08
2105,619.3099999999998
2106,618.25
2107,618.49
2108,617.765
2109,616.68
2110,617.17
2111,618.02
2112,617.97
2113,616.79
2114,616.73
2115,616.09
2116,615.67
2117,616.07
2118,615.73
2119,614.9887
2120,614.87
2121,614.8
2122,616.32
2123,615.2
2124,616.2400000000001
2125,616.17
2126,617.75
2127,615.9300999999999
2128,615.9499999999999
2129,621.04
2130,619.36
2131,619.93
2132,618.89
2133,620.81
2134,620.395
2135,621.0
2136,620.01
2137,620.26
2138,620.1450000000001
2139,620.2871
2140,620.0255
2141,620.53
2142,620.89
2143,622.67
2144,623.163
2145,623.625
2146,623.7599999999999
2147,622.71
2148,622.24
2149,622.67
2150,623.91
2151,624.69
2152,625.35
2153,627.46
2154,629.01
2155,629.0
2156,624.78
2157,624.09
2158,624.17
2159,626.3100000000001
2160,626.686
2161,627.12
2162,626.8699999999999
2163,627.51
2164,626.95
2165,625.5201
2166,625.05
2167,625.36
2168,626.2259999999999
2169,625.0
2170,625.0
2171,625.47
2172,626.32
2173,626.76
2174,626.38
2175,627.444
2176,627.12
2177,626.9
2178,627.79
2179,626.2505000000001
2180,627.01
2181,626.34
2182,626.55
2183,626.47
2184,629.43
2185,629.9674
2186,628.6
2187,626.5
2188,626.5
2189,625.61
2190,625.05
2191,626.145
2192,624.83
2193,625.5
2194,625.9
2195,627.12
2196,625.68
2197,625.24
2198,624.7899999999998
2199,625.11
2200,625.21
2201,624.2500000000001
2202,623.9
2203,623.0980000000002
2204,624.0700000000002
2205,623.97
2206,623.9599999999999
2207,624.86
2208,624.0700000000002
2209,624.06
2210,618.8599
2211,617.01
2212,616.4019999999998
2213,618.7000000000002
2214,617.925
2215,620.87
2216,620.4
2217,620.06
2218,620.53
2219,620.46
2220,619.83
2221,621.25
2222,620.16
2223,621.27
2224,620.81
2225,621.47
2226,622.59
2227,622.86
2228,622.17
2229,622.565
2230,622.6
2231,622.29
2232,622.48
2233,622.69
2234,622.87
2235,622.9
2236,623.0200000000001
2237,620.84
2238,620.8
2239,621.93
2240,619.83
2241,621.63
2242,619.5
2243,619.92
2244,618.84
2245,619.7098999999998
2246,619.8899999999999
2247,622.4949999999999
2248,623.025
2249,623.75
2250,626.44
2251,626.5650000000002
2252,625.3500999999999
2253,625.53
2254,625.41
2255,624.92
2256,624.5
2257,624.01
2258,623.23
2259,622.24
2260,623.65
2261,624.4099999999999
2262,623.75
2263,623.91
2264,625.09
2265,625.4800000000001
2266,626.1
2267,626.2328
2268,624.83
2269,625.404
2270,625.11
2271,624.2819999999998
2272,625.02
2273,625.4
2274,625.305
2275,623.1
2276,623.1799999999998
2277,622.52
2278,622.3729000000001
2279,623.1099999999999
2280,622.525
2281,622.317
2282,622.36
2283,622.635
2284,623.03
2285,622.1
2286,621.7867
2287,621.0
2288,621.09
2289,621.67
2290,621.66
2291,619.4
2292,621.17
2293,622.5700000000002
2294,622.13
2295,621.98
2296,622.85
2297,623.55
2298,622.9999999999999
2299,623.65
2300,624.48
2301,624.5865
2302,625.1000000000001
2303,625.0433
2304,624.0500000000001
2305,624.235
2306,622.9999999999999
2307,622.2250000000001
2308,620.5
2309,621.745
2310,622.9
2311,622.0799999999999
2312,622.705
2313,623.1999999999999
2314,623.6
2315,624.5200000000001
2316,625.52
2317,625.1000000000001
2318,627.15
2319,628.165
2320,630.01
2321,630.52
2322,630.26
2323,631.28
2324,630.82
2325,630.88
2326,631.02
2327,631.6249999999999
2328,630.0640000000001
2329,630.07
2330,631.28
2331,630.5
2332,631.17
2333,631.63
2334,631.2300000000001
2335,632.54
2336,632.9100000000001
2337,633.001
2338,631.75
2339,631.84
2340,631.7919999999998
2341,631.35
2342,633.24
2343,633.6499999999999
2344,631.19
2345,632.47
2346,631.96
2347,631.4
2348,630.73
2349,630.72
2350,631.05
2351,630.619
2352,630.39
2353,629.06
2354,628.7
2355,628.05
2356,628.0
2357,627.28
2358,625.6101
2359,625.13
2360,623.84
2361,624.85
2362,624.21
2363,625.34
2364,626.68
2365,626.298
2366,627.42
2367,628.1699
2368,627.2475
2369,627.26
2370,627.23
2371,629.4
2372,631.7699999999999
2373,634.031
2374,635.39
2375,641.283
2376,644.3899999999999
2377,644.13
2378,644.43
2379,646.06
2380,647.22
2381,645.61
2382,644.62
2383,645.29
2384,644.89
2385,644.72
2386,647.46
2387,645.6400000000001
2388,645.1499999999999
2389,645.59
2390,646.5309999999998
2391,645.98
2392,643.9399999999999
2393,645.6
2394,647.8
2395,646.5799999999999
2396,647.37
2397,647.15
2398,666.0000000000001
2399,672.372
2400,676.21
2401,680.42
2402,686.69
2403,687.63
2404,686.2555
2405,683.7104
2406,685.54
2407,682.0603
2408,679.321
2409,682.06
2410,684.48
2411,682.47
2412,681.3299
2413,677.7700000000001
2414,678.72
2415,678.1852
2416,674.87
2417,675.74
2418,677.16
2419,676.53
2420,675.7
2421,675.07
2422,673.78
2423,671.4
2424,671.1
2425,670.155
2426,667.6
2427,666.97
2428,665.41
2429,662.0
2430,658.8923
2431,659.4900000000001
2432,660.82
2433,663.0730000000001
2434,662.07
2435,661.6
2436,660.2719999999998
2437,660.94
2438,661.63
2439,662.37
2440,663.55
2441,663.9005
2442,663.9475000000001
2443,663.6300000000001
2444,663.96
2445,664.29
2446,666.9031
2447,665.38
2448,664.19
2449,664.8
2450,665.7099999999999
2451,665.66
2452,660.56
2453,661.83
2454,661.6
2455,660.65
2456,660.86
2457,659.828
2458,661.42
2459,660.86
2460,661.085
2461,660.545
2462,660.495
2463,660.2850000000001
2464,659.71
2465,659.74
2466,659.53
2467,660.3399999999999
2468,660.1
2469,660.341
2470,660.1400000000001
2471,660.24
2472,659.89
2473,659.75
2474,660.46
2475,661.04
2476,661.1899999999999
2477,660.89
2478,660.93
2479,649.71
2480,645.6
2481,644.05
2482,643.136
2483,642.29
2484,645.0
2485,646.64
2486,647.25
2487,649.25
2488,647.3
2489,648.827
2490,649.5539999999999
2491,648.7
2492,648.242
2493,648.92
2494,648.12
2495,648.44
2496,650.23
2497,652.3999999999999
2498,652.56
2499,653.77
2500,652.61
2501,652.3436
2502,653.26
2503,654.8180000000001
2504,654.02
2505,654.02
2506,663.3600000000001
2507,662.43
2508,662.56
2509,663.084
2510,663.7
2511,664.2100000000002
2512,666.1000000000001
2513,665.2899999999998
2514,663.75
2515,663.42
2516,661.22
2517,663.01
2518,663.9665000000001
2519,664.57
2520,663.885
2521,664.6
2522,664.93
2523,664.48
2524,665.16
2525,666.222
2526,667.45
2527,669.225
2528,667.74
2529,667.0299999999999
2530,666.79
2531,666.91
2532,666.91
2533,662.38
2534,662.4199
2535,661.23
2536,661.1800000000001
2537,662.59
2538,661.96
2539,661.7804
2540,659.4000000000001
2541,659.37
2542,659.5093
2543,658.77
2544,659.11
2545,659.75
2546,658.9519
2547,659.05
2548,659.79
2549,659.5
2550,659.7725
2551,662.34
2552,660.31
2553,662.7
2554,662.83
2555,661.882
2556,661.6200000000001
2557,661.44
2558,660.0
2559,659.9
2560,662.49
2561,664.86
2562,666.19
2563,664.94
2564,664.9
2565,666.07
2566,665.5
2567,666.39
2568,666.9860000000001
2569,666.8699
2570,666.2899999999998
2571,666.5499999999998
2572,665.9
2573,665.85
2574,665.645
2575,663.94
2576,663.975
2577,664.15
2578,663.8467999999999
2579,663.9500000000002
2580,663.48
2581,664.65
2582,663.71
2583,663.72
2584,663.4549999999999
2585,662.74
2586,663.2
2587,672.16
2588,668.18
2589,667.22
2590,666.94
2591,663.8
2592,664.3600000000001
2593,664.0269999999998
2594,664.76
2595,663.6
2596,662.8507000000001
2597,662.15
2598,660.5100000000001
2599,660.61
2600,660.5948
2601,660.5
2602,660.68
2603,660.49
2604,661.33
2605,660.7700000000001
2606,660.2
2607,659.8
2608,659.59
2609,659.25
2610,657.73
2611,659.49
2612,657.2
2613,661.89
2614,664.86
2615,672.7927
2616,670.8
2617,668.424
2618,670.39
2619,672.96
2620,672.31
2621,672.405
2622,669.5210000000002
2623,670.7299999999999
2624,671.49
2625,671.33
2626,672.2935
2627,672.0
2628,672.9295
2629,672.86
2630,673.77
2631,673.85
2632,673.72
2633,673.75
2634,674.252
2635,676.378
2636,674.645
2637,674.57
2638,674.93
2639,674.93
2640,676.41
2641,672.5799999999999
2642,676.68
2643,674.4
2644,673.3824
2645,676.13
2646,678.1700000000001
2647,678.4299
2648,678.685
2649,678.4401
2650,677.32
2651,676.37
2652,677.2
2653,675.5658
2654,676.1560000000002
2655,678.52
2656,678.83
2657,679.34
2658,679.3500000000001
2659,678.905
2660,679.41
2661,680.19
2662,679.99
2663,680.8186
2664,681.11
2665,681.19
2666,681.19
2667,691.77
2668,696.47
2669,700.7499999999999
2670,703.0
2671,692.71
2672,696.95
2673,692.1083
2674,689.43
2675,689.5699999999999
2676,683.71
2677,684.3499999999999
2678,683.32
2679,683.0
2680,686.07
2681,684.63
2682,681.23
2683,679.805
2684,682.14
2685,680.7600000000001
2686,679.34
2687,680.2901
2688,680.5000000000001
2689,680.0
2690,677.01
2691,677.51
2692,678.79
2693,678.6100000000001
2694,662.7300000000001
2695,661.43
2696,659.4000000000001
2697,656.0801
2698,658.87
2699,659.86
2700,661.65
2701,660.5
2702,661.9
2703,659.5500000000001
2704,659.91
2705,658.0
2706,657.56
2707,658.09
2708,658.33
2709,658.63
2710,657.37
2711,656.7964
2712,656.17
2713,655.6999999999999
2714,657.182
2715,657.32
2716,659.4680000000002
2717,662.56
2718,662.2
2719,664.41
2720,664.43
2721,660.36
2722,659.288
2723,658.42
2724,655.71
2725,655.195
2726,652.68
2727,654.2750000000001
2728,653.415
2729,653.84
2730,654.0
2731,654.61
2732,653.83
2733,653.27
2734,652.87
2735,652.91
2736,653.4799999999999
2737,653.99
2738,654.39
2739,653.98
2740,654.74
2741,655.0
2742,655.52
2743,655.93
2744,654.94
2745,654.69
2746,651.83
2747,651.62
2748,647.9299999999998
2749,642.8
2750,643.51
2751,640.95
2752,642.2
2753,642.36
2754,642.053
2755,643.876
2756,643.7001
2757,643.9
2758,646.935
2759,647.71
2760,648.75
2761,649.0977
2762,646.6123000000001
2763,648.0000000000001
2764,646.35
2765,645.5201
2766,644.7800000000001
2767,643.4
2768,644.64
2769,644.31
2770,644.8900000000001
2771,645.07
2772,644.42
2773,645.675
2774,652.4799999999999
2775,651.0495
2776,654.2
2777,656.41
2778,654.12
2779,655.02
2780,655.3480000000002
2781,656.0
2782,654.2
2783,653.51
2784,654.5799
2785,653.5899999999999
2786,654.25
2787,655.54
2788,656.8295
2789,657.15
2790,658.7819999999998
2791,659.23
2792,659.51
2793,658.28
2794,658.945
2795,658.45
2796,657.7760000000002
2797,657.6
2798,657.69
2799,658.09
2800,663.9632
2801,664.96
2802,665.61
2803,664.86
2804,664.24
2805,662.69
2806,661.13
2807,660.59
2808,659.59
2809,659.51
2810,658.2608
2811,658.8371
2812,656.29
2813,655.18
2814,654.1425
2815,654.62
2816,654.23
2817,655.69
2818,655.0079
2819,654.25
2820,653.13
2821,653.316
2822,653.32
2823,654.75
2824,655.25
2825,655.25
2826,655.17
2827,655.05
2828,653.86
2829,653.1875
2830,653.79
2831,655.224
2832,654.69
2833,655.67
2834,656.3
2835,657.35
2836,657.86
2837,657.36
2838,657.615
2839,656.8819999999998
2840,656.0701
2841,656.01
2842,655.65
2843,656.34
2844,655.915
2845,655.98
2846,656.19
2847,657.06
2848,656.7469
2849,657.76
2850,657.6433000000001
2851,658.56
2852,658.31
2853,656.5325
2854,658.95
2855,659.54
2856,658.5980000000002
2857,661.64
2858,662.31
2859,664.0
2860,662.7300000000001
2861,662.68
2862,661.8
2863,662.5100000000001
2864,663.37
2865,662.2575000000002
2866,662.28
2867,661.6
2868,660.89
2869,661.43
2870,661.57
2871,661.44
2872,659.5436
2873,659.31
2874,659.076
2875,660.11
2876,659.82
2877,659.64
2878,662.43
2879,661.52
2880,650.71
2881,653.51
2882,653.1213
2883,649.86
2884,653.05
2885,651.3
2886,650.7489
2887,649.83
2888,652.442
2889,655.08
2890,657.95
2891,657.48
2892,657.15
2893,655.18
2894,654.36
2895,653.25
2896,656.9701
2897,658.28
2898,657.41
2899,657.5
2900,656.99
2901,658.65
2902,658.64
2903,653.095
2904,650.3833
2905,648.3300000000002
2906,648.712
2907,650.99
2908,652.51
2909,650.79
2910,649.45
2911,649.6
2912,649.0599
2913,649.19
2914,649.45
2915,648.6201
2916,651.24
2917,652.55
2918,653.75
2919,654.895
2920,654.5901
2921,654.6605
2922,653.4
2923,651.1455
2924,652.8552
2925,652.93
2926,652.3
2927,653.94
2928,654.19
2929,663.32
2930,664.7300000000001
2931,664.8
2932,662.46
2933,662.78
2934,664.5
2935,664.3
2936,662.82
2937,663.12
2938,662.9665000000001
2939,662.1
2940,662.49
2941,661.61
2942,664.65
2943,665.0189999999999
2944,665.31
2945,668.18
2946,668.53
2947,667.5
2948,665.09
2949,666.94
2950,668.72
2951,669.2099999999999
2952,668.5
2953,669.3599999999999
2954,670.4699999999999
2955,107.66990000000001
2956,107.76
2957,108.24999999999997
2958,108.90000000000002
2959,109.53000000000003
2960,108.55000000000001
2961,108.40000000000002
2962,108.44
2963,108.42799999999998
2964,109.22
2965,108.93
2966,109.08940000000003
2967,108.976
2968,108.67000000000002
2969,108.39060000000002
2970,108.00000000000001
2971,107.87999999999997
2972,107.93
2973,107.56
2974,107.43200000000002
2975,107.40999999999998
2976,107.44
2977,106.89
2978,106.74000000000002
2979,106.48999999999998
2980,106.42
2981,104.67000000000003
2982,104.95000000000002
2983,105.85999999999999
2984,105.52
2985,106.29
2986,107.1758
2987,106.50000000000001
2988,106.55
2989,106.49049999999998
2990,107.17
2991,106.90000000000002
2992,107.47
2993,107.02
2994,106.85999999999999
2995,107.17999999999999
2996,107.45000000000002
2997,107.59
2998,107.67999999999999
2999,107.7104
3000,107.73
3001,107.13
3002,107.51
3003,107.19
3004,106.93
3005,107.03000000000002
3006,106.9
3007,106.9
3008,106.85
3009,106.22
3010,106.31
3011,106.76
3012,107.22
3013,107.025
3014,107.08
3015,107.11
3016,107.13799999999998
3017,107.26
3018,107.12
3019,106.81
3020,106.67
3021,106.7
3022,106.61
3023,106.65
3024,106.6896
3025,106.55
3026,106.49
3027,106.61
3028,106.9342
3029,106.87
3030,107.2
3031,107.43
3032,107.35
3033,107.06
3034,106.96
3035,105.91000000000001
3036,106.16
3037,105.815
3038,105.944
3039,106.51700000000001
3040,106.8718
3041,107.319
3042,108.08
3043,109.43
3044,110.0156
3045,110.9899
3046,110.19
3047,110.63
3048,111.06
3049,111.18
3050,110.29999999999998
3051,110.323
3052,110.73
3053,111.14
3054,111.06
3055,110.96
3056,111.3
3057,111.55
3058,111.55
3059,111.64
3060,112.96
3061,112.89
3062,112.13
3063,112.4699
3064,112.8
3065,112.66
3066,113.48
3067,114.02
3068,114.16
3069,113.95
3070,113.59
3071,113.0749
3072,112.75
3073,112.25
3074,112.15
3075,112.25
3076,112.67
3077,113.07
3078,112.37
3079,112.28
3080,112.43
3081,112.09
3082,111.9401
3083,112.28979999999999
3084,112.45
3085,112.53999999999999
3086,112.541
3087,114.67200000000001
3088,115.53
3089,116.77
3090,117.84
3091,118.152
3092,115.78
3093,117.7299
3094,117.93
3095,118.13
3096,119.055
3097,120.91
3098,120.41
3099,120.17
3100,121.79
3101,121.16
3102,121.5671
3103,122.04
3104,121.035
3105,121.22
3106,121.56000000000002
3107,122.1206
3108,122.06999999999998
3109,121.92999999999999
3110,121.77
3111,120.93
3112,121.21
3113,125.854
3114,127.07
3115,126.725
3116,125.94999999999999
3117,124.89
3118,125.1
3119,126.1575
3120,125.84
3121,126.2788
3122,125.49
3123,125.0
3124,124.82
3125,125.17
3126,125.32
3127,124.1001
3128,123.8
3129,123.93
3130,123.18
3131,123.8399
3132,124.17399999999999
3133,124.6401
3134,124.4101
3135,124.6499
3136,124.71
3137,123.88
3138,123.74
3139,127.604
3140,128.162
3141,128.21
3142,127.02
3143,126.06
3144,126.51
3145,124.36
3146,123.97
3147,123.54799999999999
3148,123.18
3149,124.3469
3150,125.77
3151,125.3235
3152,124.9
3153,124.47
3154,124.895
3155,125.19
3156,124.5201
3157,124.88
3158,125.41
3159,125.96
3160,126.05
3161,125.7099
3162,125.6
3163,126.75
3164,126.46
3165,124.8
3166,123.685
3167,123.9001
3168,122.30299999999998
3169,122.13
3170,122.25
3171,122.87
3172,123.26
3173,122.81
3174,122.963
3175,123.09
3176,123.4657
3177,123.81
3178,123.46
3179,123.37
3180,122.995
3181,123.025
3182,122.58
3183,123.15
3184,123.22
3185,123.21
3186,123.09
3187,123.244
3188,123.25
3189,123.0001
3190,123.0199
3191,123.55
3192,122.78
3193,121.71
3194,121.5
3195,121.65
3196,121.8192
3197,121.4399
3198,121.18
3199,120.9
3200,121.14
3201,121.2282
3202,121.7101
3203,121.5399
3204,121.05
3205,120.92
3206,121.45
3207,121.11000000000001
3208,120.61
3209,120.689
3210,121.25
3211,121.28
3212,121.4
3213,121.91
3214,122.264
3215,122.5263
3216,122.74
3217,121.99999999999999
3218,120.86
3219,120.89399999999999
3220,120.15
3221,120.35
3222,120.5
3223,120.3
3224,120.5759
3225,120.18
3226,120.23
3227,120.46
3228,120.95
3229,120.54
3230,120.55
3231,120.675
3232,121.11000000000001
3233,121.0
3234,120.45
3235,120.5
3236,120.51
3237,120.61
3238,119.91
3239,119.9018
3240,120.49600000000001
3241,120.79
3242,120.9
3243,120.6688
3244,121.24
3245,121.21
3246,121.84
3247,123.6801
3248,123.32
3249,123.70999999999998
3250,123.8106
3251,125.18
3252,124.8346
3253,124.44
3254,124.28
3255,124.979
3256,125.0101
3257,125.63
3258,125.47
3259,124.86
3260,124.39000000000001
3261,123.745
3262,123.68
3263,124.9
3264,124.17
3265,124.17
3266,124.1756
3267,124.52400000000002
3268,124.9699
3269,125.44
3270,125.36399999999999
3271,125.0538
3272,124.79
3273,124.78
3274,125.13000000000001
3275,125.16
3276,125.41
3277,125.04
3278,125.38
3279,125.37
3280,125.1699
3281,125.295
3282,124.9704
3283,125.07
3284,125.021
3285,125.0
3286,125.03
3287,124.9299
3288,125.36
3289,125.36
3290,124.7501
3291,124.648
3292,124.63
3293,124.65
3294,124.44
3295,124.89
3296,124.32419999999999
3297,123.9799
3298,124.08
3299,124.35
3300,124.44
3301,124.10749999999999
3302,124.0032
3303,124.07
3304,123.96
3305,124.17399999999999
3306,124.20100000000001
3307,123.8118
3308,124.19
3309,124.35
3310,124.305
3311,124.1699
3312,124.02
3313,123.97399999999999
3314,123.89200000000001
3315,124.03
3316,123.33
3317,122.84
3318,123.1144
3319,123.48
3320,122.7123
3321,122.5498
3322,122.6135
3323,122.33
3324,122.15
3325,122.04
3326,122.08200000000001
3327,121.8132
3328,122.08
3329,122.48
3330,122.75000000000001
3331,122.42
3332,122.495
3333,122.286
3334,123.23299999999999
3335,123.0
3336,122.89
3337,122.2883
3338,122.22
3339,122.19
3340,122.30000000000001
3341,122.1
3342,120.58
3343,119.83999999999999
3344,118.97
3345,115.76
3346,116.19000000000001
3347,115.48
3348,112.73
3349,112.85
3350,112.9993
3351,114.09999999999998
3352,114.71
3353,113.57999999999998
3354,113.335
3355,112.648
3356,112.874
3357,113.5
3358,113.105
3359,113.6
3360,112.61
3361,112.68
3362,112.6229
3363,112.7
3364,112.77
3365,113.15
3366,112.7799
3367,112.56
3368,94.91
3369,92.66
3370,96.652
3371,99.94
3372,99.21
3373,100.24
3374,99.87
3375,98.95
3376,100.345
3377,103.2199
3378,106.1
3379,108.23
3380,108.2
3381,105.86
3382,106.54500000000002
3383,104.42200000000001
3384,103.06
3385,102.27
3386,100.68
3387,100.07
3388,98.66
3389,96.835
3390,96.8912
3391,96.66999999999999
3392,97.56
3393,97.03
3394,106.3701
3395,106.5848
3396,105.541
3397,105.64200000000001
3398,105.25
3399,104.7747
3400,104.13
3401,103.09
3402,102.975
3403,103.1259
3404,103.09
3405,103.11
3406,102.36
3407,103.859
3408,103.86
3409,104.89
3410,105.8
3411,106.0
3412,105.2599
3413,105.3
3414,106.4427
3415,106.36
3416,108.2089
3417,108.084
3418,109.6201
3419,110.19
3420,110.1801
3421,115.39
3422,114.6301
3423,116.17
3424,115.55
3425,116.5
3426,117.45
3427,117.93
3428,117.001
3429,116.01
3430,116.5
3431,117.47
3432,118.0
3433,117.23
3434,117.7354
3435,117.75
3436,117.00999999999999
3437,117.27
3438,117.583
3439,116.672
3440,116.16
3441,116.02
3442,114.8
3443,114.178
3444,116.2
3445,116.88
3446,117.34
3447,115.51
3448,115.4201
3449,114.65
3450,115.47
3451,115.00000000000001
3452,114.88
3453,114.9598
3454,115.26
3455,116.1599
3456,115.94
3457,116.06
3458,116.32
3459,116.3257
3460,116.13
3461,116.14
3462,115.5
3463,115.5
3464,114.948
3465,114.4799
3466,115.00000000000001
3467,114.43
3468,114.35
3469,114.8984
3470,114.554
3471,115.57
3472,115.03
3473,110.85799999999999
3474,108.2601
3475,108.147
3476,108.5
3477,107.88
3478,108.14
3479,108.61
3480,108.0818
3481,107.91999999999999
3482,107.61
3483,107.05
3484,106.37
3485,106.07
3486,105.1055
3487,105.01
3488,105.26
3489,105.42799999999998
3490,105.7
3491,104.85
3492,104.8099
3493,105.65
3494,104.882
3495,105.35
3496,104.64399999999999
3497,104.18
3498,105.96
3499,105.9299
3500,107.0184
3501,105.98299999999999
3502,106.84700000000001
3503,104.79
3504,103.07700000000001
3505,102.8
3506,102.7
3507,103.8
3508,103.35
3509,102.54
3510,101.38
3511,101.432
3512,102.23
3513,103.24
3514,102.7945
3515,102.37
3516,101.774
3517,101.52
3518,102.7
3519,102.919
3520,102.1441
3521,102.87
3522,103.21
3523,104.67
3524,105.135
3525,104.88
3526,101.363
3527,101.53
3528,100.62
3529,103.08
3530,103.58
3531,102.85
3532,102.33
3533,102.6355
3534,102.2882
3535,102.29
3536,102.51
3537,102.64
3538,102.2
3539,102.24
3540,101.77
3541,102.11
3542,101.3603
3543,100.82
3544,100.69
3545,101.0809
3546,102.40299999999999
3547,102.1
3548,102.03200000000001
3549,101.22
3550,100.9697
3551,100.97
3552,100.575
3553,98.51
3554,97.1685
3555,96.93
3556,95.6344
3557,95.8
3558,96.61
3559,95.9501
3560,96.11
3561,95.212
3562,94.64
3563,94.2126
3564,94.2
3565,93.87
3566,94.1911
3567,93.9866
3568,94.492
3569,95.6136
3570,95.57
3571,95.204
3572,94.76
3573,94.77
3574,94.6
3575,94.95
3576,94.9
3577,98.97200000000001
3578,99.45
3579,102.65
3580,100.73
3581,101.264
3582,101.89
3583,101.22
3584,100.68
3585,101.32
3586,101.04
3587,101.3385
3588,101.255
3589,101.21
3590,100.2
3591,100.2001
3592,99.45
3593,100.09
3594,100.738
3595,100.04
3596,99.4658
3597,98.72
3598,99.47
3599,99.29
3600,98.82
3601,99.18
3602,99.18
3603,97.89
3604,97.307
3605,97.5
3606,99.08
3607,98.961
3608,98.59
3609,98.667
3610,98.57
3611,98.941
3612,98.5
3613,98.6494
3614,98.26
3615,98.08
3616,98.17
3617,98.25
3618,99.4499
3619,99.535
3620,99.41
3621,99.2812
3622,99.1302
3623,99.38
3624,98.93
3625,98.8814
3626,98.8
3627,98.81
3628,100.03299999999999
3629,99.48
3630,99.6
3631,98.7999
3632,98.6295
3633,98.455
3634,98.51
3635,98.35
3636,98.15
3637,98.34100000000001
3638,98.1
3639,97.77
3640,97.3
3641,97.76799999999999
3642,97.8755
3643,97.6
3644,97.5008
3645,97.8299
3646,97.56
3647,97.9718
3648,98.221
3649,97.855
3650,97.73
3651,97.87
3652,97.48
3653,97.45
3654,95.432
3655,95.27
3656,95.1853
3657,94.59200000000001
3658,95.3
3659,95.2759
3660,95.9735
3661,95.6
3662,95.3
3663,95.56
3664,95.55
3665,95.71
3666,95.416
3667,95.35
3668,94.9801
3669,95.17
3670,95.74
3671,95.61
3672,95.5
3673,95.69
3674,95.48
3675,95.464
3676,95.55
3677,95.39
3678,95.45
3679,95.69
3680,95.69
3681,94.42
3682,94.4634
3683,94.01
3684,94.38
3685,95.29
3686,95.35
3687,95.2501
3688,96.1423
3689,97.109
3690,96.78
3691,97.1471
3692,97.1
3693,96.61
3694,96.13
3695,96.4
3696,96.8201
3697,97.2
3698,97.255
3699,97.59
3700,97.5
3701,98.05
3702,98.65
3703,99.0801
3704,99.08
3705,99.3601
3706,99.22
3707,99.16
3708,99.969
3709,100.82
3710,101.48
3711,102.24
3712,101.74
3713,102.0
3714,101.8602
3715,101.785
3716,101.78
3717,102.215
3718,102.34200000000001
3719,102.411
3720,103.15
3721,103.04
3722,102.88
3723,102.41
3724,102.79
3725,103.2199
3726,103.29
3727,103.0
3728,103.42
3729,103.7
3730,103.68
3731,104.2734
3732,104.02
3733,104.12
3734,104.08
3735,102.6518
3736,102.79
3737,102.928
3738,103.98
3739,104.14
3740,103.9592
3741,104.27
3742,103.83200000000001
3743,103.765
3744,103.59
3745,104.51700000000001
3746,104.27
3747,104.56
3748,104.72
3749,104.62
3750,105.4699
3751,105.285
3752,105.36
3753,105.54
3754,105.76999999999998
3755,106.81
3756,107.07799999999999
3757,106.04
3758,105.04
3759,104.62
3760,103.78200000000001
3761,103.76
3762,103.34
3763,103.54
3764,103.11
3765,103.41
3766,103.3127
3767,103.527
3768,103.3646
3769,102.5983
3770,102.86
3771,103.06
3772,103.1299
3773,102.95
3774,102.82
3775,102.49799999999999
3776,102.185
3777,102.66
3778,101.55
3779,102.023
3780,102.3985
3781,102.94
3782,103.61200000000001
3783,103.02
3784,102.62
3785,102.75
3786,102.4
3787,101.819
3788,101.78
3789,101.3
3790,101.134
3791,100.42
3792,100.7
3793,100.572
3794,100.87
3795,100.2404
3796,99.72
3797,99.7418
3798,100.16
3799,100.6796
3800,100.49799999999999
3801,100.46
3802,99.9298
3803,100.3
3804,100.3
3805,99.046
3806,99.12
3807,99.4
3808,98.94
3809,98.46
3810,98.55
3811,98.3
3812,97.8694
3813,97.89
3814,97.88
3815,97.95
3816,98.12
3817,98.0799
3818,97.67
3819,97.54
3820,97.161
3821,97.56
3822,97.72
3823,97.7
3824,97.455
3825,97.915
3826,98.34700000000001
3827,98.18
3828,98.37
3829,98.45
3830,98.51
3831,98.47
3832,97.98
3833,98.6499
3834,98.676
3835,98.49
3836,98.9805
3837,99.19
3838,98.49
3839,98.6
3840,98.19
3841,98.32
3842,98.09
3843,98.17
3844,98.54
3845,98.67
3846,98.55
3847,97.99
3848,98.67
3849,98.69
3850,98.4088
3851,98.07600000000001
3852,98.04
3853,98.08
3854,97.936
3855,98.02
3856,98.04
3857,98.06
3858,98.07
3859,97.31
3860,98.52
3861,98.1
3862,97.86
3863,98.055
3864,99.2
3865,99.4301
3866,99.3816
3867,99.88
3868,99.37
3869,99.052
3870,98.8099
3871,99.446
3872,99.387
3873,99.6533
3874,99.35
3875,99.47
3876,99.66
3877,100.1
3878,101.24
3879,101.29
3880,101.68
3881,101.7101
3882,102.351
3883,102.95
3884,103.8035
3885,104.38
3886,103.78
3887,102.94
3888,102.5033
3889,102.35
3890,103.54
3891,104.03
3892,104.039
3893,103.958
3894,103.785
3895,103.72
3896,103.59
3897,104.01
3898,103.977
3899,104.148
3900,104.03
3901,104.07
3902,103.9
3903,103.7
3904,103.36
3905,103.0
3906,103.12
3907,101.6463
3908,102.0
3909,102.2852
3910,102.24
3911,102.19
3912,103.12
3913,101.1399
3914,100.36
3915,101.4
3916,101.131
3917,100.96
3918,101.91
3919,101.76
3920,101.955
3921,101.27
3922,101.28
3923,101.75
3924,101.315
3925,101.15
3926,101.36
3927,101.09
3928,100.7
3929,100.54
3930,99.55
3931,99.65
3932,99.49
3933,98.76299999999999
3934,98.68
3935,97.2
3936,98.9
3937,98.9599
3938,99.02
3939,99.43
3940,99.9
3941,100.43
3942,100.15
3943,99.61
3944,99.75
3945,99.1699
3946,99.31
3947,98.79
3948,97.95
3949,98.64
3950,99.23
3951,99.23
3952,98.9
3953,98.059
3954,98.34
3955,98.05
3956,97.35
3957,97.66
3958,97.14
3959,97.42
3960,98.42
3961,100.28
3962,100.191
3963,100.4399
3964,101.5718
3965,102.05
3966,102.07
3967,102.01
3968,102.61
3969,102.11
3970,102.11
3971,101.255
3972,101.475
3973,101.415
3974,101.01
3975,100.85
3976,101.41
3977,101.75
3978,101.87
3979,101.94
3980,102.37
3981,102.3459
3982,102.66
3983,102.43
3984,102.33
3985,102.98
3986,103.2238
3987,103.24
3988,101.6199
3989,101.74
3990,101.88
3991,102.365
3992,102.25
3993,101.98899999999999
3994,102.185
3995,102.28
3996,102.9501
3997,102.35
3998,101.78
3999,102.166
4000,102.53
4001,102.41
4002,101.78
4003,101.89000000000001
4004,101.98
4005,103.1
4006,104.36
4007,104.99
4008,105.20179999999999
4009,105.686
4010,106.08340000000001
4011,105.72
4012,105.4
4013,105.98000000000002
4014,102.9188
4015,102.4187
4016,101.9
4017,102.06
4018,102.9
4019,104.1
4020,103.8
4021,104.2
4022,104.38
4023,104.285
4024,104.0788
4025,104.33
4026,104.92
4027,105.63
4028,106.55
4029,105.90239999999999
4030,105.26
4031,105.12
4032,105.49
4033,105.68199999999999
4034,105.98000000000002
4035,105.566
4036,106.09
4037,106.62
4038,106.06
4039,106.06
4040,106.97
4041,106.77999999999999
4042,108.24
4043,108.78
4044,108.79999999999998
4045,109.40999999999998
4046,110.47
4047,110.3193
4048,109.8404
4049,110.705
4050,110.515
4051,110.06
4052,110.16
4053,109.78
4054,109.63
4055,110.46
4056,110.434
4057,111.41
4058,111.44
4059,111.87
4060,111.742
4061,111.21
4062,111.47
4063,111.02
4064,110.9
4065,111.25
4066,111.85000000000001
4067,111.79
4068,110.87100000000001
4069,109.21
4070,109.265
4071,108.8194
4072,109.12
4073,108.78
4074,107.615
4075,106.96
4076,107.81
4077,106.98
4078,106.39
4079,106.57739999999998
4080,107.09
4081,107.3677
4082,106.55
4083,106.73
4084,107.155
4085,107.61
4086,107.7587
4087,107.81
4088,107.86
4089,108.43
4090,108.3
4091,108.34
4092,107.35
4093,109.01
4094,109.43
4095,108.9865
4096,107.6499
4097,107.92
4098,107.23
4099,106.98
4100,107.47
4101,108.4
4102,107.9997
4103,107.3356
4104,107.8099
4105,107.765
4106,107.82000000000001
4107,107.73
4108,108.32
4109,107.69
4110,107.83
4111,107.89
4112,107.79
4113,107.3
4114,107.79
4115,107.91
4116,108.21
4117,108.00000000000001
4118,109.84
4119,109.6544
4120,108.23
4121,108.2
4122,107.85
4123,107.62
4124,105.87
4125,105.79
4126,106.1
4127,106.15
4128,106.13
4129,104.59
4130,104.0899
4131,103.11399999999999
4132,107.75
4133,110.97
4134,109.505
4135,109.95999999999998
4136,109.92
4137,110.12
4138,112.70999999999998
4139,114.09
4140,114.275
4141,113.74000000000001
4142,113.89
4143,115.01
4144,113.53
4145,113.227
4146,113.54
4147,113.8301
4148,114.6406
4149,114.689
4150,114.6554
4151,115.57990000000001
4152,113.955
4153,114.03
4154,113.5225
4155,113.8189
4156,113.054
4157,113.2872
4158,112.78
4159,113.11
4160,113.35
4161,113.24
4162,114.04999999999998
4163,114.209
4164,114.18
4165,114.255
4166,113.9201
4167,114.215
4168,113.7
4169,113.3
4170,113.935
4171,114.445
4172,115.0
4173,114.62
4174,114.066
4175,113.47
4176,113.92500000000001
4177,113.62
4178,114.18
4179,113.6916
4180,113.535
4181,113.39
4182,113.1
4183,112.95
4184,112.66
4185,112.82999999999998
4186,113.4699
4187,113.41139999999999
4188,112.79
4189,113.05
4190,112.88200000000002
4191,112.91
4192,113.01
4193,113.25000000000001
4194,113.39
4195,113.413
4196,112.9899
4197,111.9141
4198,112.39
4199,112.323
4200,112.23
4201,112.62
4202,112.46000000000001
4203,112.02
4204,111.8299
4205,111.8
4206,111.71
4207,111.64
4208,110.82
4209,110.88
4210,111.02
4211,110.89
4212,110.3139
4213,110.2957
4214,110.27
4215,109.56
4216,109.46
4217,109.95000000000002
4218,109.512
4219,109.57
4220,109.6604
4221,109.72
4222,111.5
4223,110.8
4224,109.66
4225,108.51
4226,109.27
4227,109.02
4228,108.81
4229,109.05
4230,109.01
4231,109.0
4232,109.37
4233,109.71000000000001
4234,111.179
4235,110.76
4236,110.84
4237,111.399
4238,110.76
4239,110.99
4240,109.8169
4241,109.91079999999998
4242,109.72
4243,109.91
4244,110.03
4245,109.85
4246,110.05
4247,110.13010000000001
4248,102.82
4249,101.0
4250,102.32
4251,100.7492
4252,99.71600000000001
4253,101.44
4254,101.09
4255,102.39
4256,101.95999999999998
4257,101.01
4258,101.87
4259,101.56
4260,101.3501
4261,100.55000000000001
4262,100.17
4263,100.6996
4264,101.01
4265,101.27
4266,101.5
4267,101.04
4268,100.758
4269,101.48
4270,100.905
4271,101.37
4272,101.16000000000001
4273,101.059
4274,100.77
4275,100.72200000000001
4276,100.32
4277,100.78710000000001
4278,100.05
4279,100.28
4280,100.1179
4281,99.965
4282,99.69599999999998
4283,99.9664
4284,99.38
4285,99.32500000000002
4286,99.16
4287,99.79
4288,99.6611
4289,99.77
4290,99.71
4291,99.5282
4292,99.32
4293,99.37
4294,99.38999999999999
4295,99.2623
4296,98.7
4297,98.9899
4298,99.215
4299,98.98
4300,96.70000000000002
4301,97.45
4302,96.84
4303,97.24500000000002
4304,97.92500000000001
4305,97.935
4306,99.3268
4307,99.15
4308,99.50399999999999
4309,100.63
4310,101.5
4311,101.28000000000002
4312,101.42
4313,102.06
4314,102.9701
4315,102.45
4316,101.685
4317,100.8127
4318,101.61
4319,101.14
4320,101.56
4321,102.15
4322,101.65
4323,101.44
4324,101.44
4325,101.69
4326,100.32
4327,101.7743
4328,101.10000000000001
4329,100.67000000000002
4330,100.6
4331,100.35
4332,99.83
4333,100.0965
4334,99.9099
4335,99.81
4336,99.7001
4337,99.426
4338,99.24
4339,99.28
4340,98.98
4341,98.5208
4342,97.83
4343,98.44539999999999
4344,98.26
4345,98.95010000000002
4346,99.02
4347,99.53
4348,99.24
4349,99.12
4350,98.91799999999999
4351,98.99
4352,99.48
4353,100.09
4354,99.34
4355,98.36
4356,99.4985
4357,99.6806
4358,99.132
4359,99.735
4360,99.36
4361,99.1336
4362,99.44999999999999
4363,98.975
4364,98.86
4365,98.74
4366,98.21
4367,97.28
4368,97.69
4369,97.74000000000001
4370,98.24
4371,98.3041
4372,98.59599999999999
4373,98.38
4374,98.45
4375,98.45
4376,97.96
4377,97.92000000000002
4378,98.69
4379,99.0301
4380,98.95
4381,99.06
4382,99.2801
4383,98.976
4384,99.3
4385,98.75
4386,98.07
4387,98.09
4388,97.88
4389,98.305
4390,98.13
4391,98.16
4392,98.2
4393,97.92000000000002
4394,97.76
4395,97.65
4396,97.67399999999999
4397,97.51
4398,97.265
4399,97.57
4400,96.97
4401,97.45
4402,97.22
4403,97.28
4404,98.19
4405,99.275
4406,98.82
4407,98.22999999999999
4408,99.0647
4409,99.34
4410,99.38999999999999
4411,99.20000000000002
4412,99.13
4413,98.83999999999999
4414,99.1896
4415,99.44999999999999
4416,99.655
4417,99.87
4418,99.62
4419,100.08
4420,100.24
4421,100.4
4422,100.79999999999998
4423,101.01
4424,101.13
4425,101.24600000000001
4426,100.455
4427,100.37
4428,99.88000000000001
4429,100.04
4430,100.575
4431,100.08200000000001
4432,99.96
4433,99.95
4434,100.324
4435,100.88749999999999
4436,101.3933
4437,100.85
4438,100.8994
4439,101.1297
4440,101.26
4441,101.8
4442,102.31200000000003
4443,102.16
4444,102.44000000000001
4445,102.7014
4446,102.87689999999999
4447,102.5229
4448,102.86999999999999
4449,103.07160000000002
4450,103.1301
4451,103.0104
4452,102.44000000000001
4453,102.7911
4454,102.9599
4455,103.04
4456,102.675
4457,104.46000000000001
4458,103.08
4459,102.334
4460,102.56999999999998
4461,102.42
4462,102.33
4463,102.1
4464,101.97
4465,101.94
4466,101.40000000000002
4467,101.46999999999998
4468,102.227
4469,102.49799999999999
4470,102.1
4471,102.00719999999998
4472,102.51
4473,102.62999999999998
4474,102.6615
4475,102.71
4476,102.52
4477,102.7
4478,102.86999999999999
4479,102.73
4480,102.83
4481,103.08
4482,102.56690000000002
4483,102.61
4484,103.14
4485,102.89
4486,103.62
4487,104.13
4488,104.70000000000002
4489,104.6399
4490,104.7559
4491,104.9497
4492,104.8883
4493,105.2
4494,105.2399
4495,105.1
4496,105.37999999999998
4497,105.84
4498,106.0364
4499,105.895
4500,104.96
4501,105.2501
4502,105.00010000000002
4503,105.54
4504,105.66999999999999
4505,105.77
4506,105.88000000000001
4507,105.8
4508,106.5
4509,106.03
4510,105.84000000000002
4511,105.49219999999998
4512,105.88999999999999
4513,105.51
4514,106.37
4515,106.70999999999998
4516,106.75
4517,106.48999999999998
4518,106.38
4519,106.33
4520,106.07000000000001
4521,105.78
4522,105.58
4523,105.56
4524,105.5083
4525,105.48999999999998
4526,105.25000000000001
4527,105.42
4528,105.48
4529,105.4295
4530,105.36029999999998
4531,105.36
4532,105.57
4533,105.12
4534,105.86000000000001
4535,106.0
4536,106.055
4537,106.7697
4538,107.46
4539,106.93
4540,107.19
4541,107.0464
4542,107.23010000000001
4543,107.64000000000001
4544,107.52
4545,108.2799
4546,108.23000000000002
4547,107.97
4548,108.5801
4549,109.22200000000001
4550,109.4
4551,109.616
4552,109.91900000000001
4553,108.74
4554,108.46009999999998
4555,108.33
4556,108.38
4557,108.5301
4558,108.64999999999999
4559,108.3899
4560,107.66999999999999
4561,108.03
4562,108.04000000000002
4563,107.37899999999998
4564,106.88999999999999
4565,107.55
4566,107.38
4567,106.8899
4568,107.76
4569,107.8651
4570,108.3068
4571,108.15
4572,108.635
4573,108.54939999999999
4574,108.68
4575,108.796
4576,108.9933
4577,109.14
4578,109.0
4579,108.38
4580,108.68
4581,108.57799999999999
4582,108.35
4583,108.4
4584,108.18019999999999
4585,107.63
4586,107.7913
4587,108.09299999999999
4588,108.30990000000001
4589,108.82
4590,108.58
4591,108.56
4592,108.70999999999998
4593,108.95
4594,109.07000000000001
4595,109.73
4596,109.81
4597,109.508
4598,109.5
4599,109.64999999999999
4600,110.10040000000001
4601,110.31999999999998
4602,110.53
4603,110.57
4604,110.8946
4605,110.56200000000001
4606,110.6525
4607,110.64
4608,110.6
4609,110.2399
4610,109.8
4611,109.74
4612,109.88999999999999
4613,110.36
4614,109.96
4615,110.96
4616,111.42839999999998
4617,111.9852
4618,111.77379999999998
4619,112.4
4620,112.59
4621,113.49000000000001
4622,113.6
4623,113.67000000000002
4624,113.86999999999999
4625,113.81
4626,113.04000000000002
4627,112.73
4628,113.41
4629,113.0
4630,113.23
4631,113.75
4632,113.77
4633,113.44
4634,113.66
4635,114.24
4636,114.13
4637,114.06000000000002
4638,114.235
4639,115.58
4640,113.134
4641,112.93
4642,112.3916
4643,113.0
4644,113.03
4645,113.93
4646,114.2499
4647,114.29
4648,113.8
4649,113.84000000000002
4650,113.49999999999999
4651,113.63
4652,113.35
4653,113.44
4654,113.45000000000002
4655,112.94
4656,113.12
4657,112.78
4658,112.77980000000001
4659,112.74
4660,112.99
4661,113.5098
4662,113.68999999999998
4663,113.49999999999999
4664,112.7
4665,112.55
4666,112.68999999999998
4667,113.58
4668,114.31
4669,114.0433
4670,114.70999999999998
4671,113.61
4672,113.21
4673,114.14
4674,114.40880000000001
4675,114.24
4676,114.1378
4677,113.94
4678,114.11
4679,113.72
4680,113.57020000000001
4681,114.25
4682,114.2101
4683,114.03
4684,113.82
4685,113.70200000000003
4686,113.56299999999997
4687,113.49000000000001
4688,114.03
4689,114.05
4690,113.14
4691,112.88000000000001
4692,112.74
4693,112.44
4694,111.9999
4695,112.15
4696,110.70999999999998
4697,109.90999999999998
4698,109.7
4699,109.56
4700,109.37499999999999
4701,109.734
4702,109.83
4703,110.27999999999999
4704,110.00499999999998
4705,110.19
4706,110.99279999999999
4707,110.7
4708,110.7
4709,110.62
4710,110.09999999999998
4711,110.10300000000001
4712,109.93
4713,109.662
4714,109.84000000000002
4715,109.85
4716,108.41
4717,109.01
4718,108.73
4719,108.83
4720,110.37
4721,111.08000000000001
4722,111.13500000000002
4723,111.92
4724,112.2399
4725,111.97
4726,112.095
4727,111.94
4728,111.84000000000002
4729,112.05
4730,111.98
4731,111.9
4732,112.29999999999998
4733,112.59499999999998
4734,112.766
4735,112.49000000000001
4736,112.68999999999998
4737,112.68
4738,112.79499999999999
4739,112.66999999999999
4740,112.77
4741,112.6701
4742,111.72
4743,111.9838
4744,112.44
4745,113.67000000000002
4746,112.99
4747,112.47000000000001
4748,112.3201
4749,112.789
4750,112.6351
4751,113.21600000000001
4752,113.81
4753,113.79
4754,114.29999999999998
4755,114.29999999999998
4756,113.78
4757,113.92
4758,113.96
4759,113.59
4760,113.61660000000002
4761,113.72
4762,113.6
4763,112.9
4764,113.05
4765,113.11
4766,112.994
4767,112.86000000000001
4768,112.35
4769,113.46
4770,113.25999999999999
4771,113.56159999999998
4772,113.8
4773,114.18299999999999
4774,114.9
4775,114.24
4776,114.10000000000001
4777,113.9
4778,113.4004
4779,113.03
4780,113.0575
4781,113.12
4782,113.31999999999998
4783,113.115
4784,112.47999999999999
4785,112.4
4786,111.56
4787,111.41
4788,110.9
4789,110.83
4790,110.92
4791,111.0
4792,110.41
4793,108.805
4794,107.77
4795,108.68
4796,107.59
4797,106.36
4798,106.68
4799,107.46
4800,106.9
4801,106.66000000000001
4802,106.1096
4803,106.16499999999999
4804,106.5868
4805,106.5161
4806,106.0299
4807,106.41
4808,106.0
4809,105.55499999999999
4810,105.46
4811,105.25000000000001
4812,104.44
4813,104.31
4814,104.05999999999999
4815,103.7699
4816,104.4733
4817,103.87100000000001
4818,104.21
4819,103.63
4820,106.18
4821,105.28600000000002
4822,105.68999999999998
4823,106.09
4824,106.77
4825,107.14
4826,107.34
4827,107.53
4828,107.07000000000001
4829,107.43000000000002
4830,107.63
4831,108.25000000000001
4832,108.45000000000002
4833,108.39010000000002
4834,108.68999999999998
4835,108.7452
4836,109.0802
4837,109.55
4838,109.88869999999999
4839,110.0506
4840,110.39
4841,110.44
4842,110.36
4843,111.23
4844,111.54
4845,111.31
4846,112.86999999999999
4847,114.2676
4848,113.88999999999999
4849,113.74
4850,114.45000000000002
4851,115.0801
4852,115.545
4853,115.9
4854,116.66
4855,117.56
4856,118.17
4857,117.38
4858,117.41
4859,117.79
4860,118.41
4861,117.08000000000001
4862,116.64
4863,116.8
4864,117.1396
4865,115.85
4866,115.22
4867,116.32990000000001
4868,115.9784
4869,116.23
4870,116.64
4871,117.15
4872,117.42
4873,117.1899
4874,119.08000000000001
4875,119.88999999999999
4876,119.2
4877,119.34
4878,119.55
4879,119.43100000000001
4880,120.0941
4881,120.15
4882,119.732
4883,118.993
4884,118.99
4885,119.58
4886,119.97
4887,120.15
4888,119.8733
4889,119.9
4890,120.55
4891,119.99
4892,120.28000000000002
4893,120.015
4894,119.76
4895,120.07
4896,120.07
4897,120.62
4898,122.22749999999999
4899,122.2
4900,122.25
4901,121.6
4902,121.0836
4903,121.79
4904,121.17
4905,120.78
4906,120.91519999999998
4907,120.17500000000001
4908,121.06000000000002
4909,120.99
4910,120.38
4911,120.78
4912,121.5704
4913,121.55989999999998
4914,120.95
4915,121.05
4916,120.28999999999999
4917,120.56
4918,120.23
4919,119.95
4920,120.07009999999998
4921,120.29999999999998
4922,120.2268
4923,120.19
4924,120.99
4925,120.02100000000002
4926,120.27
4927,120.19
4928,120.75
4929,121.028
4930,121.16
4931,121.65000000000002
4932,121.55
4933,121.12999999999998
4934,121.6901
4935,122.93
4936,123.25
4937,122.82
4938,123.6489
4939,123.65000000000002
4940,123.39
4941,123.65000000000002
4942,123.75
4943,123.67000000000002
4944,123.67999999999999
4945,122.97
4946,122.90999999999998
4947,123.08049999999999
4948,123.64
4949,123.89000000000001
4950,123.75
4951,123.19
4952,122.69999999999999
4953,123.38
4954,124.5862
4955,125.10000000000001
4956,124.9999
4957,125.21
4958,124.8
4959,125.79
4960,125.67000000000002
4961,125.522
4962,125.71000000000001
4963,125.56
4964,125.84
4965,125.8
4966,125.69999999999999
4967,124.95
4968,124.69000000000001
4969,123.9
4970,124.2599
4971,124.81
4972,125.26000000000002
4973,125.39
4974,125.03
4975,125.06000000000002
4976,123.92080000000001
4977,124.12999999999998
4978,122.90999999999998
4979,120.8457
4980,120.66
4981,121.42050000000002
4982,121.4699
4983,121.905
4984,122.3344
4985,123.37500000000001
4986,123.03399999999999
4987,122.9228
4988,122.61
4989,122.99
4990,122.96
4991,123.06000000000002
4992,124.27
4993,124.21750000000002
4994,123.73999999999998
4995,123.57
4996,123.4399
4997,123.98
4998,123.669
4999,123.234
5000,123.23
5001,123.3
5002,124.43
5003,125.06
5004,124.64
5005,123.8724
5006,123.53999999999999
5007,123.4
5008,123.2012
5009,122.8083
5010,122.59999999999998
5011,123.19540000000002
5012,122.97
5013,123.065
5014,123.3092
5015,123.4996
5016,123.27
5017,123.04
5018,123.08
5019,123.0
5020,123.44
5021,123.77600000000001
5022,123.5692
5023,123.67
5024,124.24
5025,124.4617
5026,124.35
5027,124.09
5028,125.6701
5029,125.7988
5030,126.0412
5031,125.92200000000001
5032,125.26
5033,125.3625
5034,125.2465
5035,125.556
5036,125.67
5037,125.82
5038,125.624
5039,125.55
5040,125.4248
5041,125.43
5042,125.44
5043,126.0244
5044,125.17
5045,125.75000000000001
5046,125.95
5047,125.97
5048,125.29899999999999
5049,125.39
5050,124.8
5051,124.77
5052,124.025
5053,123.245
5054,123.31200000000001
5055,123.48
5056,123.7299
5057,123.79
5058,123.71
5059,123.6962
5060,123.53999999999999
5061,123.78
5062,124.04
5063,124.06
5064,123.7861
5065,123.76
5066,123.11
5067,123.06
5068,123.38
5069,123.19
5070,123.94
5071,123.9
5072,123.0118
5073,123.74
5074,123.51299999999999
5075,123.7701
5076,124.5449
5077,124.02
5078,124.21
5079,124.334
5080,124.87
5081,125.488
5082,125.11
5083,125.3644
5084,125.2
5085,124.96
5086,124.806
5087,125.07
5088,125.4
5089,125.39
5090,125.24
5091,125.324
5092,125.3
5093,125.16
5094,125.36
5095,127.87
5096,129.3
5097,129.8
5098,130.21
5099,130.94
5100,130.54
5101,129.91
5102,129.76
5103,130.0995
5104,130.35
5105,130.22
5106,129.96
5107,130.05
5108,130.04
5109,130.49
5110,130.08
5111,129.96
5112,129.46
5113,128.78
5114,128.58
5115,128.45
5116,127.7995
5117,128.47
5118,129.01
5119,129.18
5120,128.93
5121,128.7099
5122,129.55
5123,129.7131
5124,130.0
5125,130.09
5126,131.1
5127,131.94
5128,131.42
5129,131.343
5130,131.6311
5131,130.56
5132,129.5069
5133,129.7
5134,129.1575
5135,128.3465
5136,128.91
5137,128.68
5138,128.09
5139,127.68
5140,127.3644
5141,126.9442
5142,127.33
5143,126.9
5144,127.28000000000002
5145,127.21
5146,126.8
5147,127.9
5148,127.61
5149,127.552
5150,126.04
5151,126.095
5152,127.5299
5153,127.48
5154,127.70100000000001
5155,127.3807
5156,128.2925
5157,128.58
5158,128.73
5159,129.07
5160,129.25
5161,129.0
5162,128.84
5163,128.746
5164,129.2982
5165,129.75
5166,130.063
5167,130.24
5168,130.11
5169,130.0
5170,130.32
5171,130.45
5172,130.93
5173,132.145
5174,131.23
5175,129.98
5176,129.265
5177,128.47
5178,128.02
5179,128.17
5180,126.97
5181,127.307
5182,127.40100000000001
5183,127.4288
5184,127.35
5185,126.86
5186,126.93269999999998
5187,126.51
5188,127.1875
5189,126.7
5190,126.69
5191,126.5285
5192,126.39
5193,124.41
5194,124.77
5195,123.66
5196,123.98
5197,125.0199
5198,125.4
5199,124.8676
5200,123.3576
5201,124.17
5202,123.61
5203,124.57169999999999
5204,125.645
5205,126.1799
5206,126.35
5207,126.64
5208,126.86
5209,126.545
5210,127.41
5211,127.25
5212,127.51
5213,127.15
5214,127.01
5215,126.82
5216,127.14
5217,127.62200000000001
5218,127.65799999999999
5219,127.87
5220,127.92
5221,127.44
5222,126.42999999999999
5223,127.1688
5224,127.0099
5225,126.7506
5226,127.56
5227,126.95200000000001
5228,127.76
5229,128.56
5230,128.05
5231,127.8
5232,126.82
5233,126.2
5234,125.64600000000002
5235,126.32
5236,124.6099
5237,123.7964
5238,123.39
5239,123.2101
5240,122.785
5241,123.09100000000001
5242,123.34
5243,123.23
5244,122.81
5245,123.36
5246,123.28
5247,123.8
5248,124.19
5249,124.17
5250,124.23
5251,124.55
5252,122.943
5253,122.49
5254,123.1
5255,124.78
5256,123.65
5257,123.49
5258,123.28
5259,122.681
5260,122.52
5261,121.947
5262,122.66
5263,122.66
5264,123.05
5265,122.93
5266,122.85
5267,123.1
5268,123.56
5269,123.7
5270,124.46999999999998
5271,124.2997
5272,123.92
5273,123.12799999999999
5274,122.8862
5275,122.82
5276,122.91
5277,122.29
5278,120.85
5279,121.3001
5280,121.32
5281,120.42
5282,119.98
5283,120.26
5284,119.19
5285,118.98
5286,119.04
5287,118.73
5288,119.75299999999999
5289,119.7788
5290,119.82
5291,120.41
5292,120.01
5293,120.42
5294,120.53
5295,121.21
5296,120.9001
5297,120.69
5298,119.94
5299,119.39
5300,119.06
5301,118.9201
5302,118.9
5303,117.85
5304,117.27
5305,116.36
5306,116.35
5307,116.71
5308,116.63
5309,116.06000000000002
5310,115.35
5311,115.6
5312,116.73
5313,117.57
5314,118.8588
5315,118.36
5316,119.55
5317,119.41
5318,119.1
5319,118.9658
5320,119.5589
5321,120.322
5322,119.94
5323,119.78
5324,120.58
5325,119.98
5326,120.2
5327,119.59
5328,120.66
5329,122.15
5330,123.06
5331,122.48
5332,122.2
5333,121.915
5334,121.91
5335,121.49
5336,121.493
5337,120.02
5338,120.45
5339,120.81
5340,121.0
5341,120.85
5342,121.0
5343,120.44
5344,120.25
5345,120.152
5346,120.43
5347,119.98
5348,119.81
5349,120.0575
5350,119.94
5351,119.3597
5352,118.84
5353,118.98
5354,118.6
5355,119.49
5356,118.9999
5357,118.72
5358,118.85
5359,119.68
5360,119.7989
5361,119.59
5362,118.9
5363,119.02
5364,119.41
5365,119.22
5366,118.9
5367,118.94
5368,118.51999999999998
5369,118.44
5370,118.772
5371,118.51999999999998
5372,119.22
5373,119.53
5374,118.7601
5375,119.45
5376,121.95
5377,121.26
5378,122.27
5379,122.35
5380,122.66
5381,124.2
5382,125.16
5383,125.24
5384,125.61
5385,124.7
5386,124.15
5387,124.545
5388,124.45
5389,124.74
5390,125.1
5391,124.97
5392,124.22
5393,123.87
5394,123.58
5395,124.06
5396,123.69
5397,124.29
5398,124.6256
5399,123.986
5400,123.83
5401,123.7305
5402,123.2692
5403,122.85
5404,122.984
5405,123.22
5406,122.51
5407,120.8243
5408,120.781
5409,119.725
5410,119.69
5411,119.44
5412,120.685
5413,120.848
5414,120.46
5415,120.9
5416,120.45
5417,120.2
5418,119.87999999999998
5419,119.208
5420,118.79700000000001
5421,119.27
5422,118.97
5423,118.92
5424,119.4
5425,118.94
5426,119.23
5427,118.463
5428,118.3701
5429,118.2186
5430,118.59299999999999
5431,119.006
5432,118.0
5433,118.24
5434,117.07
5435,118.13
5436,117.92
5437,118.3568
5438,117.67399999999999
5439,117.11
5440,116.561
5441,116.01
5442,116.55
5443,117.41
5444,116.89
5445,116.72
5446,117.2699
5447,117.17
5448,117.1361
5449,116.81999999999998
5450,116.5711
5451,116.3201
5452,116.23000000000002
5453,115.8592
5454,115.825
5455,116.05
5456,116.04
5457,116.17
5458,116.62
5459,116.3699
5460,116.66
5461,116.88
5462,116.3
5463,116.5739
5464,115.77
5465,116.05799999999999
5466,115.67
5467,115.45999999999998
5468,115.5265
5469,115.15
5470,115.27
5471,115.5799
5472,116.0811
5473,115.7009
5474,115.77
5475,115.71700000000001
5476,115.79999999999998
5477,116.25
5478,116.455
5479,116.43
5480,116.45889999999999
5481,116.646
5482,116.785
5483,116.17
5484,116.22
5485,116.37200000000001
5486,117.44
5487,118.2568
5488,118.05
5489,117.92399999999999
5490,117.6
5491,117.18
5492,116.32
5493,116.86
5494,117.1
5495,116.965
5496,117.0675
5497,117.27
5498,117.124
5499,117.48
