,0
0,139.98
1,139.7994
2,139.9247
3,140.2514
4,140.55
5,140.46
6,140.32
7,140.25
8,140.41
9,140.4089
10,140.15
11,140.181
12,140.19
13,140.2627
14,140.2
15,140.4758
16,140.51
17,140.65
18,140.64
19,142.0
20,141.5
21,141.8439
22,141.7346
23,140.8249
24,140.5455
25,140.64
26,139.7797
27,140.13
28,140.09
29,140.0
30,140.0
31,139.99
32,140.237
33,140.7274
34,140.66
35,140.80100000000004
36,140.74
37,141.2365
38,141.03
39,140.745
40,140.78
41,140.61
42,140.55
43,140.62
44,140.77
45,140.87
46,140.68
47,140.5
48,140.16
49,140.21
50,140.52
51,140.23
52,140.36
53,140.39
54,140.26
55,140.17
56,140.32
57,140.0438
58,140.02
59,139.99
60,139.89
61,140.092
62,140.02
63,139.83
64,139.51
65,139.41
66,139.25
67,139.23
68,139.15
69,139.071
70,139.19
71,139.5562
72,139.57
73,139.4532
74,139.74
75,140.03
76,139.99
77,140.13
78,139.88
79,139.659
80,139.92
81,140.02
82,140.09
83,140.22
84,140.2
85,140.46
86,140.6172
87,140.21
88,140.437
89,140.305
90,140.25
91,140.2521
92,140.42
93,140.37
94,140.1634
95,140.21
96,140.25
97,139.75
98,139.7
99,139.22
100,139.22
101,139.4
102,139.48
103,139.56
104,139.789
105,139.975
106,139.98
107,140.04
108,140.02
109,139.8037
110,139.8249
111,139.82
112,139.87
113,139.82
114,140.1119
115,140.2699
116,140.404
117,140.38
118,140.34
119,140.17
120,140.25
121,140.39
122,140.95
123,142.16
124,141.93
125,141.9647
126,141.45
127,141.52
128,141.775
129,141.21
130,141.34
131,141.51
132,142.1
133,142.1299
134,141.7317
135,141.82
136,141.72
137,141.71
138,142.1503
139,142.63
140,143.08
141,143.32
142,143.21
143,143.4496
144,143.86
145,144.06
146,143.82
147,143.925
148,143.99
149,142.84
150,143.13
151,143.7072
152,143.66
153,143.785
154,143.6979
155,143.4663
156,143.509
157,143.65
158,144.18
159,144.37
160,144.87
161,144.57
162,144.53
163,144.15
164,144.42
165,144.41
166,144.7
167,144.69
168,144.97
169,144.5402
170,144.78
171,144.8576
172,144.9
173,144.95
174,144.75
175,144.33
176,144.31
177,143.9
178,143.68
179,143.87
180,144.03
181,144.04399999999995
182,144.1168
183,144.32
184,144.07
185,143.8406
186,143.83
187,144.07
188,143.78
189,144.0
190,144.0519
191,144.18
192,144.19
193,144.1697
194,144.14
195,144.35
196,144.32
197,144.33
198,144.14
199,144.12
200,144.14
201,145.27
202,144.36
203,144.38
204,144.44
205,144.655
206,144.55
207,144.6974
208,144.56
209,144.61
210,144.77
211,144.76
212,144.7408
213,144.88
214,144.87
215,145.02
216,144.84
217,144.9067
218,144.83
219,144.97
220,145.04
221,144.91
222,144.86
223,145.0
224,144.8
225,144.74
226,144.82
227,145.4395
228,144.9675
229,145.4024
230,145.39
231,145.11
232,145.285
233,144.77
234,144.9758
235,144.7598
236,144.532
237,144.5
238,144.45
239,144.52
240,144.31
241,144.4099
242,144.33
243,144.3
244,144.23
245,144.16
246,144.01
247,143.8901
248,143.85
249,143.8
250,143.64
251,143.415
252,143.2
253,143.45
254,142.83
255,142.59
256,142.3063
257,141.1
258,140.8003
259,140.64
260,140.52
261,140.94
262,141.0
263,141.12
264,141.235
265,141.2317
266,141.36
267,141.27
268,141.05
269,140.83
270,140.365
271,140.53
272,140.07
273,140.3907
274,140.46
275,140.48
276,140.34
277,140.41
278,140.79
279,141.9
280,141.75
281,141.35
282,140.92
283,141.27
284,141.6516
285,141.06
286,141.5
287,141.455
288,141.595
289,141.56
290,141.7246
291,141.89
292,141.58
293,141.54
294,142.16
295,142.08
296,142.0
297,142.005
298,142.14
299,141.96
300,141.94
301,142.15
302,142.19
303,142.25
304,142.29
305,142.13
306,141.93
307,141.4373
308,141.64
309,141.58
310,141.29
311,141.2051
312,141.45
313,141.42
314,141.42
315,141.6199
316,141.7772
317,141.8601
318,141.62
319,141.63
320,141.6
321,141.5
322,141.56
323,141.79
324,141.71
325,141.66
326,141.78
327,141.7622
328,141.8
329,141.93
330,142.0
331,141.94
332,142.7217
333,142.33
334,142.37
335,141.8803
336,141.76
337,141.74
338,141.3
339,141.44
340,141.6
341,141.4
342,141.54
343,141.79
344,142.1164
345,142.19
346,142.44
347,142.23
348,142.2
349,142.33
350,142.1
351,142.09
352,141.77
353,142.19
354,142.03
355,141.9154
356,142.195
357,142.46
358,142.13
359,142.58
360,142.78
361,143.29
362,143.09
363,143.05
364,143.25
365,142.79
366,142.77
367,142.55
368,142.58
369,142.55
370,142.52
371,142.56
372,142.7
373,142.64
374,142.72
375,142.87
376,142.84
377,142.7528
378,142.7201
379,142.57
380,142.5485
381,142.59
382,142.57
383,142.64
384,142.9
385,143.125
386,143.1
387,142.99
388,142.78
389,143.14
390,143.17
391,143.5052
392,143.6
393,143.7574
394,143.714
395,143.66
396,143.63
397,143.57
398,143.6976
399,143.945
400,143.86
401,143.82
402,143.86
403,143.65
404,143.8181
405,143.815
406,143.83
407,143.7577
408,143.86
409,143.22
410,143.39
411,142.89
412,142.6499
413,143.0424
414,142.57
415,141.92
416,142.14
417,142.51
418,142.5652
419,142.39
420,142.655
421,142.5
422,142.22
423,142.43
424,142.16
425,142.08
426,142.02
427,142.12
428,142.2754
429,142.4101
430,142.48
431,142.32
432,142.23
433,142.31
434,142.64
435,142.67
436,142.2035
437,142.05
438,142.5
439,142.9302
440,143.01
441,142.84
442,142.96
443,142.8701
444,142.94
445,143.129
446,143.44
447,143.3
448,143.4002
449,143.159
450,143.26
451,143.31
452,143.24
453,143.16
454,143.06
455,143.25
456,143.1161
457,142.97
458,142.93
459,143.01
460,143.22
461,142.79
462,142.92
463,142.61
464,142.6
465,143.0
466,143.52
467,143.57
468,143.7725
469,143.58
470,143.43
471,143.52
472,143.2923
473,143.44799999999995
474,143.33
475,143.4231
476,143.335
477,143.32
478,143.39
479,143.612
480,143.64
481,143.58
482,143.4
483,143.27
484,143.095
485,143.32
486,143.37
487,142.91
488,142.83
489,143.15
490,142.92
491,142.8
492,142.91
493,143.01
494,142.9766
495,142.71
496,142.63
497,141.9
498,142.1425
499,142.06
500,142.13
501,142.42
502,142.36
503,142.36
504,142.545
505,142.43
506,142.1759
507,142.0
508,142.21
509,142.17
510,142.05
511,142.04
512,142.12
513,142.83
514,142.95
515,142.995
516,142.69
517,142.59
518,142.6947
519,143.1
520,142.675
521,142.6482
522,142.84
523,143.05
524,142.93
525,142.88
526,142.67
527,142.6
528,142.57
529,142.48
530,142.65
531,142.82
532,142.82
533,142.81
534,142.8
535,142.6333
536,142.59
537,142.77
538,142.59
539,142.19
540,142.43
541,142.1
542,142.155
543,141.64
544,140.77
545,139.91
546,140.08
547,140.16
548,140.06
549,140.31
550,140.3554
551,140.113
552,140.07
553,139.7841
554,140.17700000000002
555,140.1
556,139.81
557,139.71
558,139.765
559,139.64
560,139.73
561,139.55
562,139.211
563,139.32
564,139.57
565,140.28
566,140.56
567,140.58
568,139.9674
569,139.95
570,139.57
571,139.55
572,139.2
573,139.21
574,139.31
575,139.19
576,139.06
577,139.18
578,139.0965
579,138.78
580,138.7411
581,138.6
582,138.43
583,138.95
584,138.83
585,138.86
586,138.74
587,138.95
588,138.95
589,139.11
590,139.14
591,141.9872
592,142.21200000000005
593,142.21
594,141.94
595,141.285
596,141.3698
597,141.5171
598,141.26
599,141.06
600,141.11
601,141.01
602,140.82
603,140.99
604,141.08
605,141.385
606,141.48
607,141.77
608,141.98
609,142.09
610,142.08
611,141.89
612,141.53
613,141.79
614,142.11
615,142.3011
616,141.94
617,141.14
618,141.483
619,141.34
620,141.5701
621,141.64
622,141.4559
623,141.2
624,141.12
625,140.793
626,140.6342
627,140.53
628,140.781
629,140.87
630,140.8768
631,140.93
632,140.98
633,141.04
634,141.08
635,141.05100000000004
636,141.36
637,141.42
638,141.39
639,141.5003
640,141.42
641,141.1135
642,141.42
643,141.2359
644,141.3498
645,141.17
646,141.8099
647,141.55
648,141.33
649,141.25
650,141.04
651,140.59
652,140.45
653,140.569
654,140.54
655,140.65
656,140.6099
657,140.6399
658,140.3836
659,140.655
660,140.41
661,140.08
662,140.23
663,139.98
664,140.2099
665,140.3203
666,140.32
667,140.31
668,140.32
669,140.5
670,140.82
671,141.15
672,140.56
673,140.6329
674,140.6
675,140.75
676,140.57
677,140.51
678,140.5472
679,140.485
680,140.32
681,140.49
682,140.5154
683,140.52
684,140.45
685,140.43
686,140.25
687,139.93
688,140.201
689,140.21
690,140.21
691,140.2
692,140.39
693,140.59
694,140.53
695,140.864
696,141.13
697,141.08
698,141.16
699,141.05
700,141.23
701,141.2524
702,141.4
703,141.0653
704,141.055
705,141.04399999999995
706,141.1
707,140.9
708,140.78
709,140.7126
710,140.9095
711,140.96
712,141.22
713,141.0
714,141.0
715,140.94
716,140.69
717,140.335
718,140.79
719,140.851
720,140.87
721,141.17
722,141.4
723,141.87
724,142.03
725,142.08
726,142.14
727,142.25
728,142.14
729,142.3999
730,142.49
731,142.5
732,142.56
733,142.6996
734,143.0
735,143.2207
736,143.18
737,143.18
738,142.9885
739,142.76
740,142.99
741,143.09
742,143.2
743,143.23
744,143.18
745,143.17
746,143.53
747,142.7399
748,142.8601
749,142.62
750,142.51
751,141.7694
752,142.4
753,142.4698
754,142.72
755,142.81
756,142.46
757,142.33
758,142.45
759,142.466
760,142.47
761,142.82
762,142.81
763,142.87
764,143.0005
765,142.97799999999995
766,142.85
767,142.83
768,142.74
769,143.12
770,143.14
771,143.036
772,143.19
773,143.654
774,144.02
775,143.64
776,144.4
777,144.29
778,144.27
779,144.21
780,144.41
781,144.412
782,144.24
783,144.35
784,144.39
785,144.28
786,144.34
787,144.2301
788,144.2354
789,144.35
790,144.41
791,144.75
792,144.81
793,145.25
794,145.19
795,145.42
796,145.23
797,145.3509
798,145.27
799,144.71
800,145.38
801,145.63
802,145.864
803,146.13
804,146.11
805,145.48
806,145.47
807,145.23
808,145.3099
809,145.38
810,145.6
811,145.51
812,145.39
813,145.23
814,145.17
815,145.19
816,145.07
817,145.219
818,145.09
819,144.94
820,144.84
821,144.89
822,144.6358
823,144.43
824,144.37
825,144.195
826,144.58
827,145.18
828,144.844
829,144.87
830,144.82
831,144.51
832,144.75
833,144.81
834,144.77
835,144.765
836,145.17
837,145.06
838,145.2
839,145.33
840,145.29
841,145.05
842,145.05
843,145.38
844,145.2
845,145.2125
846,145.38
847,145.6436
848,145.48
849,145.0
850,145.09
851,145.02
852,145.25
853,145.33
854,145.8726
855,145.96
856,145.62
857,145.63
858,145.72
859,146.04
860,146.08
861,145.95
862,145.9912
863,146.115
864,145.9
865,145.785
866,145.83
867,145.38
868,145.74
869,145.88
870,146.04
871,145.82
872,145.8
873,145.77
874,145.915
875,145.86
876,145.8
877,147.5
878,147.58
879,146.75
880,146.42
881,146.36
882,145.64
883,145.19899999999996
884,144.41899999999995
885,143.86
886,144.75
887,144.501
888,144.59
889,144.19
890,144.33
891,144.3463
892,144.67
893,144.33
894,143.4802
895,143.12
896,143.11
897,143.1
898,143.0
899,142.89
900,142.64
901,142.43
902,142.38
903,143.47299999999996
904,142.21
905,141.69
906,141.23
907,141.84
908,141.83
909,141.58
910,141.8702
911,141.6
912,141.49
913,141.16
914,141.07
915,140.9
916,141.09
917,140.78
918,141.03
919,141.1574
920,140.94
921,141.1977
922,140.89
923,141.45
924,141.65
925,141.72
926,142.0
927,142.07
928,142.66
929,142.3
930,142.42
931,141.8
932,142.13
933,142.33
934,142.07
935,142.04
936,142.03
937,141.92
938,141.99
939,141.93
940,141.72
941,142.04
942,142.01
943,141.48
944,141.35
945,141.6299
946,141.7556
947,141.94
948,141.99
949,142.25
950,142.06
951,142.15
952,141.83
953,141.735
954,141.83
955,142.61
956,142.2004
957,142.25
958,142.2
959,142.44
960,142.52
961,142.6436
962,142.67
963,142.62
964,142.62
965,142.32
966,142.49
967,142.55
968,142.57
969,142.285
970,142.34
971,142.3
972,142.17
973,142.18
974,142.2967
975,141.99
976,141.68
977,141.78
978,141.97
979,142.29
980,142.01
981,140.87
982,141.22
983,141.53
984,142.1197
985,142.51
986,142.47
987,142.0526
988,142.47
989,142.8595
990,142.77
991,143.14
992,143.19
993,143.315
994,143.86
995,144.1651
996,144.29
997,144.17
998,143.972
999,144.05
1000,144.02
1001,143.95
1002,144.36
1003,144.31
1004,144.128
1005,144.2
1006,144.08
1007,144.88
1008,144.55
1009,144.31
1010,144.45
1011,144.81
1012,145.14
1013,145.26
1014,145.05
1015,145.37
1016,145.41
1017,145.47
1018,145.32
1019,145.6128
1020,145.8
1021,145.88
1022,145.78
1023,145.98
1024,146.04
1025,146.075
1026,146.0
1027,145.839
1028,145.68
1029,145.64
1030,145.37
1031,145.28
1032,145.15
1033,145.33
1034,145.29
1035,146.3097
1036,146.65
1037,146.8
1038,146.49
1039,146.48
1040,146.44
1041,146.21
1042,146.24
1043,146.35
1044,146.64
1045,146.62
1046,146.47
1047,146.68
1048,146.67
1049,146.6335
1050,146.6599
1051,146.428
1052,146.62
1053,146.33
1054,146.45
1055,146.505
1056,146.65
1057,146.65
1058,146.48
1059,146.99
1060,147.06
1061,147.19
1062,146.82
1063,147.32399999999996
1064,147.56
1065,147.64
1066,147.63
1067,147.28
1068,146.98
1069,146.93
1070,147.37
1071,147.41
1072,147.43
1073,147.6
1074,147.7
1075,147.79
1076,147.81
1077,147.935
1078,148.04
1079,147.7486
1080,147.91
1081,148.0441
1082,148.11
1083,148.0
1084,148.01
1085,147.675
1086,147.7112
1087,147.98
1088,147.57
1089,147.86
1090,147.56
1091,147.6
1092,147.35
1093,147.59
1094,147.5
1095,147.48
1096,147.79
1097,147.81
1098,147.99
1099,148.0251
1100,148.18
1101,148.09
1102,147.62
1103,147.755
1104,147.74
1105,147.84
1106,147.77
1107,147.82
1108,148.05
1109,148.06
1110,147.82
1111,147.69
1112,147.25
1113,146.94
1114,147.09
1115,146.98
1116,146.57
1117,146.24
1118,146.3
1119,146.281
1120,146.1001
1121,146.02
1122,146.12
1123,146.3886
1124,146.63
1125,146.65
1126,146.67
1127,146.59
1128,146.6932
1129,146.7034
1130,146.88
1131,147.05
1132,147.2
1133,147.23
1134,147.0753
1135,147.04
1136,146.91
1137,146.49
1138,146.0065
1139,145.838
1140,145.8995
1141,145.64
1142,145.31
1143,145.49
1144,145.3799
1145,145.355
1146,145.28
1147,145.35
1148,145.4112
1149,145.34
1150,145.21
1151,145.31
1152,145.254
1153,145.19
1154,145.03
1155,145.11
1156,145.06
1157,144.91
1158,145.06
1159,145.1285
1160,145.1073
1161,145.2204
1162,145.49
1163,145.5
1164,145.17
1165,145.38
1166,145.18
1167,145.345
1168,145.8
1169,145.83
1170,145.6201
1171,145.61
1172,145.52
1173,145.51
1174,145.4688
1175,145.5
1176,145.48
1177,145.375
1178,145.4912
1179,145.39
1180,145.23
1181,145.13
1182,145.11
1183,144.97
1184,144.5799
1185,144.2843
1186,143.75
1187,143.68
1188,143.63
1189,143.2
1190,143.7637
1191,143.64
1192,143.64
1193,143.395
1194,143.431
1195,143.46
1196,143.72
1197,143.57
1198,143.73
1199,143.66
1200,143.56
1201,143.27
1202,143.41
1203,143.37
1204,143.5637
1205,143.59
1206,143.49
1207,143.43
1208,143.47
1209,143.71
1210,143.3143
1211,143.49
1212,143.61
1213,143.7875
1214,143.74
1215,143.36
1216,142.89
1217,143.379
1218,143.7
1219,143.6651
1220,143.32
1221,143.41
1222,143.24
1223,143.32
1224,143.31
1225,143.42
1226,143.3
1227,143.54
1228,143.6
1229,143.47
1230,143.7472
1231,143.7459
1232,143.52
1233,143.485
1234,143.33
1235,143.14
1236,143.02
1237,143.22
1238,143.06
1239,143.04
1240,143.09
1241,142.3
1242,142.32
1243,141.9
1244,141.655
1245,141.96
1246,141.47899999999996
1247,141.48
1248,141.72
1249,141.78
1250,142.17
1251,142.33
1252,142.9
1253,143.38
1254,143.91
1255,144.06
1256,144.2218
1257,144.475
1258,144.31
1259,144.1563
1260,143.96
1261,144.0
1262,144.24
1263,144.04
1264,143.91
1265,143.79
1266,143.85
1267,143.635
1268,143.39
1269,143.49
1270,143.1015
1271,142.56
1272,142.33
1273,142.14
1274,142.21
1275,142.43
1276,142.67
1277,142.9375
1278,143.37
1279,143.12
1280,143.6
1281,143.8
1282,143.63
1283,143.68
1284,143.73
1285,143.82
1286,143.98
1287,144.12
1288,144.21
1289,144.25
1290,144.29
1291,144.03
1292,144.37
1293,144.85
1294,145.17
1295,145.03
1296,145.16
1297,145.488
1298,145.07
1299,144.906
1300,144.41
1301,144.05
1302,143.95
1303,143.97899999999996
1304,144.1
1305,144.01
1306,143.8866
1307,144.06
1308,144.1
1309,144.3198
1310,144.5
1311,144.45
1312,144.42
1313,144.16
1314,144.38
1315,144.06
1316,144.07
1317,143.62
1318,143.83
1319,143.95
1320,144.15
1321,144.365
1322,144.26
1323,144.47
1324,144.3
1325,144.0
1326,143.999
1327,144.0427
1328,143.88
1329,143.8184
1330,144.03
1331,143.97
1332,143.89
1333,143.53
1334,143.46
1335,143.34
1336,143.03
1337,143.05
1338,143.48
1339,143.7
1340,143.64
1341,143.18
1342,143.0932
1343,142.93
1344,142.9134
1345,145.4299
1346,145.87
1347,145.99
1348,145.56
1349,146.11
1350,146.8005
1351,146.32
1352,146.49
1353,146.924
1354,146.83
1355,146.66
1356,146.87
1357,146.76
1358,146.845
1359,147.005
1360,146.93
1361,146.77
1362,146.7
1363,146.5711
1364,146.6242
1365,146.88
1366,146.83
1367,146.878
1368,146.66
1369,146.77
1370,147.2898
1371,144.74
1372,144.24
1373,144.1205
1374,144.19
1375,145.355
1376,145.91
1377,146.42
1378,145.8
1379,144.75
1380,144.45
1381,144.3011
1382,143.8016
1383,143.5384
1384,142.56
1385,142.16
1386,142.2672
1387,142.74
1388,143.4
1389,143.0898
1390,143.15
1391,142.73
1392,143.255
1393,143.01
1394,143.06
1395,143.37
1396,143.34
1397,142.525
1398,142.3
1399,142.05
1400,141.91
1401,142.15
1402,142.12
1403,142.06
1404,141.822
1405,141.63
1406,141.13
1407,141.0
1408,140.78
1409,140.95
1410,140.855
1411,140.1898
1412,140.3854
1413,140.23
1414,139.7801
1415,139.23
1416,139.41
1417,139.22
1418,139.03
1419,138.6742
1420,138.745
1421,138.995
1422,139.79
1423,140.15
1424,139.42
1425,141.42
1426,141.1
1427,140.9
1428,141.27
1429,140.99
1430,140.99
1431,140.93
1432,141.19
1433,141.45
1434,141.22
1435,141.36
1436,141.13
1437,141.02
1438,141.15
1439,141.38
1440,141.6
1441,141.64
1442,141.74
1443,141.47
1444,141.14
1445,140.93
1446,140.86
1447,141.27
1448,141.16
1449,141.7296
1450,141.9961
1451,141.74
1452,142.26
1453,141.67
1454,141.44
1455,141.12
1456,141.33
1457,141.1141
1458,141.25
1459,141.24
1460,141.23
1461,141.3399
1462,141.07
1463,141.2638
1464,141.5
1465,141.49
1466,142.21
1467,142.095
1468,142.33
1469,142.3564
1470,142.35
1471,142.55
1472,142.74
1473,142.68
1474,142.89
1475,143.964
1476,144.12
1477,144.21
1478,144.19
1479,143.77
1480,144.24
1481,144.1
1482,143.88
1483,143.73
1484,143.6595
1485,143.8675
1486,143.765
1487,143.92
1488,143.955
1489,143.92
1490,143.76
1491,143.65
1492,143.68
1493,143.9
1494,143.79
1495,143.7
1496,143.66
1497,143.93
1498,143.79
1499,143.94
1500,143.85
1501,146.7
1502,146.8
1503,147.72
1504,148.34000000000003
1505,148.17
1506,148.62
1507,148.97
1508,149.755
1509,150.92999999999998
1510,151.86
1511,152.23
1512,151.62
1513,152.18
1514,152.43
1515,153.2
1516,152.8574
1517,153.41
1518,152.85
1519,152.94000000000003
1520,152.3
1521,152.16
1522,152.11
1523,152.42
1524,152.75
1525,152.99
1526,152.3
1527,150.2701
1528,150.445
1529,150.97
1530,151.335
1531,151.495
1532,151.94
1533,151.58
1534,151.76
1535,151.52
1536,151.32
1537,151.315
1538,151.0896
1539,150.697
1540,150.64
1541,150.88
1542,150.55
1543,150.5
1544,149.99
1545,149.9
1546,150.0501
1547,150.0875
1548,150.13
1549,150.35999999999999
1550,150.3
1551,149.82
1552,150.17
1553,149.86
1554,150.07000000000002
1555,151.03799999999993
1556,150.91
1557,151.33
1558,151.13
1559,151.77000000000004
1560,151.7599
1561,151.8
1562,151.85
1563,151.828
1564,151.83
1565,151.9325
1566,151.915
1567,151.87
1568,152.305
1569,152.26
1570,152.31
1571,152.6325
1572,152.66999999999996
1573,153.11
1574,153.06
1575,153.11
1576,153.1
1577,153.3901
1578,153.09
1579,152.22
1580,152.17
1581,151.94499999999996
1582,152.2
1583,152.5
1584,152.3074
1585,151.68
1586,151.9
1587,151.86
1588,151.91
1589,152.21
1590,151.79000000000002
1591,152.0
1592,152.18
1593,152.34
1594,152.24
1595,152.28
1596,152.1982
1597,151.85
1598,151.64
1599,151.3947
1600,151.19
1601,151.51000000000002
1602,151.81
1603,152.14
1604,152.24
1605,153.85
1606,154.7495
1607,154.83390000000003
1608,155.9045
1609,156.62
1610,156.63
1611,156.5897
1612,156.63
1613,157.08
1614,156.73
1615,156.77
1616,156.85
1617,157.14
1618,157.13
1619,157.43
1620,157.48
1621,157.5221
1622,157.56
1623,157.07540000000003
1624,156.73
1625,156.51
1626,156.58
1627,156.6186
1628,156.0
1629,155.97
1630,155.35
1631,155.04
1632,154.91
1633,155.79999999999998
1634,156.055
1635,155.9
1636,155.59
1637,155.7603
1638,155.53999999999996
1639,156.11
1640,155.751
1641,155.71
1642,155.90679999999998
1643,156.03299999999996
1644,155.80999999999997
1645,155.975
1646,155.7756
1647,155.64
1648,155.5309
1649,155.85
1650,155.89
1651,155.4139
1652,155.22
1653,155.65
1654,155.905
1655,156.27
1656,156.46
1657,155.6803
1658,155.951
1659,155.21
1660,155.61
1661,155.4754
1662,155.77
1663,155.5
1664,155.73
1665,155.4792
1666,155.14
1667,155.12
1668,154.955
1669,155.0909
1670,155.0347
1671,155.06
1672,155.09
1673,154.98
1674,155.115
1675,155.47
1676,155.2
1677,155.14
1678,155.13
1679,155.295
1680,155.23
1681,155.2815
1682,155.59
1683,155.43
1684,155.7846
1685,156.21620000000001
1686,157.0
1687,156.8
1688,156.49
1689,156.39900000000003
1690,156.95999999999998
1691,157.75
1692,157.32
1693,156.885
1694,156.94
1695,156.86
1696,157.1033
1697,157.1
1698,157.13
1699,157.13
1700,157.29
1701,157.59
1702,157.32
1703,157.31
1704,157.08
1705,157.2
1706,157.1
1707,157.25999999999996
1708,157.25999999999996
1709,157.51
1710,157.2
1711,157.23
1712,156.62
1713,156.55
1714,156.31
1715,156.09999999999997
1716,156.52
1717,156.65000000000003
1718,156.93
1719,157.01
1720,156.86
1721,156.83
1722,156.99839999999998
1723,156.82
1724,157.0656
1725,157.02
1726,156.95
1727,156.9818
1728,156.95999999999998
1729,156.79
1730,156.81
1731,156.88
1732,156.85
1733,156.69
1734,156.55
1735,157.42
1736,156.32
1737,156.01
1738,156.0
1739,155.91
1740,155.489
1741,155.43
1742,155.505
1743,156.35
1744,156.26
1745,155.75
1746,155.6604
1747,155.6308
1748,155.995
1749,155.8339
1750,156.22
1751,156.2624
1752,156.08000000000004
1753,155.93
1754,155.88
1755,155.74
1756,155.98
1757,155.9025
1758,155.75
1759,155.63
1760,156.36000000000004
1761,156.4688
1762,156.9
1763,157.36
1764,157.15
1765,156.95
1766,157.08
1767,156.87
1768,156.47
1769,156.36000000000004
1770,156.65000000000003
1771,156.88
1772,156.77
1773,156.82
1774,156.97
1775,157.28
1776,156.875
1777,157.53999999999996
1778,157.55
1779,157.51
1780,157.43
1781,157.5
1782,157.28
1783,157.22
1784,157.36
1785,157.33
1786,157.46
1787,157.08500000000004
1788,157.59
1789,159.1601
1790,158.66
1791,159.7401
1792,159.3499
1793,159.16
1794,159.42
1795,159.25999999999996
1796,159.679
1797,159.721
1798,160.19
1799,160.46
1800,160.76
1801,160.41999999999996
1802,160.8773
1803,160.92
1804,160.71
1805,160.39999999999998
1806,160.10000000000002
1807,160.315
1808,160.3738
1809,160.6
1810,160.22
1811,160.38
1812,160.28
1813,159.08
1814,158.26
1815,158.2
1816,158.01
1817,157.74
1818,157.7609
1819,158.4801
1820,158.3299
1821,158.22
1822,158.3716
1823,158.29
1824,158.22
1825,158.44
1826,158.315
1827,158.57
1828,158.64
1829,159.02
1830,158.91
1831,158.87
1832,158.74
1833,158.48
1834,158.54499999999996
1835,158.495
1836,158.26
1837,158.25
1838,158.47
1839,158.739
1840,158.937
1841,159.35
1842,158.849
1843,159.16
1844,159.28
1845,159.41
1846,159.35
1847,159.7219
1848,159.69
1849,159.64
1850,159.5278
1851,159.75
1852,159.96
1853,160.28
1854,160.33
1855,160.33
1856,160.39999999999998
1857,160.21
1858,160.13
1859,160.285
1860,160.39999999999998
1861,160.31
1862,160.305
1863,160.625
1864,160.83
1865,161.639
1866,161.19
1867,160.29
1868,160.09000000000003
1869,160.585
1870,160.8492
1871,160.9858
1872,161.08
1873,160.60260000000002
1874,160.36
1875,160.40999999999997
1876,160.24
1877,160.38
1878,160.11
1879,160.2801
1880,160.18
1881,160.05
1882,160.09000000000003
1883,160.18
1884,159.9418
1885,159.97
1886,159.97440000000003
1887,159.96
1888,160.0
1889,159.95
1890,160.0
1891,160.036
1892,160.76
1893,160.5
1894,159.485
1895,159.71
1896,160.24
1897,159.91
1898,159.832
1899,159.95
1900,160.12
1901,160.01
1902,159.91
1903,159.885
1904,159.83
1905,159.815
1906,159.77
1907,159.525
1908,159.52000000000004
1909,159.51990000000004
1910,159.4799
1911,159.471
1912,159.42
1913,159.5
1914,159.51
1915,159.51
1916,159.41
1917,158.52
1918,157.451
1919,156.94
1920,156.94
1921,156.895
1922,156.1492
1923,156.45
1924,156.075
1925,156.49
1926,156.58
1927,156.49
1928,156.2364
1929,156.09000000000003
1930,156.23
1931,156.07
1932,155.88
1933,155.79
1934,155.436
1935,155.34
1936,154.91
1937,154.2393
1938,154.34
1939,154.35980000000004
1940,154.2
1941,153.77
1942,153.19
1943,154.02
1944,155.23
1945,156.29
1946,155.96
1947,156.45
1948,155.75
1949,156.08000000000004
1950,156.21
1951,155.255
1952,154.52
1953,155.1906
1954,155.68
1955,155.33
1956,155.32
1957,155.37
1958,155.59
1959,155.81999999999996
1960,155.7
1961,155.9
1962,156.315
1963,156.0649
1964,155.81999999999996
1965,155.7369
1966,155.77
1967,155.71
1968,155.69
1969,156.82
1970,156.47
1971,156.56
1972,157.0588
1973,157.18
1974,157.583
1975,157.99
1976,157.83
1977,157.3
1978,157.23
1979,157.3615
1980,157.23
1981,157.4
1982,157.56
1983,157.43
1984,157.35
1985,157.5
1986,157.56
1987,157.44
1988,157.65
1989,157.68
1990,157.67
1991,157.34
1992,157.12
1993,156.81
1994,157.02
1995,157.6
1996,157.55899999999997
1997,157.01
1998,156.83
1999,157.4118
2000,157.06
2001,157.04
2002,157.35
2003,157.2448
2004,157.32
2005,157.46
2006,157.17079999999999
2007,157.0502
2008,156.8364
2009,156.89999999999998
2010,156.63
2011,156.54
2012,156.645
2013,156.66999999999996
2014,157.11000000000004
2015,156.88
2016,156.93
2017,157.13000000000002
2018,156.96
2019,156.81
2020,157.15
2021,157.26
2022,157.325
2023,157.75
2024,157.56
2025,157.14000000000001
2026,157.33
2027,157.62
2028,157.474
2029,157.7785
2030,157.77
2031,157.56
2032,157.24
2033,156.99500000000003
2034,156.895
2035,157.03
2036,157.37999999999997
2037,157.75
2038,157.7647
2039,157.94
2040,158.1275
2041,158.1
2042,158.09
2043,157.93
2044,157.906
2045,157.69
2046,157.96
2047,157.54
2048,157.7699
2049,157.82999999999998
2050,157.99
2051,158.03
2052,157.46
2053,157.67
2054,157.72500000000002
2055,157.45
2056,157.31
2057,157.49
2058,157.665
2059,157.58000000000004
2060,157.55
2061,157.52
2062,157.5559
2063,157.73
2064,157.645
2065,157.51
2066,157.60000000000002
2067,157.55
2068,157.58000000000004
2069,157.561
2070,157.56
2071,157.58000000000004
2072,157.75
2073,162.49
2074,162.71240000000003
2075,163.43
2076,162.9
2077,162.375
2078,163.17
2079,163.295
2080,163.691
2081,162.72
2082,163.06999999999996
2083,163.13
2084,163.2968
2085,163.42
2086,163.65
2087,163.79
2088,163.6356
2089,163.3098
2090,163.62
2091,163.7228
2092,163.9
2093,163.94
2094,163.86
2095,163.91
2096,163.17
2097,163.485
2098,163.02
2099,162.11
2100,161.67
2101,161.355
2102,161.23
2103,161.5603
2104,161.85
2105,161.805
2106,161.9568
2107,162.43
2108,162.2
2109,161.905
2110,162.142
2111,162.17
2112,162.43
2113,162.27
2114,162.29
2115,161.9744
2116,162.27
2117,162.26
2118,162.03
2119,162.20500000000004
2120,162.15
2121,162.28749999999997
2122,162.22
2123,162.22
2124,162.43
2125,163.345
2126,163.48
2127,163.4008
2128,163.63
2129,164.31990000000002
2130,164.46000000000004
2131,164.6226
2132,164.04
2133,164.13
2134,163.64
2135,163.71
2136,163.64
2137,163.59
2138,163.6602
2139,163.2928
2140,163.37
2141,163.19
2142,163.053
2143,162.80999999999997
2144,162.82000000000002
2145,162.855
2146,162.905
2147,163.13
2148,163.26
2149,163.28000000000003
2150,163.23
2151,163.06999999999996
2152,161.72
2153,161.1746
2154,160.90000000000003
2155,161.64000000000001
2156,162.01
2157,162.03
2158,162.31
2159,162.33999999999997
2160,162.8811
2161,162.71
2162,162.56000000000003
2163,162.644
2164,162.4
2165,162.62
2166,162.55000000000004
2167,162.49
2168,162.51
2169,162.23
2170,162.36
2171,162.59
2172,162.33999999999997
2173,162.5953
2174,162.84
2175,162.75
2176,163.08
2177,163.75000000000003
2178,163.02
2179,162.1997
2180,162.5
2181,162.36
2182,162.5
2183,162.5
2184,162.4
2185,162.32
2186,162.17
2187,161.86999999999998
2188,162.02
2189,161.96
2190,162.18
2191,162.33999999999997
2192,162.34999999999997
2193,162.2432
2194,162.45
2195,162.55000000000004
2196,162.3
2197,162.28
2198,162.25
2199,162.39
2200,162.38
2201,162.49
2202,162.97
2203,163.39
2204,163.29399999999995
2205,163.83
2206,163.45
2207,163.21
2208,163.21
2209,163.25
2210,163.42700000000005
2211,163.7
2212,163.5695
2213,163.61019999999996
2214,163.53999999999996
2215,163.34
2216,163.34250000000003
2217,163.45
2218,163.48
2219,163.476
2220,163.4041
2221,163.6614
2222,163.78
2223,164.29
2224,165.1
2225,165.06
2226,165.19999999999996
2227,164.96
2228,165.17999999999998
2229,163.8701
2230,164.08
2231,164.2501
2232,165.08
2233,165.16
2234,164.8499
2235,165.0171
2236,164.85
2237,164.5339
2238,164.62
2239,164.6099
2240,164.54
2241,164.75
2242,164.7
2243,164.57
2244,164.7164
2245,164.86
2246,164.72999999999996
2247,164.7424
2248,164.9324
2249,164.7427
2250,164.79
2251,165.07
2252,164.99
2253,165.06
2254,165.05
2255,166.05
2256,166.12000000000003
2257,165.96620000000001
2258,166.01
2259,166.29
2260,166.17
2261,165.83
2262,165.76
2263,166.0236
2264,166.06
2265,166.03400000000005
2266,166.04
2267,166.1483
2268,166.1699
2269,165.72
2270,165.89
2271,165.54
2272,165.78
2273,165.89999999999998
2274,166.07
2275,166.06
2276,166.6201
2277,166.06
2278,165.53
2279,165.35
2280,165.17
2281,165.12
2282,165.18999999999997
2283,165.1
2284,165.28
2285,165.38
2286,165.86000000000004
2287,166.13000000000002
2288,165.72
2289,165.7
2290,165.6
2291,165.7207
2292,165.5052
2293,165.51419999999996
2294,165.15
2295,165.17
2296,165.06
2297,164.95000000000002
2298,165.40000000000003
2299,165.65999999999997
2300,165.47
2301,165.36
2302,165.39
2303,165.29
2304,165.35
2305,165.7
2306,165.61
2307,165.69
2308,165.31
2309,165.31
2310,165.26
2311,165.24
2312,165.2586
2313,165.01
2314,165.12
2315,165.09
2316,165.225
2317,165.03
2318,165.01
2319,165.38099999999997
2320,165.6233
2321,165.71
2322,165.34
2323,165.5
2324,165.57
2325,165.14
2326,165.03
2327,165.1
2328,165.05
2329,165.37599999999995
2330,165.6201
2331,165.63
2332,165.86900000000003
2333,165.1891
2334,165.3403
2335,165.39860000000002
2336,165.82
2337,165.2408
2338,165.19999999999996
2339,165.0899
2340,164.613
2341,164.5665
2342,164.25
2343,162.8001
2344,162.34829999999997
2345,161.6
2346,161.565
2347,159.98000000000002
2348,160.73
2349,159.54
2350,157.46
2351,157.77
2352,157.615
2353,156.265
2354,156.2262
2355,157.8977
2356,158.55999999999997
2357,157.24
2358,158.05000000000004
2359,150.7024
2360,150.0
2361,150.305
2362,150.09
2363,152.2
2364,152.34
2365,153.01
2366,153.36
2367,151.63
2368,151.75
2369,152.3
2370,151.38720000000004
2371,151.1
2372,150.72000000000003
2373,151.0855
2374,151.285
2375,150.73999999999998
2376,150.05
2377,151.17
2378,150.96000000000004
2379,152.35
2380,151.04
2381,151.24
2382,150.7175
2383,150.731
2384,151.417
2385,154.46
2386,153.94
2387,153.135
2388,152.6259
2389,152.32
2390,150.5955
2391,151.5
2392,151.36
2393,152.32
2394,152.27
2395,152.2
2396,151.8393
2397,152.26
2398,152.54
2399,152.332
2400,152.37
2401,152.0288
2402,152.09
2403,152.0
2404,151.92000000000002
2405,152.22
2406,152.56
2407,152.815
2408,153.08000000000004
2409,152.8581
2410,152.72
2411,153.7537
2412,154.29969999999997
2413,154.06999999999996
2414,154.0
2415,154.61
2416,154.49
2417,154.09
2418,154.2228
2419,154.4
2420,154.35
2421,153.77
2422,153.87
2423,153.82000000000002
2424,153.28
2425,153.4093
2426,153.3452
2427,153.36
2428,152.6
2429,153.67
2430,153.2996
2431,151.76
2432,151.43000000000004
2433,150.576
2434,151.35499999999996
2435,151.66
2436,152.2
2437,149.25
2438,149.9656
2439,148.72
2440,148.01
2441,148.655
2442,149.2603
2443,149.29
2444,149.71
2445,149.38
2446,149.5447
2447,149.75
2448,149.97
2449,149.97
2450,150.605
2451,150.65
2452,150.14499999999998
2453,150.0
2454,150.11
2455,150.21
2456,150.805
2457,150.86
2458,151.32
2459,152.1
2460,152.14
2461,151.33
2462,151.72
2463,151.15200000000007
2464,152.28
2465,151.82
2466,151.73
2467,151.67
2468,151.119
2469,150.59
2470,151.74
2471,152.3
2472,152.36000000000004
2473,152.11
2474,152.6
2475,153.285
2476,152.9805
2477,152.45
2478,152.691
2479,152.88999999999996
2480,152.77
2481,152.85999999999999
2482,153.195
2483,153.12
2484,152.85
2485,152.6
2486,152.36000000000004
2487,152.39
2488,152.35
2489,154.375
2490,154.6
2491,154.94
2492,155.12899999999996
2493,154.8
2494,154.3
2495,153.9
2496,153.45
2497,153.77
2498,153.4468
2499,153.26
2500,153.4
2501,153.02
2502,153.04
2503,152.75
2504,152.93
2505,153.235
2506,153.0573
2507,153.0514
2508,153.2
2509,153.28
2510,152.97
2511,152.8012
2512,152.86
2513,153.44
2514,153.37
2515,153.895
2516,152.57
2517,153.34
2518,152.4797
2519,153.44
2520,153.15
2521,152.8399
2522,152.24
2523,152.44
2524,152.57
2525,152.73
2526,151.81
2527,151.77
2528,152.075
2529,152.3
2530,152.226
2531,152.13
2532,152.26
2533,152.2602
2534,151.925
2535,152.015
2536,152.575
2537,152.5873
2538,152.36
2539,151.985
2540,152.05
2541,153.47
2542,153.22
2543,154.26
2544,154.48
2545,154.95
2546,155.05
2547,154.8916
2548,154.8
2549,154.7784
2550,154.385
2551,153.7237
2552,154.08
2553,154.08
2554,153.855
2555,153.91
2556,153.92
2557,154.0099
2558,154.135
2559,154.395
2560,154.28
2561,155.13
2562,155.25
2563,155.17
2564,155.31
2565,155.21
2566,155.03
2567,154.42
2568,154.3
2569,154.3101
2570,154.5
2571,154.8875
2572,154.83
2573,154.96
2574,154.75
2575,154.1201
2576,154.47
2577,154.2225
2578,154.37
2579,154.37
2580,154.704
2581,154.591
2582,154.64
2583,154.53
2584,154.5554
2585,154.47
2586,154.46
2587,154.52
2588,154.7209
2589,154.87
2590,155.0
2591,154.89
2592,154.9
2593,153.83
2594,154.88
2595,154.8999
2596,155.54
2597,156.06
2598,156.08
2599,156.14
2600,156.33
2601,156.29
2602,156.8
2603,156.87
2604,157.106
2605,157.4385
2606,157.41
2607,157.35
2608,157.45
2609,157.6544
2610,157.75
2611,157.88
2612,158.0
2613,157.8
2614,157.99
2615,157.3544
2616,157.48
2617,157.97
2618,158.03
2619,159.184
2620,159.455
2621,158.41
2622,159.16899999999995
2623,158.35
2624,157.9
2625,157.65
2626,157.571
2627,157.76
2628,158.11
2629,158.09
2630,158.05
2631,158.65
2632,158.2
2633,158.2
2634,158.46
2635,158.11
2636,158.01
2637,157.435
2638,157.41
2639,157.76
2640,157.66
2641,157.66
2642,157.53
2643,157.305
2644,157.51
2645,156.4
2646,156.05
2647,155.4457
2648,154.7989
2649,155.363
2650,155.19
2651,155.0
2652,155.09
2653,155.1
2654,154.87
2655,154.93
2656,154.71
2657,154.2205
2658,153.739
2659,153.44
2660,153.4
2661,151.69
2662,152.07
2663,151.6422
2664,152.15
2665,151.71
2666,151.55
2667,151.4275
2668,151.23
2669,151.06
2670,151.19
2671,152.03
2672,150.46
2673,151.6748
2674,151.757
2675,153.115
2676,153.18
2677,153.46
2678,153.02100000000004
2679,152.97
2680,152.84
2681,153.39
2682,153.555
2683,153.81
2684,153.5259
2685,153.41
2686,153.72
2687,153.87
2688,153.91
2689,153.6697
2690,153.56
2691,153.51
2692,153.51
2693,153.505
2694,153.39
2695,153.55
2696,153.4
2697,151.3
2698,151.44
2699,150.461
2700,151.045
2701,151.12
2702,150.44
2703,149.545
2704,149.39
2705,149.54
2706,149.3922
2707,150.18
2708,149.88
2709,149.95
2710,149.12
2711,148.8
2712,148.17
2713,149.1505
2714,149.02
2715,149.35
2716,149.84
2717,149.75
2718,149.63
2719,149.77
2720,149.9125
2721,150.09
2722,150.04
2723,150.3
2724,149.475
2725,148.6789
2726,149.71
2727,149.52
2728,150.05
2729,149.95
2730,149.6
2731,149.55
2732,149.5871
2733,149.51
2734,149.52
2735,149.53
2736,149.205
2737,149.22
2738,149.34
2739,149.37
2740,149.36
2741,149.36
2742,149.53
2743,149.66
2744,149.64
2745,149.59
2746,149.62
2747,149.58
2748,149.51
2749,149.15
2750,149.23
2751,149.4
2752,148.63
2753,147.891
2754,146.91
2755,147.33
2756,147.81
2757,147.47
2758,147.65
2759,147.12
2760,146.845
2761,146.01
2762,146.16
2763,146.17
2764,145.92
2765,146.7
2766,147.2128
2767,147.38
2768,147.8
2769,147.73
2770,147.61
2771,147.575
2772,146.86
2773,147.06
2774,147.31
2775,146.94
2776,146.7154
2777,147.26
2778,147.27
2779,147.485
2780,147.5376
2781,147.07
2782,147.45
2783,148.06
2784,147.78
2785,147.27100000000004
2786,147.27
2787,147.1501
2788,147.41
2789,147.619
2790,145.7454
2791,145.53
2792,145.43
2793,144.69
2794,145.34
2795,145.29
2796,145.38
2797,146.1
2798,146.64
2799,146.7538
2800,146.73
2801,146.44
2802,147.07
2803,146.97
2804,146.61
2805,146.69
2806,146.55
2807,146.61
2808,146.44
2809,146.73
2810,146.48
2811,146.86
2812,146.49
2813,146.54
2814,145.93
2815,146.28
2816,148.225
2817,149.05
2818,149.23
2819,149.0
2820,149.07
2821,149.39
2822,149.87
2823,149.71
2824,149.5
2825,149.4875
2826,149.72
2827,149.57
2828,149.84
2829,149.82
2830,150.1202
2831,150.455
2832,150.3593
2833,150.4852
2834,150.12
2835,149.96
2836,149.955
2837,150.08
2838,150.205
2839,150.5001
2840,150.47899999999996
2841,150.17
2842,150.465
2843,150.11
2844,150.444
2845,151.39
2846,152.59
2847,152.76
2848,152.83
2849,152.64
2850,152.6
2851,152.64
2852,152.63
2853,152.5187
2854,152.5199
2855,152.23
2856,152.14
2857,152.3
2858,152.41
2859,152.67
2860,152.5466
2861,152.35
2862,152.6226
2863,152.38
2864,152.48
2865,152.805
2866,153.16
2867,152.7
2868,152.97
2869,153.73
2870,154.15
2871,154.505
2872,155.1
2873,154.67
2874,154.33
2875,153.97
2876,153.98
2877,154.42
2878,153.93
2879,153.91
2880,154.28
2881,154.2
2882,153.94
2883,153.925
2884,154.33
2885,154.22
2886,154.12
2887,154.1
2888,154.025
2889,154.14
2890,154.32
2891,154.27
2892,154.48
2893,154.35
2894,158.0105
2895,158.03
2896,158.19
2897,158.1616
2898,157.975
2899,158.1287
2900,157.7856
2901,157.49
2902,157.91
2903,157.62
2904,157.16
2905,157.41
2906,157.345
2907,157.19
2908,157.21
2909,157.34
2910,157.32
2911,157.32
2912,157.32
2913,157.2
2914,157.37
2915,157.62
2916,158.045
2917,157.76
2918,158.37
2919,158.75
2920,158.08
2921,159.06
2922,159.23
2923,158.75
2924,158.23
2925,158.4373
2926,158.4759
2927,158.85
2928,158.57
2929,158.2708
2930,157.9
2931,158.03
2932,158.25
2933,158.31
2934,158.3899
2935,158.47
2936,158.19
2937,158.09
2938,157.72
2939,157.7383
2940,157.98
2941,157.84
2942,157.95
2943,158.04
2944,158.07
2945,158.16
2946,158.789
2947,158.23
2948,158.52
2949,158.72
2950,158.38
2951,158.7
2952,158.8806
2953,159.21
2954,159.28
2955,159.5733
2956,159.52
2957,159.828
2958,159.73
2959,159.96
2960,159.71
2961,159.91
2962,160.12
2963,160.28
2964,160.22
2965,160.3
2966,160.31
2967,160.281
2968,160.9235
2969,160.96
2970,161.08
2971,161.13
2972,162.645
2973,162.791
2974,161.58
2975,161.28
2976,161.4324
2977,161.57
2978,161.0457
2979,160.58
2980,160.259
2981,160.532
2982,160.5536
2983,161.29
2984,161.39
2985,161.76
2986,161.7843
2987,161.49
2988,161.8699
2989,161.63
2990,161.0738
2991,160.81
2992,161.08
2993,160.72
2994,161.5137
2995,161.25
2996,161.8601
2997,161.7
2998,176.27
2999,176.44
3000,178.25
3001,178.83
3002,178.82799999999997
3003,180.43
3004,181.36500000000004
3005,182.49
3006,183.215
3007,184.43
3008,183.8
3009,182.94999999999996
3010,182.72
3011,183.53
3012,184.09
3013,184.19499999999996
3014,184.06
3015,184.81599999999997
3016,184.47500000000002
3017,184.5201
3018,184.01000000000002
3019,184.41
3020,184.47950000000003
3021,184.26
3022,183.8448
3023,183.79
3024,184.59
3025,183.09499999999997
3026,182.92
3027,184.35
3028,184.21
3029,185.13
3030,186.66999999999996
3031,186.95000000000002
3032,186.43
3033,185.91
3034,185.63
3035,185.09000000000003
3036,185.95
3037,185.39999999999998
3038,185.3538
3039,185.07
3040,185.275
3041,184.32900000000004
3042,183.84000000000003
3043,184.4397
3044,184.02999999999997
3045,184.31000000000003
3046,184.0017
3047,184.31000000000003
3048,184.32000000000002
3049,183.79
3050,182.9625
3051,184.1369
3052,183.52
3053,183.91
3054,183.76
3055,183.77
3056,184.1049
3057,184.26
3058,184.42
3059,185.2
3060,185.81
3061,185.68
3062,185.31
3063,185.02
3064,184.61000000000004
3065,184.75
3066,184.4196
3067,184.549
3068,184.48000000000002
3069,184.02
3070,183.19099999999997
3071,183.24999999999997
3072,183.23999999999998
3073,183.58
3074,183.69
3075,183.66
3076,184.07
3077,184.76
3078,185.66
3079,185.05
3080,185.39
3081,185.2805
3082,184.75
3083,185.03
3084,185.39999999999998
3085,185.54
3086,186.3388
3087,186.43
3088,186.8991
3089,186.91
3090,187.5
3091,186.89
3092,186.64920000000004
3093,187.17
3094,187.37
3095,187.4349
3096,187.39049999999997
3097,187.5
3098,187.22
3099,187.44
3100,187.611
3101,188.57
3102,187.58440000000002
3103,188.065
3104,188.7987
3105,189.9652
3106,188.4144
3107,189.17
3108,189.0099
3109,188.76
3110,188.62000000000003
3111,188.80999999999997
3112,188.995
3113,189.27
3114,188.95000000000002
3115,188.69
3116,188.93010000000004
3117,188.81999999999996
3118,188.7425
3119,188.79970000000003
3120,188.843
3121,188.7
3122,188.74
3123,188.82820000000004
3124,188.44
3125,188.3999
3126,188.02999999999997
3127,187.91
3128,187.26000000000002
3129,187.76
3130,188.23
3131,187.42000000000002
3132,187.335
3133,186.95000000000002
3134,186.81
3135,187.08000000000004
3136,187.1864
3137,187.1401
3138,186.8664
3139,187.14
3140,186.96
3141,186.96
3142,187.38030000000003
3143,187.3799
3144,187.5
3145,187.59
3146,187.5536
3147,187.18
3148,187.1763
3149,187.07
3150,187.26000000000002
3151,187.13
3152,187.0
3153,186.95000000000002
3154,189.07
3155,189.2656
3156,188.87
3157,188.85
3158,188.46
3159,188.41
3160,188.3457
3161,188.25
3162,188.4295
3163,188.32
3164,188.26
3165,188.24
3166,188.12
3167,188.2975
3168,188.31
3169,188.36
3170,188.81999999999996
3171,188.57
3172,188.4236
3173,188.69
3174,188.49999999999997
3175,188.44
3176,188.68
3177,188.94000000000003
3178,188.92
3179,189.08000000000004
3180,187.91
3181,188.23
3182,187.99
3183,187.66199999999998
3184,188.01
3185,187.50249999999997
3186,187.59
3187,186.8878
3188,186.65
3189,186.3026
3190,185.41999999999996
3191,184.46000000000004
3192,183.87999999999997
3193,183.16
3194,182.3693
3195,180.5592
3196,181.36000000000004
3197,182.28
3198,183.03
3199,183.17
3200,182.29
3201,182.91
3202,182.7865
3203,183.113
3204,183.1365
3205,182.66
3206,183.72999999999996
3207,183.85000000000002
3208,184.75
3209,183.43
3210,184.00000000000003
3211,183.35
3212,183.86999999999998
3213,183.45
3214,183.22
3215,183.68000000000004
3216,183.99000000000004
3217,184.06
3218,184.84
3219,184.8
3220,184.49
3221,184.8661
3222,184.88
3223,184.6999
3224,184.77000000000004
3225,184.7
3226,184.36
3227,184.71
3228,184.5248
3229,184.345
3230,184.07
3231,184.06
3232,184.5881
3233,183.38299999999998
3234,182.41
3235,181.58
3236,181.45
3237,181.6247
3238,181.338
3239,180.75
3240,181.55999999999997
3241,182.2318
3242,181.6
3243,182.64000000000001
3244,182.4327
3245,182.55
3246,181.5
3247,181.92239999999998
3248,180.99
3249,181.55999999999997
3250,181.47
3251,181.83500000000004
3252,181.70000000000002
3253,181.915
3254,182.01000000000002
3255,181.83000000000004
3256,181.70000000000002
3257,181.66
3258,182.58
3259,182.81099999999998
3260,182.81
3261,182.1
3262,182.8102
3263,183.95
3264,183.01
3265,182.6
3266,183.0875
3267,183.17
3268,183.2094
3269,182.83
3270,182.75
3271,182.905
3272,183.08999999999997
3273,183.08999999999997
3274,182.67379999999997
3275,182.63000000000002
3276,182.71
3277,182.68
3278,182.37
3279,182.39
3280,182.1252
3281,182.09
3282,181.97
3283,182.03
3284,180.29999999999998
3285,180.30999999999997
3286,180.7305
3287,178.87
3288,177.96
3289,178.63999999999996
3290,179.45
3291,179.39000000000001
3292,179.89
3293,180.35
3294,179.91
3295,179.4257
3296,178.85
3297,178.705
3298,178.66
3299,179.0648
3300,179.77
3301,180.30999999999997
3302,180.1379
3303,180.27
3304,180.53599999999997
3305,180.35
3306,180.60999999999999
3307,180.53
3308,180.29999999999998
3309,180.7039
3310,180.11
3311,179.7397
3312,178.2
3313,178.96370000000002
3314,179.07000000000002
3315,180.1912
3316,180.99
3317,180.53
3318,179.5312
3319,179.5
3320,179.39000000000001
3321,179.65
3322,179.57
3323,179.73
3324,179.5
3325,179.07000000000002
3326,179.48199999999997
3327,179.645
3328,179.41
3329,179.52000000000004
3330,179.59
3331,179.575
3332,179.6
3333,179.58
3334,179.04
3335,179.23000000000002
3336,180.30999999999997
3337,179.38000000000002
3338,179.08999999999997
3339,180.11199999999997
3340,179.73
3341,179.55
3342,179.91
3343,180.08
3344,179.8
3345,179.69000000000003
3346,178.98
3347,179.27
3348,178.97
3349,179.48
3350,179.2
3351,178.96
3352,178.99
3353,178.75000000000003
3354,178.69
3355,178.68
3356,178.83799999999997
3357,178.90000000000003
3358,179.37000000000003
3359,180.01000000000002
3360,179.69000000000003
3361,180.24
3362,180.26110000000003
3363,180.435
3364,179.70000000000002
3365,179.48
3366,179.315
3367,179.34
3368,180.30490000000003
3369,180.5
3370,181.0865
3371,181.14
3372,180.9805
3373,180.83
3374,180.9719
3375,182.245
3376,182.07
3377,181.81799999999998
3378,181.41999999999996
3379,181.65
3380,181.27
3381,181.38000000000002
3382,181.72
3383,181.5525
3384,181.3959
3385,181.75
3386,181.43
3387,181.32
3388,181.0099
3389,181.17
3390,180.717
3391,179.9722
3392,180.01000000000002
3393,179.72
3394,179.61
3395,180.03
3396,180.53
3397,180.65
3398,180.51
3399,180.35
3400,180.07
3401,180.34
3402,180.11
3403,179.74
3404,179.39000000000001
3405,179.4699
3406,179.50130000000001
3407,179.63
3408,179.61
3409,179.42
3410,179.44
3411,179.1398
3412,177.67999999999998
3413,178.30999999999997
3414,172.37
3415,174.79
3416,174.73
3417,174.10540000000003
3418,173.91
3419,173.87
3420,173.5716
3421,173.04
3422,174.26
3423,175.61
3424,174.8163
3425,175.2699
3426,175.02
3427,174.46
3428,174.4237
3429,174.43000000000004
3430,174.32
3431,174.58000000000004
3432,173.91640000000004
3433,173.7499
3434,174.2
3435,174.265
3436,174.19
3437,174.79
3438,175.26
3439,175.75
3440,173.25
3441,172.8291
3442,171.7108
3443,172.84
3444,172.35
3445,172.4347
3446,171.62
3447,170.82
3448,169.7754
3449,169.98000000000002
3450,169.93
3451,169.0
3452,169.45
3453,170.10999999999999
3454,170.385
3455,170.61
3456,170.32
3457,170.52
3458,170.18
3459,170.51
3460,170.04
3461,170.15
3462,169.66000000000003
3463,169.20000000000002
3464,169.17
3465,169.14
3466,170.24
3467,170.3014
3468,171.38999999999996
3469,171.0568
3470,171.53499999999997
3471,171.15
3472,171.08
3473,170.36
3474,171.12
3475,171.1815
3476,171.78
3477,171.4551
3478,171.80000000000004
3479,171.26
3480,171.68
3481,171.4076
3482,171.35999999999999
3483,171.44
3484,171.92
3485,172.38139999999999
3486,171.5915
3487,171.34000000000003
3488,171.14
3489,171.36999999999998
3490,171.52989999999997
3491,171.31
3492,170.1742
3493,169.5731
3494,169.01
3495,169.94799999999992
3496,171.245
3497,171.2906
3498,171.035
3499,171.03
3500,170.36
3501,170.02
3502,169.82
3503,170.07
3504,170.2568
3505,170.26
3506,170.6126
3507,170.85
3508,171.18099999999995
3509,171.06
3510,170.82
3511,170.61
3512,170.46000000000004
3513,170.18599999999998
3514,170.2628
3515,170.37
3516,170.7675
3517,170.98
3518,170.875
3519,170.7
3520,170.2776
3521,170.11999999999998
3522,169.81
3523,169.2022
3524,168.83
3525,168.76
3526,169.5
3527,169.4082
3528,169.77999999999997
3529,169.1683
3530,169.11
3531,169.06
3532,168.89
3533,168.8385
3534,168.6206
3535,168.55
3536,168.39000000000001
3537,168.5
3538,168.91499999999996
3539,168.602
3540,168.76
3541,168.94000000000003
3542,169.22
3543,168.49
3544,167.555
3545,168.32
3546,168.29
3547,168.25
3548,168.09
3549,168.3
3550,169.105
3551,169.56999999999996
3552,170.085
3553,170.1
3554,170.2171
3555,170.23
3556,169.7
3557,169.4
3558,168.9192
3559,169.0141
3560,169.1166
3561,168.85
3562,169.29
3563,168.48
3564,168.61
3565,168.765
3566,168.77
3567,169.12
3568,169.3932
3569,169.99
3570,169.68
3571,168.67
3572,168.0
3573,168.0
3574,167.75
3575,168.00799999999995
3576,168.53
3577,168.00799999999995
3578,168.13
3579,167.92
3580,167.59
3581,167.56
3582,167.51
3583,167.24
3584,167.1345
3585,167.49
3586,167.6
3587,167.76000000000002
3588,167.36599999999999
3589,167.28
3590,166.78400000000005
3591,167.01
3592,166.58
3593,166.85
3594,166.24
3595,166.16000000000003
3596,166.92
3597,166.33
3598,167.94
3599,168.47
3600,169.445
3601,169.1999
3602,168.46
3603,169.64
3604,168.88
3605,169.765
3606,169.0336
3607,169.2256
3608,168.87
3609,169.12
3610,168.77
3611,168.43
3612,167.96999999999997
3613,167.83
3614,167.8245
3615,167.87
3616,167.76000000000002
3617,167.6
3618,167.61
3619,167.5
3620,166.9
3621,166.53
3622,168.25
3623,168.58
3624,166.59
3625,165.57
3626,165.6369
3627,165.9
3628,165.5033
3629,164.62
3630,165.86
3631,165.7
3632,165.47
3633,165.78
3634,165.21
3635,165.205
3636,164.66099999999997
3637,164.7
3638,164.92
3639,164.63
3640,164.93
3641,165.61
3642,165.7288
3643,165.99
3644,165.858
3645,166.64
3646,166.6612
3647,166.68
3648,168.2
3649,167.26
3650,168.34
3651,168.69
3652,168.12
3653,169.0808
3654,169.0916
3655,168.813
3656,168.96
3657,168.75
3658,168.98
3659,168.58
3660,168.665
3661,168.8
3662,169.425
3663,169.445
3664,169.28000000000003
3665,169.3742
3666,169.58
3667,169.71
3668,169.83
3669,169.72
3670,169.58
3671,169.5275
3672,169.77999999999997
3673,169.35
3674,167.6347
3675,167.95
3676,167.94
3677,168.21
3678,167.64
3679,167.3608
3680,167.62
3681,168.1392
3682,168.2
3683,167.96999999999997
3684,167.66400000000004
3685,167.542
3686,167.61
3687,167.47
3688,167.18
3689,167.01
3690,167.37
3691,167.13000000000002
3692,167.67
3693,167.72299999999996
3694,168.08
3695,168.39000000000001
3696,168.295
3697,169.0
3698,169.3
3699,169.28000000000003
3700,169.39
3701,168.72
3702,167.85
3703,167.6
3704,168.04
3705,167.6159
3706,166.96
3707,166.39
3708,166.62
3709,166.39
3710,167.1
3711,167.138
3712,167.1438
3713,167.47
3714,168.21
3715,168.05
3716,167.54
3717,168.21
3718,167.81
3719,168.5275
3720,168.31000000000003
3721,168.5801
3722,168.54
3723,168.81
3724,168.1
3725,168.13
3726,167.665
3727,168.01
3728,167.59
3729,167.51
3730,167.08
3731,166.53
3732,166.2
3733,166.22
3734,166.42
3735,166.24099999999999
3736,166.44
3737,166.12
3738,165.86
3739,165.78
3740,166.0871
3741,165.52
3742,165.7
3743,165.67
3744,166.13
3745,166.01
3746,166.28
3747,166.26
3748,165.94
3749,165.94
3750,165.81
3751,165.95
3752,166.69
3753,167.35
3754,167.76000000000002
3755,167.81
3756,168.04
3757,167.94
3758,167.77
3759,167.93
3760,168.13
3761,167.8731
3762,167.59
3763,167.39
3764,166.525
3765,166.76499999999996
3766,166.805
3767,166.86
3768,166.84
3769,167.1301
3770,167.02
3771,166.96
3772,166.99
3773,166.69
3774,166.6376
3775,166.84
3776,166.93
3777,167.09
3778,165.805
3779,166.65599999999995
3780,167.22
3781,167.95
3782,168.44
3783,168.38
3784,168.42
3785,168.14
3786,167.8628
3787,168.085
3788,168.49
3789,168.6776
3790,168.82
3791,169.1
3792,168.8284
3793,169.08
3794,169.2
3795,169.31
3796,169.1985
3797,168.99
3798,169.3
3799,169.16
3800,169.62
3801,169.52
3802,168.95
3803,168.8
3804,172.04
3805,172.6
3806,172.6
3807,172.72
3808,172.73
3809,173.32000000000002
3810,172.95
3811,173.35
3812,172.77
3813,173.05
3814,173.13
3815,172.97
3816,174.4415
3817,174.18900000000005
3818,174.17
3819,174.15
3820,174.235
3821,174.1
3822,174.28
3823,174.52
3824,174.05
3825,173.91
3826,174.0575
3827,174.26
3828,174.03
3829,174.69
3830,175.9022
3831,175.3
3832,174.4
3833,174.47499999999997
3834,174.78999999999996
3835,174.67
3836,175.0
3837,175.146
3838,175.42
3839,175.01
3840,175.1872
3841,175.1
3842,174.92000000000002
3843,174.73
3844,174.41
3845,173.92
3846,174.2
3847,174.27
3848,174.19
3849,174.56
3850,174.45
3851,174.39
3852,174.2
3853,174.2166
3854,174.70999999999998
3855,174.70999999999998
3856,175.89
3857,175.74
3858,175.16
3859,175.08
3860,175.02
3861,174.91
3862,174.62
3863,174.45
3864,174.3701
3865,174.4914
3866,174.45
3867,174.64
3868,174.66
3869,174.66
3870,174.42
3871,174.2735
3872,174.1
3873,174.37
3874,174.18
3875,174.26
3876,174.29000000000002
3877,174.5113
3878,174.27
3879,174.55
3880,174.53
3881,174.78999999999996
3882,174.73
3883,175.48
3884,174.75
3885,174.49
3886,174.62
3887,174.9
3888,174.24400000000003
3889,173.97
3890,174.11
3891,174.33
3892,173.41
3893,173.52999999999997
3894,173.31
3895,173.05
3896,172.66
3897,173.0968
3898,173.36
3899,173.95000000000002
3900,173.84
3901,174.24
3902,174.52
3903,174.47499999999997
3904,174.44
3905,174.666
3906,174.31
3907,174.62
3908,174.7797
3909,174.6
3910,175.345
3911,174.58
3912,174.78
3913,174.68
3914,174.56
3915,174.52
3916,175.8628
3917,175.78
3918,176.015
3919,175.66
3920,175.51
3921,177.6799
3922,177.68
3923,177.8779
3924,177.59499999999997
3925,179.04
3926,178.66
3927,178.62
3928,178.55
3929,178.29
3930,178.61
3931,178.93
3932,178.93
3933,179.25
3934,178.16
3935,178.15
3936,177.99099999999999
3937,178.22
3938,179.1304
3939,179.99
3940,179.9
3941,179.04
3942,179.65
3943,179.6326
3944,179.855
3945,179.105
3946,179.22
3947,179.3
3948,179.74
3949,179.36
3950,179.44
3951,179.45
3952,179.14
3953,179.05
3954,179.0
3955,179.1492
3956,179.0
3957,178.67
3958,179.025
3959,178.94
3960,179.59
3961,179.86
3962,180.055
3963,179.51000000000002
3964,179.375
3965,179.3
3966,178.96
3967,178.93
3968,178.33
3969,178.09
3970,178.02
3971,177.54
3972,177.88
3973,177.575
3974,177.47
3975,177.8
3976,177.46
3977,177.11
3978,177.0
3979,176.91
3980,176.93
3981,176.635
3982,176.93999999999997
3983,176.62
3984,176.32
3985,176.46
3986,180.17
3987,180.3348
3988,180.3794
3989,180.295
3990,179.9104
3991,179.6516
3992,179.82
3993,180.5
3994,181.11
3995,181.36
3996,181.5769
3997,181.62
3998,181.71
3999,181.8641
4000,181.83
4001,181.495
4002,181.58399999999997
4003,181.78
4004,181.88
4005,181.835
4006,181.87
4007,182.02
4008,182.23
4009,182.33
4010,181.84
4011,181.6943
4012,181.26
4013,181.58
4014,181.0309
4015,181.27890000000002
4016,181.91
4017,182.1
4018,182.4134
4019,182.5
4020,183.36
4021,184.45
4022,184.67
4023,184.67999999999998
4024,184.5
4025,183.8524
4026,184.19000000000003
4027,184.295
4028,184.20000000000002
4029,184.135
4030,183.98
4031,184.25
4032,184.0225
4033,183.53
4034,183.65
4035,183.45
4036,184.55
4037,185.18
4038,182.96
4039,184.07
4040,183.9
4041,183.62
4042,183.63
4043,184.03
4044,184.20000000000002
4045,183.68
4046,183.4
4047,183.03
4048,183.33
4049,183.238
4050,183.53499999999997
4051,183.93
4052,183.64000000000001
4053,183.6
4054,183.58
4055,183.33
4056,183.34
4057,183.76
4058,183.695
4059,183.64989999999997
4060,183.54
4061,183.19
4062,183.19
4063,183.64000000000001
4064,183.8125
4065,185.08
4066,184.6
4067,184.4719
4068,184.42
4069,184.08
4070,184.45
4071,183.9
4072,183.72
4073,183.4
4074,183.34
4075,183.28000000000003
4076,183.12099999999998
4077,183.27
4078,183.17
4079,182.86000000000004
4080,182.51999999999998
4081,182.17999999999998
4082,182.2939
4083,182.2
4084,182.5283
4085,182.78
4086,182.76
4087,182.76
4088,182.42
4089,182.59000000000003
4090,182.125
4091,181.91
4092,183.32500000000002
4093,183.22999999999996
4094,184.01
4095,184.6935
4096,184.18000000000004
4097,183.68530000000004
4098,184.08
4099,184.05999999999997
4100,184.32
4101,183.90640000000002
4102,183.65
4103,183.775
4104,183.68
4105,183.76
4106,183.33649999999997
4107,183.3392
4108,183.29000000000002
4109,182.78
4110,183.1199
4111,182.94999999999996
4112,182.85
4113,182.63
4114,182.43
4115,182.11
4116,183.8109
4117,184.12999999999997
4118,184.54000000000002
4119,183.87
4120,183.57000000000002
4121,183.83000000000004
4122,183.9554
4123,183.82
4124,184.14259999999996
4125,184.25320000000002
4126,184.158
4127,184.013
4128,184.22799999999998
4129,183.94
4130,184.03099999999998
4131,184.22
4132,184.41560000000004
4133,184.40999999999997
4134,184.15
4135,183.6
4136,182.7336
4137,183.47
4138,183.41
4139,183.7736
4140,184.40999999999997
4141,184.62
4142,184.77
4143,185.0
4144,185.32
4145,186.05
4146,185.585
4147,185.33
4148,185.49
4149,185.1493
4150,185.02000000000004
4151,185.26
4152,185.63
4153,185.36000000000004
4154,185.35
4155,185.292
4156,185.26
4157,185.2
4158,185.4
4159,185.37000000000003
4160,185.16
4161,185.21950000000004
4162,185.5
4163,185.23
4164,185.4945
4165,185.7
4166,185.74
4167,185.7
4168,186.44
4169,185.98
4170,185.19
4171,184.8
4172,185.18
4173,184.475
4174,184.1
4175,185.18
4176,184.77
4177,185.03999999999996
4178,185.02000000000004
4179,185.3242
4180,185.35499999999996
4181,185.16
4182,184.7
4183,184.83
4184,185.26
4185,185.38999999999996
4186,184.71
4187,183.5311
4188,184.03
4189,184.62
4190,184.42
4191,184.71
4192,184.83
4193,185.6
4194,185.7
4195,185.27
4196,185.68900000000002
4197,185.0
4198,185.0685
4199,186.27999999999997
4200,188.5159
4201,188.1076
4202,188.38
4203,189.37499999999997
4204,189.78400000000002
4205,188.89180000000002
4206,188.65
4207,188.81
4208,189.38
4209,189.03
4210,189.20000000000002
4211,189.0389
4212,189.14000000000001
4213,189.06999999999996
4214,188.7188
4215,189.005
4216,188.9
4217,189.4242
4218,189.44500000000002
4219,188.73
4220,188.91009999999997
4221,188.175
4222,188.555
4223,188.35219999999998
4224,187.88999999999996
4225,187.36
4226,187.3062
4227,186.446
4228,187.09959999999998
4229,187.06
4230,186.97000000000003
4231,187.29
4232,187.60000000000002
4233,187.25200000000004
4234,187.3
4235,187.1
4236,187.3
4237,187.52900000000002
4238,187.59000000000003
4239,187.46999999999997
4240,187.33
4241,187.5
4242,187.19999999999996
4243,187.16
4244,187.17999999999998
4245,187.43
4246,183.66
4247,183.1
4248,182.90200000000002
4249,181.38
4250,180.88
4251,179.57709999999997
4252,179.79
4253,180.59
4254,179.07299999999995
4255,179.15499999999997
4256,178.2804
4257,178.36
4258,179.18000000000004
4259,179.345
4260,179.3816
4261,178.74289999999996
4262,179.05
4263,178.91999999999996
4264,178.6714
4265,178.25
4266,177.8
4267,178.21999999999997
4268,178.07000000000002
4269,178.61
4270,178.055
4271,178.6
4272,180.41
4273,178.81
4274,180.24209999999997
4275,179.85
4276,179.51499999999996
4277,178.42000000000002
4278,177.125
4279,177.395
4280,178.27000000000004
4281,178.24
4282,178.895
4283,178.89
4284,178.73
4285,179.08
4286,179.86329999999998
4287,179.7
4288,179.9779
4289,179.8331
4290,179.50700000000003
4291,179.35
4292,179.1827
4293,179.43
4294,179.47999999999996
4295,179.85
4296,179.32
4297,179.37
4298,182.54
4299,182.17999999999998
4300,181.57
4301,182.13
4302,182.0
4303,181.4334
4304,181.59
4305,181.12
4306,181.22
4307,181.18
4308,181.22
4309,181.54
4310,181.41999999999996
4311,182.08
4312,182.08
4313,182.13
4314,182.04000000000002
4315,182.1483
4316,182.93000000000004
4317,182.75
4318,182.6624
4319,182.45310000000003
4320,182.51999999999998
4321,182.62
4322,182.46889999999996
4323,181.89999999999998
4324,179.9
4325,179.77
4326,179.8699
4327,179.72
4328,180.7548
4329,179.91
4330,179.64
4331,180.46
4332,180.14
4333,180.36999999999998
4334,180.5401
4335,180.06
4336,179.84500000000003
4337,180.33
4338,180.29999999999998
4339,180.33
4340,180.64999999999998
4341,180.43000000000004
4342,180.32
4343,180.34
4344,180.01
4345,180.29
4346,180.289
4347,180.06
4348,180.2
4349,180.64999999999998
4350,182.32000000000002
4351,181.5
4352,181.32
4353,181.44
4354,181.61999999999998
4355,181.27999999999997
4356,181.50249999999997
4357,182.18990000000002
4358,182.1
4359,181.93
4360,182.01499999999996
4361,182.03000000000003
4362,182.39000000000001
4363,182.265
4364,181.92
4365,181.54999999999998
4366,181.61000000000004
4367,181.40000000000003
4368,181.4786
4369,181.59
4370,181.205
4371,181.33999999999997
4372,181.40000000000003
4373,181.26999999999998
4374,180.9
4375,181.26
4376,182.581
4377,182.51999999999998
4378,181.515
4379,180.67
4380,180.08999999999997
4381,179.24
4382,179.715
4383,179.3003
4384,178.32
4385,178.1125
4386,177.488
4387,178.201
4388,177.66999999999996
4389,177.85999999999999
4390,177.58999999999997
4391,177.38000000000002
4392,177.07
4393,177.081
4394,177.26
4395,177.31999999999996
4396,177.4601
4397,177.36000000000004
4398,177.305
4399,177.03999999999996
4400,176.98
4401,176.96999999999997
4402,178.24
4403,178.83000000000004
4404,177.63
4405,178.55000000000004
4406,179.03
4407,179.08
4408,179.035
4409,179.24
4410,179.03
4411,178.79
4412,179.1
4413,178.99
4414,178.91999999999996
4415,178.8
4416,178.69
4417,178.66
4418,178.74
4419,178.475
4420,178.495
4421,178.66
4422,178.708
4423,179.01
4424,178.78
4425,178.70000000000002
4426,179.07
4427,179.18999999999997
4428,184.94
4429,185.9636
4430,185.505
4431,185.34
4432,185.13
4433,185.5776
4434,185.144
4435,185.5
4436,185.2
4437,184.74000000000004
4438,184.88
4439,184.805
4440,184.76679999999996
4441,184.7188
4442,184.55829999999997
4443,183.92000000000002
4444,183.89649999999997
4445,184.5848
4446,184.42
4447,184.28
4448,184.09
4449,184.1035
4450,184.3
4451,184.24
4452,184.4317
4453,184.42
4454,185.705
4455,188.13
4456,191.13
4457,190.21
4458,192.32
4459,191.8
4460,191.77999999999997
4461,191.48999999999998
4462,190.51
4463,191.225
4464,190.9
4465,191.1
4466,191.97
4467,191.86
4468,191.6001
4469,191.42
4470,191.28000000000003
4471,192.14700000000002
4472,192.31
4473,192.75679999999997
4474,193.63
4475,193.792
4476,193.36000000000004
4477,193.375
4478,193.5636
4479,194.4
4480,194.96900000000002
4481,194.93
4482,194.4
4483,195.305
4484,195.52000000000004
4485,196.7301
4486,196.85000000000002
4487,198.43849999999998
4488,198.06869999999998
4489,198.76810000000003
4490,198.79999999999998
4491,198.22
4492,197.83
4493,197.13000000000002
4494,196.40499999999997
4495,195.9
4496,196.005
4497,196.29990000000004
4498,196.14
4499,196.27
4500,196.64999999999998
4501,197.06000000000003
4502,196.74499999999998
4503,196.5699
4504,197.3001
4505,197.99000000000004
4506,198.35
4507,197.135
4508,198.2775
4509,198.1984
4510,198.41
4511,198.63
4512,198.05
4513,198.19099999999997
4514,197.65
4515,197.7928
4516,198.18400000000005
4517,197.91
4518,197.6253
4519,197.68979999999996
4520,197.75
4521,197.68599999999998
4522,197.7326
4523,197.48
4524,197.58000000000004
4525,197.23
4526,197.20989999999998
4527,197.15
4528,196.64999999999998
4529,197.18440000000004
4530,196.83
4531,196.87000000000003
4532,196.42999999999998
4533,196.59
4534,196.31999999999996
4535,195.03
4536,195.2345
4537,194.91499999999996
4538,194.67359999999996
4539,194.45
4540,194.72
4541,193.88989999999998
4542,193.45
4543,193.50009999999997
4544,194.50000000000003
4545,194.5075
4546,195.1347
4547,194.93
4548,194.65999999999997
4549,194.39
4550,194.635
4551,194.709
4552,194.51
4553,194.6999
4554,194.8365
4555,194.81
4556,194.94
4557,195.035
4558,195.08499999999998
4559,195.0345
4560,195.28
4561,195.3164
4562,195.19999999999996
4563,194.9501
4564,195.08
4565,194.3853
4566,194.11
4567,194.75239999999997
4568,194.29900000000004
4569,194.9884
4570,194.96289999999996
4571,194.84999999999997
4572,194.59
4573,194.225
4574,194.50599999999997
4575,194.43
4576,194.57999999999998
4577,194.76
4578,194.67
4579,194.62999999999997
4580,194.62999999999997
4581,194.57999999999998
4582,194.65999999999997
4583,194.91
4584,196.97
4585,198.0503
4586,197.5
4587,197.7
4588,197.06000000000003
4589,196.4
4590,196.4
4591,196.16000000000003
4592,195.97000000000003
4593,195.87
4594,196.085
4595,195.76
4596,195.79
4597,195.51
4598,195.43000000000004
4599,195.41999999999996
4600,195.1872
4601,195.12
4602,195.088
4603,195.385
4604,195.67
4605,195.7
4606,196.04479999999998
4607,195.67
4608,195.775
4609,195.83
4610,199.5
4611,199.74
4612,199.46000000000004
4613,199.3689
4614,198.26
4615,198.0506
4616,197.4984
4617,197.91
4618,198.0404
4619,197.8651
4620,198.57
4621,198.745
4622,198.9569
4623,199.2954
4624,198.96919999999997
4625,199.10520000000002
4626,198.59210000000002
4627,198.6141
4628,198.87999999999997
4629,198.94000000000003
4630,198.9
4631,199.1521
4632,199.49
4633,199.37
4634,199.33
4635,199.48000000000002
4636,201.19
4637,200.96
4638,199.77999999999997
4639,198.66
4640,198.545
4641,198.048
4642,198.62
4643,199.3
4644,199.58999999999997
4645,199.01999999999998
4646,199.57
4647,199.8999
4648,200.34999999999997
4649,200.63
4650,200.60000000000002
4651,199.91539999999998
4652,200.069
4653,200.28990000000002
4654,200.53799999999995
4655,200.8106
4656,200.915
4657,200.91999999999996
4658,201.64
4659,202.33999999999997
4660,202.65589999999997
4661,202.585
4662,199.96
4663,202.38
4664,202.0406
4665,200.649
4666,199.955
4667,200.58499999999998
4668,199.9282
4669,199.05839999999998
4670,199.05000000000004
4671,198.4
4672,198.02
4673,198.23000000000002
4674,198.8
4675,198.58
4676,199.25999999999996
4677,198.77
4678,199.06999999999996
4679,199.06479999999996
4680,199.6028
4681,199.09
4682,199.25
4683,199.9028
4684,199.65000000000003
4685,199.62000000000003
4686,199.7652
4687,199.46000000000004
4688,198.673
4689,197.73999999999998
4690,196.74
4691,196.75079999999997
4692,196.63469999999998
4693,196.96
4694,195.636
4695,195.76
4696,194.5903
4697,195.14
4698,196.17
4699,196.4801
4700,196.42
4701,195.7626
4702,195.83
4703,195.33999999999997
4704,195.35
4705,194.79
4706,194.62999999999997
4707,194.54
4708,195.58
4709,195.965
4710,195.95099999999996
4711,196.12999999999997
4712,195.40000000000003
4713,195.51
4714,191.98500000000004
4715,192.66
4716,192.87900000000002
4717,192.85
4718,192.794
4719,194.04
4720,193.9386
4721,193.56
4722,193.32
4723,193.48999999999998
4724,193.60000000000002
4725,193.77
4726,193.51600000000002
4727,193.32999999999998
4728,193.55000000000004
4729,193.83
4730,193.7
4731,193.5963
4732,193.60400000000004
4733,193.86
4734,194.20749999999998
4735,193.86999999999998
4736,194.13999999999996
4737,194.11
4738,194.91499999999996
4739,195.1008
4740,196.15
4741,195.17999999999998
4742,195.53809999999996
4743,195.12
4744,194.75
4745,194.67
4746,194.50000000000003
4747,194.3
4748,194.42
4749,194.325
4750,195.02000000000004
4751,195.55
4752,195.02000000000004
4753,195.22010000000003
4754,194.98
4755,194.71
4756,194.92500000000004
4757,195.25
4758,195.3
4759,195.36999999999998
4760,195.14599999999996
4761,194.86000000000004
4762,194.95
4763,194.45
4764,194.31000000000003
4765,194.05599999999995
4766,192.28999999999996
4767,192.39999999999998
4768,192.4694
4769,192.5
4770,193.13
4771,194.08249999999998
4772,194.2094
4773,193.9134
4774,193.26
4775,193.0601
4776,193.17
4777,193.32999999999998
4778,193.39530000000002
4779,193.15999999999997
4780,192.80999999999997
4781,192.68499999999997
4782,192.69
4783,192.515
4784,192.28
4785,191.84
4786,191.82999999999998
4787,191.85999999999999
4788,191.49999999999997
4789,191.895
4790,192.04
4791,192.47
4792,191.71099999999998
4793,191.96
4794,192.32000000000002
4795,192.23999999999998
4796,192.17
4797,192.42
4798,193.4003
4799,193.58
4800,194.41
4801,193.82
4802,194.18
4803,194.22
4804,193.9984
4805,193.79000000000002
4806,193.891
4807,194.1
4808,194.4
4809,194.665
4810,195.365
4811,195.9
4812,195.695
4813,195.8
4814,196.174
4815,196.3974
4816,196.54029999999997
4817,196.04
4818,196.5649
4819,195.4048
4820,195.4505
4821,195.9
4822,195.285
4823,195.72229999999996
4824,193.99
4825,193.99
4826,194.15
4827,193.84
4828,194.38
4829,193.71290000000002
4830,194.085
4831,194.1199
4832,194.91
4833,194.4208
4834,194.49
4835,194.55
4836,194.575
4837,194.605
4838,194.195
4839,194.4
4840,194.39
4841,194.08999999999997
4842,193.46
4843,193.58
4844,194.51470000000003
4845,195.41999999999996
4846,195.00999999999996
4847,196.26510000000002
4848,197.075
4849,197.02
4850,197.08
4851,196.8
4852,196.78
4853,196.76000000000002
4854,196.75079999999997
4855,196.85760000000002
4856,196.68000000000004
4857,196.66
4858,196.38000000000002
4859,196.38000000000002
4860,195.6906
4861,195.79
4862,196.00119999999998
4863,196.09
4864,196.33000000000004
4865,196.3143
4866,196.06
4867,196.14
4868,195.77
4869,195.17999999999998
4870,196.55
4871,196.73000000000002
4872,197.67
4873,197.50499999999997
4874,197.922
4875,197.75500000000002
4876,198.285
4877,199.05000000000004
4878,199.4429
4879,200.10999999999999
4880,199.9464
4881,200.43719999999996
4882,200.62
4883,199.435
4884,199.06
4885,198.87999999999997
4886,198.3
4887,198.7
4888,198.21
4889,197.72900000000004
4890,197.805
4891,198.2455
4892,198.3
4893,198.25
4894,199.05000000000004
4895,199.54
4896,198.725
4897,199.03
4898,200.2575
4899,200.28760000000003
4900,200.00000000000003
4901,199.85
4902,199.235
4903,198.9475
4904,199.51000000000002
4905,199.37
4906,198.85
4907,199.11
4908,199.18
4909,199.68
4910,199.75
4911,199.41
4912,198.8572
4913,199.04
4914,199.58999999999997
4915,199.23
4916,199.24000000000004
4917,199.11
4918,198.99
4919,198.22
4920,198.06
4921,198.34000000000003
4922,197.13799999999998
4923,197.07
4924,197.24
4925,197.085
4926,196.83
4927,196.77500000000003
4928,196.835
4929,196.66999999999996
4930,196.0934
4931,195.69
4932,195.76
4933,195.78640000000001
4934,196.21
4935,196.57000000000002
4936,196.35719999999998
4937,196.4622
4938,196.06
4939,196.17
4940,196.47729999999999
4941,196.49000000000004
4942,196.03
4943,196.19099999999995
4944,195.97000000000003
4945,195.85
4946,196.31999999999996
4947,196.44
4948,196.66
4949,196.36
4950,196.88
4951,197.59
4952,197.07
4953,197.15500000000003
4954,197.45499999999998
4955,197.85000000000002
4956,198.38
4957,198.24
4958,198.72000000000003
4959,198.6824
4960,198.5543
4961,198.3103
4962,197.6778
4963,197.86449999999996
4964,197.878
4965,197.762
4966,197.87
4967,197.69
4968,198.13
4969,198.05
4970,197.78
4971,197.54
4972,197.78
4973,197.99000000000004
4974,197.75
4975,199.01
4976,197.9396
4977,198.27500000000003
4978,198.20000000000002
4979,197.72
4980,198.36
4981,197.8098
4982,197.63000000000002
4983,198.25
4984,197.745
4985,197.91
4986,197.5
4987,198.08
4988,198.16999999999996
4989,198.46
4990,198.32
4991,198.112
4992,198.27
4993,198.52
4994,198.75000000000003
4995,198.6
4996,198.7
4997,199.085
4998,199.12
4999,199.39
5000,199.06
5001,198.78
5002,198.8
5003,199.0576
5004,198.91
5005,198.77
5006,198.66
5007,198.49
5008,198.325
5009,198.41
5010,198.88
5011,198.96
5012,198.78
5013,198.88
5014,199.2304
5015,199.6196
5016,199.64
5017,199.51
5018,199.6424
5019,200.25400000000002
5020,199.92
5021,200.035
5022,199.7
5023,199.32
5024,199.99
5025,200.02
5026,199.79
5027,200.24
5028,200.415
5029,201.29
5030,202.245
5031,201.86
5032,201.53
5033,201.6
5034,201.875
5035,201.33
5036,201.145
5037,201.0275
5038,201.54
5039,201.3489
5040,201.2945
5041,201.48
5042,200.39
5043,199.6666
5044,199.09
5045,199.37
5046,199.49
5047,199.47
5048,199.51
5049,199.71
5050,200.0705
5051,200.13
5052,199.94
5053,199.67
5054,198.68
5055,197.22
5056,198.03
5057,197.42
5058,196.44799999999998
5059,195.98
5060,196.37
5061,195.9308
5062,196.06
5063,195.8
5064,196.2
5065,196.2178
5066,196.5484
5067,196.0061
5068,196.49
5069,196.03
5070,195.862
5071,195.94
5072,196.3629
5073,195.965
5074,195.04
5075,195.44
5076,195.38
5077,195.80900000000003
5078,196.6
5079,195.695
5080,195.935
5081,195.5743
5082,195.36
5083,195.1578
5084,195.5
5085,196.04
5086,196.1
5087,195.7253
5088,195.88
5089,195.805
5090,195.72
5091,195.7353
5092,195.89
5093,195.88
5094,195.8347
5095,195.945
5096,195.4253
5097,195.35
5098,195.56
5099,195.89
5100,196.0899
5101,195.84
5102,196.03
5103,196.42
5104,192.13
5105,192.75
5106,192.95
5107,193.5852
5108,192.9
5109,193.695
5110,193.16
5111,192.87
5112,193.11
5113,192.71
5114,192.18000000000004
5115,191.8325
5116,191.25
5117,191.27
5118,191.3592
5119,191.52
5120,191.52
5121,191.93
5122,192.44
5123,192.28900000000002
5124,192.635
5125,192.47
5126,192.72
5127,193.17
5128,193.63
5129,193.89
5130,190.65
5131,191.1528
5132,190.54
5133,190.16
5134,190.3819
5135,190.1875
5136,190.52
5137,190.4375
5138,190.9
5139,190.35
5140,190.1
5141,189.7944
5142,189.9181
5143,189.84
5144,190.1452
5145,190.19
5146,190.0
5147,190.49
5148,191.739
5149,191.375
5150,191.9832
5151,191.86
5152,192.14
5153,191.8636
5154,191.8504
5155,191.93
5156,192.82
5157,193.5744
5158,193.105
5159,193.6799
5160,193.41
5161,193.6499
5162,193.88
5163,194.71
5164,195.0999
5165,194.7138
5166,195.29
5167,194.9496
5168,195.1499
5169,194.77
5170,194.84
5171,194.9408
5172,195.386
5173,195.75
5174,195.62
5175,195.73
5176,195.7038
5177,195.67
5178,195.85
5179,195.63
5180,194.77
5181,195.09
5182,194.62
5183,194.1
5184,194.22
5185,193.68
5186,194.5
5187,194.44
5188,194.5675
5189,194.76
5190,194.95
5191,195.7042
5192,195.19
5193,195.332
5194,195.15
5195,194.37400000000002
5196,193.9248
5197,193.87
5198,194.05
5199,194.5
5200,194.95
5201,194.84
5202,195.0
5203,195.28
5204,195.505
5205,195.38
5206,195.34
5207,195.69
5208,194.3
5209,194.17
5210,194.6
5211,195.02
5212,195.0922
5213,194.94
5214,194.6366
5215,194.97
5216,194.665
5217,194.89
5218,194.33
5219,194.35
5220,194.14
5221,193.9301
5222,193.6948
5223,193.446
5224,193.44
5225,193.5873
5226,193.4376
5227,193.081
5228,193.09
5229,192.66
5230,192.9099
5231,192.12000000000003
5232,191.56
5233,192.1
5234,194.71
5235,196.5
5236,196.8
5237,196.0
5238,196.8493
5239,196.515
5240,197.0996
5241,197.02
5242,197.45
5243,197.42
5244,197.28999999999996
5245,197.24
5246,196.96
5247,197.1848
5248,196.725
5249,196.48
5250,196.4941
5251,196.34
5252,196.48
5253,195.85
5254,195.95
5255,195.86
5256,195.96
5257,195.7904
5258,195.86
5259,195.52
5260,194.74
5261,194.98
5262,194.36
5263,194.02
5264,194.44
5265,194.56
5266,194.16
5267,194.3206
5268,193.9
5269,193.6928
5270,193.6079
5271,194.02
5272,193.73
5273,193.37
5274,193.23
5275,193.39
5276,193.275
5277,192.93
5278,192.82
5279,193.34
5280,192.82
5281,193.05
5282,193.03
5283,193.1475
5284,192.85
5285,193.2
5286,193.96
5287,193.2777
5288,193.32
5289,193.13
5290,192.47
5291,192.69
5292,192.8797
5293,192.755
5294,192.75
5295,192.9105
5296,193.69
5297,193.2599
5298,193.0792
5299,193.78
5300,193.57
5301,193.77
5302,193.77
5303,194.1095
5304,193.85
5305,193.8464
5306,193.75
5307,193.69
5308,193.43
5309,193.54
5310,193.84
5311,194.1
5312,196.0
5313,197.08
5314,197.18
5315,196.72
5316,197.0
5317,196.245
5318,196.16
5319,196.41
5320,196.47
5321,195.78
5322,195.95
5323,196.07
5324,196.11
5325,196.2
5326,196.13
5327,196.16
5328,196.13
5329,196.42
5330,196.11
5331,196.14
5332,196.06
5333,196.09
5334,195.835
5335,195.93
5336,195.95
5337,196.23
5338,194.655
5339,194.58
5340,194.03
5341,194.1
5342,194.46
5343,194.86
5344,194.925
5345,194.69
5346,194.47
5347,194.63
5348,194.79
5349,194.67
5350,194.595
5351,194.77
5352,195.31
5353,195.07
5354,195.21599999999998
5355,195.585
5356,196.0247
5357,196.225
5358,196.18
5359,195.86
5360,195.77
5361,195.79
5362,195.85
5363,196.32
5364,196.36
5365,196.535
5366,196.049
5367,195.98
5368,195.56
5369,195.8118
5370,195.4
5371,195.9712
5372,195.89
5373,196.3225
5374,196.19
5375,195.93
5376,195.68
5377,195.72
5378,195.75
5379,194.58
5380,194.905
5381,195.4397
5382,195.1101
5383,195.11
5384,195.0624
5385,194.64
5386,194.08
5387,194.6211
5388,195.24
5389,194.97
5390,195.09
5391,194.445
5392,194.8985
5393,195.2438
5394,195.19
5395,195.5
5396,195.31
5397,195.1764
5398,194.94
5399,194.82
5400,194.8347
5401,194.75
5402,195.05
5403,195.02
5404,195.05
5405,194.885
5406,194.64
5407,194.4796
5408,194.77
5409,196.0201
5410,196.19
5411,197.79
5412,198.4
5413,198.32
5414,198.065
5415,198.641
5416,199.4536
5417,199.572
5418,199.33
5419,199.22
5420,199.2357
5421,198.909
5422,197.6
5423,198.0199
5424,198.6
5425,199.2136
5426,198.99
5427,199.39
5428,199.22
5429,198.76
5430,199.22
5431,195.7201
5432,193.755
5433,191.42
5434,190.375
5435,191.23
5436,188.67
5437,189.64
5438,188.36
5439,187.92
5440,185.82
5441,186.02
5442,187.485
5443,188.51
5444,189.037
5445,189.16
5446,190.5
5447,190.3297
5448,188.495
5449,187.6734
5450,187.18
5451,187.81
5452,188.26
5453,187.77
5454,188.24
5455,187.4999
5456,188.13
5457,188.5842
5458,187.73
5459,188.64
5460,189.4
5461,189.98
5462,188.9
5463,190.1029
5464,189.795
5465,189.79
5466,189.665
5467,190.265
5468,189.97
5469,189.81
5470,189.25900000000001
5471,189.0686
5472,188.752
5473,188.40099999999998
5474,188.61
5475,188.5
5476,188.97
5477,188.515
5478,187.82
5479,187.63
5480,187.66
5481,187.18
5482,187.53
5483,186.54
5484,186.2301
5485,186.5147
5486,188.6275
5487,189.4
5488,189.095
5489,187.895
5490,186.1443
5491,186.6082
5492,186.9409
5493,186.77000000000004
5494,186.31
5495,186.09
5496,187.09
5497,186.31999999999996
5498,186.50000000000003
5499,186.68000000000004
5500,186.29
5501,186.63
5502,186.8701
5503,186.6
5504,186.51
5505,186.5899
5506,186.7
5507,186.9546
5508,186.83
5509,187.41
5510,185.445
5511,183.465
5512,183.25
5513,181.57
5514,179.93
5515,181.22
5516,181.3
5517,181.71
5518,182.5596
5519,183.25
5520,183.18
5521,183.15
5522,184.565
5523,185.03900000000002
5524,184.9
5525,185.075
5526,185.6
5527,185.085
5528,184.6657
5529,184.86
5530,184.41
5531,184.135
5532,184.0899
5533,183.68
5534,184.04
5535,185.94
5536,187.2
5537,187.05
5538,186.9284
5539,187.175
5540,187.55
5541,187.8
5542,187.65
5543,187.3
5544,186.77
5545,186.985
5546,186.7
5547,186.83
5548,186.2599
5549,186.26
5550,186.7515
5551,186.51
5552,186.37
5553,185.78799999999998
5554,185.54
5555,185.26
5556,184.53
5557,184.9
5558,184.92
5559,184.53
5560,184.23
5561,186.23
5562,183.9
5563,183.488
5564,185.03
5565,183.68
5566,183.74
5567,183.3
5568,183.0
5569,184.05
5570,183.905
5571,183.83
5572,183.2396
5573,183.58
5574,183.24
5575,183.1
5576,183.5505
5577,184.23
5578,184.15
5579,184.9107
5580,185.41
5581,185.78
5582,185.84
5583,186.2197
5584,186.08900000000003
5585,185.51
5586,185.31
5587,184.82
5588,184.44
5589,183.6
5590,185.3
5591,185.69
5592,185.4575
5593,185.74
5594,185.66
5595,186.1331
5596,186.4926
5597,185.75
5598,186.6028
5599,186.91
5600,187.1201
5601,186.79
5602,186.46
5603,186.0704
5604,185.8245
5605,185.43900000000002
5606,185.31
5607,184.73
5608,185.2
5609,185.0
5610,185.0
5611,184.88
5612,185.2
5613,187.5313
5614,187.9998
5615,187.97
5616,187.61
5617,188.26
5618,188.88
5619,188.5
5620,188.03
5621,188.345
5622,188.29
5623,188.865
5624,189.12
5625,189.139
5626,188.73
5627,188.36
5628,188.89
5629,188.9074
5630,188.43
5631,188.0
5632,187.45
5633,187.72
5634,188.05
5635,187.92
5636,188.22
5637,188.52
5638,188.53
5639,188.805
5640,188.24
5641,188.34
5642,187.55
5643,187.23
5644,186.769
5645,186.62
5646,186.3946
5647,186.83
5648,187.15
5649,187.76
5650,187.885
5651,187.75
5652,187.891
5653,187.58
5654,187.5
5655,187.15
5656,187.05
5657,186.93
5658,186.67
5659,186.85
5660,186.69
5661,186.39
5662,186.27
5663,186.02
5664,186.21
5665,186.78
5666,187.52
5667,186.6841
5668,187.135
5669,186.77
5670,186.48
5671,186.39
5672,186.99
5673,186.99
5674,186.94
5675,186.74
5676,186.14
5677,186.95
5678,186.08
5679,186.15
5680,186.232
5681,186.33
5682,185.99
5683,186.41
5684,186.55
5685,186.6
5686,186.68
5687,186.28099999999998
5688,186.01
5689,185.88
5690,185.73
5691,186.304
5692,186.18
5693,186.32
5694,186.5
5695,186.8
5696,187.64
5697,188.17
5698,188.19
5699,187.645
5700,187.7
5701,187.39
5702,187.3
5703,186.76
5704,187.11
5705,187.1
5706,187.39
5707,187.09
5708,187.6
5709,187.865
5710,187.94
5711,187.99
5712,188.16
5713,188.47
5714,188.04
5715,188.41
5716,187.87
5717,188.57
5718,189.63
5719,190.73
5720,191.96
5721,192.1195
5722,192.14
5723,191.22
5724,191.79
5725,191.85
5726,191.46
5727,192.2802
5728,191.8
5729,191.54
5730,190.58
5731,190.31
5732,190.3891
5733,190.28
5734,189.69
5735,189.87
5736,188.83
5737,189.42
5738,189.6024
5739,189.72
5740,189.46
5741,190.19
5742,189.62
5743,190.65
5744,189.51
5745,189.19
5746,188.5099
5747,188.76
5748,189.37
5749,190.1
5750,189.9199
5751,190.1666
5752,190.535
5753,190.25
5754,190.34
5755,190.2226
5756,190.23
5757,190.31
5758,190.42
5759,190.25
5760,190.31
5761,190.22
5762,190.26
5763,189.94
5764,189.9
5765,189.9848
5766,190.09
5767,189.805
5768,190.07
5769,189.57
5770,189.76
5771,190.455
5772,191.1
5773,190.234
5774,190.39
5775,190.15
5776,189.48
5777,189.1995
5778,189.41
5779,189.035
5780,189.14
5781,189.41
5782,189.95
5783,189.88
5784,189.445
5785,190.23
5786,190.12
5787,189.9
5788,190.0348
5789,189.9447
5790,190.0
5791,190.2676
5792,190.0284
5793,189.89
5794,190.41
5795,188.41
5796,187.89
5797,188.5994
5798,188.09
5799,187.6
5800,186.955
5801,186.91
5802,187.28
5803,186.59
5804,186.3134
5805,186.0446
5806,186.222
5807,186.81
5808,186.3836
5809,186.3
5810,186.1
5811,186.38
5812,186.63
5813,186.61
5814,187.479
5815,186.9
5816,187.05
5817,186.7517
5818,187.1999
5819,187.22
5820,187.03
5821,186.36
5822,185.89
5823,186.35
5824,186.795
5825,186.6
5826,186.95
5827,187.0196
5828,186.73
5829,186.8096
5830,186.925
5831,187.15
5832,187.84
5833,187.47
5834,188.028
5835,188.36
5836,188.55
5837,188.27
5838,188.2509
5839,188.0266
5840,187.97
5841,188.0407
5842,188.21
5843,188.085
5844,188.37
5845,188.6
5846,188.82
5847,190.24
5848,189.59
5849,188.94
5850,188.61
5851,187.69
5852,188.0916
5853,188.6656
5854,189.17
5855,189.42
5856,189.34
5857,189.09
5858,189.1
5859,188.67
5860,188.98
5861,189.1
5862,189.2
5863,189.25
5864,188.8767
5865,188.86
5866,188.69
5867,188.8
5868,188.801
5869,188.93
5870,188.86
5871,188.765
5872,188.62
5873,187.86
5874,188.78
5875,188.4735
5876,189.4785
5877,189.59
5878,189.6589
5879,189.87
5880,190.11
5881,190.0
5882,190.13
5883,189.815
5884,189.79
5885,189.9308
5886,189.93
5887,190.17
5888,190.231
5889,190.15
5890,190.8
5891,190.63
5892,190.51
5893,189.97
5894,190.02
5895,190.21
5896,190.2616
5897,189.97
5898,189.95
5899,187.33
5900,186.53
5901,187.73
5902,187.61
5903,187.73
5904,187.3
5905,187.0025
5906,186.89
5907,187.21
5908,187.3
5909,187.07
5910,186.76
5911,187.34
5912,187.38
5913,187.19
5914,187.1199
5915,187.032
5916,187.35
5917,187.28
5918,187.45
5919,187.38
5920,187.19
5921,187.0925
5922,186.85
5923,187.14
5924,187.76
5925,187.195
5926,187.17
5927,186.81
5928,186.85
5929,186.97
5930,186.82
5931,186.49
5932,186.41
5933,185.95
5934,185.92
5935,186.105
5936,186.09
5937,186.1
5938,185.45
5939,185.55
5940,185.53
5941,185.83
5942,185.56
5943,185.5879
5944,185.59
5945,185.7576
5946,185.7
5947,185.74
5948,186.02
5949,186.18
5950,186.23
5951,188.38
5952,189.56
5953,190.315
5954,190.4
5955,191.06599999999997
5956,191.14
5957,191.23
5958,192.16
5959,192.14
5960,191.96
5961,191.9528
5962,191.595
5963,191.95
5964,191.8972
5965,191.83
5966,192.0807
5967,192.0992
5968,192.2505
5969,192.4374
5970,192.7501
5971,193.14
5972,193.51
5973,193.71
5974,193.4
5975,193.2196
5976,192.71
5977,192.2445
5978,192.5265
5979,192.17
5980,192.88
5981,193.3847
5982,192.1
5983,191.6416
5984,191.68
5985,191.93
5986,192.18
5987,192.345
5988,192.52
5989,192.45
5990,192.17
5991,192.09
5992,192.49
5993,192.53
5994,192.03
5995,192.405
5996,192.5152
5997,192.2506
5998,192.2
5999,192.26
