,0
0,96.71
1,96.31
2,95.8299
3,95.33
4,94.9
5,94.8
6,94.29
7,94.8381
8,95.3699
9,94.73
10,95.05
11,94.65
12,94.805
13,95.08
14,94.8525
15,94.33
16,94.7581
17,94.41
18,94.06
19,94.66
20,95.3
21,94.31
22,94.5299
23,93.86
24,93.02
25,93.1
26,92.25
27,91.8882
28,91.79
29,91.62
30,92.4638
31,92.88
32,92.645
33,92.2
34,92.54
35,91.81
36,91.35
37,91.2575
38,91.5
39,91.6
40,91.18
41,90.97
42,91.69
43,91.695
44,91.49
45,88.86
46,87.96600000000002
47,86.76
48,87.445
49,87.749
50,88.88
51,88.49
52,89.134
53,89.881
54,90.35
55,89.84
56,89.065
57,89.02
58,89.256
59,88.91
60,88.61
61,88.6
62,88.235
63,89.02
64,89.30799999999998
65,90.6198
66,91.0601
67,91.09
68,90.43
69,90.4603
70,90.765
71,87.71
72,87.52
73,87.59
74,88.6101
75,88.87799999999999
76,89.4125
77,89.16
78,88.69
79,89.9
80,89.85
81,89.78
82,90.0
83,90.5
84,90.08
85,90.985
86,90.46
87,89.91
88,89.825
89,89.695
90,89.24
91,88.84
92,89.64
93,89.565
94,89.12
95,89.75
96,89.66
97,88.3
98,85.9799
99,86.18
100,86.7401
101,86.15
102,85.3648
103,84.81299999999997
104,84.425
105,84.7892
106,84.84
107,84.59
108,84.13
109,84.06
110,83.46
111,83.18
112,82.38
113,82.45
114,82.23
115,82.365
116,82.77
117,82.76
118,82.65
119,82.87
120,82.6903
121,82.81
122,81.46
123,83.89
124,83.44
125,82.5
126,83.9699
127,82.78
128,82.81
129,82.0
130,81.47
131,82.53
132,83.42
133,83.7306
134,83.42
135,83.19
136,83.1
137,82.83
138,82.24
139,82.19
140,82.25
141,81.48
142,81.81
143,81.38
144,81.7
145,81.8401
146,83.38
147,83.3
148,86.226
149,86.8496
150,87.26
151,86.86
152,86.5
153,86.2
154,86.54
155,87.165
156,87.01
157,86.61
158,86.34
159,86.57
160,86.4
161,86.26
162,84.8401
163,85.02
164,85.037
165,84.28
166,83.93
167,85.0
168,86.67
169,86.26
170,87.37
171,86.32
172,86.3
173,86.13
174,87.9
175,89.95
176,89.9801
177,91.33
178,90.43
179,89.98
180,90.27
181,90.31
182,89.806
183,89.985
184,89.79
185,90.84
186,90.36
187,89.8599
188,89.91
189,89.24
190,89.76899999999998
191,89.33
192,89.9
193,89.81
194,89.47
195,89.26
196,89.1107
197,88.39
198,88.28
199,88.46
200,87.29
201,86.66
202,86.46
203,85.28
204,85.45
205,85.77
206,85.15
207,84.77
208,84.835
209,85.67
210,85.34
211,85.1934
212,85.15
213,85.82
214,85.47
215,85.46
216,85.03
217,84.32
218,84.23
219,83.2999
220,84.43
221,84.85
222,85.14
223,85.655
224,86.3205
225,86.35
226,87.23
227,86.712
228,86.33
229,85.59
230,86.63
231,86.98
232,87.75
233,88.62
234,89.2955
235,88.42
236,88.38
237,88.21
238,87.86
239,87.29
240,87.16
241,86.16
242,86.27
243,85.8894
244,87.36
245,87.45
246,87.8628
247,87.36
248,87.26
249,87.416
250,87.19
251,87.4
252,88.48
253,89.3966
254,89.69
255,89.316
256,89.66
257,89.29
258,88.75
259,88.43
260,89.39
261,89.11
262,88.57
263,88.13
264,87.97
265,88.32
266,87.92
267,88.16
268,88.021
269,88.24
270,88.19
271,88.76
272,88.6
273,88.6001
274,88.67
275,88.7269
276,88.72
277,89.04
278,90.2
279,91.1
280,91.42
281,91.91
282,91.52
283,91.81
284,92.66
285,92.72
286,92.57
287,92.38
288,92.648
289,92.8
290,92.95
291,93.22
292,93.7208
293,93.39
294,93.0743
295,92.93
296,93.6334
297,93.99
298,94.32
299,94.05
300,94.17
301,94.01
302,94.31
303,94.76
304,92.53
305,92.31
306,92.0375
307,92.1402
308,91.96
309,91.73
310,91.53
311,91.15
312,91.26
313,91.77
314,90.8816
315,91.096
316,91.13
317,91.31
318,91.4
319,91.3
320,90.67
321,91.04
322,90.93
323,91.7476
324,91.6823
325,91.5699
326,91.17
327,91.15
328,90.8
329,90.5
330,90.08
331,90.396
332,90.33
333,90.95
334,90.81
335,90.62700000000001
336,90.42
337,91.0356
338,90.97
339,90.48
340,90.4153
341,90.35
342,90.4
343,89.57
344,88.66
345,89.09
346,88.45
347,88.34
348,88.53
349,88.81
350,88.81
351,88.74
352,89.11
353,88.78
354,89.235
355,89.24
356,89.43
357,90.2399
358,91.01
359,90.58
360,90.95
361,91.2
362,91.89
363,92.42
364,92.11
365,92.396
366,92.07
367,92.59
368,92.49
369,92.9
370,92.5632
371,92.6
372,92.65
373,92.09
374,92.03
375,91.72
376,91.54
377,91.45
378,91.6
379,91.35
380,91.868
381,91.92
382,92.08
383,91.92
384,90.34
385,90.85
386,90.2289
387,90.02
388,90.19
389,90.3215
390,90.6399
391,90.15
392,90.259
393,90.52
394,90.83
395,90.87
396,90.45
397,90.24
398,89.95
399,90.34
400,90.24
401,90.1399
402,89.64
403,89.52
404,89.304
405,89.37
406,89.64200000000002
407,89.12
408,88.01
409,87.33
410,87.5
411,86.975
412,87.42
413,87.9
414,87.3299
415,88.2
416,88.927
417,89.08
418,89.63
419,89.6
420,89.16
421,89.5323
422,89.96
423,90.012
424,90.05
425,90.215
426,90.3
427,90.335
428,90.41799999999999
429,90.184
430,91.06
431,91.35
432,91.16
433,91.62
434,90.44
435,90.5
436,91.5
437,93.14
438,92.2053
439,91.88
440,91.87
441,92.77
442,92.39
443,93.1935
444,92.74
445,92.626
446,92.3626
447,92.47
448,92.78
449,92.8
450,93.18
451,93.4106
452,93.22
453,94.08
454,93.73
455,93.54
456,93.9001
457,94.12
458,94.7958
459,94.51
460,96.42
461,96.66
462,95.79
463,95.43
464,96.06
465,95.6871
466,96.15
467,95.8601
468,95.93
469,95.78
470,95.1708
471,95.0599
472,94.7
473,95.189
474,95.32
475,95.36
476,94.874
477,94.73
478,94.6399
479,95.056
480,94.4801
481,94.67
482,94.94
483,94.8297
484,94.95
485,94.79
486,96.1412
487,96.7001
488,96.555
489,96.24
490,96.4599
491,95.4215
492,95.0775
493,95.28
494,95.2843
495,95.325
496,95.5703
497,95.41
498,95.4
499,95.3
500,95.055
501,94.68
502,94.78
503,94.41
504,93.8
505,94.105
506,93.7
507,93.64
508,93.44
509,93.98
510,93.85
511,93.47
512,94.52
513,95.11
514,95.8
515,95.8999
516,95.76
517,96.15
518,96.44
519,96.82
520,96.7332
521,96.87
522,96.86
523,96.73
524,96.99999999999999
525,96.9368
526,96.85000000000001
527,96.92999999999999
528,97.97
529,98.04
530,98.31
531,98.525
532,98.72
533,98.68
534,98.37
535,97.9825
536,97.96700000000001
537,98.27
538,99.08999999999999
539,97.99
540,98.2
541,97.53
542,97.11
543,97.47399999999998
544,97.45999999999998
545,97.54499999999999
546,97.31500000000001
547,96.294
548,96.63
549,96.17
550,96.22999999999999
551,96.1
552,96.65
553,96.59
554,96.91
555,96.43
556,96.46000000000001
557,96.65
558,96.96
559,97.42
560,97.4401
561,97.39000000000001
562,97.56
563,97.61
564,97.35
565,97.4
566,97.1568
567,96.57
568,96.53
569,96.73
570,96.33
571,95.654
572,95.7
573,96.13
574,96.22
575,96.05
576,96.30999999999999
577,96.51
578,97.27
579,97.19
580,97.83
581,97.68
582,97.69500000000001
583,97.81
584,97.8258
585,97.6
586,97.685
587,97.24
588,97.645
589,97.92999999999999
590,99.19
591,99.82
592,98.71
593,99.46
594,100.26
595,100.4799
596,101.59
597,101.58
598,101.92
599,101.88
600,101.04
601,100.74
602,100.744
603,100.89
604,100.39999999999999
605,100.3409
606,100.52
607,101.46
608,101.09
609,100.89
610,100.73
611,100.47
612,100.62
613,101.3595
614,101.46
615,101.56000000000002
616,98.115
617,97.86
618,97.81
619,97.58
620,97.18
621,97.45999999999998
622,97.55
623,97.25
624,97.96
625,97.89
626,97.838
627,97.74
628,97.96
629,97.30999999999999
630,96.94
631,96.55
632,96.58
633,96.5676
634,96.4301
635,95.8858
636,95.4
637,95.45
638,95.84
639,95.68
640,95.9253
641,95.49
642,96.46000000000001
643,96.39000000000001
644,97.09
645,96.9095
646,97.21
647,97.59
648,97.75
649,97.5645
650,97.48
651,97.8
652,97.5661
653,97.2
654,97.0844
655,96.96
656,96.58
657,96.95800000000001
658,96.95
659,97.13
660,97.03
661,96.7484
662,96.59
663,96.37
664,96.3931
665,96.22999999999999
666,96.22999999999999
667,96.22999999999999
668,95.89
669,96.055
670,97.15
671,96.98
672,96.58
673,95.91999999999999
674,96.63
675,97.18
676,97.28
677,97.18
678,97.2868
679,97.33
680,97.1
681,96.71
682,97.1
683,97.15
684,97.15
685,97.36
686,97.69
687,98.07999999999998
688,98.02799999999999
689,98.0
690,97.74
691,97.75
692,97.73
693,97.99
694,99.15
695,99.25
696,98.65
697,98.00999999999999
698,97.39000000000001
699,96.99
700,97.19
701,96.66
702,97.36
703,97.1266
704,97.19
705,96.92
706,96.1908
707,96.28
708,95.86
709,96.22
710,96.17399999999999
711,96.05
712,95.96799999999999
713,95.79
714,96.63
715,96.8
716,96.99999999999999
717,97.56
718,97.16000000000001
719,97.35
720,98.71
721,97.84
722,97.76999999999998
723,97.74
724,98.035
725,97.805
726,97.37599999999999
727,97.16000000000001
728,96.784
729,96.28
730,96.5972
731,96.70700000000001
732,96.25
733,96.63799999999999
734,96.53
735,96.63
736,96.29
737,96.61999999999999
738,97.12
739,96.9016
740,97.15
741,97.57
742,97.59
743,97.71
744,97.61999999999999
745,97.64
746,98.51
747,98.665
748,98.05
749,98.5
750,98.84
751,98.53
752,98.79
753,98.8199
754,99.06
755,99.13
756,98.575
757,98.225
758,98.742
759,98.5
760,98.2986
761,98.22
762,98.4299
763,98.2
764,98.19
765,98.11
766,98.32159999999999
767,98.36
768,98.25
769,98.23499999999999
770,98.1
771,98.13
772,97.405
773,96.71
774,96.74
775,97.34
776,97.16000000000001
777,97.16000000000001
778,97.80799999999999
779,98.29
780,97.79799999999997
781,97.53
782,97.47000000000001
783,97.81
784,97.82
785,97.83
786,97.8021
787,97.87
788,98.1002
789,97.81
790,97.765
791,97.75
792,97.69
793,97.65899999999999
794,97.94
795,97.9026
796,98.03
797,97.81
798,98.0
799,98.3
800,98.21
801,98.19
802,98.2592
803,98.0638
804,97.71
805,98.3
806,98.31
807,98.25
808,98.25
809,98.2724
810,98.04
811,97.83
812,98.04
813,98.3
814,98.49
815,98.88
816,98.8318
817,99.44
818,99.54
819,99.22
820,99.2275
821,99.0
822,99.29
823,99.38
824,100.765
825,100.56299999999999
826,100.25000000000001
827,100.6
828,101.26
829,100.96
830,100.5
831,100.56000000000002
832,100.4299
833,99.93
834,100.03
835,100.43
836,100.2
837,100.13
838,99.72810000000001
839,99.96
840,100.01
841,100.0
842,100.44
843,100.34
844,100.12
845,99.95
846,100.0245
847,100.23999999999998
848,100.12
849,99.72
850,101.19
851,100.94000000000001
852,100.77
853,100.76
854,100.75
855,101.3421
856,101.86
857,102.3802
858,101.93
859,101.8925
860,101.8603
861,101.87000000000002
862,102.01
863,102.0
864,101.726
865,101.74
866,101.3368
867,101.07
868,101.2
869,101.14
870,101.05
871,100.61
872,101.005
873,100.87000000000002
874,100.75
875,101.104
876,101.83
877,101.42
878,100.46
879,100.65
880,100.68
881,100.0
882,100.65
883,100.45
884,100.05
885,100.18
886,100.15
887,99.73
888,99.84
889,100.08
890,99.92
891,100.43
892,100.3237
893,100.71899999999998
894,100.85999999999999
895,101.54
896,101.34
897,101.35
898,101.21
899,101.14
900,100.8545
901,101.06
902,101.1101
903,100.52
904,100.51
905,100.23
906,100.08
907,99.81
908,99.62499999999999
909,99.962
910,99.98
911,99.74
912,99.25740000000002
913,99.72
914,99.85
915,99.97
916,99.9902
917,99.97
918,99.92680000000001
919,99.84
920,99.98
921,99.96
922,99.904
923,99.8
924,99.76
925,99.68
926,99.77
927,99.8356
928,100.15
929,99.46
930,99.53
931,99.65
932,99.42
933,99.28
934,99.1
935,99.11
936,99.171
937,99.15999999999998
938,99.48000000000002
939,99.31
940,99.471
941,99.51
942,99.8599
943,99.9
944,99.74
945,99.73
946,99.9875
947,100.0
948,99.99
949,99.81
950,99.66
951,99.56
952,99.61
953,99.59
954,98.38
955,98.41
956,98.52
957,98.41
958,98.56
959,98.35
960,98.00999999999999
961,97.95
962,97.94
963,97.5925
964,97.73
965,97.51
966,97.38
967,97.385
968,97.18
969,97.22
970,97.54
971,97.69
972,97.68
973,98.15
974,98.35
975,98.45
976,98.48
977,98.40000000000002
978,98.36
979,98.36
980,98.93
981,100.03
982,100.91
983,100.68
984,100.44
985,100.0739
986,100.21
987,100.7
988,101.06
989,100.9401
990,100.97
991,101.12
992,101.21799999999999
993,101.04
994,100.5432
995,100.426
996,100.84
997,101.06
998,101.25000000000001
999,101.13
1000,100.9825
1001,101.0
1002,101.14000000000001
1003,100.94
1004,101.27
1005,101.22
1006,102.65
1007,101.9
1008,102.04000000000002
1009,102.34
1010,102.32
1011,102.3
1012,102.67000000000002
1013,103.26
1014,103.3999
1015,103.31809999999999
1016,103.1522
1017,103.47
1018,103.54
1019,103.22
1020,103.46
1021,103.81
1022,103.55
1023,103.74
1024,103.91
1025,104.14
1026,104.03
1027,103.708
1028,104.14
1029,104.14
1030,104.0
1031,104.15
1032,103.8246
1033,104.11
1034,103.63
1035,102.845
1036,102.77
1037,102.52
1038,102.49
1039,101.64
1040,101.8001
1041,101.97
1042,101.76
1043,101.88
1044,102.2
1045,102.44
1046,102.52
1047,102.178
1048,102.05
1049,102.34899999999999
1050,102.17
1051,102.43
1052,102.2
1053,102.193
1054,102.6
1055,102.77
1056,102.38600000000001
1057,102.19
1058,101.53
1059,101.48
1060,102.69
1061,102.74
1062,103.32
1063,102.99
1064,103.04
1065,102.63
1066,102.55
1067,102.911
1068,102.93000000000002
1069,103.336
1070,103.0696
1071,102.9375
1072,102.55
1073,102.34
1074,102.0799
1075,101.822
1076,101.699
1077,101.69
1078,101.6399
1079,101.82799999999999
1080,101.81230000000001
1081,102.27
1082,102.34
1083,102.24
1084,103.111
1085,103.83
1086,103.96
1087,103.775
1088,103.97
1089,104.6586
1090,104.5
1091,104.56
1092,104.69
1093,104.56989999999999
1094,104.6699
1095,104.36
1096,104.3
1097,104.5
1098,104.8699
1099,104.94
1100,104.98
1101,105.01
1102,105.19780000000002
1103,105.2
1104,105.39
1105,105.43
1106,105.43
1107,105.6436
1108,105.7
1109,105.68
1110,104.415
1111,104.355
1112,104.38
1113,104.346
1114,103.89
1115,103.61
1116,103.29
1117,103.46
1118,103.87
1119,104.11
1120,104.15
1121,104.5
1122,104.8399
1123,104.62
1124,104.9174
1125,104.74
1126,104.3325
1127,104.24
1128,104.68
1129,104.64
1130,104.6801
1131,104.785
1132,104.55
1133,104.45
1134,104.38
1135,104.33000000000001
1136,104.51
1137,104.91
1138,105.3
1139,105.64
1140,105.28
1141,105.5
1142,104.684
1143,104.9
1144,104.85
1145,104.43
1146,104.4
1147,104.10600000000001
1148,104.13
1149,103.9332
1150,104.101
1151,104.63
1152,104.69
1153,104.92
1154,104.93
1155,105.3199
1156,105.15
1157,105.63
1158,105.25
1159,105.102
1160,104.85
1161,104.95
1162,105.08999999999999
1163,105.875
1164,106.07
1165,105.46999999999998
1166,105.75
1167,105.0853
1168,104.65799999999999
1169,104.65
1170,104.48
1171,104.66
1172,104.446
1173,104.57
1174,104.49
1175,104.3818
1176,104.48
1177,104.4917
1178,104.8
1179,105.1
1180,104.69
1181,104.83999999999999
1182,104.57
1183,104.675
1184,104.83999999999999
1185,104.87799999999999
1186,104.91
1187,104.8301
1188,106.05
1189,105.91
1190,105.65
1191,105.07799999999999
1192,104.5775
1193,104.19999999999999
1194,104.39
1195,104.58200000000001
1196,104.92
1197,104.83999999999999
1198,104.66
1199,104.49
1200,104.39
1201,104.49
1202,104.49
1203,104.71000000000001
1204,104.5626
1205,104.22
1206,103.87
1207,103.9301
1208,104.05
1209,103.76
1210,104.33000000000001
1211,104.33000000000001
1212,104.38
1213,104.45
1214,104.68
1215,104.44
1216,104.5684
1217,104.51
1218,104.45
1219,103.9233
1220,104.22
1221,103.91
1222,103.76799999999999
1223,103.66989999999998
1224,103.43
1225,102.91
1226,103.806
1227,103.704
1228,103.635
1229,103.46
1230,103.775
1231,104.1
1232,104.31
1233,104.19
1234,104.04
1235,104.0
1236,103.9
1237,103.84299999999999
1238,103.69000000000001
1239,103.81
1240,103.27
1241,103.5
1242,104.46
1243,104.691
1244,104.63
1245,104.5108
1246,104.56
1247,104.736
1248,104.14
1249,104.31
1250,104.1105
1251,104.35
1252,104.08
1253,104.2332
1254,104.241
1255,103.88
1256,103.57
1257,103.69000000000001
1258,103.39
1259,103.455
1260,103.66
1261,103.741
1262,103.45
1263,103.14
1264,102.76
1265,102.69
1266,102.44329999999998
1267,102.7972
1268,103.025
1269,102.47
1270,103.42
1271,103.90799999999999
1272,104.21
1273,104.3
1274,104.23
1275,104.4189
1276,104.71000000000001
1277,104.73899999999999
1278,105.391
1279,105.39
1280,105.46999999999998
1281,105.42
1282,105.97
1283,106.14
1284,106.71
1285,106.42
1286,106.54
1287,106.25
1288,106.43
1289,106.51
1290,106.44
1291,107.00999999999999
1292,109.0
1293,109.99
1294,110.3
1295,110.94
1296,110.40860000000002
1297,110.1003
1298,110.25
1299,110.19
1300,110.28
1301,109.26
1302,109.314
1303,109.51
1304,109.37
1305,109.19
1306,108.28500000000001
1307,108.4504
1308,108.73
1309,108.4499
1310,109.1
1311,108.87
1312,108.93000000000002
1313,108.94
1314,109.31000000000002
1315,109.75
1316,109.44
1317,109.655
1318,110.04
1319,109.55
1320,109.55
1321,110.01
1322,110.17680000000001
1323,110.44800000000001
1324,110.23
1325,110.0506
1326,110.69
1327,110.9599
1328,111.359
1329,111.44
1330,111.32
1331,111.3201
1332,111.41
1333,111.1
1334,110.97309999999999
1335,110.64
1336,110.78
1337,110.6772
1338,111.28
1339,111.08
1340,110.735
1341,110.7
1342,110.71
1343,110.43
1344,110.13
1345,110.45900000000002
1346,110.37
1347,110.74
1348,111.01
1349,110.20000000000002
1350,110.265
1351,110.025
1352,110.01
1353,110.0099
1354,110.12
1355,110.25
1356,110.428
1357,110.41
1358,110.419
1359,110.595
1360,110.6
1361,111.0808
1362,110.98
1363,111.08
1364,111.32
1365,111.58
1366,111.43799999999999
1367,111.805
1368,111.766
1369,111.51
1370,109.2
1371,109.02
1372,109.01
1373,109.08
1374,109.0402
1375,108.37
1376,108.395
1377,108.35
1378,108.0987
1379,107.78
1380,107.98299999999999
1381,107.07
1382,107.66
1383,107.0
1384,106.6084
1385,106.8
1386,106.89
1387,106.825
1388,107.05
1389,107.7675
1390,108.2342
1391,108.35
1392,107.665
1393,107.79
1394,109.59
1395,108.38
1396,98.25
1397,97.4
1398,96.7642
1399,97.11
1400,97.6825
1401,96.7701
1402,96.6399
1403,96.63799999999999
1404,96.7196
1405,96.04000000000002
1406,96.3701
1407,96.69
1408,96.64
1409,96.75399999999999
1410,96.2599
1411,95.93
1412,96.02999999999999
1413,95.9278
1414,95.7
1415,95.35
1416,95.33
1417,95.0642
1418,95.117
1419,95.00499999999998
1420,94.66
1421,94.31
1422,95.845
1423,96.4373
1424,95.95
1425,95.3701
1426,95.28
1427,96.135
1428,95.96
1429,95.75989999999999
1430,95.8299
1431,95.57
1432,95.81
1433,95.83
1434,96.2
1435,96.0701
1436,95.83
1437,95.9
1438,95.2842
1439,95.6299
1440,95.52700000000002
1441,96.15
1442,96.2
1443,96.13
1444,95.81
1445,96.785
1446,96.57
1447,96.77
1448,95.78000000000002
1449,95.71
1450,95.26
1451,95.74
1452,96.655
1453,96.40999999999998
1454,96.28999999999999
1455,95.94
1456,95.7999
1457,95.56
1458,95.3401
1459,95.17
1460,95.43
1461,95.58
1462,95.3001
1463,95.31
1464,95.38
1465,95.12999999999998
1466,95.15
1467,95.25
1468,95.2
1469,95.09
1470,95.027
1471,94.81
1472,95.0
1473,94.95
1474,95.62
1475,95.601
1476,95.71
1477,95.09
1478,94.52
1479,94.71
1480,96.02999999999999
1481,95.96
1482,96.07
1483,96.3099
1484,95.94
1485,95.5
1486,95.9
1487,95.79
1488,96.02999999999999
1489,95.698
1490,96.05
1491,95.92
1492,95.86
1493,96.1
1494,96.32
1495,96.02
1496,96.04000000000002
1497,95.99
1498,95.76
1499,95.87
1500,95.19
1501,94.72
1502,94.21
1503,94.445
1504,94.14000000000001
1505,93.37899999999999
1506,93.29999999999998
1507,93.6
1508,93.06
1509,92.94000000000001
1510,92.93
1511,93.0
1512,93.2765
1513,93.51
1514,93.7112
1515,93.69
1516,93.5
1517,93.47
1518,93.3299
1519,93.32
1520,93.14
1521,93.2033
1522,93.01000000000002
1523,93.15
1524,93.4
1525,93.56
1526,92.66
1527,92.7
1528,92.0701
1529,91.5
1530,92.09
1531,91.66
1532,91.465
1533,91.72
1534,91.96
1535,91.71
1536,91.9372
1537,92.0999
1538,92.32
1539,91.99
1540,92.075
1541,92.65
1542,92.6577
1543,92.661
1544,92.57
1545,92.26
1546,92.473
1547,92.31
1548,92.25
1549,92.38
1550,92.5
1551,92.43
1552,91.26
1553,90.55
1554,90.35
1555,90.6252
1556,91.18
1557,91.63
1558,91.34
1559,91.25299999999999
1560,91.2521
1561,91.7
1562,91.53
1563,91.5506
1564,91.03
1565,90.98
1566,90.8
1567,90.9399
1568,90.9
1569,90.89
1570,91.1038
1571,91.1501
1572,90.89
1573,90.85
1574,91.13000000000001
1575,91.22000000000001
1576,91.145
1577,91.03999999999999
1578,92.16999999999999
1579,91.18
1580,91.48999999999998
1581,92.02
1582,92.5399
1583,92.26
1584,92.22
1585,92.3923
1586,92.53399999999999
1587,92.32
1588,92.25
1589,92.0
1590,92.0624
1591,91.88
1592,91.7
1593,91.8
1594,91.64990000000002
1595,91.76
1596,91.68
1597,91.4
1598,90.9
1599,90.99
1600,90.56800000000001
1601,90.23
1602,90.33
1603,90.26
1604,89.788
1605,89.79500000000002
1606,89.2
1607,89.23000000000002
1608,88.9
1609,88.92
1610,88.85
1611,88.22
1612,88.62000000000002
1613,89.22
1614,89.41009999999999
1615,89.45500000000001
1616,89.43
1617,89.4199
1618,89.6
1619,89.95
1620,89.59
1621,89.36
1622,89.36
1623,89.43299999999999
1624,89.15999999999998
1625,89.42
1626,89.89
1627,89.65
1628,89.98
1629,90.04
1630,91.55
1631,91.19
1632,90.9
1633,90.81
1634,90.4
1635,90.5
1636,90.37
1637,90.755
1638,90.65
1639,90.96
1640,91.09
1641,91.02
1642,91.07
1643,91.0968
1644,91.38
1645,91.62799999999997
1646,91.96
1647,92.05
1648,92.16
1649,92.23
1650,92.18
1651,92.76000000000002
1652,92.55
1653,92.53
1654,92.875
1655,93.1399
1656,93.15
1657,91.95
1658,91.71700000000003
1659,91.915
1660,91.479
1661,91.85
1662,92.14
1663,92.5
1664,91.85
1665,91.69
1666,91.38
1667,91.59
1668,91.6899
1669,91.87
1670,91.82999999999998
1671,92.04
1672,92.1225
1673,91.929
1674,91.54
1675,91.59
1676,91.56000000000002
1677,91.61
1678,91.55
1679,91.6831
1680,91.44
1681,91.55
1682,90.9099
1683,91.0901
1684,91.79
1685,91.71
1686,91.38
1687,91.5676
1688,91.6856
1689,91.3701
1690,91.62
1691,91.48999999999998
1692,91.64
1693,91.5326
1694,91.16
1695,91.02
1696,90.95000000000002
1697,91.30999999999999
1698,91.12989999999999
1699,90.88000000000001
1700,90.42759999999998
1701,90.89
1702,90.73
1703,90.59
1704,90.615
1705,90.62999999999998
1706,90.75
1707,90.8
1708,91.28
1709,91.25
1710,91.63
1711,90.6904
1712,90.81
1713,90.9795
1714,90.77
1715,90.9
1716,91.1899
1717,91.11
1718,91.36
1719,91.23999999999998
1720,91.08
1721,90.8408
1722,90.3952
1723,90.27000000000001
1724,90.2
1725,90.28
1726,90.49
1727,90.29
1728,90.175
1729,89.76
1730,89.8
1731,89.6676
1732,89.36
1733,89.3101
1734,89.17
1735,88.49
1736,88.81999999999998
1737,89.4
1738,89.31
1739,88.815
1740,89.41000000000001
1741,89.6
1742,89.82
1743,89.61
1744,89.7801
1745,89.6199
1746,90.02000000000001
1747,90.21
1748,90.34000000000002
1749,90.414
1750,90.5
1751,90.69
1752,90.74
1753,90.62
1754,90.67
1755,90.71
1756,90.68000000000002
1757,90.69999999999999
1758,90.6
1759,90.83
1760,90.24
1761,91.48999999999998
1762,91.67
1763,90.69
1764,91.0
1765,91.46
1766,91.13000000000001
1767,91.29000000000002
1768,91.01
1769,91.0225
1770,90.83
1771,90.99
1772,90.98
1773,90.73
1774,91.08
1775,90.92
1776,90.92
1777,90.85
1778,90.5592
1779,90.73
1780,91.07
1781,91.16
1782,90.96999999999998
1783,90.78
1784,90.62
1785,90.54
1786,91.86
1787,91.57
1788,91.68
1789,91.44
1790,91.48999999999998
1791,91.66
1792,91.44
1793,91.48
1794,91.7
1795,91.87
1796,91.63
1797,91.58
1798,91.86
1799,91.95
1800,91.6799
1801,91.75
1802,91.73
1803,91.84
1804,91.9674
1805,92.60000000000001
1806,92.91
1807,92.6826
1808,92.58
1809,92.64
1810,92.79
1811,92.85
1812,91.39
1813,91.47000000000001
1814,91.15
1815,90.91
1816,90.8
1817,90.44
1818,90.74
1819,90.5768
1820,90.46700000000001
1821,90.32
1822,90.51
1823,90.48
1824,90.58
1825,90.5559
1826,90.43000000000002
1827,90.2
1828,90.115
1829,90.17
1830,90.02000000000001
1831,90.21
1832,90.1
1833,90.10999999999999
1834,90.26
1835,90.31
1836,90.02000000000001
1837,90.0
1838,87.92
1839,86.69
1840,87.49
1841,87.14
1842,86.17399999999998
1843,86.7
1844,86.02
1845,86.35220000000001
1846,85.9928
1847,86.43
1848,86.245
1849,86.17
1850,85.87
1851,86.34
1852,86.34
1853,86.5542
1854,86.54599999999999
1855,87.23
1856,87.65
1857,87.70999999999998
1858,87.89
1859,88.17
1860,88.35
1861,88.1401
1862,88.1
1863,87.75
1864,88.05
1865,87.12
1866,87.25999999999999
1867,86.69
1868,86.402
1869,87.09999999999998
1870,87.11
1871,87.31
1872,87.28
1873,87.5814
1874,87.7854
1875,87.91
1876,87.5599
1877,87.72919999999999
1878,87.85
1879,87.73
1880,87.67
1881,87.54
1882,87.68
1883,87.65
1884,87.31620000000001
1885,87.58
1886,87.74
1887,88.19
1888,88.145
1889,87.9
1890,86.6401
1891,87.25
1892,87.99890000000002
1893,87.7201
1894,88.41
1895,88.39
1896,89.3
1897,89.7
1898,89.87
1899,89.76999999999998
1900,89.38
1901,89.34
1902,89.54
1903,89.38
1904,89.35
1905,89.791
1906,89.28
1907,89.31
1908,89.54
1909,89.22
1910,89.22
1911,89.32010000000001
1912,89.27
1913,89.355
1914,89.09
1915,89.12
1916,90.1425
1917,90.34100000000001
1918,90.24
1919,90.16
1920,90.33
1921,90.2124
1922,89.9125
1923,89.42
1924,89.65
1925,89.76999999999998
1926,89.48000000000002
1927,89.345
1928,89.1701
1929,89.02
1930,88.97990000000001
1931,89.1
1932,89.02
1933,88.79
1934,88.45
1935,88.4001
1936,88.56
1937,88.5775
1938,88.726
1939,88.59
1940,88.58
1941,88.62000000000002
1942,90.06499999999998
1943,89.58
1944,90.02600000000002
1945,90.23
1946,90.19
1947,90.13
1948,90.5799
1949,90.96999999999998
1950,91.19
1951,91.6189
1952,91.31840000000001
1953,90.9266
1954,91.18
1955,91.42
1956,91.4067
1957,91.55
1958,91.42
1959,91.3224
1960,90.66
1961,90.26
1962,90.38
1963,90.3
1964,90.33
1965,89.935
1966,90.2458
1967,90.5
1968,90.3
1969,89.18500000000002
1970,89.305
1971,89.75000000000001
1972,89.47
1973,89.34
1974,89.34
1975,89.06
1976,88.598
1977,88.8
1978,88.85
1979,88.90999999999998
1980,88.83
1981,88.68
1982,89.06
1983,89.24
1984,89.71
1985,89.36
1986,89.6499
1987,89.93
1988,89.2898
1989,89.22
1990,89.4499
1991,89.46
1992,89.4539
1993,89.53
1994,91.3
1995,91.4787
1996,91.38
1997,91.64999999999999
1998,91.86
1999,91.99
2000,92.8
2001,93.1
2002,92.77999999999999
2003,92.32
2004,92.65
2005,92.94000000000001
2006,92.73
2007,92.58
2008,92.55
2009,92.23400000000001
2010,92.16000000000001
2011,92.18749999999999
2012,92.33999999999999
2013,92.33000000000001
2014,92.16999999999999
2015,92.165
2016,92.08000000000001
2017,92.19
2018,92.43999999999998
2019,92.50000000000001
2020,94.22
2021,94.65
2022,94.67000000000002
2023,94.8703
2024,95.02999999999999
2025,95.06
2026,95.12
2027,94.81
2028,94.78899999999999
2029,94.8
2030,94.92
2031,95.23
2032,95.05709999999999
2033,94.85000000000001
2034,94.71
2035,94.64499999999998
2036,94.26100000000001
2037,94.41999999999999
2038,94.48
2039,94.6499
2040,94.40870000000001
2041,94.121
2042,94.26
2043,94.38
2044,94.63
2045,94.9
2046,97.09000000000002
2047,97.355
2048,97.5
2049,98.03
2050,98.18499999999999
2051,98.24000000000001
2052,98.31000000000002
2053,98.65000000000002
2054,98.72
2055,98.63
2056,98.73
2057,98.36
2058,98.39999999999999
2059,98.46
2060,98.5999
2061,98.55
2062,98.6614
2063,98.87
2064,98.93
2065,98.565
2066,98.4901
2067,98.44
2068,97.98999999999998
2069,97.902
2070,97.88999999999999
2071,97.88999999999999
2072,98.88
2073,98.83000000000001
2074,98.78
2075,98.57
2076,98.97800000000001
2077,98.82
2078,98.56
2079,98.51
2080,98.9276
2081,98.88780000000001
2082,99.1848
2083,99.131
2084,99.33
2085,99.35999999999999
2086,99.88000000000001
2087,99.79999999999998
2088,99.93100000000001
2089,100.09
2090,100.13
2091,99.78000000000002
2092,99.83
2093,99.92
2094,99.86999999999999
2095,100.05999999999999
2096,100.08
2097,100.25
2098,103.25000000000001
2099,102.87
2100,102.95
2101,103.52000000000001
2102,103.01599999999999
2103,102.581
2104,102.90000000000002
2105,102.8
2106,101.93
2107,101.84
2108,101.74
2109,101.7283
2110,102.0324
2111,102.13999999999999
2112,102.4578
2113,102.59
2114,102.33990000000001
2115,102.57000000000001
2116,102.76
2117,102.7561
2118,102.63
2119,102.69500000000001
2120,102.72
2121,102.595
2122,102.79
2123,102.82999999999998
2124,101.78000000000002
2125,101.62999999999998
2126,102.7
2127,102.33
2128,101.86000000000001
2129,102.1
2130,102.47999999999999
2131,102.54
2132,102.47999999999999
2133,102.7399
2134,102.47000000000001
2135,102.5801
2136,102.57999999999998
2137,102.53
2138,102.596
2139,102.6
2140,102.59
2141,102.47000000000001
2142,102.69989999999999
2143,102.9977
2144,103.07
2145,103.45
2146,103.15000000000002
2147,103.24
2148,103.33999999999999
2149,103.29
2150,102.48999999999998
2151,102.965
2152,102.69500000000001
2153,102.96
2154,102.70250000000001
2155,102.87
2156,102.87
2157,102.90799999999997
2158,102.85
2159,102.69
2160,102.5517
2161,102.47999999999999
2162,102.5799
2163,102.54
2164,102.5993
2165,102.91999999999999
2166,102.87
2167,102.69
2168,102.25
2169,102.34500000000001
2170,102.24260000000001
2171,102.28
2172,102.39000000000001
2173,102.43
2174,102.621
2175,102.57999999999998
2176,100.76
2177,100.52
2178,101.13
2179,100.6099
2180,100.79
2181,100.7
2182,101.18
2183,101.03
2184,100.94
2185,100.988
2186,101.27000000000001
2187,101.24
2188,101.44000000000001
2189,101.76
2190,101.73
2191,101.734
2192,101.3
2193,101.47
2194,101.79299999999999
2195,101.78000000000002
2196,101.70999999999998
2197,101.82
2198,101.68000000000002
2199,101.74
2200,101.51400000000001
2201,101.5
2202,102.06
2203,101.3
2204,101.94
2205,101.41
2206,101.28
2207,101.4
2208,101.48
2209,101.42999999999999
2210,101.45
2211,101.4
2212,101.25999999999999
2213,101.16
2214,101.13
2215,101.12
2216,101.03
2217,101.03
2218,100.86
2219,100.89499999999998
2220,100.9939
2221,100.98
2222,100.83000000000001
2223,100.87
2224,100.93
2225,101.01
2226,101.21
2227,101.25
2228,99.99
2229,99.52999999999999
2230,98.88
2231,98.76999999999998
2232,98.915
2233,98.8114
2234,98.93999999999998
2235,98.91
2236,99.15
2237,99.22
2238,99.67
2239,99.59
2240,99.86999999999999
2241,99.79299999999999
2242,99.92399999999999
2243,99.68000000000002
2244,99.88000000000001
2245,99.86999999999999
2246,99.65
2247,99.69
2248,99.84
2249,99.83
2250,99.79999999999998
2251,99.82390000000001
2252,99.78999999999999
2253,99.55
2254,100.55
2255,100.5705
2256,100.82
2257,100.145
2258,100.3
2259,100.46
2260,100.23999999999998
2261,100.23999999999998
2262,100.3101
2263,100.05000000000001
2264,100.15
2265,100.30999999999999
2266,100.42
2267,100.29000000000002
2268,100.55
2269,100.59
2270,100.40999999999998
2271,100.55
2272,100.56000000000002
2273,100.90000000000002
2274,100.79
2275,100.79990000000001
2276,100.81
2277,100.89
2278,100.94
2279,100.74
2280,100.6
2281,100.681
2282,100.68500000000002
2283,101.0185
2284,101.056
2285,100.74999999999999
2286,100.53479999999999
2287,100.47999999999999
2288,100.565
2289,100.42
2290,100.30999999999999
2291,100.5626
2292,100.7
2293,100.61
2294,100.56000000000002
2295,100.64
2296,100.57999999999998
2297,100.29000000000002
2298,100.29000000000002
2299,100.44
2300,100.32000000000001
2301,100.19
2302,100.11
2303,100.05000000000001
2304,99.7701
2305,99.88000000000001
2306,99.09679999999999
2307,98.78
2308,98.24000000000001
2309,98.21
2310,98.19
2311,97.97810000000001
2312,97.98
2313,97.73
2314,97.92
2315,97.69399999999999
2316,98.1
2317,98.27
2318,98.38
2319,98.5415
2320,98.66000000000001
2321,98.402
2322,98.6299
2323,98.45
2324,98.25129999999999
2325,98.53
2326,98.57
2327,98.28
2328,98.22829999999999
2329,98.14000000000001
2330,98.055
2331,97.86
2332,97.705
2333,98.18
2334,97.7344
2335,97.5501
2336,97.54
2337,97.88
2338,98.1
2339,98.14000000000001
2340,98.05
2341,97.5
2342,97.42
2343,97.49
2344,97.36750000000002
2345,97.475
2346,97.4703
2347,97.54999999999998
2348,97.396
2349,97.26000000000002
2350,97.37999999999998
2351,97.25
2352,97.27
2353,97.20999999999998
2354,97.32
2355,97.16
2356,97.0401
2357,97.05
2358,94.79
2359,94.78
2360,94.2
2361,94.21
2362,94.10369999999999
2363,93.979
2364,94.13
2365,94.27
2366,94.24999999999999
2367,94.515
2368,94.09
2369,94.226
2370,94.2778
2371,94.24
2372,94.2299
2373,94.0575
2374,94.01799999999999
2375,93.86
2376,93.66
2377,93.6
2378,93.76989999999999
2379,93.61
2380,93.31
2381,93.62000000000002
2382,93.66
2383,93.73999999999998
2384,95.97000000000001
2385,96.89
2386,96.38
2387,96.69
2388,96.6993
2389,96.24999999999999
2390,96.21
2391,96.03
2392,95.96
2393,95.68
2394,95.88
2395,95.73999999999998
2396,95.72000000000001
2397,95.56999999999998
2398,95.36999999999999
2399,95.29
2400,95.0
2401,94.27
2402,94.51999999999998
2403,94.41
2404,94.60000000000001
2405,94.34
2406,94.14
2407,94.09
2408,93.79000000000002
2409,93.85
2410,95.42
2411,95.0
2412,94.46080000000002
2413,94.34999999999998
2414,94.26
2415,93.5
2416,93.61499999999998
2417,93.28999999999999
2418,93.79000000000002
2419,93.66
2420,93.7579
2421,94.1251
2422,93.755
2423,93.76
2424,93.67299999999997
2425,93.6445
2426,93.6228
2427,93.38000000000001
2428,93.46999999999998
2429,93.66
2430,93.655
2431,93.4401
2432,93.805
2433,93.92
2434,93.89000000000001
2435,94.1
2436,93.99000000000001
2437,94.2
2438,94.12010000000001
2439,93.76
2440,94.14999999999999
2441,94.24999999999999
2442,94.37
2443,94.14999999999999
2444,94.39
2445,94.72
2446,94.775
2447,94.9
2448,94.78
2449,94.675
2450,94.85000000000001
2451,94.92
2452,95.29999999999998
2453,95.16
2454,94.95
2455,94.63
2456,94.74
2457,94.77000000000001
2458,94.85000000000001
2459,94.88
2460,94.31
2461,94.32
2462,94.26
2463,94.44
2464,93.705
2465,93.75
2466,93.59
2467,93.8
2468,93.48
2469,93.76
2470,93.82000000000001
2471,93.66
2472,93.61399999999999
2473,94.16000000000001
2474,94.61110000000001
2475,94.43
2476,94.57
2477,94.66
2478,94.81
2479,94.45
2480,94.80389999999998
2481,94.66
2482,94.95
2483,95.0
2484,95.11000000000001
2485,95.28000000000002
2486,95.4
2487,95.46000000000001
2488,94.71700000000001
2489,94.73
2490,94.61
2491,94.47
2492,94.55
2493,94.79
2494,94.63
2495,94.73
2496,94.60000000000001
2497,94.41
2498,94.66
2499,94.58
2500,94.52
2501,94.5
2502,94.57
2503,94.6
2504,94.58
2505,94.54
2506,94.4799
2507,94.5
2508,94.6725
2509,94.52
2510,94.43
2511,94.43700000000001
2512,94.32
2513,94.38
2514,94.42
2515,95.41
2516,95.3581
2517,95.38
2518,95.37
2519,95.6917
2520,95.79899999999999
2521,95.52
2522,95.2
2523,95.2192
2524,95.1
2525,95.25
2526,95.16
2527,95.06
2528,94.75
2529,94.715
2530,94.73
2531,94.79
2532,94.56
2533,94.42
2534,94.35
2535,94.35
2536,94.17
2537,93.91
2538,93.89
2539,93.78
2540,92.835
2541,92.25
2542,92.135
2543,92.03
2544,91.74
2545,91.3
2546,91.445
2547,91.26
2548,91.2322
2549,91.18
2550,91.52
2551,91.62
2552,91.4399
2553,91.33
2554,91.0299
2555,90.985
2556,91.01
2557,91.11
2558,90.93
2559,90.9319
2560,91.01
2561,91.02
2562,91.16
2563,91.28
2564,91.11
2565,90.96
2566,91.42
2567,90.42
2568,90.765
2569,90.76
2570,91.04
2571,91.27
2572,91.64
2573,91.77
2574,91.46
2575,91.56
2576,91.21
2577,90.67
2578,90.71
2579,90.76
2580,90.44
2581,90.55
2582,90.7032
2583,90.935
2584,90.83
2585,90.64
2586,90.43
2587,90.29
2588,90.1299
2589,89.83
2590,90.06
2591,90.0
2592,88.6
2593,89.26899999999998
2594,89.8628
2595,90.42
2596,90.14
2597,90.72
2598,90.6161
2599,91.14
2600,90.83
2601,91.12
2602,91.13
2603,90.935
2604,90.96
2605,91.08
2606,91.08
2607,91.625
2608,91.3435
2609,91.58
2610,91.464
2611,91.325
2612,91.385
2613,91.45
2614,91.35
2615,91.0801
2616,91.42
2617,91.64
2618,89.89
2619,89.404
2620,89.4999
2621,89.4416
2622,89.85
2623,89.64
2624,89.41
2625,89.28
2626,89.21
2627,89.23899999999998
2628,89.06
2629,89.03
2630,88.86
2631,88.6497
2632,88.74
2633,88.7299
2634,88.775
2635,88.83
2636,88.685
2637,88.57
2638,88.41
2639,88.385
2640,88.35
2641,88.17
2642,88.45
2643,88.44
2644,86.18
2645,86.75
2646,86.51
2647,86.4
2648,86.61
2649,85.31
2650,85.8533
2651,86.14
2652,86.19
2653,85.8154
2654,85.57799999999997
2655,86.2
2656,86.1701
2657,86.1
2658,85.86
2659,86.15
2660,85.3797
2661,85.07
2662,85.31
2663,85.58
2664,85.39
2665,85.12
2666,85.3861
2667,84.91
2668,85.2719
2669,85.33
2670,87.36
2671,88.02
2672,88.48
2673,88.61
2674,88.165
2675,88.43
2676,88.08
2677,87.43
2678,87.78
2679,87.62
2680,87.99
2681,87.62
2682,87.67
2683,87.39
2684,87.51
2685,87.37
2686,87.5583
2687,87.31
2688,87.04
2689,87.17
2690,87.675
2691,87.86
2692,88.24
2693,88.03
2694,88.02
2695,87.98
2696,89.0612
2697,89.07
2698,89.5
2699,90.16
2700,90.24
2701,90.44
2702,90.5899
2703,91.5499
2704,91.2692
2705,91.845
2706,91.47
2707,91.53
2708,91.2797
2709,90.95
2710,91.02
2711,91.2
2712,91.34
2713,91.3
2714,91.32
2715,91.25
2716,91.49
2717,91.46
2718,91.41799999999999
2719,91.19
2720,91.01
2721,91.06
2722,90.38
2723,90.0499
2724,90.51
2725,90.04
2726,90.25
2727,90.97200000000001
2728,91.4
2729,91.60600000000001
2730,91.03
2731,90.92
2732,90.6778
2733,90.895
2734,91.235
2735,91.27
2736,91.05
2737,90.898
2738,91.06
2739,90.95
2740,91.2
2741,91.07
2742,91.1725
2743,91.37
2744,91.21
2745,91.4
2746,91.24
2747,91.49
2748,96.17
2749,96.182
2750,95.87
2751,96.16
2752,96.568
2753,96.795
2754,96.04
2755,96.31
2756,96.2952
2757,96.37
2758,96.39
2759,96.06
2760,96.19
2761,96.16
2762,96.08
2763,95.92
2764,96.04
2765,96.06
2766,96.06
2767,95.91
2768,95.8561
2769,96.2529
2770,96.29
2771,96.7522
2772,96.5
2773,96.69
2774,94.0224
2775,94.04
2776,94.0
2777,94.39
2778,94.41
2779,94.39
2780,94.42
2781,94.6665
2782,94.18
2783,94.054
2784,99.88
2785,99.353
2786,98.7
2787,97.18
2788,97.19
2789,98.02799999999999
2790,97.57
2791,98.1801
2792,98.1599
2793,97.74
2794,98.014
2795,97.6
2796,97.84
2797,97.78
2798,97.98
2799,97.91
2800,94.6
2801,95.0
2802,95.1
2803,94.4799
2804,94.665
2805,94.83
2806,95.4297
2807,94.71
2808,94.3949
2809,94.3848
2810,94.7638
2811,94.8396
2812,94.81
2813,94.6185
2814,94.68
2815,94.64
2816,94.55
2817,94.22
2818,94.0099
2819,93.57
2820,93.84
2821,93.87
2822,94.055
2823,94.05
2824,94.6
2825,94.6
2826,95.064
2827,94.42
2828,94.25
2829,94.1486
2830,94.31
2831,93.98
2832,93.8792
2833,93.648
2834,93.575
2835,93.5001
2836,93.788
2837,93.5139
2838,93.5698
2839,93.32
2840,93.56
2841,94.09
2842,94.21
2843,94.48
2844,94.49
2845,94.75
2846,94.58
2847,94.78
2848,95.2101
2849,95.13
2850,95.09100000000001
2851,95.11
2852,96.27
2853,96.03
2854,95.93
2855,95.87
2856,96.1
2857,96.14
2858,96.15
2859,96.58
2860,96.3501
2861,96.4
2862,96.47
2863,96.67
2864,96.7
2865,96.7201
2866,96.96
2867,96.94
2868,96.93
2869,96.89
2870,96.93
2871,97.07
2872,97.11
2873,97.39
2874,97.33
2875,96.98
2876,97.15
2877,97.07
2878,95.3
2879,95.73
2880,95.70700000000001
2881,96.0992
2882,96.4799
2883,96.65
2884,96.6456
2885,96.11
2886,96.21
2887,96.5301
2888,96.37
2889,96.395
2890,96.36
2891,95.93
2892,95.56
2893,95.4026
2894,95.21600000000001
2895,94.68
2896,94.44
2897,94.77
2898,94.6801
2899,94.631
2900,94.69
2901,94.5701
2902,94.63
2903,94.66
2904,94.4112
2905,94.8401
2906,95.38
2907,95.26
2908,95.64
2909,95.7001
2910,95.98
2911,96.3929
2912,96.67
2913,96.41
2914,96.18
2915,96.34
2916,96.265
2917,95.99
2918,96.21
2919,96.21
2920,96.18
2921,95.7
2922,95.68
2923,95.76
2924,95.84
2925,95.96
2926,95.89
2927,95.9351
2928,95.93
2929,95.97
2930,95.71799999999999
2931,96.3775
2932,96.36
2933,96.09
2934,95.66
2935,95.5626
2936,95.3
2937,95.009
2938,94.9399
2939,95.41
2940,95.55
2941,95.44
2942,95.75
2943,95.693
2944,96.04
2945,96.09
2946,96.3642
2947,96.3701
2948,96.34
2949,96.48
2950,96.57
2951,96.35
2952,96.43
2953,96.54
2954,96.64
2955,96.45
2956,97.34
2957,97.8725
2958,97.44
2959,97.3005
2960,97.6261
2961,97.64
2962,97.77
2963,97.59
2964,97.3399
2965,97.4308
2966,97.38
2967,97.42
2968,97.6614
2969,97.7584
2970,97.88
2971,97.85
2972,97.72
2973,97.67
2974,97.64
2975,97.735
2976,97.8066
2977,97.93
2978,98.0339
2979,98.21
2980,98.04
2981,98.03
2982,98.39
2983,98.089
2984,97.64
2985,97.69
2986,97.79
2987,97.74
2988,97.76
2989,97.96
2990,98.09
2991,98.12
2992,98.0156
2993,98.17
2994,97.9415
2995,97.93
2996,98.04
2997,98.17
2998,98.22
2999,98.25
3000,98.45
3001,98.46
3002,98.55
3003,98.49
3004,98.37
3005,98.19
3006,98.1562
3007,98.4
3008,97.62
3009,98.15
3010,98.5
3011,98.97
3012,99.16
3013,98.9875
3014,98.96
3015,99.17
3016,98.94
3017,98.78
3018,98.77
3019,98.88
3020,98.9
3021,98.9
3022,98.86
3023,99.09
3024,99.4317
3025,99.68
3026,99.27
3027,99.40899999999999
3028,99.54
3029,99.37
3030,98.8652
3031,98.9053
3032,98.71
3033,98.8037
3034,86.23
3035,84.89
3036,85.5401
3037,85.09
3038,84.867
3039,85.14
3040,85.3861
3041,84.9395
3042,84.935
3043,84.9699
3044,85.48
3045,85.19
3046,85.2001
3047,85.38
3048,85.439
3049,85.6601
3050,85.5198
3051,85.24
3052,85.3367
3053,85.506
3054,85.251
3055,85.22
3056,85.0375
3057,85.21
3058,85.215
3059,85.83
3060,86.35
3061,86.36
3062,87.12
3063,87.35
3064,87.6553
3065,87.4292
3066,87.83
3067,88.1299
3068,87.965
3069,88.2401
3070,87.81
3071,87.97
3072,87.7705
3073,87.839
3074,87.78
3075,87.82
3076,88.09
3077,88.2171
3078,88.285
3079,88.395
3080,88.19
3081,88.06
3082,87.81
3083,87.82
3084,87.9799
3085,87.92
3086,88.13
3087,87.2
3088,87.29
3089,86.69
3090,86.85
3091,86.87100000000002
3092,86.75
3093,86.75
3094,86.45
3095,86.4345
3096,86.53
3097,86.4602
3098,86.47
3099,86.2375
3100,86.084
3101,86.07
3102,85.85
3103,85.73
3104,85.73
3105,85.66
3106,85.57
3107,85.521
3108,85.34
3109,85.499
3110,85.6644
3111,85.99
3112,85.94
3113,85.42
3114,85.55
3115,85.56
3116,85.73
3117,86.1167
3118,86.28
3119,86.17
3120,86.41
3121,86.4118
3122,85.97
3123,85.87
3124,85.745
3125,85.86
3126,85.665
3127,85.64
3128,85.559
3129,85.52
3130,85.53
3131,85.3432
3132,85.83
3133,85.99
3134,86.04
3135,86.0675
3136,85.945
3137,85.89
3138,86.36
3139,86.4101
3140,86.6801
3141,86.82
3142,86.73
3143,87.34
3144,87.48
3145,87.72
3146,87.37
3147,87.25
3148,87.21
3149,86.9992
3150,86.8107
3151,86.98
3152,87.2125
3153,87.36
3154,87.72
3155,87.5601
3156,87.5701
3157,87.8
3158,87.83
3159,87.58
3160,87.61
3161,87.62
3162,87.5604
3163,87.67
3164,92.27
3165,92.36
3166,91.68
3167,91.74
3168,92.35
3169,91.7617
3170,92.2449
3171,92.02
3172,91.71
3173,91.65
3174,91.678
3175,91.6839
3176,91.705
3177,91.6001
3178,91.2
3179,91.26899999999999
3180,91.355
3181,91.36
3182,91.28
3183,91.3862
3184,91.305
3185,91.2299
3186,91.3301
3187,91.19
3188,91.25
3189,91.41
3190,90.32
3191,90.9301
3192,90.6847
3193,90.21
3194,90.27
3195,90.4101
3196,90.49
3197,90.77
3198,90.71
3199,90.62
3200,90.45
3201,90.756
3202,90.78
3203,90.84899999999999
3204,90.8684
3205,90.8613
3206,90.87799999999999
3207,91.0999
3208,91.25
3209,91.54
3210,91.6
3211,91.78
3212,91.8337
3213,92.02
3214,92.02
3215,92.05
3216,91.08
3217,91.38
3218,91.11
3219,91.3726
3220,91.584
3221,91.1332
3222,91.29
3223,91.46
3224,91.641
3225,91.69
3226,91.6
3227,91.3978
3228,91.5
3229,91.3961
3230,91.555
3231,91.5595
3232,91.46
3233,91.48
3234,91.635
3235,91.68
3236,91.66
3237,91.57
3238,91.58
3239,91.6
3240,91.78
3241,91.65
3242,91.42
3243,91.25
3244,90.8
3245,91.19
3246,91.07
3247,91.08
3248,91.37
3249,91.4
3250,91.4382
3251,91.43
3252,91.38
3253,91.25
3254,91.07
3255,91.09
3256,91.1668
3257,91.17
3258,91.2201
3259,91.18
3260,91.15
3261,90.90100000000001
3262,90.9107
3263,91.08
3264,90.97
3265,91.14
3266,91.26
3267,91.23
3268,91.12
3269,91.3
3270,91.50299999999999
3271,91.7178
3272,91.815
3273,92.345
3274,92.676
3275,92.62
3276,92.899
3277,93.22
3278,93.06
3279,93.024
3280,93.3674
3281,93.27
3282,93.32
3283,93.415
3284,93.71
3285,93.95
3286,94.6386
3287,94.27
3288,94.31
3289,94.48
3290,94.36
3291,94.165
3292,94.3701
3293,94.42
3294,93.54
3295,93.69
3296,93.21
3297,92.84
3298,92.84
3299,92.2
3300,92.56
3301,93.565
3302,93.21
3303,92.979
3304,93.2248
3305,93.06
3306,93.1
3307,92.915
3308,92.77
3309,93.0605
3310,93.04
3311,93.27
3312,93.664
3313,93.61
3314,93.7183
3315,93.75
3316,93.65
3317,93.73
3318,93.87
3319,93.57
3320,94.27
3321,93.86
3322,93.76
3323,93.3983
3324,92.92
3325,92.85600000000001
3326,93.03
3327,92.8
3328,92.72
3329,92.99
3330,93.17
3331,93.03
3332,93.31
3333,93.24
3334,93.48
3335,93.39
3336,93.2
3337,93.21
3338,93.08
3339,92.9
3340,93.0201
3341,93.1099
3342,93.12799999999999
3343,93.16
3344,93.09
3345,93.08
3346,92.74
3347,92.1505
3348,92.02
3349,92.1305
3350,92.525
3351,92.62
3352,92.47
3353,92.5899
3354,92.81
3355,93.39
3356,93.3509
3357,93.375
3358,93.16
3359,93.25
3360,93.2
3361,93.34
3362,93.5
3363,93.55
3364,93.571
3365,93.35
3366,93.4164
3367,93.52
3368,93.36
3369,93.42
3370,93.455
3371,93.43
3372,94.209
3373,94.1
3374,95.35
3375,96.285
3376,97.088
3377,96.99
3378,97.47
3379,97.6
3380,97.42
3381,97.25
3382,97.22
3383,97.57
3384,97.67
3385,97.26
3386,97.27
3387,97.34
3388,97.0
3389,97.28
3390,97.1879
3391,97.19
3392,96.78
3393,96.53
3394,96.67
3395,96.655
3396,96.885
3397,97.04
3398,95.19
3399,94.5401
3400,94.59
3401,94.4
3402,94.17
3403,94.19
3404,94.225
3405,94.46
3406,94.57
3407,94.36
3408,94.39
3409,94.5099
3410,94.63
3411,94.97399999999999
3412,94.78
3413,95.21
3414,95.08
3415,95.19
3416,95.07
3417,94.96
3418,95.07
3419,95.16
3420,95.09
3421,95.11
3422,94.99
3423,95.1
3424,94.68
3425,94.402
3426,93.8
3427,94.34
3428,94.12
3429,94.169
3430,94.7
3431,94.38
3432,94.485
3433,94.6126
3434,94.42
3435,94.345
3436,94.1
3437,94.0
3438,94.36
3439,94.27
3440,94.025
3441,94.137
3442,94.14
3443,94.005
3444,94.015
3445,94.07
3446,94.04700000000001
3447,94.02
3448,93.94
3449,93.99
3450,94.24
3451,93.9068
3452,93.947
3453,93.68
3454,93.8
3455,93.595
3456,93.19
3457,93.26
3458,93.1
3459,93.13
3460,92.97
3461,93.055
3462,93.0
3463,93.32
3464,93.3441
3465,93.29
3466,93.61
3467,93.63
3468,93.66
3469,93.594
3470,93.65
3471,93.92
3472,93.99
3473,94.1015
3474,93.87
3475,93.93
3476,95.825
3477,95.55
3478,95.4401
3479,95.83
3480,95.8399
3481,95.833
3482,95.68
3483,95.87
3484,95.9901
3485,95.9765
3486,95.87700000000001
3487,95.6685
3488,95.53
3489,95.85
3490,95.8408
3491,96.06
3492,95.96
3493,96.1601
3494,96.24
3495,96.06
3496,95.97
3497,95.805
3498,95.86
3499,95.92
3500,96.075
3501,95.89
3502,96.04
3503,96.6283
3504,96.56
3505,96.43
3506,96.27000000000001
3507,96.16000000000001
3508,96.17999999999999
3509,96.125
3510,95.86900000000001
3511,95.87019999999998
3512,95.9199
3513,95.96
3514,95.98000000000002
3515,96.04
3516,96.066
3517,96.11
3518,96.13
3519,96.20000000000002
3520,96.41
3521,96.46999999999998
3522,96.46
3523,96.53000000000002
3524,96.46500000000002
3525,96.5145
3526,96.74
3527,96.59
3528,96.45
3529,95.9979
3530,96.04700000000001
3531,96.12
3532,95.955
3533,95.85
3534,95.77
3535,95.71
3536,95.64
3537,95.43280000000001
3538,95.56500000000001
3539,95.6337
3540,95.56
3541,95.32
3542,95.3939
3543,95.75
3544,95.80999999999999
3545,95.75
3546,95.67
3547,95.55
3548,95.62
3549,95.56
3550,95.28000000000002
3551,95.38
3552,95.42
3553,95.31
3554,94.75000000000001
3555,94.4402
3556,94.9429
3557,94.68
3558,94.83799999999998
3559,94.59
3560,94.61999999999999
3561,94.59
3562,94.56
3563,94.61999999999999
3564,94.7895
3565,94.89
3566,94.91099999999999
3567,95.2
3568,95.221
3569,95.15
3570,95.15
3571,95.16
3572,95.10499999999999
3573,95.185
3574,95.365
3575,95.45
3576,95.39000000000001
3577,95.39000000000001
3578,95.37990000000002
3579,95.11
3580,96.28999999999999
3581,96.415
3582,96.17999999999999
3583,96.05000000000001
3584,96.16000000000001
3585,95.96
3586,95.88
3587,95.53
3588,95.52
3589,95.83000000000001
3590,95.80999999999999
3591,95.815
3592,96.32
3593,96.34
3594,96.45
3595,96.41
3596,96.45
3597,96.46
3598,96.635
3599,96.43
3600,96.23
3601,96.28999999999999
3602,96.24
3603,96.39
3604,96.45
3605,96.39
3606,95.72000000000001
3607,95.94000000000001
3608,96.1274
3609,96.06780000000002
3610,96.20000000000002
3611,96.75499999999998
3612,96.6209
3613,97.01600000000002
3614,97.07
3615,97.05999999999999
3616,97.1
3617,96.83999999999999
3618,96.65
3619,96.37
3620,96.37
3621,96.55
3622,96.59
3623,96.655
3624,96.505
3625,96.6899
3626,96.60000000000001
3627,96.44500000000001
3628,96.41
3629,96.42000000000002
3630,96.20000000000002
3631,96.15
3632,96.42000000000002
3633,96.57
3634,96.41
3635,96.61999999999999
3636,96.55
3637,96.46999999999998
3638,96.52
3639,96.45
3640,96.17999999999999
3641,96.24999999999999
3642,96.0209
3643,96.06
3644,95.8399
3645,95.61000000000001
3646,95.61000000000001
3647,95.6776
3648,95.87000000000002
3649,95.89
3650,95.93
3651,96.1
3652,96.11
3653,96.33
3654,96.26
3655,96.3
3656,96.05000000000001
3657,95.87000000000002
3658,95.75
3659,96.0832
3660,95.55
3661,95.7699
3662,95.49
3663,95.5081
3664,95.53399999999999
3665,95.0561
3666,95.15
3667,95.22
3668,95.1682
3669,95.31
3670,95.25
3671,95.151
3672,95.21
3673,95.1312
3674,95.09
3675,95.145
3676,95.16999999999999
3677,95.0
3678,95.2468
3679,95.2
3680,95.20100000000001
3681,95.31
3682,95.28000000000002
3683,95.25
3684,96.15050000000001
3685,96.50999999999999
3686,96.3301
3687,96.19
3688,96.16000000000001
3689,96.28
3690,95.94000000000001
3691,96.02399999999999
3692,95.98000000000002
3693,96.1158
3694,96.12
3695,96.02999999999999
3696,96.17999999999999
3697,96.13999999999999
3698,96.28999999999999
3699,96.3242
3700,96.28
3701,96.32
3702,96.34
3703,96.49000000000001
3704,96.35
3705,96.3
3706,96.23
3707,96.165
3708,95.98499999999999
3709,95.94000000000001
3710,95.75
3711,95.56
3712,95.49
3713,95.2586
3714,95.49500000000002
3715,95.47
3716,95.37
3717,95.52
3718,95.515
3719,95.49239999999999
3720,95.595
3721,95.61000000000001
3722,95.806
3723,95.8
3724,95.91
3725,95.83000000000001
3726,95.95
3727,95.9
3728,95.56
3729,95.45
3730,95.54000000000002
3731,95.635
3732,95.41
3733,95.21
3734,95.01
3735,95.18
3736,97.19000000000001
3737,97.01000000000002
3738,97.07
3739,97.25
3740,97.25
3741,97.45
3742,97.8452
3743,98.13
3744,98.171
3745,97.8963
3746,97.7931
3747,97.92
3748,97.78
3749,97.8
3750,97.45
3751,97.90700000000001
3752,97.7
3753,97.64399999999999
3754,97.52000000000001
3755,97.45
3756,97.67500000000001
3757,97.38
3758,97.32
3759,97.38
3760,97.33
3761,97.33
3762,96.76
3763,96.96
3764,97.31
3765,97.64
3766,97.5434
3767,97.4941
3768,97.2108
3769,97.439
3770,97.23999999999998
3771,97.12100000000001
3772,96.80990000000001
3773,97.1324
3774,97.30000000000001
3775,97.41000000000001
3776,97.479
3777,97.21
3778,97.29
3779,97.0216
3780,97.07650000000001
3781,96.89040000000001
3782,97.0399
3783,97.12
3784,97.2
3785,97.38999999999999
3786,97.55199999999999
3787,97.58
3788,96.86000000000001
3789,96.89
3790,96.61
3791,97.156
3792,97.95
3793,97.84
3794,98.0
3795,98.08
3796,98.3622
3797,98.23
3798,98.274
3799,98.0099
3800,97.93999999999998
3801,97.92
3802,97.9
3803,97.81989999999999
3804,97.76000000000002
3805,97.6
3806,97.6
3807,97.4073
3808,97.76000000000002
3809,97.6565
3810,97.56
3811,97.43499999999999
3812,97.33
3813,97.30000000000001
3814,97.8074
3815,97.9
3816,98.395
3817,98.26
3818,97.81
3819,97.5446
3820,97.6181
3821,97.44009999999999
3822,97.2751
3823,97.23200000000001
3824,97.4301
3825,97.53
3826,97.41000000000001
3827,97.37100000000001
3828,97.26
3829,97.36
3830,97.3604
3831,97.45500000000001
3832,97.45
3833,97.33
3834,97.3601
3835,97.34999999999998
3836,97.31
3837,97.3201
3838,97.37
3839,97.45500000000001
3840,97.16
3841,97.27999999999999
3842,97.05
3843,97.2
3844,96.93
3845,96.87
3846,96.9518
3847,97.30000000000001
3848,97.42999999999999
3849,97.6
3850,97.63000000000001
3851,97.44
3852,97.41000000000001
3853,97.69
3854,97.7
3855,97.82999999999998
3856,97.82999999999998
3857,97.60999999999999
3858,97.73
3859,97.68990000000001
3860,97.49
3861,97.29
3862,97.54000000000002
3863,97.48
3864,97.54000000000002
3865,97.44
3866,97.58
3867,97.84
3868,97.7
3869,97.16999999999999
3870,97.12
3871,97.11
3872,97.04
3873,97.29
3874,97.19000000000001
3875,97.26
3876,97.33
3877,97.49
3878,97.54000000000002
3879,97.55
3880,97.60999999999999
3881,97.53
3882,97.55
3883,97.3736
3884,97.37889999999999
3885,97.34999999999998
3886,97.38999999999999
3887,97.59
3888,97.395
3889,97.35260000000001
3890,97.44
3891,97.38
3892,97.85
3893,97.96
3894,98.04
3895,98.13
3896,97.93
3897,97.82
3898,97.53
3899,97.58
3900,97.8047
3901,97.69
3902,97.63000000000001
3903,97.44
3904,97.5201
3905,97.52000000000001
3906,97.45999999999998
3907,97.34
3908,97.11
3909,97.09
3910,97.18
3911,97.14
3912,97.27
3913,97.20519999999999
3914,97.16
3915,97.25
3916,97.335
3917,97.37
3918,99.8
3919,99.22200000000001
3920,99.16999999999999
3921,98.99
3922,99.1902
3923,99.12000000000002
3924,99.49
3925,99.53999999999999
3926,99.2
3927,99.55
3928,99.56999999999998
3929,99.45000000000002
3930,99.71999999999998
3931,99.77739999999999
3932,99.8501
3933,99.9
3934,99.8
3935,99.88989999999998
3936,99.9
3937,100.1798
3938,100.06
3939,100.15
3940,100.1
3941,100.21
3942,100.29
3943,100.11
3944,99.52000000000001
3945,99.2628
3946,98.99
3947,99.2323
3948,99.12999999999998
3949,98.88
3950,98.98
3951,98.882
3952,98.88
3953,98.87
3954,98.68000000000002
3955,98.56
3956,98.53879999999998
3957,98.72999999999999
3958,98.775
3959,98.82000000000001
3960,98.87
3961,98.7201
3962,98.83999999999999
3963,98.851
3964,98.71000000000001
3965,98.7457
3966,98.67
3967,98.90000000000002
3968,99.12999999999998
3969,99.16999999999999
3970,99.66
3971,99.05
3972,98.94
3973,99.38719999999999
3974,99.6399
3975,99.9
3976,99.92
3977,99.73
3978,99.58
3979,99.64999999999999
3980,99.58
3981,99.55
3982,99.63000000000001
3983,99.64999999999999
3984,99.63000000000001
3985,99.7
3986,99.59989999999999
3987,99.74000000000001
3988,99.82980000000002
3989,99.898
3990,99.87499999999999
3991,99.89000000000001
3992,99.7975
3993,99.7
3994,99.64
3995,99.67000000000002
3996,99.15
3997,98.94
3998,98.77
3999,98.88
4000,98.64
4001,98.4
4002,98.15
4003,98.22
4004,97.83
4005,97.61
4006,97.53
4007,97.6916
4008,97.7
4009,97.4301
4010,97.3448
4011,97.04
4012,96.79
4013,97.12
4014,96.93
4015,97.3899
4016,97.35
4017,97.17
4018,97.04
4019,97.27
4020,96.77
4021,96.5
4022,97.38
4023,97.56
4024,97.78
4025,98.1
4026,98.025
4027,97.9
4028,97.58
4029,97.96
4030,98.19
4031,98.0
4032,97.92
4033,97.84
4034,97.85
4035,98.22
4036,98.43
4037,98.2095
4038,98.355
4039,98.66
4040,98.87
4041,98.67
4042,98.9601
4043,98.8
4044,99.03
4045,99.08
4046,99.22
4047,99.06
4048,97.07
4049,96.65
4050,96.66
4051,96.64
4052,96.61
4053,95.84
4054,95.68
4055,95.5885
4056,95.63
4057,95.5
4058,95.92
4059,96.0767
4060,96.39
4061,95.81
4062,95.75
4063,96.21
4064,96.04
4065,95.84
4066,95.76
4067,95.69
4068,95.991
4069,95.69
4070,95.6
4071,96.11
4072,95.881
4073,96.18
4074,97.929
4075,97.954
4076,98.04
4077,98.01
4078,97.53
4079,97.3
4080,97.645
4081,97.8
4082,97.8277
4083,97.77
4084,98.0
4085,97.98
4086,97.89
4087,97.84
4088,98.14
4089,97.98
4090,98.0131
4091,97.5786
4092,97.57
4093,97.81
4094,97.89
4095,97.88
4096,97.33
4097,97.06
4098,97.29700000000001
4099,97.02
4100,97.11
4101,97.02
4102,97.32
4103,97.25
4104,97.0
4105,97.41799999999999
4106,97.58
4107,97.7488
4108,97.73
4109,97.58
4110,97.61
4111,97.66
4112,97.28
4113,97.12
4114,97.19
4115,97.19
4116,97.41
4117,97.39
4118,97.4
4119,97.2988
4120,97.26
4121,97.4
4122,97.28
4123,97.2701
4124,97.38
4125,97.34
4126,97.38
4127,97.64
4128,97.54
4129,97.68
4130,98.1314
4131,98.0425
4132,98.43
4133,98.7852
4134,98.88
4135,98.78
4136,98.68
4137,98.73
4138,98.82
4139,98.84
4140,98.86
4141,98.82
4142,98.495
4143,98.63
4144,98.63
4145,98.67
4146,98.92
4147,98.83
4148,99.01
4149,98.97
4150,99.245
4151,99.47
4152,98.3275
4153,98.6451
4154,98.1501
4155,98.19
4156,98.42
4157,98.1666
4158,98.29
4159,98.40100000000001
4160,98.73
4161,99.1928
4162,99.125
4163,98.94
4164,98.7
4165,98.77
4166,98.84
4167,98.83
4168,98.5446
4169,98.77
4170,98.99
4171,98.81
4172,98.77
4173,98.76
4174,98.43
4175,98.22
4176,98.25
4177,98.07
4178,98.32
4179,98.62
4180,98.95
4181,98.84
4182,98.7325
4183,98.6
4184,98.59
4185,98.46
4186,98.36
4187,98.28
4188,98.24
4189,98.46
4190,98.37
4191,98.27
4192,98.22
4193,98.27
4194,98.305
4195,98.29
4196,98.38
4197,98.41
4198,98.48
4199,98.5699
4200,98.5399
4201,98.445
4202,98.39
4203,98.25
4204,94.96
4205,94.5687
4206,94.58
4207,94.43
4208,94.22
4209,94.09
4210,93.98
4211,93.78
4212,93.85
4213,93.455
4214,93.37
4215,93.53
4216,94.09
4217,94.289
4218,94.395
4219,94.4
4220,94.3591
4221,94.57
4222,94.275
4223,94.02
4224,94.44
4225,94.63
4226,94.74
4227,94.87
4228,94.9472
4229,94.9
4230,94.9
4231,95.025
4232,94.3899
4233,94.93
4234,94.73
4235,94.72
4236,94.59
4237,94.4693
4238,94.5704
4239,94.91
4240,95.14
4241,95.28
4242,95.49
4243,95.64
4244,95.86
4245,95.59
4246,95.44
4247,95.37
4248,95.19
4249,95.21
4250,95.4372
4251,95.51
4252,95.685
4253,95.77
4254,95.8
4255,95.835
4256,96.22
4257,96.281
4258,96.28
4259,96.3556
4260,96.398
4261,96.64
4262,96.63799999999999
4263,96.5724
4264,96.8
4265,96.85
4266,96.82
4267,96.51
4268,96.4264
4269,96.29
4270,96.19
4271,96.45
4272,96.47
4273,96.221
4274,96.18
4275,96.13
4276,96.0601
4277,95.91
4278,95.92
4279,95.87
4280,95.83
4281,95.94
4282,94.499
4283,94.45
4284,94.67
4285,94.67
4286,94.57
4287,94.3201
4288,94.29
4289,94.46
4290,94.36
4291,94.27
4292,94.38
4293,94.35
4294,94.27
4295,94.2479
4296,94.18
4297,94.09100000000001
4298,94.125
4299,94.115
4300,94.25
4301,94.395
4302,94.42
4303,94.64
4304,94.845
4305,94.76
4306,94.5
4307,94.55
4308,96.48
4309,96.85
4310,96.78
4311,96.85
4312,96.93
4313,97.08
4314,97.4633
4315,97.49
4316,97.3901
4317,97.24
4318,97.1121
4319,97.27
4320,97.22
4321,97.03
4322,96.8
4323,97.03
4324,97.38
4325,97.39
4326,97.41
4327,97.18
4328,97.16
4329,97.02
4330,97.05
4331,97.06
4332,97.1886
4333,97.07
4334,96.8684
4335,96.54
4336,96.49
4337,96.74
4338,96.54
4339,96.3952
4340,96.4
4341,96.3
4342,96.13
4343,96.21
4344,96.24
4345,96.19
4346,96.06
4347,96.13
4348,96.27
4349,96.74
4350,96.9
4351,96.72
4352,97.16
4353,97.25
4354,97.2048
4355,97.25
4356,97.34
4357,97.36
4358,97.3988
4359,97.47
4360,97.88
4361,97.68
4362,97.33
4363,97.6
4364,97.3061
4365,97.44
4366,97.51
4367,97.35
4368,97.41
4369,97.46
4370,97.47
4371,97.51
4372,97.32
4373,96.95
4374,96.95
4375,97.13
4376,96.984
4377,96.9
4378,96.94
4379,97.07
4380,96.7
4381,96.75
4382,96.87
4383,96.8579
4384,96.83
4385,96.65
4386,96.94
4387,97.05
4388,97.24
4389,97.07
4390,97.21
4391,97.62
4392,97.72
4393,97.9025
4394,99.07
4395,98.84
4396,99.0
4397,99.4
4398,99.14
4399,98.74
4400,98.8002
4401,98.9
4402,99.12
4403,99.23
4404,99.1814
4405,99.15
4406,99.3432
4407,99.2115
4408,98.965
4409,98.931
4410,98.865
4411,98.56
4412,100.8999
4413,101.54899999999999
4414,101.6
4415,102.03
4416,102.5255
4417,102.61
4418,103.16
4419,102.9392
4420,102.73
4421,102.5678
4422,102.961
4423,102.83
4424,102.77
4425,102.81
4426,102.79
4427,102.8121
4428,102.7
4429,102.6
4430,103.08
4431,103.01
4432,102.9
4433,102.83
4434,102.79
4435,102.59
4436,102.76
4437,102.61
4438,103.3
4439,104.03
4440,103.3611
4441,103.185
4442,103.08
4443,102.5
4444,102.16
4445,102.285
4446,102.67
4447,102.44
4448,102.15
4449,102.41
4450,102.65
4451,102.78
4452,102.6406
4453,102.5189
4454,102.329
4455,102.3301
4456,102.4
4457,102.1765
4458,102.1355
4459,101.93
4460,102.09
4461,102.24
4462,102.34
4463,102.34
4464,104.5
4465,104.36
4466,104.58
4467,105.375
4468,105.94
4469,105.8316
4470,105.95
4471,105.77
4472,105.65
4473,105.7
4474,105.63
4475,105.71
4476,105.66
4477,105.6137
4478,105.6077
4479,105.72
4480,106.21
4481,106.31
4482,106.33
4483,106.1114
4484,106.41
4485,106.55
4486,106.75
4487,106.42
4488,106.3549
4489,106.27
4490,105.363
4491,104.85
4492,104.7
4493,104.2596
4494,104.0292
4495,104.45
4496,104.08
4497,104.23
4498,104.65
4499,104.9111
4500,104.68
4501,104.88
4502,104.91
4503,104.9637
4504,105.2319
4505,105.38
4506,105.16
4507,105.21
4508,105.26799999999999
4509,105.255
4510,105.25
4511,105.14
4512,105.21
4513,105.24
4514,105.34
4515,105.07
4516,104.1
4517,105.12
4518,105.38
4519,105.86
4520,106.38
4521,105.86
4522,105.94
4523,105.63
4524,105.118
4525,105.19
4526,105.36
4527,105.05
4528,105.0499
4529,104.87
4530,105.04
4531,105.2223
4532,105.19
4533,105.13
4534,104.97
4535,104.8
4536,104.74
4537,104.9
4538,105.0199
4539,105.1
4540,104.7599
4541,104.82
4542,103.45
4543,103.455
4544,103.9551
4545,104.11
4546,103.815
4547,103.93
4548,103.945
4549,103.90899999999999
4550,103.84
4551,104.28
4552,104.305
4553,104.3518
4554,104.4
4555,104.16
4556,104.26
4557,104.24
4558,104.24
4559,104.17
4560,104.15
4561,104.16
4562,103.92
4563,103.82
4564,103.6688
4565,103.46
4566,103.42
4567,103.34
4568,102.09
4569,101.8
4570,101.315
4571,101.17
4572,101.775
4573,101.28
4574,101.8524
4575,101.55
4576,101.67
4577,101.4101
4578,101.3985
4579,101.5672
4580,101.5149
4581,101.12
4582,100.85
4583,100.87
4584,100.8622
4585,100.56
4586,100.2716
4587,100.1601
4588,100.44
4589,100.33
4590,100.49
4591,100.6
4592,100.51
4593,100.58
4594,101.31
4595,102.17
4596,101.61
4597,101.72
4598,101.65
4599,101.32
4600,101.29
4601,101.02
4602,101.05
4603,101.13
4604,100.84
4605,100.92
4606,100.7601
4607,100.4722
4608,100.62
4609,100.63
4610,100.62
4611,100.32
4612,100.17
4613,100.1
4614,100.13
4615,100.0
4616,99.963
4617,99.4884
4618,99.585
4619,99.5
4620,98.83
4621,98.21
4622,97.95
4623,98.1
4624,98.645
4625,98.75
4626,98.94200000000001
4627,99.87
4628,99.7458
4629,99.65
4630,99.0
4631,99.0744
4632,99.2974
4633,99.48
4634,99.34
4635,99.73
4636,99.71
4637,100.05
4638,99.95
4639,100.12
4640,100.0722
4641,100.22
4642,100.4525
4643,100.3048
4644,100.21
4645,100.2497
4646,101.85
4647,101.35
4648,101.09
4649,100.41
4650,100.7824
4651,100.635
4652,100.545
4653,100.51
4654,100.7686
4655,100.82
4656,100.54
4657,100.67
4658,101.09
4659,100.97
4660,101.24
4661,101.24
4662,101.17
4663,101.22
4664,101.01
4665,101.24
4666,101.15
4667,101.3459
4668,101.49
4669,101.4161
4670,101.68
4671,101.46
4672,99.3223
4673,98.7
4674,98.84
4675,98.9
4676,99.33
4677,98.905
4678,98.94
4679,99.06
4680,98.95
4681,99.0
4682,99.22
4683,99.51
4684,99.59
4685,99.9168
4686,100.18
4687,99.84
4688,99.99
4689,99.935
4690,100.48
4691,100.64
4692,100.2
4693,100.03
4694,100.1439
4695,100.06
4696,99.73
4697,99.82
4698,118.33
4699,119.14
4700,117.84
4701,117.84
4702,118.42
4703,118.736
4704,119.035
4705,118.73
4706,119.09
4707,118.8637
4708,118.83
4709,119.23
4710,119.58
4711,119.43
4712,119.4
4713,119.1315
4714,119.2886
4715,119.77
4716,119.6
4717,119.435
4718,119.285
4719,119.25
4720,118.72
4721,118.6
4722,118.87
4723,118.79
4724,119.11
4725,120.05
4726,120.89
4727,121.1
4728,121.84
4729,121.3632
4730,121.5
4731,121.75
4732,121.75
4733,121.04
4734,121.13
4735,121.1023
4736,121.13
4737,121.3678
4738,121.2303
4739,121.69
4740,121.705
4741,121.86
4742,122.13
4743,122.09
4744,121.61
4745,121.5173
4746,122.22
4747,122.02
4748,122.1
4749,121.92
4750,122.07
4751,121.755
4752,121.2046
4753,121.79
4754,122.11
4755,122.55
4756,122.65
4757,122.59
4758,122.33
4759,122.24
4760,122.71
4761,122.57
4762,123.07
4763,123.0997
4764,123.33
4765,123.27
4766,123.46
4767,123.1872
4768,123.12
4769,123.1
4770,123.179
4771,123.145
4772,123.285
4773,123.12
4774,123.3724
4775,123.45
4776,123.185
4777,123.09
4778,122.91
4779,122.82
4780,122.9
4781,123.1
4782,123.03
4783,124.00000000000001
4784,124.23320000000001
4785,124.47000000000001
4786,125.37500000000001
4787,125.77
4788,126.03150000000001
4789,126.08000000000001
4790,125.81000000000002
4791,126.03999999999999
4792,126.64
4793,126.91
4794,126.71440000000001
4795,127.1
4796,127.54100000000001
4797,127.22999999999999
4798,127.4754
4799,127.39999999999999
4800,127.39999999999999
4801,127.48999999999998
4802,126.973
4803,128.83
4804,127.86000000000001
4805,126.95000000000002
4806,126.95990000000002
4807,126.97000000000001
4808,127.57
4809,127.92060000000001
4810,127.86999999999999
4811,128.28
4812,128.51
4813,128.691
4814,128.5274
4815,128.175
4816,128.3801
4817,128.79
4818,128.685
4819,128.905
4820,128.7
4821,128.2999
4822,128.08
4823,127.91000000000001
4824,128.0
4825,127.54
4826,127.24000000000001
4827,127.31
4828,126.3129
4829,126.54
4830,126.71
4831,126.64
4832,126.12009999999998
4833,126.61
4834,126.91
4835,126.875
4836,127.1684
4837,127.03
4838,126.87
4839,126.75999999999999
4840,126.711
4841,127.08
4842,127.04999999999998
4843,127.1
4844,127.64999999999999
4845,127.7401
4846,127.6475
4847,127.48999999999998
4848,127.34
4849,127.16
4850,126.971
4851,126.96
4852,126.43000000000002
4853,126.50000000000001
4854,128.48
4855,127.62000000000002
4856,127.83
4857,127.33
4858,127.54
4859,128.05
4860,128.06
4861,128.075
4862,127.86000000000001
4863,127.68999999999998
4864,127.8
4865,127.86000000000001
4866,127.38
4867,127.22619999999999
4868,126.83
4869,126.88
4870,126.59
4871,126.91700000000002
4872,127.34
4873,127.3825
4874,127.78
4875,127.6995
4876,127.31489999999998
4877,127.0902
4878,127.01
4879,126.97000000000001
4880,126.941
4881,127.0589
4882,126.73500000000001
4883,126.945
4884,126.48000000000002
4885,126.61
4886,126.67
4887,126.26299999999999
4888,126.23279999999998
4889,126.76799999999999
4890,126.84999999999998
4891,126.99999999999999
4892,126.79110000000001
4893,127.17000000000002
4894,126.87
4895,126.77000000000001
4896,127.03
4897,127.24999999999999
4898,127.35500000000002
4899,127.115
4900,126.96
4901,126.865
4902,126.42
4903,126.37
4904,126.39
4905,126.47
4906,126.69
4907,127.11
4908,126.8849
4909,127.40810000000002
4910,127.70499999999998
4911,127.88000000000001
4912,128.05
4913,128.02
4914,128.4
4915,128.31
4916,128.22
4917,127.88000000000001
4918,127.77
4919,127.75
4920,127.22500000000001
4921,126.93909999999998
4922,126.86
4923,126.55000000000001
4924,126.79
4925,127.04
4926,126.78100000000002
4927,126.99000000000001
4928,126.66
4929,126.8501
4930,126.89
4931,126.57000000000001
4932,126.59999999999998
4933,125.87220000000002
4934,125.85000000000001
4935,125.4446
4936,124.7291
4937,124.78
4938,125.34000000000002
4939,125.54000000000002
4940,125.51
4941,125.48
4942,125.48
4943,125.35250000000002
4944,125.11
4945,125.065
4946,125.3
4947,125.3
4948,125.14999999999999
4949,125.05
4950,125.1
4951,124.96000000000001
4952,125.03
4953,124.90500000000002
4954,124.91
4955,124.98
4956,124.92500000000001
4957,124.88
4958,125.09
4959,125.36000000000001
4960,125.19000000000001
4961,124.86649999999999
4962,124.8224
4963,125.38
4964,125.03
4965,124.85
4966,125.07
4967,124.94000000000001
4968,124.67000000000002
4969,124.42
4970,124.54999999999998
4971,124.34
4972,124.34
4973,123.87
4974,123.245
4975,123.05
4976,122.36
4977,123.13
4978,122.7297
4979,122.75
4980,122.6141
4981,122.865
4982,122.92
4983,123.34
4984,123.57
4985,123.03
4986,123.32
4987,123.09
4988,123.09
4989,123.141
4990,123.85160000000002
4991,123.83000000000001
4992,123.5
4993,123.7474
4994,123.31
4995,123.35
4996,123.38
4997,123.485
4998,123.06
4999,122.9827
5000,122.90000000000002
5001,122.9393
5002,122.53419999999998
5003,122.58100000000002
5004,122.58999999999999
5005,122.22
5006,122.29
5007,122.59999999999998
5008,122.35999999999999
5009,122.41
5010,122.71999999999998
5011,122.69009999999999
5012,123.23
5013,123.29000000000002
5014,123.6497
5015,123.36
5016,123.13
5017,123.34000000000002
5018,123.44989999999999
5019,123.235
5020,122.85
5021,122.65
5022,122.37
5023,122.5
5024,122.4765
5025,122.7439
5026,122.42999999999999
5027,122.46
5028,122.74
5029,123.0482
5030,122.74
5031,122.715
5032,122.6028
5033,122.43999999999998
5034,121.98
5035,122.12999999999998
5036,123.07000000000001
5037,122.14
5038,122.33500000000001
5039,122.79999999999998
5040,123.08
5041,123.06000000000002
5042,123.06000000000002
5043,122.98000000000002
5044,122.84
5045,122.94999999999999
5046,122.97
5047,123.27899999999998
5048,123.30999999999999
5049,123.17
5050,123.1
5051,123.05
5052,123.17
5053,122.98000000000002
5054,122.86
5055,122.58499999999998
5056,122.52600000000001
5057,122.32500000000002
5058,122.24000000000001
5059,122.24000000000001
5060,122.1101
5061,122.05
5062,124.92999999999999
5063,124.6
5064,124.335
5065,124.805
5066,124.3711
5067,124.40000000000002
5068,124.43
5069,124.49999999999999
5070,124.36
5071,124.26
5072,123.89999999999999
5073,123.7797
5074,123.49
5075,123.49
5076,123.7668
5077,123.95700000000001
5078,123.98999999999998
5079,124.03
5080,124.24
5081,124.12100000000002
5082,124.2158
5083,124.13
5084,124.10000000000001
5085,124.03
5086,124.11
5087,124.56
5088,124.54
5089,124.11
5090,124.1195
5091,123.73000000000002
5092,123.85
5093,123.62999999999998
5094,123.74000000000001
5095,123.61999999999999
5096,123.84100000000002
5097,124.01000000000002
5098,124.72499999999998
5099,125.26
5100,124.85000000000001
5101,124.8
5102,124.43
5103,124.25000000000001
5104,124.21999999999998
5105,124.02000000000001
5106,123.61999999999999
5107,123.68
5108,123.53999999999999
5109,123.97999999999999
5110,124.02799999999999
5111,124.11
5112,124.49
5113,124.3321
5114,121.264
5115,123.39259999999999
5116,122.465
5117,121.99999999999999
5118,121.47
5119,121.99
5120,122.17
5121,122.4288
5122,122.81
5123,122.61
5124,122.35
5125,122.14970000000001
5126,122.07
5127,122.2882
5128,122.5313
5129,121.57650000000001
5130,121.72000000000001
5131,121.31
5132,121.2075
5133,121.18
5134,121.57000000000001
5135,121.48999999999998
5136,121.86
5137,121.8899
5138,121.88000000000001
5139,122.19999999999999
5140,121.75999999999999
5141,118.43100000000001
5142,116.9
5143,115.08500000000001
5144,115.28
5145,115.69999999999999
5146,116.61000000000001
5147,116.88999999999999
5148,116.92000000000002
5149,115.88200000000002
5150,115.41999999999999
5151,114.93249999999999
5152,114.33500000000001
5153,115.5443
5154,116.13299999999998
5155,115.32
5156,115.82000000000001
5157,116.35
5158,116.38340000000001
5159,116.15990000000001
5160,115.6375
5161,115.75
5162,115.54999999999998
5163,115.375
5164,115.2799
5165,115.4
5166,114.715
5167,113.55
5168,115.89000000000001
5169,114.81499999999998
5170,115.33
5171,115.26999999999998
5172,115.1968
5173,115.08500000000001
5174,115.17999999999999
5175,114.86200000000001
5176,115.44009999999999
5177,115.50000000000001
5178,115.89000000000001
5179,115.26999999999998
5180,115.28
5181,115.04
5182,114.88499999999999
5183,114.54000000000002
5184,114.35999999999999
5185,114.26000000000002
5186,113.83
5187,113.60000000000001
5188,114.26200000000001
5189,113.99999999999999
5190,114.42
5191,114.78000000000002
5192,113.08000000000001
5193,111.77
5194,112.83
5195,112.41000000000001
5196,112.26
5197,111.585
5198,111.945
5199,112.12299999999999
5200,112.28
5201,112.76000000000002
5202,112.37999999999998
5203,111.63
5204,111.28
5205,111.8
5206,112.90499999999999
5207,113.03100000000002
5208,112.8475
5209,112.27
5210,112.55
5211,112.80999999999999
5212,112.49000000000001
5213,113.47
5214,113.51000000000002
5215,113.31
5216,113.04999999999998
5217,113.38
5218,115.605
5219,115.33999999999999
5220,116.0354
5221,115.81000000000002
5222,115.5075
5223,115.02999999999999
5224,114.22
5225,114.39000000000001
5226,114.76
5227,114.5352
5228,114.52499999999999
5229,114.2384
5230,113.34970000000001
5231,113.24
5232,113.73940000000002
5233,113.54
5234,114.1266
5235,113.93
5236,114.21
5237,113.98499999999999
5238,114.42
5239,114.42
5240,114.13
5241,113.98920000000001
5242,113.63
5243,113.59000000000002
5244,114.65
5245,113.9
5246,114.10009999999998
5247,114.72
5248,114.89
5249,114.49
5250,114.3
5251,114.569
5252,114.32500000000002
5253,114.72
5254,114.61
5255,114.74
5256,115.69999999999999
5257,115.62999999999998
5258,115.82000000000001
5259,115.56
5260,115.3946
5261,114.89
5262,114.82
5263,114.91000000000001
5264,114.72
5265,114.94999999999999
5266,114.94999999999999
5267,114.97
5268,114.89
5269,115.17
5270,116.51
5271,115.92
5272,115.46
5273,115.57
5274,115.77999999999999
5275,115.82000000000001
5276,115.93999999999998
5277,115.5679
5278,115.37000000000002
5279,115.4929
5280,115.65000000000002
5281,115.53999999999999
5282,115.51
5283,115.16499999999999
5284,115.26999999999998
5285,115.0934
5286,115.1286
5287,115.33999999999999
5288,115.29000000000002
5289,115.15
5290,115.1107
5291,114.9406
5292,114.95999999999998
5293,114.89
5294,115.02
5295,115.0
5296,114.7223
5297,113.78
5298,114.41
5299,114.30120000000001
5300,113.9
5301,113.80000000000001
5302,113.83999999999999
5303,114.1976
5304,114.38
5305,114.4
5306,114.38
5307,114.6053
5308,114.84
5309,115.28
5310,115.50000000000001
5311,115.31
5312,115.65000000000002
5313,115.51520000000001
5314,115.512
5315,115.22000000000001
5316,115.775
5317,115.69
5318,115.59989999999999
5319,115.49
5320,115.46999999999998
5321,115.2
5322,117.20000000000002
5323,118.27
5324,118.28799999999998
5325,117.65
5326,118.05
5327,117.9462
5328,117.65
5329,117.70239999999998
5330,117.95000000000002
5331,117.956
5332,117.7
5333,117.8572
5334,117.5
5335,117.54
5336,117.84999999999998
5337,118.02
5338,117.90970000000002
5339,117.95700000000002
5340,117.55
5341,117.78
5342,117.79000000000002
5343,117.75999999999999
5344,118.02
5345,117.93
5346,117.97810000000001
5347,117.94
5348,118.13
5349,118.76
5350,119.06899999999999
5351,118.29
5352,117.912
5353,118.11000000000001
5354,117.81
5355,118.05
5356,117.81
5357,117.80260000000001
5358,117.7
5359,117.8701
5360,117.80000000000001
5361,117.83999999999999
5362,118.05
5363,117.83999999999999
5364,117.79000000000002
5365,117.65
5366,117.55999999999999
5367,117.52000000000001
5368,117.9359
5369,117.75
5370,117.88000000000001
5371,117.91
5372,118.14999999999999
5373,118.04
5374,118.11000000000001
5375,118.34
5376,118.3889
5377,118.19999999999999
5378,117.9438
5379,117.84999999999998
5380,117.8763
5381,118.1
5382,118.22
5383,118.18639999999999
5384,117.83999999999999
5385,117.88500000000002
5386,117.84999999999998
5387,117.75999999999999
5388,117.65679999999999
5389,117.43000000000002
5390,117.53
5391,117.32999999999998
5392,117.67999999999999
5393,117.7424
5394,117.71
5395,117.56999999999998
5396,117.65
5397,117.70499999999998
5398,117.72000000000001
5399,117.68999999999998
5400,117.91999999999999
5401,118.19999999999999
5402,117.84999999999998
5403,117.55999999999999
5404,117.39999999999999
5405,117.41500000000002
5406,117.58
5407,117.56999999999998
5408,117.39999999999999
5409,117.51000000000002
5410,117.48999999999998
5411,117.48999999999998
5412,117.5
5413,117.39
5414,117.38
5415,117.40999999999998
5416,116.13999999999999
5417,116.53589999999998
5418,116.6767
5419,116.59
5420,116.55
5421,116.39
5422,116.28999999999999
5423,116.0
5424,116.33000000000001
5425,116.40000000000002
5426,116.44999999999999
5427,116.34
5428,116.56000000000002
5429,116.63
5430,116.57
5431,116.59
5432,116.76000000000002
5433,116.88
5434,116.74499999999999
5435,116.75
5436,116.63
5437,116.54
5438,116.56000000000002
5439,116.24
5440,116.37999999999998
5441,116.92000000000002
5442,118.54000000000002
5443,118.82
5444,118.94999999999999
5445,118.5178
5446,118.22
5447,117.81
5448,117.58
5449,118.02
5450,117.87000000000002
5451,117.48999999999998
5452,117.52000000000001
5453,117.44000000000001
5454,117.45
5455,117.47999999999999
5456,117.24
5457,117.3
5458,117.435
5459,117.76999999999998
5460,118.03000000000002
5461,117.7801
5462,118.04
5463,117.73
5464,117.63
5465,117.51000000000002
5466,117.4574
5467,117.51000000000002
5468,120.17000000000002
5469,119.12700000000001
5470,118.87999999999998
5471,118.98000000000002
5472,118.77
5473,119.05
5474,119.15
5475,118.5359
5476,118.22
5477,117.66
5478,116.86
5479,117.36000000000001
5480,117.39999999999999
5481,117.43000000000002
5482,117.66
5483,117.74
5484,117.52000000000001
5485,117.34
5486,116.84520000000002
5487,117.21000000000001
5488,117.06
5489,116.98
5490,117.16999999999999
5491,117.43000000000002
5492,117.3
5493,117.03
5494,117.03999999999999
5495,116.41000000000001
5496,116.16
5497,115.35899999999998
5498,114.46
5499,114.74
5500,115.09999999999998
5501,115.3678
5502,115.3
5503,114.99999999999999
5504,114.95
5505,114.92
5506,115.19000000000001
5507,115.2
5508,115.315
5509,115.57999999999998
5510,115.88000000000001
5511,115.7862
5512,116.53999999999999
5513,116.53930000000001
5514,116.88
5515,116.89
5516,117.2175
5517,117.37
5518,117.16499999999999
5519,117.27000000000001
5520,118.96
5521,118.35999999999999
5522,117.96000000000001
5523,118.235
5524,118.98
5525,118.78
5526,118.94500000000001
5527,119.23
5528,119.04999999999998
5529,118.8008
5530,119.25000000000001
5531,119.26999999999998
5532,119.37
5533,119.09
5534,118.88000000000001
5535,119.0
5536,119.52
5537,119.42
5538,119.51000000000002
5539,119.91
5540,120.0
5541,119.81999999999998
5542,119.84000000000002
5543,119.83000000000001
5544,120.56980000000001
5545,120.84
5546,119.505
5547,119.58
5548,119.59
5549,119.6101
5550,119.62000000000002
5551,119.77
5552,119.5783
5553,119.40000000000002
5554,119.26999999999998
5555,119.0
5556,118.855
5557,118.64
5558,118.85
5559,119.12
5560,118.82
5561,118.55000000000001
5562,118.76
5563,118.66930000000002
5564,118.88500000000002
5565,118.96
5566,118.99
5567,119.04999999999998
5568,119.155
5569,119.1
5570,119.18000000000002
5571,119.15
5572,120.39
5573,122.33990000000001
5574,122.03480000000002
5575,121.48000000000002
5576,121.94999999999999
5577,122.35000000000001
5578,122.62000000000002
5579,122.04
5580,122.12
5581,122.14000000000001
5582,122.35000000000001
5583,122.21
5584,122.3
5585,122.34
5586,122.47
5587,124.07000000000001
5588,124.02
5589,123.76999999999998
5590,123.95019999999998
5591,124.10000000000001
5592,124.56999999999998
5593,124.52
5594,124.3946
5595,124.17999999999999
5596,124.42499999999998
5597,124.56
5598,125.01
5599,123.75
5600,123.73
5601,124.27
5602,124.88
5603,124.59000000000002
5604,124.5
5605,124.11000000000001
5606,123.96000000000001
5607,124.249
5608,124.28499999999998
5609,124.16
5610,124.6
5611,124.726
5612,124.74
5613,124.48000000000002
5614,123.9905
5615,124.02
5616,124.1873
5617,124.39
5618,124.43
5619,124.76
5620,125.17000000000002
5621,125.57
5622,125.39000000000001
5623,125.37999999999998
5624,125.08
5625,125.37999999999998
5626,125.08
5627,125.585
5628,125.48
5629,125.21
5630,125.12
5631,124.39
5632,124.00000000000001
5633,123.70500000000001
5634,123.4401
5635,123.30000000000001
5636,123.0152
5637,123.22999999999999
5638,123.3457
5639,122.625
5640,122.65399999999998
5641,122.72000000000001
5642,122.35000000000001
5643,123.11
5644,123.37220000000002
5645,122.99
5646,122.99
5647,122.8
5648,123.14
5649,123.24
5650,123.4
5651,123.43999999999998
5652,122.57000000000001
5653,122.59
5654,122.40000000000002
5655,122.15
5656,122.44
5657,122.7
5658,122.59999999999998
5659,122.52560000000001
5660,122.61000000000001
5661,122.4999
5662,122.375
5663,122.2
5664,122.2
5665,122.2
5666,122.21
5667,122.47
5668,122.64999999999999
5669,122.52
5670,122.52999999999999
5671,122.64999999999999
5672,122.40000000000002
5673,122.48999999999998
5674,122.48
5675,122.88
5676,123.44999999999999
5677,123.29
5678,122.8656
5679,123.05000000000001
5680,122.74999999999999
5681,122.84
5682,122.7627
5683,123.03
5684,122.91
5685,122.85999999999999
5686,122.77
5687,122.78999999999999
5688,122.72000000000001
5689,122.815
5690,122.91
5691,123.11
5692,123.28
5693,123.09000000000002
5694,123.3644
5695,122.87000000000002
5696,122.78999999999999
5697,122.63999999999999
5698,122.62000000000002
5699,122.63999999999999
5700,122.67
5701,122.8
5702,123.935
5703,124.21000000000001
5704,123.895
5705,124.34
5706,124.55
5707,124.7084
5708,124.99
5709,124.96
5710,124.74
5711,124.849
5712,124.22000000000001
5713,124.3327
5714,124.5
5715,124.50999999999999
5716,124.59000000000002
5717,124.84189999999998
5718,124.68679999999999
5719,124.98
5720,124.81000000000002
5721,124.43
5722,124.46999999999998
5723,124.65
5724,124.43
5725,124.6698
5726,124.41
5727,123.73
5728,123.39
5729,123.70500000000001
5730,123.33500000000001
5731,123.95299999999997
5732,124.155
5733,124.27
5734,123.67000000000002
5735,123.213
5736,123.72
5737,123.26
5738,123.69
5739,123.90000000000002
5740,123.95
5741,124.08
5742,124.015
5743,123.98
5744,124.23999999999998
5745,124.12
5746,122.84999999999998
5747,122.73
5748,123.74000000000001
5749,123.47
5750,123.25
5751,123.41000000000001
5752,123.71
5753,123.42000000000002
5754,123.0
5755,123.47
5756,123.24
5757,123.51
5758,124.56999999999998
5759,125.54000000000002
5760,126.58
5761,126.75
5762,126.57
5763,127.01999999999998
5764,126.68000000000002
5765,126.85
5766,126.6774
5767,126.68000000000002
5768,126.73
5769,126.16
5770,126.08000000000001
5771,125.24159999999999
5772,125.67609999999999
5773,125.77
5774,125.74999999999999
5775,125.50000000000001
5776,125.35500000000002
5777,125.45
5778,125.21
5779,124.99
5780,125.115
5781,125.19999999999999
5782,125.25
5783,124.943
5784,124.80000000000001
5785,124.6
5786,124.56999999999998
5787,124.09
5788,124.61729999999999
5789,124.46999999999998
5790,124.32000000000001
5791,124.39
5792,124.37000000000002
5793,124.19
5794,124.13999999999999
5795,124.07000000000001
5796,124.19
5797,124.28999999999999
5798,124.43
5799,124.16
5800,124.27
5801,124.2101
5802,124.24999999999999
5803,124.42
5804,124.28
5805,124.23
5806,123.61
5807,124.52399999999999
5808,124.135
5809,124.22000000000001
5810,125.04999999999998
5811,124.86
5812,124.89
5813,124.71
5814,124.5564
5815,124.58000000000001
5816,124.59000000000002
5817,124.93999999999998
5818,124.89970000000001
5819,124.79
5820,124.79
5821,124.68
5822,124.77410000000002
5823,125.37999999999998
5824,126.11500000000001
5825,125.9401
5826,125.99999999999999
5827,125.65000000000002
5828,125.73999999999998
5829,125.63999999999999
5830,125.52999999999999
5831,125.45
5832,125.47
5833,125.55010000000001
5834,125.8149
5835,125.57
5836,125.42529999999998
5837,125.56
5838,125.3
5839,125.0
5840,124.81000000000002
5841,125.15
5842,125.02000000000001
5843,124.91000000000001
5844,125.15
5845,125.14200000000001
5846,125.35000000000001
5847,125.45
5848,125.17779999999999
5849,125.19
5850,125.19
5851,125.04
5852,124.89
5853,124.99
5854,124.99
5855,125.07
5856,125.07
5857,125.12
5858,126.1
5859,125.89999999999999
5860,125.72000000000001
5861,126.39
5862,127.26460000000002
5863,127.13999999999999
5864,127.02999999999999
5865,126.6966
5866,127.225
5867,127.22000000000001
5868,127.4299
5869,127.11000000000001
5870,127.36000000000001
5871,127.37000000000002
5872,127.70000000000002
5873,127.49999999999999
5874,127.32910000000001
5875,126.94
5876,126.9377
5877,126.87
5878,126.88000000000001
5879,126.85600000000001
5880,126.641
5881,126.72
5882,126.61
5883,126.51
5884,127.31
5885,126.43
5886,126.59639999999999
5887,126.226
5888,126.21
5889,125.8768
5890,126.00999999999999
5891,125.6669
5892,125.5493
5893,125.41999999999999
5894,125.65000000000002
5895,125.6262
5896,125.6879
5897,125.78999999999999
5898,125.72000000000001
5899,125.50000000000001
5900,125.604
5901,125.7547
5902,125.78999999999999
5903,125.67
5904,125.63999999999999
5905,125.7
5906,125.40000000000002
5907,125.39000000000001
5908,125.40000000000002
5909,125.58
5910,125.56
5911,125.6605
5912,126.04
5913,125.91
5914,125.8283
5915,125.8082
5916,125.55
5917,125.41
5918,125.32
5919,125.56
5920,125.6523
5921,125.74999999999999
5922,125.68500000000002
5923,125.51999999999998
5924,125.71479999999998
5925,125.5571
5926,125.59
5927,125.63999999999999
5928,125.45
5929,125.3782
5930,125.29000000000002
5931,125.25
5932,125.2701
5933,125.40000000000002
5934,125.58
5935,125.59
5936,126.97
5937,127.2938
5938,127.93
5939,128.35
5940,128.04
5941,128.2699
5942,128.26
5943,128.01
5944,127.98500000000001
5945,128.0096
5946,127.855
5947,127.80000000000001
5948,128.2
5949,128.416
5950,128.59
5951,128.67
5952,128.66
5953,128.89
5954,128.93
5955,128.69
5956,128.6
5957,128.5244
5958,128.34
5959,128.44
5960,128.5399
5961,128.35
5962,127.22000000000001
5963,126.84899999999999
5964,126.42
5965,126.75
5966,127.00000000000001
5967,126.86
5968,127.40500000000002
5969,127.37000000000002
5970,127.05
5971,126.94499999999998
5972,126.66499999999999
5973,126.8
5974,126.38
5975,126.16
5976,126.37100000000001
5977,126.24
5978,126.2722
5979,126.0243
5980,126.06999999999998
5981,126.25
5982,126.11999999999999
5983,125.99999999999999
5984,125.90680000000002
5985,125.84999999999998
5986,125.82000000000001
5987,125.88
5988,125.3895
5989,125.79899999999998
5990,124.93169999999999
5991,125.225
5992,125.18000000000002
5993,125.03
5994,124.9
5995,124.73009999999998
5996,124.61500000000001
5997,124.3999
5998,124.34
5999,124.83999999999999
