,0
0,19.48800277709961
1,19.510351181030273
2,19.636302947998047
3,19.62439727783203
4,19.602067947387695
5,19.655092239379883
6,19.476713180541992
7,19.35979461669922
8,19.532630920410156
9,19.708803176879883
10,19.705530166625977
11,19.563695907592773
12,19.756635665893555
13,19.7521915435791
14,19.787687301635742
15,19.733076095581055
16,19.57896614074707
17,19.58273696899414
18,19.53314208984375
19,19.459190368652344
20,18.9834041595459
21,18.568286895751953
22,18.438119888305664
23,18.669675827026367
24,18.682992935180664
25,18.86083984375
26,19.181312561035156
27,19.004608154296875
28,19.245513916015625
29,19.415714263916016
30,19.460878372192383
31,19.51922607421875
32,19.5924015045166
33,19.583433151245117
34,19.571849822998047
35,19.679357528686523
36,19.68349838256836
37,19.493152618408203
38,19.43792724609375
39,18.92255973815918
40,19.253633499145508
41,19.41327667236328
42,19.402162551879883
43,19.420495986938477
44,19.49251365661621
45,19.486127853393555
46,19.48320770263672
47,19.26856231689453
48,19.587541580200195
49,19.61852264404297
50,19.59750747680664
51,19.580398559570312
52,19.70783805847168
53,19.72669219970703
54,19.74337387084961
55,19.596017837524414
56,19.594270706176758
57,19.509071350097656
58,19.50608253479004
59,19.433752059936523
60,19.119094848632812
61,18.886333465576172
62,18.962806701660156
63,18.978334426879883
64,18.9356746673584
65,18.86993408203125
66,18.889671325683594
67,19.37053108215332
68,19.447288513183594
69,19.596282958984375
70,19.675533294677734
71,19.751041412353516
72,19.60799789428711
73,19.63507843017578
74,19.794004440307617
75,19.79707908630371
76,19.783000946044922
77,19.825407028198242
78,19.852886199951172
79,19.87552261352539
80,19.871192932128906
81,19.83537483215332
82,19.87013053894043
83,19.842885971069336
84,19.75419807434082
85,19.7327823638916
86,19.750253677368164
87,19.69731903076172
88,19.631635665893555
89,19.63220977783203
90,19.655113220214844
91,19.518882751464844
92,19.601633071899414
93,19.665817260742188
94,19.625930786132812
95,19.405611038208008
96,19.528961181640625
97,19.25684928894043
98,19.49202537536621
99,19.17444610595703
100,19.125864028930664
101,19.354934692382812
102,19.516639709472656
103,19.68036460876465
104,19.637697219848633
105,19.61499786376953
106,19.564416885375977
107,19.237655639648438
108,19.14588737487793
109,19.013198852539062
110,19.073537826538086
111,19.033483505249023
112,18.9046688079834
113,18.95041847229004
114,19.117443084716797
115,19.27958869934082
116,19.434785842895508
117,19.47051429748535
118,19.47882080078125
119,19.714014053344727
120,19.51288414001465
121,19.499364852905273
122,19.334217071533203
123,19.068052291870117
124,18.963285446166992
125,18.876020431518555
126,18.973140716552734
127,18.9787654876709
128,18.402624130249023
129,18.4229679107666
130,18.417448043823242
131,18.351566314697266
132,18.275959014892578
133,18.3201847076416
134,18.319000244140625
135,18.352922439575195
136,18.383541107177734
137,18.485933303833008
138,18.596323013305664
139,18.408235549926758
140,18.36551284790039
141,18.34353256225586
142,18.358400344848633
143,18.353893280029297
144,18.296058654785156
145,18.32280158996582
146,18.376140594482422
147,18.695323944091797
148,18.656484603881836
149,18.386695861816406
150,18.659141540527344
151,18.772920608520508
152,18.78661346435547
153,19.21261978149414
154,19.36509132385254
155,19.21561050415039
156,18.622093200683594
157,18.434101104736328
158,18.341697692871094
159,18.289865493774414
160,18.268463134765625
161,18.23590660095215
162,18.255613327026367
163,18.237340927124023
164,18.260528564453125
165,18.22832489013672
166,18.2508544921875
167,18.269695281982422
168,18.38945960998535
169,18.43404197692871
170,18.658342361450195
171,19.383134841918945
172,19.43712615966797
173,19.465503692626953
174,19.59943389892578
175,19.584842681884766
176,19.585371017456055
177,19.451210021972656
178,19.619524002075195
179,19.59235954284668
180,19.45677375793457
181,19.289554595947266
182,18.354595184326172
183,18.574129104614258
184,18.791580200195312
185,19.289533615112305
186,19.28984832763672
187,19.2891845703125
188,18.669246673583984
189,18.915937423706055
190,19.242040634155273
191,19.371171951293945
192,19.422622680664062
193,19.377328872680664
194,19.383516311645508
195,19.47109603881836
196,19.7403564453125
197,19.648298263549805
198,19.760969161987305
199,19.773733139038086
200,19.75957489013672
201,19.757932662963867
202,19.792451858520508
203,19.75754165649414
204,19.789039611816406
205,19.623708724975586
206,19.537351608276367
207,19.478038787841797
208,19.500761032104492
209,19.504478454589844
210,19.496379852294922
211,19.51766586303711
212,19.534521102905273
213,19.505823135375977
214,19.304285049438477
215,19.418304443359375
216,19.455123901367188
217,19.58060646057129
218,19.496185302734375
219,19.668840408325195
220,19.502864837646484
221,19.52326774597168
222,19.624588012695312
223,19.681392669677734
224,19.502975463867188
225,19.44029426574707
226,19.338308334350586
227,19.358657836914062
228,19.01604652404785
229,19.26311683654785
230,19.13384246826172
231,19.531700134277344
232,19.569456100463867
233,19.484399795532227
234,19.48558235168457
235,19.484342575073242
236,19.492238998413086
237,19.588539123535156
238,19.784988403320312
239,19.768808364868164
240,19.776905059814453
241,19.69443130493164
242,19.72197723388672
243,19.75973129272461
244,19.775697708129883
245,19.814105987548828
246,19.80342674255371
247,19.742218017578125
248,19.723684310913086
249,19.525165557861328
250,19.55321502685547
251,19.560596466064453
252,19.617385864257812
253,19.539533615112305
254,19.515470504760742
255,19.406566619873047
256,18.924333572387695
257,18.829116821289062
258,18.898849487304688
259,18.906373977661133
260,18.896947860717773
261,18.981386184692383
262,18.89444351196289
263,18.87548065185547
264,19.479469299316406
265,19.177255630493164
266,19.200855255126953
267,19.157461166381836
268,19.082509994506836
269,19.72584342956543
270,19.799936294555664
271,19.786001205444336
272,19.76279640197754
273,19.763395309448242
274,19.682052612304688
275,19.70983123779297
276,19.58233070373535
277,19.628629684448242
278,19.612380981445312
279,19.61732292175293
280,19.551803588867188
281,19.474132537841797
282,19.418848037719727
283,19.43716812133789
284,19.439620971679688
285,19.277610778808594
286,18.95891571044922
287,19.162105560302734
288,19.491626739501953
289,19.50830078125
290,19.325782775878906
291,19.299062728881836
292,19.40472412109375
293,19.351638793945312
294,19.114049911499023
295,19.037145614624023
296,19.263858795166016
297,19.2745361328125
298,19.27597427368164
299,19.376819610595703
300,19.416244506835938
301,19.74507713317871
302,19.75501251220703
303,19.602537155151367
304,19.745431900024414
305,19.74118995666504
306,19.74202537536621
307,19.651243209838867
308,19.583148956298828
309,19.561429977416992
310,19.712535858154297
311,19.697914123535156
312,19.729270935058594
313,19.802188873291016
314,19.798507690429688
315,19.843698501586914
316,19.820100784301758
317,18.303863525390625
318,18.220558166503906
319,18.053401947021484
320,17.996427536010742
321,17.95696449279785
322,17.981904983520508
323,17.96887969970703
324,18.021228790283203
325,18.032119750976562
326,18.020606994628906
327,18.184186935424805
328,18.263031005859375
329,18.250036239624023
330,18.357641220092773
331,18.361845016479492
332,18.258228302001953
333,18.30435562133789
334,18.410581588745117
335,18.482900619506836
336,18.48310661315918
337,18.264392852783203
338,18.159046173095703
339,18.14507484436035
340,18.17727279663086
341,18.282182693481445
342,18.20271873474121
343,18.156190872192383
344,18.135438919067383
345,18.13202476501465
346,17.99370574951172
347,17.9643611907959
348,18.001188278198242
349,18.153385162353516
350,18.158512115478516
351,18.04612922668457
352,18.023759841918945
353,18.039854049682617
354,18.048131942749023
355,18.070194244384766
356,18.10890769958496
357,18.14347267150879
358,18.268720626831055
359,18.23438262939453
360,18.309274673461914
361,18.432065963745117
362,18.583518981933594
363,18.476276397705078
364,18.46810531616211
365,18.813907623291016
366,18.84651756286621
367,18.998310089111328
368,18.976619720458984
369,19.21652603149414
370,19.224878311157227
371,19.234647750854492
372,19.234718322753906
373,19.129901885986328
374,18.895647048950195
375,18.984121322631836
376,19.00149917602539
377,19.07302474975586
378,19.118730545043945
379,19.107358932495117
380,19.027877807617188
381,18.973949432373047
382,19.095645904541016
383,18.996341705322266
384,18.971405029296875
385,18.894084930419922
386,18.860824584960938
387,19.028465270996094
388,19.137659072875977
389,19.37874412536621
390,19.53205108642578
391,19.561487197875977
392,19.489072799682617
393,19.36005210876465
394,19.324790954589844
395,19.48830795288086
396,19.544586181640625
397,19.513896942138672
398,19.032087326049805
399,18.981435775756836
400,18.4044246673584
401,18.21721649169922
402,18.149986267089844
403,18.174110412597656
404,18.13675880432129
405,18.10739517211914
406,18.094005584716797
407,18.130599975585938
408,18.129737854003906
409,18.15220832824707
410,18.258325576782227
411,18.29218101501465
412,18.380741119384766
413,18.439407348632812
414,18.53012466430664
415,18.973848342895508
416,19.058916091918945
417,19.257261276245117
418,19.252687454223633
419,19.061267852783203
420,18.669565200805664
421,18.96469497680664
422,19.171157836914062
423,19.111047744750977
424,18.69303321838379
425,18.8336238861084
426,18.854690551757812
427,18.899620056152344
428,18.864912033081055
429,18.491687774658203
430,18.341054916381836
431,18.254915237426758
432,18.35353660583496
433,18.637948989868164
434,18.697420120239258
435,18.68913459777832
436,18.763031005859375
437,18.806604385375977
438,18.990440368652344
439,19.05654525756836
440,18.936092376708984
441,18.9412784576416
442,19.311111450195312
443,19.341632843017578
444,19.295665740966797
445,19.134035110473633
446,19.302997589111328
447,19.428579330444336
448,19.210805892944336
449,19.37169075012207
450,19.36943817138672
451,19.431663513183594
452,19.3521728515625
453,19.272024154663086
454,18.54972267150879
455,18.895771026611328
456,18.62159538269043
457,18.414199829101562
458,18.59870719909668
459,18.919132232666016
460,18.961082458496094
461,18.98948097229004
462,18.991546630859375
463,19.152006149291992
464,19.14169692993164
465,19.00720977783203
466,19.14443016052246
467,19.136337280273438
468,18.94878578186035
469,18.916580200195312
470,18.969417572021484
471,19.152250289916992
472,19.18060302734375
473,18.94919776916504
474,19.14351463317871
475,19.147842407226562
476,19.112049102783203
477,19.117778778076172
478,18.631242752075195
479,18.631023406982422
480,18.59627914428711
481,19.27444076538086
482,19.52601432800293
483,19.356386184692383
484,19.221288681030273
485,19.073514938354492
486,19.1307315826416
487,19.154014587402344
488,19.03123664855957
489,18.95181655883789
490,18.809261322021484
491,18.834400177001953
492,18.640798568725586
493,18.75664520263672
494,18.50309944152832
495,18.437807083129883
496,18.477825164794922
497,18.494190216064453
498,18.53757667541504
499,18.763275146484375
500,17.58070182800293
501,17.67679214477539
502,17.599807739257812
503,17.647430419921875
504,17.875293731689453
505,17.901817321777344
506,17.788415908813477
507,17.739395141601562
508,17.557090759277344
509,17.906225204467773
510,17.81861114501953
511,18.161752700805664
512,18.426380157470703
513,18.43505859375
514,18.478479385375977
515,18.603429794311523
516,18.560226440429688
517,18.641876220703125
518,18.64445686340332
519,18.587669372558594
520,18.569698333740234
521,18.495193481445312
522,18.21868896484375
523,18.034040451049805
524,17.731761932373047
525,17.74302864074707
526,17.71440887451172
527,17.76055908203125
528,17.76785659790039
529,17.789600372314453
530,18.081886291503906
531,18.120628356933594
532,17.914749145507812
533,17.56480598449707
534,17.683311462402344
535,18.390993118286133
536,18.171340942382812
537,18.383934020996094
538,18.687314987182617
539,18.85477638244629
540,18.799760818481445
541,18.756210327148438
542,18.76024627685547
543,18.85957145690918
544,18.825563430786133
545,18.776243209838867
546,18.86871337890625
547,18.978269577026367
548,18.955135345458984
549,18.882293701171875
550,18.73917579650879
551,18.629892349243164
552,18.968042373657227
553,19.11522102355957
554,18.986963272094727
555,18.97562599182129
556,19.013669967651367
557,19.018037796020508
558,19.13735580444336
559,18.803247451782227
560,18.57342529296875
561,18.448747634887695
562,19.076013565063477
563,19.17493438720703
564,19.18956184387207
565,19.240360260009766
566,19.269275665283203
567,19.275611877441406
568,19.28944969177246
569,19.284746170043945
570,19.29952621459961
571,19.411075592041016
572,19.492984771728516
573,19.49705696105957
574,19.488544464111328
575,19.479515075683594
576,19.466999053955078
577,19.36794090270996
578,19.17951202392578
579,19.077125549316406
580,18.993867874145508
581,19.21198272705078
582,19.023090362548828
583,18.8090763092041
584,18.90416717529297
585,19.274003982543945
586,19.05714988708496
587,19.226009368896484
588,19.225393295288086
589,19.400707244873047
590,19.328651428222656
591,19.261436462402344
592,19.279756546020508
593,19.2659854888916
594,19.311758041381836
595,19.38466453552246
596,19.386594772338867
597,19.40846061706543
598,19.48862648010254
599,19.444272994995117
600,19.46543312072754
601,19.45823860168457
602,19.456310272216797
603,19.537023544311523
604,19.556163787841797
605,19.563152313232422
606,19.593149185180664
607,19.564212799072266
608,19.483448028564453
609,19.540719985961914
610,19.50837516784668
611,19.534351348876953
612,19.554800033569336
613,19.49179458618164
614,19.491090774536133
615,19.49488639831543
616,19.039648056030273
617,18.90479278564453
618,19.06088638305664
619,18.870685577392578
620,18.8516788482666
621,18.845359802246094
622,18.77463722229004
623,18.79836654663086
624,18.782215118408203
625,18.770660400390625
626,18.846906661987305
627,18.832965850830078
628,18.79642677307129
629,18.879024505615234
630,18.911569595336914
631,18.72372055053711
632,18.52773666381836
633,18.462421417236328
634,18.269243240356445
635,18.159866333007812
636,18.09568214416504
637,17.999317169189453
638,18.016347885131836
639,17.95576286315918
640,17.965280532836914
641,18.000080108642578
642,18.041885375976562
643,18.054224014282227
644,18.102005004882812
645,18.405338287353516
646,18.554622650146484
647,18.491559982299805
648,18.464351654052734
649,18.23876190185547
650,18.209157943725586
651,18.150075912475586
652,18.064157485961914
653,18.216283798217773
654,18.17498016357422
655,18.14186668395996
656,18.099700927734375
657,18.166828155517578
658,17.963842391967773
659,17.75881576538086
660,17.9521541595459
661,18.27434730529785
662,18.283885955810547
663,18.074512481689453
664,18.23195457458496
665,18.33477020263672
666,18.3270206451416
667,18.353748321533203
668,18.272409439086914
669,18.188749313354492
670,18.36105728149414
671,18.3230037689209
672,18.24504852294922
673,18.17782974243164
674,18.38208770751953
675,18.406646728515625
676,18.476728439331055
677,18.47052764892578
678,18.435226440429688
679,18.395715713500977
680,18.457372665405273
681,18.50477409362793
682,18.485431671142578
683,18.32308006286621
684,18.31589698791504
685,18.220722198486328
686,18.120454788208008
687,17.992778778076172
688,17.8896427154541
689,17.803136825561523
690,17.769268035888672
691,17.69046974182129
692,17.62006950378418
693,17.587020874023438
694,17.256389617919922
695,17.622705459594727
696,17.606088638305664
697,17.76175308227539
698,17.69131088256836
699,17.85675048828125
700,17.6707763671875
701,17.781982421875
702,17.538352966308594
703,17.642520904541016
704,17.648052215576172
705,17.695987701416016
706,17.705650329589844
707,17.70838165283203
708,17.72098731994629
709,17.69346046447754
710,17.706668853759766
711,17.7263126373291
712,17.364721298217773
713,17.673654556274414
714,17.630374908447266
715,17.616235733032227
716,17.58654022216797
717,17.56087303161621
718,17.491823196411133
719,17.449758529663086
720,17.439544677734375
721,17.479751586914062
722,17.518680572509766
723,17.507854461669922
724,17.580829620361328
725,17.33734703063965
726,17.565263748168945
727,17.488651275634766
728,17.650226593017578
729,17.643049240112305
730,17.710458755493164
731,17.704792022705078
732,17.60759162902832
733,17.836536407470703
734,17.799762725830078
735,17.78635597229004
736,17.741031646728516
737,17.724124908447266
738,17.38923454284668
739,17.234474182128906
740,17.2520809173584
741,17.57094955444336
742,17.842639923095703
743,18.34688949584961
744,17.991901397705078
745,17.488937377929688
746,17.31716537475586
747,17.294631958007812
748,17.42386817932129
749,17.370153427124023
750,17.78597640991211
751,17.61822509765625
752,17.41181755065918
753,17.212295532226562
754,17.09632110595703
755,17.037639617919922
756,17.128217697143555
757,17.218812942504883
758,17.1754093170166
759,17.113073348999023
760,17.180559158325195
761,17.1624755859375
762,17.13426971435547
763,17.08470916748047
764,16.92852783203125
765,17.00751304626465
766,16.842857360839844
767,17.099878311157227
768,17.02340316772461
769,17.025005340576172
770,17.046030044555664
771,16.9371280670166
772,17.016321182250977
773,17.001422882080078
774,16.983362197875977
775,16.58340072631836
776,16.675609588623047
777,16.672760009765625
778,16.936433792114258
779,16.302928924560547
780,16.367961883544922
781,16.40702247619629
782,16.361772537231445
783,16.51412010192871
784,16.541582107543945
785,16.639352798461914
786,16.644121170043945
787,16.66966438293457
788,16.410734176635742
789,16.636449813842773
790,16.597911834716797
791,16.663440704345703
792,16.794185638427734
793,16.76348114013672
794,16.594003677368164
795,17.122095108032227
796,16.784521102905273
797,17.225252151489258
798,17.230504989624023
799,17.326396942138672
800,17.35233497619629
801,16.83074188232422
802,16.772581100463867
803,16.80903434753418
804,16.74609375
805,17.161521911621094
806,16.939796447753906
807,16.76375961303711
808,16.66876983642578
809,16.78534698486328
810,16.731285095214844
811,16.666107177734375
812,16.558090209960938
813,16.651975631713867
814,16.614917755126953
815,16.615934371948242
816,16.614151000976562
817,16.763206481933594
818,16.779680252075195
819,16.661767959594727
820,16.417097091674805
821,16.476716995239258
822,16.447376251220703
823,16.446247100830078
824,16.50975799560547
825,16.50528907775879
826,16.77287483215332
827,16.64339828491211
828,16.591381072998047
829,16.55649757385254
830,16.850160598754883
831,16.78200912475586
832,16.830997467041016
833,17.002716064453125
834,16.98050308227539
835,16.625497817993164
836,16.8489933013916
837,16.63724136352539
838,16.640039443969727
839,16.66026496887207
840,16.648210525512695
841,16.708755493164062
842,16.75394058227539
843,16.737228393554688
844,16.507156372070312
845,16.724084854125977
846,16.65489387512207
847,16.587892532348633
848,16.34404754638672
849,16.31753921508789
850,16.37364387512207
851,16.355745315551758
852,16.324777603149414
853,16.413818359375
854,16.413278579711914
855,16.373367309570312
856,16.41748809814453
857,16.427330017089844
858,16.409936904907227
859,16.94939613342285
860,17.046369552612305
861,17.09610366821289
862,17.291624069213867
863,17.40675163269043
864,17.507753372192383
865,17.536165237426758
866,17.492080688476562
867,17.41156005859375
868,17.506277084350586
869,17.531368255615234
870,17.5196590423584
871,17.472110748291016
872,17.408096313476562
873,17.262767791748047
874,17.07619285583496
875,17.303157806396484
876,17.208389282226562
877,17.150630950927734
878,17.05779457092285
879,17.048185348510742
880,17.142894744873047
881,17.074438095092773
882,17.021230697631836
883,16.888294219970703
884,16.909528732299805
885,16.85666275024414
886,16.87360191345215
887,16.345626831054688
888,16.282855987548828
889,16.306941986083984
890,16.416345596313477
891,16.38760757446289
892,16.399812698364258
893,16.21393394470215
894,16.286144256591797
895,16.273813247680664
896,16.01128578186035
897,16.099058151245117
898,16.161191940307617
899,16.219526290893555
900,16.153406143188477
901,16.056617736816406
902,16.176607131958008
903,16.22461700439453
904,15.995551109313965
905,16.174551010131836
906,16.01593780517578
907,16.095094680786133
908,16.14043426513672
909,16.192989349365234
910,16.163660049438477
911,16.24386215209961
912,16.259233474731445
913,16.576234817504883
914,16.63214874267578
915,16.621360778808594
916,16.661500930786133
917,16.703590393066406
918,16.727863311767578
919,16.637210845947266
920,16.67237663269043
921,16.610984802246094
922,16.621570587158203
923,16.70012092590332
924,16.637344360351562
925,16.60525131225586
926,16.636627197265625
927,16.58820343017578
928,16.551652908325195
929,16.542699813842773
930,16.58148765563965
931,16.496742248535156
932,16.53502082824707
933,16.603933334350586
934,16.44045066833496
935,16.247676849365234
936,16.341476440429688
937,16.125904083251953
938,16.1052188873291
939,16.07578468322754
940,16.149913787841797
941,16.280742645263672
942,16.368459701538086
943,16.529136657714844
944,16.172605514526367
945,16.233097076416016
946,15.902521133422852
947,15.828240394592285
948,15.86019515991211
949,15.854443550109863
950,15.78831672668457
951,15.840413093566895
952,15.84646987915039
953,15.835417747497559
954,15.903083801269531
955,15.881295204162598
956,15.922399520874023
957,15.942675590515137
958,15.945059776306152
959,15.915885925292969
960,15.959893226623535
961,15.908286094665527
962,15.945493698120117
963,16.045759201049805
964,16.07659912109375
965,16.124631881713867
966,16.14034080505371
967,15.824980735778809
968,15.861021041870117
969,15.935333251953125
970,15.872309684753418
971,15.878634452819824
972,15.990124702453613
973,16.05912208557129
974,16.05236053466797
975,15.908673286437988
976,15.904606819152832
977,15.845735549926758
978,15.905208587646484
979,15.846141815185547
980,15.899397850036621
981,15.929394721984863
982,15.840316772460938
983,15.851962089538574
984,15.824136734008789
985,15.862419128417969
986,15.855430603027344
987,15.874505996704102
988,15.878726959228516
989,15.925189018249512
990,15.965780258178711
991,16.003910064697266
992,15.981464385986328
993,15.982325553894043
994,15.777677536010742
995,15.90921688079834
996,15.933306694030762
997,15.924470901489258
998,15.978681564331055
999,16.01658058166504
1000,15.706808090209961
1001,15.699636459350586
1002,15.713743209838867
1003,15.726237297058105
1004,15.750060081481934
1005,15.754186630249023
1006,15.750569343566895
1007,15.752945899963379
1008,15.749865531921387
1009,15.712258338928223
1010,15.700552940368652
1011,15.677519798278809
1012,15.6546630859375
1013,15.6940336227417
1014,15.708822250366211
1015,15.694427490234375
1016,15.69385814666748
1017,15.726789474487305
1018,15.70447063446045
1019,15.696412086486816
1020,15.686821937561035
1021,15.655713081359863
1022,15.701118469238281
1023,15.681232452392578
1024,15.729341506958008
1025,15.730918884277344
1026,15.741049766540527
1027,15.746010780334473
1028,15.746439933776855
1029,15.744172096252441
1030,15.747621536254883
1031,15.744140625
1032,15.749346733093262
1033,15.751372337341309
1034,15.750201225280762
1035,15.746089935302734
1036,15.72382926940918
1037,15.690108299255371
1038,15.660557746887207
1039,15.639826774597168
1040,15.707249641418457
1041,15.703522682189941
1042,15.704476356506348
1043,15.70057487487793
1044,15.69407844543457
1045,15.676678657531738
1046,15.653226852416992
1047,15.636887550354004
1048,15.339667320251465
1049,15.218443870544434
1050,15.324414253234863
1051,15.513097763061523
1052,15.380170822143555
1053,15.533809661865234
1054,15.512521743774414
1055,15.593768119812012
1056,15.68485164642334
1057,15.719854354858398
1058,15.662681579589844
1059,15.695784568786621
1060,15.725038528442383
1061,15.729974746704102
1062,15.728377342224121
1063,15.742374420166016
1064,15.744573593139648
1065,15.745505332946777
1066,15.753454208374023
1067,15.744041442871094
1068,15.746728897094727
1069,15.751184463500977
1070,15.764196395874023
1071,15.769824981689453
1072,15.76263427734375
1073,15.769042015075684
1074,15.76970100402832
1075,15.778905868530273
1076,15.756139755249023
1077,15.713693618774414
1078,15.683183670043945
1079,15.685408592224121
1080,15.696276664733887
1081,15.661163330078125
1082,15.683143615722656
1083,15.683964729309082
1084,15.715435981750488
1085,15.710529327392578
1086,15.703535079956055
1087,15.706124305725098
1088,15.699975967407227
1089,15.687362670898438
1090,15.693073272705078
1091,15.594691276550293
1092,15.5826997756958
1093,15.564038276672363
1094,15.511962890625
1095,15.570791244506836
1096,15.543774604797363
1097,15.657631874084473
1098,15.605151176452637
1099,15.496774673461914
1100,15.528874397277832
1101,15.499475479125977
1102,15.522626876831055
1103,15.371813774108887
1104,15.391512870788574
1105,15.502350807189941
1106,15.56210708618164
1107,15.4094820022583
1108,15.374214172363281
1109,15.321856498718262
1110,15.281909942626953
1111,15.32971477508545
1112,15.37196159362793
1113,15.333656311035156
1114,15.26268482208252
1115,15.140231132507324
1116,14.875442504882812
1117,14.777710914611816
1118,14.635281562805176
1119,14.745129585266113
1120,15.095298767089844
1121,15.337249755859375
1122,15.341907501220703
1123,15.321213722229004
1124,15.366950035095215
1125,15.432454109191895
1126,15.422701835632324
1127,15.43892765045166
1128,15.437023162841797
1129,15.557194709777832
1130,15.592460632324219
1131,15.620370864868164
1132,15.640115737915039
1133,15.647873878479004
1134,15.624022483825684
1135,15.506731986999512
1136,15.534976959228516
1137,15.550143241882324
1138,15.569823265075684
1139,15.619699478149414
1140,15.62475872039795
1141,15.559700965881348
1142,15.5719575881958
1143,15.548251152038574
1144,15.580313682556152
1145,15.564264297485352
1146,15.560770988464355
1147,15.55334186553955
1148,15.37013053894043
1149,15.37690544128418
1150,15.369134902954102
1151,15.326169967651367
1152,15.528736114501953
1153,15.565049171447754
1154,15.590313911437988
1155,15.592240333557129
1156,15.550923347473145
1157,15.283923149108887
1158,15.140266418457031
1159,15.160545349121094
1160,15.22336483001709
1161,15.410379409790039
1162,15.53800106048584
1163,15.606963157653809
1164,15.642434120178223
1165,15.703412055969238
1166,15.690086364746094
1167,15.686994552612305
1168,15.687311172485352
1169,15.689332008361816
1170,15.694099426269531
1171,15.724051475524902
1172,15.72809886932373
1173,15.734132766723633
1174,15.737648963928223
1175,15.716914176940918
1176,15.684305191040039
1177,15.677877426147461
1178,15.666061401367188
1179,15.64921760559082
1180,15.721028327941895
1181,15.702548027038574
1182,15.698919296264648
1183,15.699892044067383
1184,15.72122573852539
1185,15.75188159942627
1186,15.72299575805664
1187,15.747209548950195
1188,15.742218971252441
1189,15.737092971801758
1190,15.719597816467285
1191,15.712591171264648
1192,15.75401496887207
1193,15.765780448913574
1194,15.768465995788574
1195,15.764535903930664
1196,15.76451587677002
1197,15.761189460754395
1198,15.72299575805664
1199,15.752574920654297
1200,15.667287826538086
1201,15.67200756072998
1202,15.680792808532715
1203,15.674886703491211
1204,15.685431480407715
1205,15.736735343933105
1206,15.730457305908203
1207,15.673734664916992
1208,15.694101333618164
1209,15.649057388305664
1210,15.655010223388672
1211,15.652427673339844
1212,15.734395980834961
1213,15.740242958068848
1214,15.744964599609375
1215,15.745659828186035
1216,15.748659133911133
1217,15.755705833435059
1218,15.757787704467773
1219,15.764447212219238
1220,15.75390911102295
1221,15.75599193572998
1222,15.767412185668945
1223,15.766181945800781
1224,15.767003059387207
1225,15.7509183883667
1226,15.708664894104004
1227,15.715543746948242
1228,15.736950874328613
1229,15.738358497619629
1230,15.738981246948242
1231,15.75382137298584
1232,15.741276741027832
1233,15.72732162475586
1234,15.736184120178223
1235,15.726310729980469
1236,15.713308334350586
1237,15.733965873718262
1238,15.701374053955078
1239,15.693114280700684
1240,15.68625259399414
1241,15.684672355651855
1242,15.673164367675781
1243,15.655214309692383
1244,15.661426544189453
1245,15.655527114868164
1246,15.686264038085938
1247,15.677915573120117
1248,15.69533634185791
1249,15.684362411499023
1250,15.677358627319336
1251,15.675745964050293
1252,15.680127143859863
1253,15.53736400604248
1254,15.673445701599121
1255,15.662140846252441
1256,15.632770538330078
1257,15.507827758789062
1258,15.5264892578125
1259,15.522021293640137
1260,15.557334899902344
1261,15.570064544677734
1262,15.576447486877441
1263,15.583126068115234
1264,15.59394645690918
1265,15.531563758850098
1266,15.461475372314453
1267,15.335419654846191
1268,15.32498836517334
1269,15.393898010253906
1270,15.40717601776123
1271,15.472505569458008
1272,15.556427955627441
1273,15.596607208251953
1274,15.61385440826416
1275,15.622026443481445
1276,15.64235782623291
1277,15.674217224121094
1278,15.657398223876953
1279,15.552730560302734
1280,15.507922172546387
1281,15.472081184387207
1282,15.472478866577148
1283,15.508646011352539
1284,15.48386001586914
1285,15.627177238464355
1286,15.622072219848633
1287,15.469688415527344
1288,15.417439460754395
1289,15.409594535827637
1290,15.427048683166504
1291,15.571568489074707
1292,15.412014961242676
1293,15.463531494140625
1294,15.597315788269043
1295,15.622858047485352
1296,15.627685546875
1297,15.556624412536621
1298,15.554658889770508
1299,15.588757514953613
1300,15.623148918151855
1301,15.627983093261719
1302,15.627155303955078
1303,15.640571594238281
1304,15.672182083129883
1305,15.626776695251465
1306,15.559552192687988
1307,15.646123886108398
1308,15.648144721984863
1309,15.676941871643066
1310,15.673675537109375
1311,15.675610542297363
1312,15.673046112060547
1313,15.675918579101562
1314,15.666581153869629
1315,15.623937606811523
1316,15.546731948852539
1317,15.611239433288574
1318,15.564993858337402
1319,15.511350631713867
1320,15.420965194702148
1321,15.408690452575684
1322,15.444783210754395
1323,15.389215469360352
1324,15.320823669433594
1325,15.242780685424805
1326,15.24581527709961
1327,15.368576049804688
1328,15.303454399108887
1329,15.252344131469727
1330,15.276859283447266
1331,15.303181648254395
1332,15.311691284179688
1333,15.182568550109863
1334,15.092836380004883
1335,15.400962829589844
1336,15.43155574798584
1337,15.394831657409668
1338,15.065376281738281
1339,15.152839660644531
1340,15.168787002563477
1341,15.241981506347656
1342,15.496002197265625
1343,15.322290420532227
1344,15.308164596557617
1345,14.92096996307373
1346,14.908146858215332
1347,14.73581314086914
1348,14.693586349487305
1349,14.711112976074219
1350,14.606075286865234
1351,14.529282569885254
1352,14.518667221069336
1353,14.539631843566895
1354,14.640974044799805
1355,14.73762035369873
1356,14.77455997467041
1357,14.792999267578125
1358,14.694070816040039
1359,14.67139720916748
1360,14.640144348144531
1361,14.49652099609375
1362,14.518649101257324
1363,14.746687889099121
1364,14.610393524169922
1365,14.516694068908691
1366,14.806758880615234
1367,14.778938293457031
1368,14.56969165802002
1369,14.865303993225098
1370,14.565993309020996
1371,14.610437393188477
1372,14.273141860961914
1373,14.209178924560547
1374,14.317556381225586
1375,14.459182739257812
1376,14.66399097442627
1377,14.615453720092773
1378,14.47602367401123
1379,14.568514823913574
1380,14.587970733642578
1381,14.534720420837402
1382,14.610494613647461
1383,14.629018783569336
1384,14.60013484954834
1385,14.510536193847656
1386,14.510002136230469
1387,14.452692031860352
1388,14.650541305541992
1389,14.692464828491211
1390,14.505833625793457
1391,15.065701484680176
1392,15.030853271484375
1393,14.522256851196289
1394,14.492355346679688
1395,14.578387260437012
1396,14.79015827178955
1397,14.779855728149414
1398,14.751219749450684
1399,14.645920753479004
1400,14.324295997619629
1401,14.325638771057129
1402,14.572248458862305
1403,14.933372497558594
1404,15.071023941040039
1405,15.130725860595703
1406,15.189119338989258
1407,15.254411697387695
1408,15.28038501739502
1409,15.28295612335205
1410,15.263619422912598
1411,15.337101936340332
1412,15.408370018005371
1413,15.36612606048584
1414,15.17150592803955
1415,15.074590682983398
1416,14.901945114135742
1417,15.102737426757812
1418,14.999532699584961
1419,14.837867736816406
1420,14.868247032165527
1421,14.964264869689941
1422,14.815766334533691
1423,14.730169296264648
1424,14.667290687561035
1425,14.683370590209961
1426,14.4876708984375
1427,14.711150169372559
1428,14.654131889343262
1429,14.619367599487305
1430,14.4320707321167
1431,14.327322006225586
1432,14.273971557617188
1433,14.243361473083496
1434,14.169279098510742
1435,14.204300880432129
1436,14.185134887695312
1437,14.189581871032715
1438,14.142679214477539
1439,14.154906272888184
1440,14.098529815673828
1441,14.093816757202148
1442,14.020517349243164
1443,14.008524894714355
1444,13.954218864440918
1445,14.030789375305176
1446,13.96320629119873
1447,14.006964683532715
1448,14.007857322692871
1449,13.984879493713379
1450,13.934679985046387
1451,13.985288619995117
1452,13.9395751953125
1453,13.93869400024414
1454,13.877756118774414
1455,13.964232444763184
1456,13.961894989013672
1457,14.065733909606934
1458,14.106019973754883
1459,14.096120834350586
1460,14.14841079711914
1461,14.183782577514648
1462,14.211535453796387
1463,14.200562477111816
1464,14.219344139099121
1465,14.231415748596191
1466,14.237714767456055
1467,14.259210586547852
1468,14.190651893615723
1469,14.50402545928955
1470,14.240662574768066
1471,14.108716011047363
1472,14.102276802062988
1473,14.060803413391113
1474,14.047968864440918
1475,14.054123878479004
1476,14.016304016113281
1477,14.059374809265137
1478,14.045748710632324
1479,14.03658390045166
1480,13.94921875
1481,13.981160163879395
1482,13.923210144042969
1483,13.88200855255127
1484,13.86053466796875
1485,13.870649337768555
1486,13.874884605407715
1487,13.892012596130371
1488,13.888785362243652
1489,13.91462516784668
1490,13.900091171264648
1491,13.90019702911377
1492,13.919257164001465
1493,13.922260284423828
1494,13.921870231628418
1495,13.974864959716797
1496,14.052621841430664
1497,14.067133903503418
1498,14.012633323669434
1499,14.005338668823242
1500,14.46937084197998
1501,14.649662017822266
1502,14.46827507019043
1503,14.253663063049316
1504,14.23717975616455
1505,14.160634994506836
1506,14.141779899597168
1507,14.377701759338379
1508,14.453792572021484
1509,14.429388046264648
1510,14.455549240112305
1511,14.463292121887207
1512,14.469354629516602
1513,14.515625953674316
1514,14.499073028564453
1515,14.542887687683105
1516,14.56309700012207
1517,14.664183616638184
1518,14.644062995910645
1519,14.611324310302734
1520,14.63060188293457
1521,14.620307922363281
1522,14.6462984085083
1523,14.64419174194336
1524,14.688053131103516
1525,14.675176620483398
1526,14.65395736694336
1527,14.693002700805664
1528,14.701092720031738
1529,14.691085815429688
1530,14.7384672164917
1531,14.730659484863281
1532,14.72411823272705
1533,14.713105201721191
1534,14.59299087524414
1535,14.299786567687988
1536,14.198945999145508
1537,14.536957740783691
1538,14.572154998779297
1539,14.595901489257812
1540,14.641818046569824
1541,14.471729278564453
1542,14.321259498596191
1543,14.386486053466797
1544,14.353326797485352
1545,14.333660125732422
1546,14.332338333129883
1547,14.435508728027344
1548,14.452757835388184
1549,14.501373291015625
1550,14.479601860046387
1551,14.495704650878906
1552,14.498510360717773
1553,14.476786613464355
1554,14.66585922241211
1555,14.583451271057129
1556,14.633026123046875
1557,14.404570579528809
1558,14.528212547302246
1559,14.385533332824707
1560,14.341650009155273
1561,14.0582914352417
1562,14.17434310913086
1563,14.399436950683594
1564,14.542764663696289
1565,14.603402137756348
1566,14.463151931762695
1567,14.466565132141113
1568,14.572258949279785
1569,14.593485832214355
1570,14.682520866394043
1571,14.6585054397583
1572,14.649876594543457
1573,14.625473022460938
1574,14.69418716430664
1575,14.65789794921875
1576,14.639277458190918
1577,14.829031944274902
1578,14.770120620727539
1579,14.745458602905273
1580,14.729491233825684
1581,14.813652038574219
1582,14.83243465423584
1583,14.891559600830078
1584,14.870580673217773
1585,14.895328521728516
1586,14.899320602416992
1587,14.899785995483398
1588,14.7013521194458
1589,14.842957496643066
1590,14.828069686889648
1591,14.874662399291992
1592,14.856414794921875
1593,14.830972671508789
1594,14.941174507141113
1595,14.914852142333984
1596,14.884574890136719
1597,14.927560806274414
1598,14.898127555847168
1599,14.89147663116455
1600,14.88978099822998
1601,14.887160301208496
1602,14.839564323425293
1603,14.884063720703125
1604,14.867532730102539
1605,14.851842880249023
1606,14.930314064025879
1607,14.953032493591309
1608,14.904500007629395
1609,14.90177059173584
1610,14.936376571655273
1611,14.916778564453125
1612,14.917558670043945
1613,14.927145004272461
1614,14.931690216064453
1615,14.756747245788574
1616,14.775081634521484
1617,14.717798233032227
1618,14.742847442626953
1619,14.691926956176758
1620,14.668723106384277
1621,14.647406578063965
1622,14.673165321350098
1623,14.757264137268066
1624,14.859518051147461
1625,14.832168579101562
1626,14.84022045135498
1627,14.853730201721191
1628,14.878806114196777
1629,14.836652755737305
1630,14.935887336730957
1631,14.930368423461914
1632,14.978521347045898
1633,14.936775207519531
1634,14.954777717590332
1635,14.962817192077637
1636,14.943123817443848
1637,14.84257698059082
1638,14.835285186767578
1639,14.839253425598145
1640,14.904438972473145
1641,14.908921241760254
1642,14.698135375976562
1643,14.614485740661621
1644,14.551894187927246
1645,14.385684967041016
1646,14.3766508102417
1647,14.576028823852539
1648,14.65070915222168
1649,14.762353897094727
1650,14.701744079589844
1651,14.782800674438477
1652,14.773717880249023
1653,14.792689323425293
1654,14.837087631225586
1655,14.818459510803223
1656,14.830634117126465
1657,14.890853881835938
1658,14.847491264343262
1659,14.820319175720215
1660,14.849589347839355
1661,14.847402572631836
1662,14.769729614257812
1663,14.809518814086914
1664,14.710189819335938
1665,14.6754732131958
1666,14.672520637512207
1667,14.649800300598145
1668,14.667008399963379
1669,14.229931831359863
1670,14.116497039794922
1671,14.045065879821777
1672,13.996501922607422
1673,13.990687370300293
1674,14.054966926574707
1675,14.196513175964355
1676,14.248475074768066
1677,14.272584915161133
1678,14.371256828308105
1679,14.367837905883789
1680,14.389786720275879
1681,14.368800163269043
1682,14.516703605651855
1683,14.571859359741211
1684,14.582685470581055
1685,14.612385749816895
1686,14.402640342712402
1687,14.187744140625
1688,14.154925346374512
1689,14.130780220031738
1690,14.17565631866455
1691,14.188675880432129
1692,14.162150382995605
1693,14.16955280303955
1694,14.162501335144043
1695,14.1599760055542
1696,13.723755836486816
1697,13.861945152282715
1698,14.08808708190918
1699,14.227595329284668
1700,14.209752082824707
1701,14.21155834197998
1702,14.283217430114746
1703,14.498261451721191
1704,14.377731323242188
1705,14.463841438293457
1706,14.455918312072754
1707,14.444979667663574
1708,14.588183403015137
1709,14.588713645935059
1710,14.571442604064941
1711,14.741270065307617
1712,14.706411361694336
1713,14.748023986816406
1714,14.5437593460083
1715,14.395580291748047
1716,14.305100440979004
1717,14.292830467224121
1718,14.260294914245605
1719,14.227181434631348
1720,14.179451942443848
1721,14.187405586242676
1722,14.208292007446289
1723,13.80260181427002
1724,13.96875
1725,13.896580696105957
1726,13.821785926818848
1727,13.800006866455078
1728,14.040826797485352
1729,14.118220329284668
1730,14.16927433013916
1731,14.316070556640625
1732,14.424221992492676
1733,14.395007133483887
1734,14.272092819213867
1735,14.359684944152832
1736,14.325793266296387
1737,14.398468971252441
1738,14.500391960144043
1739,14.680228233337402
1740,14.674118041992188
1741,14.694276809692383
1742,14.647597312927246
1743,14.652788162231445
1744,14.656980514526367
1745,14.574346542358398
1746,14.441802978515625
1747,14.464993476867676
1748,14.281573295593262
1749,14.182428359985352
1750,14.455528259277344
1751,14.517385482788086
1752,14.59052848815918
1753,14.618639945983887
1754,14.587777137756348
1755,14.604667663574219
1756,14.61440372467041
1757,14.617222785949707
1758,14.649734497070312
1759,14.667295455932617
1760,14.768206596374512
1761,14.716926574707031
1762,14.755671501159668
1763,14.725529670715332
1764,14.735151290893555
1765,14.767313003540039
1766,14.764944076538086
1767,14.794235229492188
1768,14.748659133911133
1769,14.748705863952637
1770,14.786596298217773
1771,14.774285316467285
1772,14.798951148986816
1773,14.74255084991455
1774,14.74424934387207
1775,14.742571830749512
1776,14.742809295654297
1777,14.492740631103516
1778,14.512043952941895
1779,14.463301658630371
1780,14.605417251586914
1781,14.643320083618164
1782,14.738458633422852
1783,14.834508895874023
1784,14.81294059753418
1785,14.885072708129883
1786,14.893329620361328
1787,14.965435981750488
1788,14.966010093688965
1789,15.057703018188477
1790,14.949671745300293
1791,14.909806251525879
1792,14.92771053314209
1793,14.872520446777344
1794,14.850040435791016
1795,14.835721015930176
1796,14.905328750610352
1797,14.881209373474121
1798,14.910238265991211
1799,14.938261032104492
1800,14.85448932647705
1801,14.81567096710205
1802,14.776704788208008
1803,14.734087944030762
1804,14.548504829406738
1805,14.791098594665527
1806,14.86484432220459
1807,14.801753997802734
1808,14.611485481262207
1809,14.575677871704102
1810,14.709636688232422
1811,14.81365966796875
1812,14.8259859085083
1813,14.872145652770996
1814,14.876822471618652
1815,14.88948917388916
1816,14.83720874786377
1817,14.899542808532715
1818,14.844175338745117
1819,14.930036544799805
1820,14.922204971313477
1821,14.982382774353027
1822,14.9567232131958
1823,15.007847785949707
1824,15.01085376739502
1825,14.959090232849121
1826,15.009255409240723
1827,14.953080177307129
1828,14.971590995788574
1829,14.974624633789062
1830,14.965526580810547
1831,14.55980110168457
1832,14.45763111114502
1833,14.382609367370605
1834,14.281949996948242
1835,14.32006549835205
1836,14.222241401672363
1837,14.177658081054688
1838,13.239770889282227
1839,13.1179780960083
1840,12.988870620727539
1841,12.845664024353027
1842,12.747907638549805
1843,12.721549987792969
1844,12.734795570373535
1845,12.745266914367676
1846,12.748005867004395
1847,12.798748016357422
1848,12.807405471801758
1849,12.791214942932129
1850,12.756452560424805
1851,12.752368927001953
1852,12.710531234741211
1853,12.674528121948242
1854,12.652920722961426
1855,12.619147300720215
1856,12.616340637207031
1857,12.572601318359375
1858,12.580039978027344
1859,12.582883834838867
1860,12.652196884155273
1861,12.734336853027344
1862,12.658788681030273
1863,12.602603912353516
1864,12.581554412841797
1865,12.682259559631348
1866,12.833110809326172
1867,13.151869773864746
1868,13.402790069580078
1869,13.231038093566895
1870,13.220528602600098
1871,13.168824195861816
1872,13.201706886291504
1873,13.398093223571777
1874,13.451469421386719
1875,13.453021049499512
1876,13.315691947937012
1877,13.22166919708252
1878,13.179136276245117
1879,13.17275619506836
1880,13.063095092773438
1881,12.975682258605957
1882,12.927067756652832
1883,12.968071937561035
1884,13.27767562866211
1885,13.377823829650879
1886,13.270673751831055
1887,13.171874046325684
1888,13.303021430969238
1889,13.360212326049805
1890,13.4091215133667
1891,13.618205070495605
1892,13.816798210144043
1893,13.93576431274414
1894,13.929343223571777
1895,13.870760917663574
1896,13.680672645568848
1897,13.228667259216309
1898,13.189579010009766
1899,13.087286949157715
1900,13.014389038085938
1901,12.918863296508789
1902,13.133589744567871
1903,13.287113189697266
1904,13.445085525512695
1905,13.638359069824219
1906,13.770678520202637
1907,13.862166404724121
1908,13.833622932434082
1909,13.791969299316406
1910,13.827291488647461
1911,13.905353546142578
1912,13.83448600769043
1913,13.910651206970215
1914,14.174259185791016
1915,14.186239242553711
1916,14.21311092376709
1917,14.336787223815918
1918,14.335428237915039
1919,14.32861042022705
1920,14.342790603637695
1921,14.407829284667969
1922,14.35258674621582
1923,14.356730461120605
1924,14.408945083618164
1925,14.397845268249512
1926,14.439897537231445
1927,14.487370491027832
1928,14.433485984802246
1929,14.472362518310547
1930,14.567026138305664
1931,14.521699905395508
1932,14.482646942138672
1933,14.492284774780273
1934,14.109880447387695
1935,14.325804710388184
1936,14.07131290435791
1937,13.8674955368042
1938,14.040343284606934
1939,13.98311710357666
1940,13.802658081054688
1941,13.677589416503906
1942,13.423148155212402
1943,13.423635482788086
1944,13.459957122802734
1945,13.523773193359375
1946,13.564191818237305
1947,13.523275375366211
1948,13.349544525146484
1949,13.278702735900879
1950,13.314813613891602
1951,13.360121726989746
1952,13.330816268920898
1953,13.2449369430542
1954,13.265504837036133
1955,13.340489387512207
1956,13.904829978942871
1957,14.053777694702148
1958,14.001117706298828
1959,13.88036823272705
1960,13.88566780090332
1961,13.748197555541992
1962,13.588149070739746
1963,13.56537914276123
1964,13.650671005249023
1965,13.769170761108398
1966,13.740641593933105
1967,13.868351936340332
1968,13.903922080993652
1969,13.90247631072998
1970,13.888008117675781
1971,13.946328163146973
1972,14.115885734558105
1973,14.145440101623535
1974,14.076454162597656
1975,14.172650337219238
1976,14.11130428314209
1977,14.191168785095215
1978,14.18850040435791
1979,14.22795295715332
1980,14.360864639282227
1981,14.387741088867188
1982,13.8324556350708
1983,13.579452514648438
1984,13.486330032348633
1985,14.001448631286621
1986,14.08016300201416
1987,14.029390335083008
1988,13.740464210510254
1989,13.651114463806152
1990,13.629389762878418
1991,13.658892631530762
1992,13.649909973144531
1993,13.458812713623047
1994,13.324432373046875
1995,13.236742973327637
1996,13.145082473754883
1997,13.132158279418945
1998,13.134394645690918
1999,13.137810707092285
2000,12.748122215270996
2001,12.750322341918945
2002,12.749787330627441
2003,12.737966537475586
2004,12.739184379577637
2005,12.876091957092285
2006,13.240910530090332
2007,13.060219764709473
2008,12.738819122314453
2009,12.880202293395996
2010,12.900277137756348
2011,12.977096557617188
2012,12.916709899902344
2013,12.7806978225708
2014,12.760176658630371
2015,12.751479148864746
2016,12.748202323913574
2017,12.721664428710938
2018,12.733525276184082
2019,12.738443374633789
2020,12.732281684875488
2021,12.743935585021973
2022,12.737165451049805
2023,12.739762306213379
2024,12.735254287719727
2025,12.715670585632324
2026,12.709174156188965
2027,12.720829010009766
2028,12.713115692138672
2029,12.720876693725586
2030,12.723115921020508
2031,12.727299690246582
2032,12.721779823303223
2033,12.798933029174805
2034,12.857504844665527
2035,12.70181941986084
2036,12.691437721252441
2037,12.708832740783691
2038,12.704806327819824
2039,12.697725296020508
2040,12.685604095458984
2041,12.70081901550293
2042,12.703839302062988
2043,12.700927734375
2044,12.70615291595459
2045,12.659646987915039
2046,12.672002792358398
2047,12.659102439880371
2048,12.637850761413574
2049,12.666960716247559
2050,12.65433406829834
2051,12.677720069885254
2052,12.67162036895752
2053,12.66212272644043
2054,12.673691749572754
2055,12.670147895812988
2056,12.678193092346191
2057,12.665444374084473
2058,12.66878890991211
2059,12.679525375366211
2060,12.64684772491455
2061,12.61936092376709
2062,12.649526596069336
2063,12.648774147033691
2064,12.741092681884766
2065,12.673115730285645
2066,12.65605354309082
2067,12.649049758911133
2068,12.640599250793457
2069,12.630071640014648
2070,12.653326034545898
2071,12.663737297058105
2072,12.655137062072754
2073,12.659090995788574
2074,12.680976867675781
2075,12.667645454406738
2076,12.676013946533203
2077,12.673635482788086
2078,12.667208671569824
2079,12.675870895385742
2080,12.67940902709961
2081,12.65542221069336
2082,12.687079429626465
2083,12.68459415435791
2084,12.655218124389648
2085,12.672741889953613
2086,12.679763793945312
2087,12.646819114685059
2088,12.668294906616211
2089,12.672645568847656
2090,12.68302059173584
2091,12.69183349609375
2092,12.66694450378418
2093,12.651487350463867
2094,12.647893905639648
2095,12.656599998474121
2096,12.638336181640625
2097,12.662456512451172
2098,12.68094539642334
2099,12.667840957641602
2100,12.6834716796875
2101,12.689501762390137
2102,12.7982759475708
2103,12.7673978805542
2104,12.72668743133545
2105,12.79209041595459
2106,12.765710830688477
2107,12.693623542785645
2108,12.676127433776855
2109,12.685062408447266
2110,12.666973114013672
2111,12.676019668579102
2112,12.683695793151855
2113,12.673583984375
2114,12.750459671020508
2115,12.920498847961426
2116,13.089987754821777
2117,13.274925231933594
2118,13.450766563415527
2119,13.349763870239258
2120,13.26456069946289
2121,13.335420608520508
2122,13.422280311584473
2123,13.95810604095459
2124,13.921952247619629
2125,13.893631935119629
2126,14.009011268615723
2127,13.864521980285645
2128,13.77351188659668
2129,13.448530197143555
2130,13.041375160217285
2131,13.001501083374023
2132,12.984713554382324
2133,12.95914077758789
2134,13.058574676513672
2135,13.613337516784668
2136,14.066093444824219
2137,13.347155570983887
2138,13.581048011779785
2139,14.129178047180176
2140,12.971388816833496
2141,13.143559455871582
2142,13.053929328918457
2143,12.831903457641602
2144,12.788147926330566
2145,12.795560836791992
2146,12.784575462341309
2147,12.76504135131836
2148,12.7579984664917
2149,12.776534080505371
2150,12.749298095703125
2151,12.757688522338867
2152,12.739862442016602
2153,12.724998474121094
2154,12.729798316955566
2155,12.80343246459961
2156,12.751982688903809
2157,12.789959907531738
2158,12.791423797607422
2159,12.740541458129883
2160,12.82935905456543
2161,12.921350479125977
2162,13.197274208068848
2163,13.26805591583252
2164,13.554686546325684
2165,13.367263793945312
2166,12.734630584716797
2167,12.743477821350098
2168,12.73912525177002
2169,12.70959758758545
2170,12.722591400146484
2171,12.718611717224121
2172,12.711091041564941
2173,12.709473609924316
2174,12.725261688232422
2175,12.726104736328125
2176,12.719677925109863
2177,12.702200889587402
2178,12.71585464477539
2179,12.69849967956543
2180,12.697381973266602
2181,12.7150239944458
2182,12.7514066696167
2183,12.731785774230957
2184,12.723673820495605
2185,12.716907501220703
2186,12.716760635375977
2187,12.720856666564941
2188,12.697420120239258
2189,12.694074630737305
2190,12.707559585571289
2191,12.703619003295898
2192,12.708578109741211
2193,12.663687705993652
2194,12.674571990966797
2195,12.715728759765625
2196,12.767948150634766
2197,12.792113304138184
2198,12.87981128692627
2199,12.910922050476074
2200,12.87612533569336
2201,12.910402297973633
2202,13.243907928466797
2203,13.296195983886719
2204,13.159607887268066
2205,13.127951622009277
2206,13.694775581359863
2207,14.079402923583984
2208,14.023695945739746
2209,13.980713844299316
2210,13.534575462341309
2211,13.00072956085205
2212,12.966233253479004
2213,13.045134544372559
2214,12.964268684387207
2215,12.792466163635254
2216,12.920364379882812
2217,12.931098937988281
2218,12.947556495666504
2219,12.968727111816406
2220,12.926405906677246
2221,12.89963150024414
2222,12.943524360656738
2223,13.083316802978516
2224,13.113616943359375
2225,13.079877853393555
2226,13.156939506530762
2227,13.186742782592773
2228,13.724870681762695
2229,13.691808700561523
2230,13.675443649291992
2231,13.672624588012695
2232,13.6616792678833
2233,13.86025333404541
2234,14.079073905944824
2235,13.904784202575684
2236,13.21778678894043
2237,13.701154708862305
2238,13.348718643188477
2239,13.265908241271973
2240,13.100543022155762
2241,13.01418685913086
2242,12.997159957885742
2243,13.018898963928223
2244,13.153112411499023
2245,13.173897743225098
2246,13.052513122558594
2247,13.409302711486816
2248,13.440842628479004
2249,13.362143516540527
2250,13.30190372467041
2251,13.30321979522705
2252,13.267114639282227
2253,13.288992881774902
2254,13.396373748779297
2255,14.085871696472168
2256,13.965949058532715
2257,13.988789558410645
2258,13.567916870117188
2259,13.488606452941895
2260,13.342156410217285
2261,13.760323524475098
2262,13.576489448547363
2263,13.427624702453613
2264,13.70600414276123
2265,13.735370635986328
2266,13.737065315246582
2267,13.49052619934082
2268,13.609650611877441
2269,14.309903144836426
2270,14.322322845458984
2271,13.58641242980957
2272,13.495609283447266
2273,13.297612190246582
2274,13.171392440795898
2275,13.25132942199707
2276,13.373550415039062
2277,12.990190505981445
2278,12.87557315826416
2279,12.856783866882324
2280,12.852477073669434
2281,12.82599925994873
2282,12.827900886535645
2283,12.825267791748047
2284,12.821586608886719
2285,12.84006404876709
2286,12.851217269897461
2287,12.841602325439453
2288,12.85585880279541
2289,12.854206085205078
2290,12.82547378540039
2291,12.805891990661621
2292,12.796496391296387
2293,12.798052787780762
2294,12.776774406433105
2295,12.78383731842041
2296,12.780016899108887
2297,12.780349731445312
2298,12.808124542236328
2299,12.807669639587402
2300,12.718904495239258
2301,12.702216148376465
2302,12.719328880310059
2303,12.70488166809082
2304,12.697057723999023
2305,12.694634437561035
2306,12.698472023010254
2307,12.706574440002441
2308,12.707771301269531
2309,12.709619522094727
2310,12.662396430969238
2311,12.67685604095459
2312,12.671451568603516
2313,12.68940544128418
2314,12.68210220336914
2315,12.717860221862793
2316,12.76011848449707
2317,12.932595252990723
2318,12.956846237182617
2319,13.452862739562988
2320,13.365837097167969
2321,13.436919212341309
2322,13.356918334960938
2323,13.31727409362793
2324,13.51671314239502
2325,13.591638565063477
2326,14.266881942749023
2327,14.417974472045898
2328,14.38200855255127
2329,14.380823135375977
2330,14.40362548828125
2331,14.402100563049316
2332,14.405624389648438
2333,14.461543083190918
2334,14.481703758239746
2335,14.591238021850586
2336,14.602862358093262
2337,14.589015007019043
2338,14.595808029174805
2339,14.544612884521484
2340,14.563263893127441
2341,14.695878982543945
2342,14.68571949005127
2343,14.689805030822754
2344,14.693264961242676
2345,14.700809478759766
2346,14.639337539672852
2347,14.477022171020508
2348,14.37811279296875
2349,14.207639694213867
2350,14.175740242004395
2351,14.246085166931152
2352,14.241952896118164
2353,13.38780689239502
2354,13.96287727355957
2355,13.953929901123047
2356,14.026089668273926
2357,14.251265525817871
2358,14.271479606628418
2359,14.272076606750488
2360,14.039432525634766
2361,13.835566520690918
2362,13.668131828308105
2363,13.883458137512207
2364,13.400893211364746
2365,13.277810096740723
2366,13.231369972229004
2367,13.151994705200195
2368,13.207797050476074
2369,13.111669540405273
2370,13.089790344238281
2371,13.221138000488281
2372,13.150742530822754
2373,13.50756549835205
2374,13.556724548339844
2375,13.511168479919434
2376,13.899504661560059
2377,14.413097381591797
2378,14.354772567749023
2379,14.46931266784668
2380,13.032248497009277
2381,13.779125213623047
2382,14.026616096496582
2383,13.897010803222656
2384,13.793935775756836
2385,14.013201713562012
2386,13.979026794433594
2387,13.322139739990234
2388,13.30162525177002
2389,13.213844299316406
2390,13.153688430786133
2391,13.18171215057373
2392,13.128479957580566
2393,13.410905838012695
2394,13.31397819519043
2395,13.378519058227539
2396,13.28196907043457
2397,13.171599388122559
2398,13.098883628845215
2399,13.046390533447266
2400,13.010324478149414
2401,12.952638626098633
2402,12.928313255310059
2403,12.92523193359375
2404,13.006351470947266
2405,13.097919464111328
2406,13.077408790588379
2407,13.428081512451172
2408,13.843558311462402
2409,13.865560531616211
2410,13.856141090393066
2411,13.350834846496582
2412,13.238283157348633
2413,13.367111206054688
2414,13.852660179138184
2415,14.004434585571289
2416,14.140722274780273
2417,13.683128356933594
2418,13.878278732299805
2419,13.401411056518555
2420,13.494200706481934
2421,13.248939514160156
2422,13.175593376159668
2423,13.068206787109375
2424,13.010839462280273
2425,13.000442504882812
2426,12.99623966217041
2427,13.928208351135254
2428,13.29700756072998
2429,13.262928009033203
2430,13.43634033203125
2431,14.263639450073242
2432,14.475433349609375
2433,13.870794296264648
2434,14.171109199523926
2435,14.321876525878906
2436,14.377791404724121
2437,14.349950790405273
2438,14.377933502197266
2439,14.373119354248047
2440,14.258430480957031
2441,14.318258285522461
2442,14.417635917663574
2443,14.544960021972656
2444,14.448399543762207
2445,14.41608715057373
2446,14.347299575805664
2447,14.252754211425781
2448,14.281582832336426
2449,14.272054672241211
2450,14.440208435058594
2451,14.308965682983398
2452,14.478872299194336
2453,14.413065910339355
2454,14.300032615661621
2455,14.289088249206543
2456,14.260444641113281
2457,14.575319290161133
2458,14.563396453857422
2459,14.52660083770752
2460,14.57741641998291
2461,14.610907554626465
2462,14.608039855957031
2463,14.6184720993042
2464,14.627594947814941
2465,14.629630088806152
2466,14.636754035949707
2467,14.6889009475708
2468,14.734249114990234
2469,14.756070137023926
2470,14.750114440917969
2471,14.737408638000488
2472,14.73692798614502
2473,14.733081817626953
2474,14.8104829788208
2475,14.782543182373047
2476,14.79690170288086
2477,14.776228904724121
2478,14.770252227783203
2479,14.761162757873535
2480,14.771279335021973
2481,14.77564811706543
2482,14.791821479797363
2483,14.765342712402344
2484,14.721766471862793
2485,14.671870231628418
2486,14.675504684448242
2487,14.658405303955078
2488,14.660508155822754
2489,14.667074203491211
2490,14.672463417053223
2491,14.672808647155762
2492,14.662616729736328
2493,14.656855583190918
2494,14.679522514343262
2495,14.666275024414062
2496,14.6533842086792
2497,14.669256210327148
2498,14.692760467529297
2499,14.67772388458252
2500,15.858781814575195
2501,15.71800422668457
2502,15.692781448364258
2503,15.647276878356934
2504,15.615565299987793
2505,15.576949119567871
2506,15.553722381591797
2507,15.62985610961914
2508,15.68058967590332
2509,15.640054702758789
2510,15.624733924865723
2511,15.605095863342285
2512,15.829049110412598
2513,15.467506408691406
2514,15.269572257995605
2515,15.900494575500488
2516,16.007829666137695
2517,16.01517677307129
2518,16.009628295898438
2519,15.967513084411621
2520,15.879473686218262
2521,15.972356796264648
2522,15.980231285095215
2523,16.011333465576172
2524,16.028512954711914
2525,16.018659591674805
2526,15.989709854125977
2527,15.935023307800293
2528,15.904687881469727
2529,15.700623512268066
2530,15.668355941772461
2531,15.659209251403809
2532,15.65276050567627
2533,15.654901504516602
2534,15.713449478149414
2535,15.673788070678711
2536,15.59886360168457
2537,15.606162071228027
2538,15.258899688720703
2539,15.128466606140137
2540,15.092150688171387
2541,14.999717712402344
2542,14.964422225952148
2543,14.986698150634766
2544,15.000068664550781
2545,15.137872695922852
2546,15.196765899658203
2547,15.27927017211914
2548,15.165982246398926
2549,15.171610832214355
2550,15.185218811035156
2551,15.149636268615723
2552,15.071560859680176
2553,14.987874984741211
2554,15.017626762390137
2555,15.06377124786377
2556,15.065398216247559
2557,15.212101936340332
2558,15.047030448913574
2559,15.212972640991211
2560,15.139435768127441
2561,15.061251640319824
2562,15.159192085266113
2563,15.264461517333984
2564,15.221473693847656
2565,15.406522750854492
2566,15.31940746307373
2567,15.341217994689941
2568,15.377610206604004
2569,15.33326244354248
2570,15.386788368225098
2571,15.311735153198242
2572,15.538103103637695
2573,15.487015724182129
2574,15.48292064666748
2575,15.479560852050781
2576,15.499621391296387
2577,15.436554908752441
2578,15.426153182983398
2579,15.458612442016602
2580,15.445068359375
2581,15.422375679016113
2582,15.384749412536621
2583,15.394903182983398
2584,15.367119789123535
2585,15.327159881591797
2586,15.215425491333008
2587,15.108769416809082
2588,14.969244956970215
2589,14.979361534118652
2590,14.922806739807129
2591,15.012893676757812
2592,14.97467041015625
2593,15.04817008972168
2594,15.032313346862793
2595,15.02308464050293
2596,15.090838432312012
2597,15.009129524230957
2598,15.052773475646973
2599,15.000055313110352
2600,14.942697525024414
2601,14.974308967590332
2602,15.112282752990723
2603,15.003011703491211
2604,15.239852905273438
2605,15.190238952636719
2606,15.055973052978516
2607,15.034316062927246
2608,14.984304428100586
2609,15.12548542022705
2610,15.10586166381836
2611,15.278606414794922
2612,15.112271308898926
2613,15.072478294372559
2614,15.169096946716309
2615,15.110143661499023
2616,14.922932624816895
2617,14.310931205749512
2618,14.070175170898438
2619,13.866035461425781
2620,13.81922721862793
2621,13.653694152832031
2622,13.564934730529785
2623,13.612980842590332
2624,13.558513641357422
2625,13.418038368225098
2626,13.5517578125
2627,13.358366966247559
2628,13.2939453125
2629,13.354301452636719
2630,13.445773124694824
2631,13.494735717773438
2632,13.494218826293945
2633,13.508506774902344
2634,13.439404487609863
2635,13.321969032287598
2636,13.427156448364258
2637,13.4649658203125
2638,13.479538917541504
2639,13.440225601196289
2640,13.465893745422363
2641,13.484231948852539
2642,13.598419189453125
2643,13.60866641998291
2644,13.534907341003418
2645,13.696720123291016
2646,13.93238639831543
2647,13.800968170166016
2648,13.590033531188965
2649,13.481084823608398
2650,13.751595497131348
2651,14.005749702453613
2652,14.354768753051758
2653,14.314478874206543
2654,14.365056037902832
2655,14.465672492980957
2656,14.4320650100708
2657,14.362906455993652
2658,14.444563865661621
2659,14.466180801391602
2660,14.369832038879395
2661,14.43082046508789
2662,14.47778606414795
2663,14.433250427246094
2664,14.367959976196289
2665,14.307779312133789
2666,14.163738250732422
2667,14.092414855957031
2668,14.238377571105957
2669,14.144207000732422
2670,14.519979476928711
2671,14.482664108276367
2672,14.214906692504883
2673,14.153464317321777
2674,14.186894416809082
2675,13.943367004394531
2676,13.94611930847168
2677,13.944537162780762
2678,13.937965393066406
2679,13.989408493041992
2680,13.978103637695312
2681,13.932554244995117
2682,13.937559127807617
2683,13.870855331420898
2684,13.696142196655273
2685,13.570269584655762
2686,13.690979957580566
2687,13.622295379638672
2688,13.65674114227295
2689,13.616415023803711
2690,13.706388473510742
2691,13.759934425354004
2692,13.729683876037598
2693,13.749191284179688
2694,13.766881942749023
2695,13.90394401550293
2696,13.932430267333984
2697,13.92111873626709
2698,13.728533744812012
2699,14.067856788635254
2700,14.263829231262207
2701,14.329072952270508
2702,14.177958488464355
2703,14.689268112182617
2704,14.747515678405762
2705,14.771504402160645
2706,14.688457489013672
2707,14.748052597045898
2708,14.89103889465332
2709,14.937167167663574
2710,14.94335651397705
2711,14.901346206665039
2712,14.83543872833252
2713,14.525381088256836
2714,14.578908920288086
2715,14.559124946594238
2716,14.621888160705566
2717,14.77546215057373
2718,14.746590614318848
2719,14.767971992492676
2720,14.546796798706055
2721,14.4835786819458
2722,14.426946640014648
2723,14.412388801574707
2724,14.430265426635742
2725,14.646663665771484
2726,14.551816940307617
2727,14.563491821289062
2728,14.545502662658691
2729,14.516732215881348
2730,14.384562492370605
2731,14.228919982910156
2732,14.097689628601074
2733,14.145353317260742
2734,14.189132690429688
2735,14.1312255859375
2736,14.157390594482422
2737,14.074031829833984
2738,13.991720199584961
2739,13.901931762695312
2740,13.773473739624023
2741,13.643341064453125
2742,13.522248268127441
2743,13.516205787658691
2744,13.454438209533691
2745,13.508465766906738
2746,13.564714431762695
2747,13.66844654083252
2748,13.729674339294434
2749,13.700233459472656
2750,13.688488006591797
2751,13.423556327819824
2752,14.006138801574707
2753,13.951763153076172
2754,14.146230697631836
2755,14.078763008117676
2756,14.099043846130371
2757,14.022164344787598
2758,13.82676887512207
2759,13.823464393615723
2760,13.866151809692383
2761,13.855229377746582
2762,13.72925090789795
2763,13.620355606079102
2764,13.550312995910645
2765,13.512932777404785
2766,13.511606216430664
2767,13.315892219543457
2768,13.209599494934082
2769,13.165428161621094
2770,13.015191078186035
2771,13.078466415405273
2772,13.018754005432129
2773,13.042863845825195
2774,13.047922134399414
2775,13.196369171142578
2776,13.255783081054688
2777,13.284337043762207
2778,13.009370803833008
2779,12.756667137145996
2780,12.757780075073242
2781,13.003534317016602
2782,12.826456069946289
2783,12.827733993530273
2784,12.992206573486328
2785,13.129063606262207
2786,13.23008918762207
2787,13.229573249816895
2788,13.064675331115723
2789,13.04195785522461
2790,12.928340911865234
2791,12.922643661499023
2792,12.837404251098633
2793,12.910058975219727
2794,12.917654037475586
2795,12.909563064575195
2796,12.913322448730469
2797,12.862992286682129
2798,12.869195938110352
2799,12.802912712097168
2800,12.860431671142578
2801,12.918364524841309
2802,12.790924072265625
2803,12.880247116088867
2804,12.78516674041748
2805,12.777762413024902
2806,12.69323444366455
2807,12.863798141479492
2808,13.122145652770996
2809,13.147623062133789
2810,12.759976387023926
2811,12.704615592956543
2812,12.996394157409668
2813,12.8319091796875
2814,12.777480125427246
2815,12.743917465209961
2816,12.690574645996094
2817,12.690645217895508
2818,12.632884979248047
2819,12.511255264282227
2820,12.52646541595459
2821,12.492941856384277
2822,12.44506549835205
2823,12.337642669677734
2824,12.414264678955078
2825,12.36832332611084
2826,12.304617881774902
2827,12.224308967590332
2828,12.262784004211426
2829,12.196584701538086
2830,12.273993492126465
2831,12.177963256835938
2832,11.86732006072998
2833,12.107778549194336
2834,12.429579734802246
2835,12.592281341552734
2836,12.65000057220459
2837,12.756143569946289
2838,12.765308380126953
2839,13.132898330688477
2840,13.135595321655273
2841,13.061951637268066
2842,12.935371398925781
2843,13.094857215881348
2844,13.10732650756836
2845,13.261261940002441
2846,13.555280685424805
2847,13.495833396911621
2848,13.380880355834961
2849,13.157927513122559
2850,13.056568145751953
2851,12.915139198303223
2852,12.935637474060059
2853,12.867389678955078
2854,12.816967010498047
2855,13.031747817993164
2856,13.119478225708008
2857,13.014556884765625
2858,13.099847793579102
2859,13.336216926574707
2860,13.27964973449707
2861,13.139959335327148
2862,13.279963493347168
2863,13.070537567138672
2864,13.061625480651855
2865,13.61205005645752
2866,13.81692886352539
2867,13.952005386352539
2868,13.99235725402832
2869,13.965858459472656
2870,14.236783981323242
2871,14.14936637878418
2872,14.109221458435059
2873,14.17782211303711
2874,14.0956392288208
2875,14.126489639282227
2876,14.006675720214844
2877,14.089174270629883
2878,14.045248031616211
2879,13.97627067565918
2880,13.739267349243164
2881,13.759806632995605
2882,13.822823524475098
2883,13.826998710632324
2884,13.89674186706543
2885,13.910700798034668
2886,14.24109935760498
2887,14.01563835144043
2888,13.861710548400879
2889,13.893991470336914
2890,14.328407287597656
2891,14.304243087768555
2892,14.03337574005127
2893,14.120292663574219
2894,13.850214958190918
2895,14.0084867477417
2896,14.401079177856445
2897,14.293371200561523
2898,14.687963485717773
2899,14.658831596374512
2900,14.497239112854004
2901,14.464815139770508
2902,14.738007545471191
2903,14.5524263381958
2904,14.489530563354492
2905,14.478082656860352
2906,14.525147438049316
2907,14.432689666748047
2908,14.554157257080078
2909,14.478495597839355
2910,14.283853530883789
2911,14.170487403869629
2912,14.122673988342285
2913,14.526596069335938
2914,14.44489574432373
2915,14.265054702758789
2916,14.387860298156738
2917,14.394468307495117
2918,14.851496696472168
2919,14.761600494384766
2920,14.682671546936035
2921,14.7189359664917
2922,14.636329650878906
2923,14.660128593444824
2924,14.61569881439209
2925,14.70423412322998
2926,14.698629379272461
2927,14.688082695007324
2928,14.577374458312988
2929,14.557463645935059
2930,14.256410598754883
2931,14.338786125183105
2932,14.354499816894531
2933,14.404178619384766
2934,14.345542907714844
2935,14.355111122131348
2936,14.324703216552734
2937,14.512279510498047
2938,14.59753704071045
2939,14.491127014160156
2940,14.709678649902344
2941,14.325754165649414
2942,14.489964485168457
2943,14.462739944458008
2944,14.721323013305664
2945,14.844514846801758
2946,15.193035125732422
2947,15.06024169921875
2948,14.738330841064453
2949,14.886820793151855
2950,15.219752311706543
2951,15.254440307617188
2952,15.259395599365234
2953,15.345026016235352
2954,15.279886245727539
2955,15.311688423156738
2956,15.255672454833984
2957,15.169195175170898
2958,15.14713191986084
2959,15.173323631286621
2960,15.109601974487305
2961,15.179094314575195
2962,15.275714874267578
2963,15.090092658996582
2964,15.025853157043457
2965,14.99436092376709
2966,15.010542869567871
2967,15.278227806091309
2968,15.219462394714355
2969,15.160299301147461
2970,15.042547225952148
2971,15.145540237426758
2972,15.154257774353027
2973,15.130550384521484
2974,15.293551445007324
2975,15.271626472473145
2976,15.271227836608887
2977,15.264739036560059
2978,15.275238990783691
2979,15.224610328674316
2980,15.181538581848145
2981,15.233331680297852
2982,15.082852363586426
2983,15.148839950561523
2984,15.027409553527832
2985,15.045434951782227
2986,15.139694213867188
2987,15.115706443786621
2988,14.941560745239258
2989,14.906868934631348
2990,15.057751655578613
2991,14.91071891784668
2992,14.854990005493164
2993,14.862544059753418
2994,15.02362060546875
2995,15.120855331420898
2996,14.961060523986816
2997,15.210515022277832
2998,15.30675220489502
2999,15.219781875610352
3000,14.690823554992676
3001,14.833731651306152
3002,14.861817359924316
3003,14.813029289245605
3004,14.855504035949707
3005,14.836564064025879
3006,14.854195594787598
3007,14.858776092529297
3008,14.850839614868164
3009,14.725976943969727
3010,14.736401557922363
3011,14.815845489501953
3012,14.87289810180664
3013,14.878799438476562
3014,14.870049476623535
3015,14.774258613586426
3016,14.797707557678223
3017,14.772543907165527
3018,14.7755708694458
3019,14.796104431152344
3020,14.690722465515137
3021,14.704146385192871
3022,14.855128288269043
3023,14.829895973205566
3024,14.82844066619873
3025,15.045406341552734
3026,15.062373161315918
3027,15.069588661193848
3028,15.094581604003906
3029,14.916653633117676
3030,15.079644203186035
3031,15.219273567199707
3032,15.257145881652832
3033,15.324835777282715
3034,15.371493339538574
3035,15.308341026306152
3036,15.324844360351562
3037,15.326571464538574
3038,15.302608489990234
3039,15.318434715270996
3040,15.374288558959961
3041,15.317891120910645
3042,15.351469039916992
3043,15.001415252685547
3044,15.167817115783691
3045,15.109164237976074
3046,15.317208290100098
3047,15.319781303405762
3048,15.32520580291748
3049,15.469894409179688
3050,15.487252235412598
3051,15.39272403717041
3052,15.421571731567383
3053,15.497611999511719
3054,15.575021743774414
3055,15.576059341430664
3056,15.567317008972168
3057,15.569558143615723
3058,15.55295467376709
3059,15.486629486083984
3060,15.451404571533203
3061,15.447810173034668
3062,15.435456275939941
3063,15.447113037109375
3064,15.428224563598633
3065,15.482410430908203
3066,15.440263748168945
3067,15.462559700012207
3068,15.455488204956055
3069,15.470582008361816
3070,15.447463035583496
3071,15.376731872558594
3072,15.345121383666992
3073,15.302842140197754
3074,15.25832748413086
3075,15.245505332946777
3076,15.205525398254395
3077,15.19306755065918
3078,15.223535537719727
3079,15.236414909362793
3080,15.124792098999023
3081,15.091994285583496
3082,15.086864471435547
3083,15.034797668457031
3084,15.010687828063965
3085,15.026328086853027
3086,15.04824161529541
3087,15.043692588806152
3088,15.031355857849121
3089,14.997179985046387
3090,14.91004753112793
3091,14.897074699401855
3092,14.838029861450195
3093,14.882624626159668
3094,14.860126495361328
3095,14.944427490234375
3096,14.824195861816406
3097,14.805030822753906
3098,14.851232528686523
3099,14.891559600830078
3100,14.917726516723633
3101,14.98505687713623
3102,15.16036605834961
3103,15.162221908569336
3104,15.186727523803711
3105,15.072189331054688
3106,15.209049224853516
3107,15.291665077209473
3108,15.24858570098877
3109,15.320669174194336
3110,15.390829086303711
3111,15.389314651489258
3112,15.311229705810547
3113,15.324597358703613
3114,15.272653579711914
3115,15.34968376159668
3116,15.310352325439453
3117,15.331239700317383
3118,15.342442512512207
3119,15.301939964294434
3120,15.322481155395508
3121,15.320961952209473
3122,15.312012672424316
3123,15.32950496673584
3124,15.296247482299805
3125,15.41030502319336
3126,15.424864768981934
3127,15.347949981689453
3128,15.36018180847168
3129,15.301499366760254
3130,15.425108909606934
3131,15.448387145996094
3132,15.464795112609863
3133,15.504467010498047
3134,15.486710548400879
3135,15.5024995803833
3136,15.530643463134766
3137,15.54659366607666
3138,15.548348426818848
3139,15.534666061401367
3140,15.51623821258545
3141,15.489477157592773
3142,15.492927551269531
3143,15.414412498474121
3144,15.391566276550293
3145,15.390600204467773
3146,15.339423179626465
3147,15.293272018432617
3148,15.279654502868652
3149,15.276291847229004
3150,15.248116493225098
3151,14.763063430786133
3152,14.503985404968262
3153,14.362253189086914
3154,14.244373321533203
3155,14.2035493850708
3156,14.172975540161133
3157,14.218634605407715
3158,14.18642520904541
3159,14.162660598754883
3160,14.159647941589355
3161,14.092775344848633
3162,14.079476356506348
3163,14.080649375915527
3164,14.17271614074707
3165,14.320747375488281
3166,14.227295875549316
3167,14.304450035095215
3168,14.326407432556152
3169,14.39443302154541
3170,14.423588752746582
3171,14.311151504516602
3172,14.385554313659668
3173,14.438204765319824
3174,14.318583488464355
3175,14.300044059753418
3176,14.34640121459961
3177,14.465627670288086
3178,14.600748062133789
3179,14.507058143615723
3180,14.477099418640137
3181,14.356546401977539
3182,14.465627670288086
3183,14.515777587890625
3184,14.491545677185059
3185,14.483951568603516
3186,14.502968788146973
3187,14.473176002502441
3188,14.381510734558105
3189,14.369370460510254
3190,14.343415260314941
3191,14.321045875549316
3192,14.342137336730957
3193,14.409627914428711
3194,14.390052795410156
3195,14.454546928405762
3196,14.48836898803711
3197,14.486721992492676
3198,14.366754531860352
3199,14.427800178527832
3200,14.492921829223633
3201,14.454222679138184
3202,14.641688346862793
3203,14.593097686767578
3204,14.723564147949219
3205,14.735715866088867
3206,14.792338371276855
3207,14.699507713317871
3208,14.723653793334961
3209,14.789831161499023
3210,14.958526611328125
3211,15.21076774597168
3212,15.249479293823242
3213,15.335590362548828
3214,15.31070327758789
3215,15.324338912963867
3216,15.268694877624512
3217,15.380817413330078
3218,15.362598419189453
3219,15.33626651763916
3220,15.169322967529297
3221,15.193257331848145
3222,15.208189010620117
3223,15.187482833862305
3224,15.180469512939453
3225,15.12806510925293
3226,15.146260261535645
3227,15.150992393493652
3228,14.824833869934082
3229,14.73076057434082
3230,14.737019538879395
3231,14.803564071655273
3232,14.870037078857422
3233,14.894659042358398
3234,14.826263427734375
3235,14.777592658996582
3236,14.714527130126953
3237,14.697161674499512
3238,14.655324935913086
3239,14.719171524047852
3240,14.731627464294434
3241,14.672901153564453
3242,14.764755249023438
3243,14.740468978881836
3244,14.654398918151855
3245,14.6090087890625
3246,14.649263381958008
3247,14.5916166305542
3248,14.473921775817871
3249,14.475966453552246
3250,14.570294380187988
3251,14.507706642150879
3252,14.440878868103027
3253,14.453401565551758
3254,14.440678596496582
3255,14.622689247131348
3256,14.566880226135254
3257,14.505082130432129
3258,14.41031265258789
3259,14.40017318725586
3260,14.262412071228027
3261,14.203948974609375
3262,14.237203598022461
3263,14.329320907592773
3264,14.47671890258789
3265,14.557760238647461
3266,14.546493530273438
3267,14.593270301818848
3268,14.551876068115234
3269,14.430708885192871
3270,14.326998710632324
3271,14.464756965637207
3272,14.512901306152344
3273,14.661608695983887
3274,14.687785148620605
3275,14.739222526550293
3276,14.587020874023438
3277,14.676371574401855
3278,14.749838829040527
3279,14.747014999389648
3280,14.7384614944458
3281,14.691839218139648
3282,14.851025581359863
3283,14.833298683166504
3284,14.83276653289795
3285,14.937711715698242
3286,14.814924240112305
3287,14.869894027709961
3288,15.003790855407715
3289,15.037264823913574
3290,15.061426162719727
3291,15.001912117004395
3292,15.142109870910645
3293,15.17945384979248
3294,15.181171417236328
3295,15.245492935180664
3296,15.182770729064941
3297,15.177947044372559
3298,15.18909740447998
3299,15.19896411895752
3300,15.23488712310791
3301,15.260684967041016
3302,15.281922340393066
3303,15.239352226257324
3304,15.287261009216309
3305,15.300555229187012
3306,15.34419059753418
3307,15.316920280456543
3308,15.365097999572754
3309,15.171632766723633
3310,15.334257125854492
3311,15.40639877319336
3312,15.358789443969727
3313,15.324671745300293
3314,15.300002098083496
3315,15.360861778259277
3316,15.30323314666748
3317,15.345706939697266
3318,15.465836524963379
3319,15.493932723999023
3320,15.50857162475586
3321,15.472297668457031
3322,15.46291446685791
3323,15.545772552490234
3324,15.504714012145996
3325,15.477470397949219
3326,15.529072761535645
3327,15.514534950256348
3328,15.549776077270508
3329,15.499246597290039
3330,15.464852333068848
3331,15.437743186950684
3332,15.471031188964844
3333,15.409245491027832
3334,15.473082542419434
3335,15.154871940612793
3336,15.118912696838379
3337,15.035747528076172
3338,14.984423637390137
3339,15.009647369384766
3340,15.008532524108887
3341,14.97912311553955
3342,14.93513011932373
3343,15.021583557128906
3344,15.061351776123047
3345,14.937782287597656
3346,14.872232437133789
3347,14.839814186096191
3348,14.86255931854248
3349,14.916996955871582
3350,14.933849334716797
3351,14.93269157409668
3352,14.986857414245605
3353,15.086613655090332
3354,14.940089225769043
3355,14.976630210876465
3356,14.825291633605957
3357,14.971466064453125
3358,14.881186485290527
3359,14.787271499633789
3360,14.873085021972656
3361,14.817791938781738
3362,14.295906066894531
3363,14.23166561126709
3364,14.197677612304688
3365,14.166963577270508
3366,14.180310249328613
3367,14.15636157989502
3368,14.15195083618164
3369,14.163203239440918
3370,14.147053718566895
3371,14.115076065063477
3372,13.959212303161621
3373,13.98145866394043
3374,13.999065399169922
3375,14.011683464050293
3376,13.983931541442871
3377,13.990079879760742
3378,14.038487434387207
3379,14.053696632385254
3380,14.046908378601074
3381,14.205587387084961
3382,14.166045188903809
3383,14.192521095275879
3384,14.199033737182617
3385,14.251625061035156
3386,14.133868217468262
3387,14.070964813232422
3388,14.066953659057617
3389,14.044339179992676
3390,14.024378776550293
3391,13.96757698059082
3392,13.979742050170898
3393,13.975889205932617
3394,13.970874786376953
3395,13.995917320251465
3396,13.975183486938477
3397,14.003978729248047
3398,13.976064682006836
3399,13.964398384094238
3400,13.965085983276367
3401,13.962398529052734
3402,14.003164291381836
3403,13.957025527954102
3404,13.996129035949707
3405,13.97797966003418
3406,13.973822593688965
3407,13.966176986694336
3408,13.922018051147461
3409,13.900721549987793
3410,13.924616813659668
3411,13.984188079833984
3412,14.083290100097656
3413,13.959151268005371
3414,14.03565788269043
3415,13.939197540283203
3416,13.897302627563477
3417,13.883126258850098
3418,13.941299438476562
3419,13.986955642700195
3420,14.07048225402832
3421,14.053330421447754
3422,14.080007553100586
3423,14.149621963500977
3424,14.169322967529297
3425,14.150843620300293
3426,14.189237594604492
3427,14.229838371276855
3428,14.388733863830566
3429,14.442328453063965
3430,14.495689392089844
3431,14.506207466125488
3432,14.610300064086914
3433,14.575949668884277
3434,14.719670295715332
3435,14.743034362792969
3436,14.775089263916016
3437,14.736616134643555
3438,14.776962280273438
3439,14.831103324890137
3440,14.838748931884766
3441,14.860513687133789
3442,14.679391860961914
3443,14.749996185302734
3444,14.679129600524902
3445,14.575260162353516
3446,14.59620189666748
3447,14.666056632995605
3448,14.703094482421875
3449,14.695788383483887
3450,14.680081367492676
3451,14.696285247802734
3452,14.67581844329834
3453,14.677777290344238
3454,14.736672401428223
3455,14.767224311828613
3456,14.833127975463867
3457,14.904237747192383
3458,14.894250869750977
3459,14.923927307128906
3460,14.998777389526367
3461,14.956207275390625
3462,14.899438858032227
3463,14.965136528015137
3464,14.8578519821167
3465,14.87916374206543
3466,14.972342491149902
3467,14.969173431396484
3468,14.97514820098877
3469,14.96405029296875
3470,15.09749984741211
3471,14.81609058380127
3472,14.735885620117188
3473,14.660934448242188
3474,14.664575576782227
3475,14.621356964111328
3476,14.712401390075684
3477,14.644940376281738
3478,14.71213436126709
3479,14.670979499816895
3480,14.594791412353516
3481,14.486380577087402
3482,14.610492706298828
3483,14.627822875976562
3484,14.639486312866211
3485,14.60052490234375
3486,14.545735359191895
3487,14.63498306274414
3488,14.562040328979492
3489,14.59592342376709
3490,14.592923164367676
3491,14.802042961120605
3492,14.789731979370117
3493,14.786834716796875
3494,14.808815956115723
3495,14.593342781066895
3496,14.709052085876465
3497,14.938231468200684
3498,14.989632606506348
3499,14.955945014953613
3500,14.849108695983887
3501,14.59941291809082
3502,14.521795272827148
3503,14.51637077331543
3504,14.485808372497559
3505,14.624384880065918
3506,14.60033893585205
3507,14.620863914489746
3508,14.516119003295898
3509,14.651106834411621
3510,14.686742782592773
3511,14.750288009643555
3512,14.890351295471191
3513,14.91535472869873
3514,14.974898338317871
3515,15.005425453186035
3516,14.987164497375488
3517,15.008191108703613
3518,15.113688468933105
3519,15.031768798828125
3520,15.019364356994629
3521,14.613509178161621
3522,14.517929077148438
3523,14.358567237854004
3524,14.33307933807373
3525,14.278777122497559
3526,14.266018867492676
3527,14.2493896484375
3528,14.261040687561035
3529,14.271688461303711
3530,14.275806427001953
3531,14.283452987670898
3532,14.246500968933105
3533,14.224393844604492
3534,14.255111694335938
3535,14.27489185333252
3536,14.220975875854492
3537,14.200864791870117
3538,14.164176940917969
3539,14.140474319458008
3540,14.155123710632324
3541,14.146798133850098
3542,14.14265251159668
3543,14.146270751953125
3544,14.149263381958008
3545,14.144689559936523
3546,14.127582550048828
3547,14.379624366760254
3548,14.270133018493652
3549,14.174175262451172
3550,14.11027717590332
3551,14.095584869384766
3552,14.102301597595215
3553,14.126958847045898
3554,14.127461433410645
3555,14.15457534790039
3556,14.16369915008545
3557,14.142820358276367
3558,14.164933204650879
3559,14.1475191116333
3560,14.199508666992188
3561,14.421319007873535
3562,14.530029296875
3563,14.516083717346191
3564,14.468527793884277
3565,14.365716934204102
3566,14.4334077835083
3567,14.610255241394043
3568,14.341025352478027
3569,14.46854305267334
3570,14.661345481872559
3571,14.551759719848633
3572,14.526694297790527
3573,14.357963562011719
3574,14.164908409118652
3575,14.183984756469727
3576,14.174819946289062
3577,14.355116844177246
3578,14.447651863098145
3579,14.676724433898926
3580,14.759383201599121
3581,14.77051830291748
3582,14.847095489501953
3583,14.893759727478027
3584,14.88817310333252
3585,14.937201499938965
3586,14.952563285827637
3587,15.051348686218262
3588,15.044405937194824
3589,15.135313034057617
3590,15.072667121887207
3591,15.016350746154785
3592,14.9315767288208
3593,14.94575023651123
3594,14.901437759399414
3595,14.838432312011719
3596,14.826852798461914
3597,14.87065315246582
3598,14.88396167755127
3599,14.904338836669922
3600,14.931903839111328
3601,14.907706260681152
3602,15.015203475952148
3603,14.953859329223633
3604,14.611257553100586
3605,14.624452590942383
3606,14.55260181427002
3607,14.508416175842285
3608,14.496636390686035
3609,14.477892875671387
3610,14.468929290771484
3611,14.405759811401367
3612,14.397246360778809
3613,14.409402847290039
3614,14.391706466674805
3615,14.402091026306152
3616,14.465018272399902
3617,14.45315170288086
3618,14.45849609375
3619,14.441529273986816
3620,14.350817680358887
3621,14.304354667663574
3622,14.289305686950684
3623,14.30589771270752
3624,14.353528022766113
3625,14.318058967590332
3626,14.312808990478516
3627,14.268864631652832
3628,14.397984504699707
3629,14.231902122497559
3630,14.307464599609375
3631,14.411081314086914
3632,14.318890571594238
3633,14.419877052307129
3634,14.38424015045166
3635,14.368371963500977
3636,14.5121431350708
3637,14.692296028137207
3638,14.752007484436035
3639,14.757112503051758
3640,14.765398025512695
3641,14.780425071716309
3642,14.764947891235352
3643,14.852065086364746
3644,14.848057746887207
3645,14.866994857788086
3646,14.87666130065918
3647,14.861577033996582
3648,14.889555931091309
3649,14.876509666442871
3650,14.888428688049316
3651,14.830653190612793
3652,14.619653701782227
3653,14.655739784240723
3654,14.387422561645508
3655,14.694923400878906
3656,14.730520248413086
3657,14.580307006835938
3658,14.665643692016602
3659,14.741119384765625
3660,14.734378814697266
3661,14.727840423583984
3662,14.73272705078125
3663,14.6084623336792
3664,14.554779052734375
3665,14.735806465148926
3666,14.801222801208496
3667,14.82607650756836
3668,14.85140323638916
3669,14.853165626525879
3670,14.84375
3671,14.612287521362305
3672,14.481156349182129
3673,14.551766395568848
3674,14.741388320922852
3675,14.529643058776855
3676,14.46995735168457
3677,14.366894721984863
3678,14.308276176452637
3679,14.279193878173828
3680,14.256391525268555
3681,14.1636323928833
3682,14.109698295593262
3683,14.12360668182373
3684,14.101754188537598
3685,14.107549667358398
3686,14.108376502990723
3687,14.091123580932617
3688,14.082825660705566
3689,14.072176933288574
3690,14.09377670288086
3691,14.073248863220215
3692,14.072090148925781
3693,14.051519393920898
3694,14.044587135314941
3695,14.04647445678711
3696,14.091753959655762
3697,14.11703109741211
3698,14.118797302246094
3699,14.12571907043457
3700,14.120302200317383
3701,14.125147819519043
3702,14.148921966552734
3703,14.195450782775879
3704,14.130208969116211
3705,14.12303352355957
3706,14.2137451171875
3707,14.139070510864258
3708,14.034978866577148
3709,14.020459175109863
3710,14.034432411193848
3711,14.029228210449219
3712,14.028990745544434
3713,14.043622970581055
3714,14.069740295410156
3715,14.085325241088867
3716,14.082151412963867
3717,14.074460983276367
3718,14.060624122619629
3719,14.073936462402344
3720,14.107937812805176
3721,14.118762969970703
3722,14.150736808776855
3723,14.2147798538208
3724,14.257360458374023
3725,14.250174522399902
3726,14.304364204406738
3727,14.247101783752441
3728,14.286511421203613
3729,14.140384674072266
3730,14.212352752685547
3731,14.210689544677734
3732,14.134756088256836
3733,14.080541610717773
3734,14.072610855102539
3735,14.037483215332031
3736,14.042000770568848
3737,14.007858276367188
3738,14.024861335754395
3739,14.02009391784668
3740,14.024279594421387
3741,14.022777557373047
3742,14.144492149353027
3743,14.175313949584961
3744,14.295370101928711
3745,14.410514831542969
3746,14.443378448486328
3747,14.51752758026123
3748,14.539704322814941
3749,14.538182258605957
3750,14.655296325683594
3751,14.69340705871582
3752,14.566838264465332
3753,14.707925796508789
3754,14.734557151794434
3755,14.758378028869629
3756,14.815126419067383
3757,14.785286903381348
3758,14.85379695892334
3759,14.891959190368652
3760,14.897225379943848
3761,14.8766450881958
3762,14.793312072753906
3763,14.994805335998535
3764,15.12632942199707
3765,15.113024711608887
3766,15.1904296875
3767,15.154982566833496
3768,15.1214599609375
3769,15.114112854003906
3770,15.052735328674316
3771,15.065160751342773
3772,15.117125511169434
3773,15.065792083740234
3774,14.999258041381836
3775,14.984704971313477
3776,15.009167671203613
3777,15.012635231018066
3778,14.953977584838867
3779,14.876949310302734
3780,14.90123462677002
3781,14.916814804077148
3782,14.93148136138916
3783,14.967663764953613
3784,14.962305068969727
3785,15.097301483154297
3786,15.03370189666748
3787,15.105283737182617
3788,15.128740310668945
3789,14.642987251281738
3790,14.524747848510742
3791,14.420980453491211
3792,14.362382888793945
3793,14.395870208740234
3794,14.608100891113281
3795,14.485212326049805
3796,14.461546897888184
3797,14.470617294311523
3798,14.492876052856445
3799,14.417864799499512
3800,14.375870704650879
3801,14.33079719543457
3802,14.355020523071289
3803,14.368693351745605
3804,14.373332023620605
3805,14.316620826721191
3806,14.257328987121582
3807,14.233192443847656
3808,14.202235221862793
3809,14.198147773742676
3810,14.190250396728516
3811,14.200394630432129
3812,14.197242736816406
3813,14.263959884643555
3814,14.229341506958008
3815,14.173139572143555
3816,14.107787132263184
3817,14.121013641357422
3818,14.146421432495117
3819,14.184646606445312
3820,14.211519241333008
3821,14.125808715820312
3822,14.113982200622559
3823,14.100167274475098
3824,14.082253456115723
3825,14.084373474121094
3826,14.07827091217041
3827,14.061988830566406
3828,14.074278831481934
3829,14.078960418701172
3830,14.474042892456055
3831,14.606571197509766
3832,14.669296264648438
3833,14.704710960388184
3834,14.733844757080078
3835,14.760493278503418
3836,14.766962051391602
3837,14.771954536437988
3838,14.812250137329102
3839,14.908895492553711
3840,15.071271896362305
3841,15.035961151123047
3842,14.930227279663086
3843,14.724695205688477
3844,14.48401927947998
3845,14.68325424194336
3846,14.720161437988281
3847,14.530893325805664
3848,14.666991233825684
3849,14.716788291931152
3850,14.716523170471191
3851,14.550774574279785
3852,14.493316650390625
3853,14.439290046691895
3854,14.437772750854492
3855,14.72351360321045
3856,14.797342300415039
3857,14.683500289916992
3858,14.81154727935791
3859,14.843414306640625
3860,14.845573425292969
3861,14.821999549865723
3862,14.787839889526367
3863,14.603516578674316
3864,14.711318969726562
3865,14.818280220031738
3866,14.881611824035645
3867,14.9288911819458
3868,14.973671913146973
3869,14.957454681396484
3870,14.914715766906738
3871,14.682869911193848
3872,14.793055534362793
3873,14.79371166229248
3874,14.627119064331055
3875,14.607681274414062
3876,14.8040132522583
3877,14.899428367614746
3878,14.857903480529785
3879,14.919339179992676
3880,14.845802307128906
3881,14.66814136505127
3882,14.574369430541992
3883,14.539236068725586
3884,15.032014846801758
3885,15.133881568908691
3886,15.271358489990234
3887,15.274067878723145
3888,15.308087348937988
3889,15.369983673095703
3890,15.347599983215332
3891,15.34324836730957
3892,15.339065551757812
3893,15.407607078552246
3894,15.450211524963379
3895,15.452165603637695
3896,15.460628509521484
3897,15.462532043457031
3898,15.472952842712402
3899,15.443143844604492
3900,15.330554962158203
3901,15.290596961975098
3902,15.302196502685547
3903,15.282909393310547
3904,15.260456085205078
3905,15.236834526062012
3906,15.226665496826172
3907,15.229204177856445
3908,15.23979663848877
3909,15.427251815795898
3910,15.44583511352539
3911,15.288981437683105
3912,15.38822078704834
3913,15.37794017791748
3914,15.367536544799805
3915,15.328094482421875
3916,15.169951438903809
3917,15.286849021911621
3918,15.144702911376953
3919,15.25349235534668
3920,15.310484886169434
3921,15.299651145935059
3922,15.295698165893555
3923,15.187477111816406
3924,15.115036010742188
3925,15.269388198852539
3926,15.395615577697754
3927,15.447843551635742
3928,15.490335464477539
3929,15.47048282623291
3930,15.456871032714844
3931,15.447616577148438
3932,15.466605186462402
3933,15.461506843566895
3934,15.529974937438965
3935,15.50206470489502
3936,15.532196998596191
3937,15.533588409423828
3938,15.39972972869873
3939,15.443541526794434
3940,15.491230010986328
3941,15.51111888885498
3942,15.488127708435059
3943,15.438484191894531
3944,15.2214994430542
3945,15.176377296447754
3946,15.151493072509766
3947,15.154458045959473
3948,15.188237190246582
3949,15.228007316589355
3950,15.30848217010498
3951,15.257784843444824
3952,15.260245323181152
3953,15.375243186950684
3954,15.317212104797363
3955,15.415435791015625
3956,15.399721145629883
3957,15.495293617248535
3958,15.492928504943848
3959,15.480203628540039
3960,15.475381851196289
3961,15.439905166625977
3962,15.279923439025879
3963,15.17403793334961
3964,15.164407730102539
3965,15.252517700195312
3966,15.316585540771484
3967,15.393534660339355
3968,15.434488296508789
3969,15.446879386901855
3970,15.41650676727295
3971,15.401407241821289
3972,15.387907981872559
3973,15.344308853149414
3974,15.389333724975586
3975,15.40937328338623
3976,15.388429641723633
3977,15.381221771240234
3978,15.30043888092041
3979,15.289935111999512
3980,15.227156639099121
3981,15.20152759552002
3982,15.14900016784668
3983,15.102093696594238
3984,15.098968505859375
3985,15.042695045471191
3986,15.042071342468262
3987,14.97903060913086
3988,14.851737022399902
3989,14.812438011169434
3990,14.838048934936523
3991,14.903450012207031
3992,14.739238739013672
3993,14.812772750854492
3994,14.842822074890137
3995,14.780574798583984
3996,14.698587417602539
3997,14.635258674621582
3998,14.617414474487305
3999,14.603813171386719
