,0
0,15.6
1,15.535
2,15.549999999999999
3,15.58
4,15.5
5,15.49
6,15.47
7,15.475000000000001
8,15.46
9,15.61
10,15.670000000000002
11,15.62
12,15.630000000000003
13,15.6
14,15.559999999999999
15,15.559999999999999
16,15.59
17,15.644999999999998
18,15.664999999999997
19,15.680000000000001
20,15.670000000000002
21,15.700000000000001
22,15.670000000000002
23,15.660000000000002
24,15.660000000000002
25,15.654999999999998
26,15.650000000000002
27,15.62
28,15.680000000000001
29,15.700000000000001
30,15.700000000000001
31,15.73
32,15.725
33,15.74
34,15.71
35,15.72
36,15.61
37,15.565
38,15.575
39,15.640000000000002
40,15.650000000000002
41,15.71
42,15.755
43,15.77
44,15.74
45,15.77
46,15.75
47,15.76
48,15.72
49,15.700000000000001
50,15.690000000000001
51,15.685
52,15.700000000000001
53,15.715
54,15.690000000000001
55,15.690000000000001
56,15.73
57,15.690000000000001
58,15.650000000000002
59,15.659
60,15.675
61,15.690000000000001
62,15.700000000000001
63,15.71
64,15.77
65,15.690000000000001
66,15.650000000000002
67,15.640000000000002
68,15.604999999999999
69,15.624999999999998
70,15.61
71,15.630000000000003
72,15.569999999999999
73,15.640000000000002
74,15.670000000000002
75,15.660000000000002
76,15.6
77,15.559999999999999
78,15.53
79,15.54
80,15.525
81,15.559999999999999
82,15.505
83,15.505
84,15.49
85,15.48
86,15.5
87,15.48
88,15.495000000000001
89,15.49
90,15.52
91,15.53
92,15.569999999999999
93,15.51
94,15.49
95,15.49
96,15.449999999999998
97,15.400000000000002
98,15.46
99,15.49
100,15.47
101,15.48
102,15.520099999999998
103,15.54
104,15.482999999999997
105,15.5
106,15.525
107,15.49
108,15.52
109,15.535
110,15.58
111,15.565
112,15.6
113,15.515
114,15.569999999999999
115,15.58
116,15.48
117,15.430000000000001
118,15.400000000000002
119,15.37
120,15.380000000000003
121,15.390000000000002
122,15.3501
123,15.36
124,15.37
125,15.400000000000002
126,15.374999999999998
127,15.400000000000002
128,15.410000000000002
129,15.410000000000002
130,15.472000000000001
131,15.449999999999998
132,15.440000000000001
133,15.410000000000002
134,15.390000000000002
135,15.390000000000002
136,15.400000000000002
137,15.37
138,15.420000000000002
139,15.404999999999998
140,15.449999999999998
141,15.440000000000001
142,15.5
143,15.52
144,15.59
145,15.630000000000003
146,15.650000000000002
147,15.61
148,15.640000000000002
149,15.640099999999999
150,15.640000000000002
151,15.62
152,15.634999999999998
153,15.650000000000002
154,15.660000000000002
155,15.670000000000002
156,15.670000000000002
157,15.630000000000003
158,15.640000000000002
159,15.640000000000002
160,15.650000000000002
161,15.670000000000002
162,15.6701
163,15.660000000000002
164,15.650000000000002
165,15.640000000000002
166,15.664999999999997
167,15.640000000000002
168,15.640000000000002
169,15.77
170,15.700000000000001
171,15.594999999999999
172,15.559999999999999
173,15.549999999999999
174,15.594999999999999
175,15.600999999999999
176,15.59
177,15.6
178,15.660000000000002
179,15.680000000000001
180,15.670000000000002
181,15.700000000000001
182,15.71
183,15.71
184,15.71
185,15.76
186,15.745000000000001
187,15.73
188,15.755
189,15.75
190,15.765
191,15.88
192,15.819999999999999
193,15.86
194,15.86
195,15.87
196,16.075
197,16.08
198,15.99
199,16.04
200,16.03
201,15.98
202,15.98
203,15.99
204,15.920000000000002
205,15.920000000000002
206,15.910000000000002
207,15.925
208,15.920000000000002
209,15.940000000000001
210,15.890000000000002
211,15.87
212,15.890000000000002
213,15.950000000000001
214,15.950000000000001
215,15.950000000000001
216,15.945
217,15.900000000000002
218,15.930000000000001
219,15.910000000000002
220,15.920000000000002
221,15.910000000000002
222,15.920000000000002
223,16.05
224,16.045
225,16.035
226,16.0524
227,16.05
228,16.03
229,16.035
230,16.1
231,16.12
232,16.11
233,16.095
234,16.13
235,16.13
236,16.135
237,16.145
238,16.14
239,16.135
240,16.14
241,16.14
242,16.16
243,16.19
244,16.2
245,16.21
246,16.2
247,16.22
248,16.245
249,16.25
250,16.4
251,16.5
252,16.4
253,16.43
254,16.49
255,16.43
256,16.375
257,16.375
258,16.32
259,16.34
260,16.35
261,16.38
262,16.39
263,16.36
264,16.37
265,16.45
266,16.665
267,16.76
268,16.6876
269,16.65
270,16.6
271,16.61
272,16.72
273,16.785
274,16.88
275,16.82
276,16.83
277,17.2
278,17.1999
279,17.01
280,17.06
281,17.0
282,17.07
283,17.04
284,17.03
285,17.135
286,17.165
287,17.16
288,17.2
289,17.2
290,17.2
291,17.19
292,17.17
293,17.15
294,17.16
295,17.15
296,17.12
297,17.11
298,17.15
299,17.14
300,17.19
301,17.28
302,17.35
303,17.36
304,17.6
305,17.424
306,17.574
307,17.7
308,17.74
309,17.615
310,17.65
311,17.705
312,17.745
313,17.83
314,17.735
315,17.77
316,17.8201
317,17.8304
318,17.82
319,17.82
320,17.83
321,17.831
322,17.85
323,17.83
324,17.87
325,17.89
326,17.885
327,17.895
328,17.915
329,17.915
330,17.91
331,17.88
332,17.8801
333,17.925
334,17.95
335,17.94
336,17.89
337,17.885
338,17.93
339,17.9
340,17.92
341,17.87
342,17.89
343,17.89
344,17.9
345,17.9
346,17.91
347,17.9
348,17.89
349,17.89
350,17.915
351,17.93
352,17.93
353,17.91
354,17.92
355,17.95
356,17.895
357,17.9
358,17.975
359,17.93
360,17.92
361,17.935
362,17.99
363,18.16
364,18.12
365,18.21
366,18.1599
367,18.13
368,18.1488
369,18.12
370,18.15
371,18.145
372,18.169
373,18.2399
374,18.24
375,18.24
376,18.2931
377,18.27
378,18.26
379,18.2201
380,18.15
381,18.145
382,18.17
383,18.145
384,18.14
385,18.25
386,18.27
387,18.4
388,18.36
389,18.441
390,18.42
391,18.41
392,18.44
393,18.47
394,18.44
395,18.465
396,18.49
397,18.535
398,18.57
399,18.57
400,18.57
401,18.56
402,18.59
403,18.685
404,18.68
405,18.69
406,18.69
407,18.69
408,18.745
409,18.795
410,18.77
411,18.78
412,18.98
413,18.912
414,18.91
415,18.75
416,18.78
417,18.77
418,18.66
419,18.64
420,18.57
421,18.635
422,18.62
423,18.65
424,18.645
425,18.64
426,18.655
427,18.645
428,18.773
429,18.72
430,18.65
431,18.58
432,18.602999999999998
433,18.62
434,18.65
435,18.72
436,18.685
437,18.64
438,18.64
439,18.52
440,18.5
441,18.61
442,18.67
443,18.7
444,18.675
445,18.83
446,18.88
447,18.925
448,18.97
449,18.965
450,18.91
451,18.915
452,18.915
453,18.91
454,18.97
455,18.94
456,18.97
457,19.03
458,19.035
459,19.02
460,18.99
461,18.98
462,18.91
463,18.9
464,18.88
465,18.91
466,18.69
467,18.625
468,18.54
469,18.64
470,18.6667
471,18.6211
472,18.725
473,18.77
474,18.815
475,18.81
476,18.775
477,18.785
478,18.805
479,18.84
480,18.845
481,18.85
482,18.825
483,18.83
484,18.83
485,18.84
486,18.825
487,18.81
488,18.8
489,18.8
490,18.81
491,18.745
492,18.74
493,18.88
494,18.84
495,18.89
496,18.95
497,18.9
498,18.872
499,18.86
500,18.89
501,18.87
502,18.791
503,18.86
504,18.85
505,18.825
506,18.8201
507,18.84
508,18.83
509,18.85
510,18.81
511,18.765
512,18.69
513,18.692999999999998
514,18.715
515,18.675
516,18.685
517,18.705
518,18.71
519,18.71
520,18.79
521,18.77
522,18.71
523,18.7201
524,18.72
525,18.7
526,18.695
527,18.69
528,18.69
529,18.68
530,18.69
531,18.665
532,18.66
533,18.645
534,18.635
535,18.63
536,18.57
537,18.565
538,18.5601
539,18.495
540,18.495
541,18.5
542,18.53
543,18.53
544,18.505
545,18.49
546,18.5
547,18.29
548,18.4
549,18.49
550,18.46
551,18.4749
552,18.44
553,18.45
554,18.4844
555,18.565
556,18.49
557,18.5
558,18.5
559,18.49
560,18.43
561,18.44
562,18.46
563,18.47
564,18.44
565,18.46
566,18.455
567,18.41
568,18.37
569,18.3
570,18.375
571,18.4
572,18.375
573,18.38
574,18.14
575,18.18
576,18.06
577,18.105
578,18.115
579,18.095
580,18.045
581,18.12
582,18.035
583,18.01
584,18.105
585,18.09
586,18.145
587,18.175
588,18.21
589,18.22
590,18.21
591,18.211
592,18.24
593,18.21
594,18.245
595,18.21
596,18.2
597,18.19
598,18.235
599,18.29
600,18.29
601,18.47
602,18.51
603,18.44
604,18.48
605,18.465
606,18.505
607,18.529
608,18.51
609,18.49
610,18.515
611,18.525
612,18.55
613,18.5
614,18.4849
615,18.49
616,18.5
617,18.545
618,18.475
619,18.5
620,18.48
621,18.49
622,18.505
623,18.5
624,18.535
625,18.54
626,18.48
627,18.48
628,18.6324
629,18.56
630,18.59
631,18.61
632,18.555
633,18.57
634,18.6
635,18.54
636,18.506
637,18.51
638,18.5
639,18.53
640,18.57
641,18.545
642,18.55
643,18.52
644,18.505
645,18.5
646,18.515
647,18.54
648,18.575
649,18.59
650,18.6
651,18.58
652,18.595
653,18.64
654,18.64
655,18.68
656,18.625
657,18.47
658,18.57
659,18.51
660,18.51
661,18.48
662,18.35
663,18.39
664,18.42
665,18.395
666,18.385
667,18.39
668,18.3949
669,18.41
670,18.41
671,18.395
672,18.385
673,18.38
674,18.430999999999997
675,18.42
676,18.41
677,18.41
678,18.42
679,18.41
680,18.39
681,18.38
682,18.47
683,18.38
684,18.405
685,18.42
686,18.41
687,18.36
688,18.255
689,18.23
690,18.27
691,18.245
692,18.25
693,18.323
694,18.33
695,18.34
696,18.305
697,18.305
698,18.28
699,18.305
700,18.33
701,18.31
702,18.28
703,18.3
704,18.29
705,18.3
706,18.31
707,18.355
708,18.36
709,18.29
710,18.34
711,18.2101
712,18.175
713,18.1
714,18.1
715,18.1
716,18.16
717,18.18
718,18.15
719,18.14
720,18.155
721,18.1301
722,18.14
723,18.13
724,18.14
725,18.1
726,18.1
727,18.07
728,18.05
729,18.085
730,18.095
731,18.03
732,18.08
733,18.03
734,18.085
735,18.195
736,18.27
737,18.335
738,18.32
739,18.38
740,18.38
741,18.3701
742,18.43
743,18.345
744,18.335
745,18.26
746,18.31
747,18.3
748,18.305
749,18.275
750,18.24
751,18.2338
752,18.275
753,18.24
754,18.21
755,18.1901
756,18.2
757,18.191
758,18.205
759,18.25
760,18.28
761,18.27
762,18.2001
763,18.2
764,18.1301
765,18.195
766,18.185
767,18.21
768,18.28
769,18.35
770,18.31
771,18.28
772,18.295
773,18.3187
774,18.315
775,18.31
776,18.25
777,18.29
778,18.28
779,18.27
780,18.29
781,18.37
782,18.35
783,18.31
784,18.32
785,18.315
786,18.281
787,18.315
788,18.32
789,18.34
790,18.37
791,18.36
792,18.3
793,18.16
794,18.16
795,18.11
796,18.035
797,18.09
798,18.0399
799,18.0
800,17.96
801,17.9
802,17.8123
803,17.74
804,17.775
805,17.83
806,17.75
807,17.78
808,17.77
809,17.855
810,17.78
811,17.74
812,17.76
813,17.8075
814,17.74
815,17.74
816,17.91
817,17.84
818,17.87
819,17.86
820,17.81
821,17.78
822,17.805
823,17.78
824,17.73
825,17.8
826,17.74
827,17.7
828,17.795
829,17.775
830,17.78
831,17.79
832,17.81
833,17.855
834,17.84
835,17.835
836,17.8
837,17.795
838,17.79
839,17.825
840,17.85
841,17.8
842,17.82
843,17.98
844,17.93
845,17.91
846,17.91
847,17.921
848,17.96
849,17.945
850,17.95
851,17.92
852,17.9
853,17.92
854,17.945
855,17.92
856,17.89
857,17.885
858,17.92
859,17.945
860,17.925
861,17.85
862,17.91
863,17.83
864,17.85
865,17.87
866,17.855
867,17.85
868,17.81
869,17.82
870,17.9
871,18.01
872,18.04
873,18.14
874,18.25
875,18.31
876,18.175
877,18.26
878,18.255
879,18.32
880,18.32
881,18.33
882,18.255
883,18.28
884,18.223
885,18.215
886,18.245
887,18.23
888,18.23
889,18.22
890,18.225
891,18.24
892,18.22
893,18.205
894,18.22
895,18.23
896,18.24
897,18.69
898,18.81
899,18.82
900,18.84
901,18.86
902,18.81
903,18.75
904,18.67
905,18.7
906,18.695
907,18.68
908,18.67
909,18.66
910,18.68
911,18.665
912,18.67
913,18.655
914,18.6594
915,18.62
916,18.61
917,18.63
918,18.6
919,18.495
920,18.53
921,18.6
922,18.555
923,18.555
924,18.54
925,18.57
926,18.69
927,18.69
928,18.73
929,18.625
930,18.605
931,18.6199
932,18.585
933,18.585
934,18.565
935,18.6
936,18.585
937,18.61
938,18.61
939,18.59
940,18.57
941,18.58
942,18.565
943,18.535
944,18.515
945,18.52
946,18.495
947,18.51
948,18.569000000000006
949,18.575
950,18.57
951,18.75
952,18.81
953,18.715
954,18.7
955,18.63
956,18.67
957,18.655
958,18.6901
959,18.685
960,18.665
961,18.675
962,18.675
963,18.715
964,18.715
965,18.625
966,18.6
967,18.535
968,18.54
969,18.55
970,18.5
971,18.535
972,18.56
973,18.48
974,18.465999999999998
975,18.515
976,18.5
977,18.53
978,18.6
979,18.62
980,18.59
981,18.54
982,18.47
983,18.3801
984,18.425
985,18.4
986,18.34
987,18.27
988,18.22
989,18.21
990,18.201
991,18.295
992,18.262
993,18.3
994,18.355
995,18.35
996,18.39
997,18.415
998,18.405
999,18.375
1000,18.465
1001,18.5
1002,18.46
1003,18.45
1004,18.525
1005,18.61
1006,18.61
1007,18.58
1008,18.485
1009,18.491
1010,18.45
1011,18.41
1012,18.37
1013,18.36
1014,18.332
1015,18.4
1016,18.4
1017,18.41
1018,18.47
1019,18.48
1020,18.5019
1021,18.545
1022,18.5
1023,18.555
1024,18.57
1025,18.615
1026,18.6001
1027,18.5599
1028,18.45
1029,18.45
1030,18.93
1031,18.64
1032,18.75
1033,18.45
1034,18.41
1035,18.22
1036,18.31
1037,18.275
1038,18.2
1039,18.17
1040,18.28
1041,18.33
1042,18.33
1043,18.325
1044,18.285
1045,18.19
1046,18.03
1047,17.97
1048,18.06
1049,18.18
1050,18.21
1051,18.25
1052,18.2
1053,18.075
1054,18.06
1055,18.03
1056,18.03
1057,18.09
1058,17.99
1059,17.965
1060,17.99
1061,17.89
1062,17.78
1063,17.73
1064,17.73
1065,17.625
1066,17.71
1067,17.75
1068,17.69
1069,17.695
1070,17.715
1071,17.705
1072,17.725
1073,17.74
1074,17.73
1075,17.79
1076,17.795
1077,17.84
1078,17.85
1079,17.82
1080,17.845
1081,17.83
1082,17.795
1083,17.79
1084,17.83
1085,17.875
1086,17.98
1087,18.0
1088,17.98
1089,17.975
1090,17.945
1091,17.94
1092,17.959
1093,17.98
1094,18.0
1095,17.97
1096,17.94
1097,17.99
1098,17.935
1099,17.96
1100,18.0
1101,17.975
1102,17.955
1103,17.97
1104,17.93
1105,17.955
1106,17.93
1107,17.93
1108,17.93
1109,17.89
1110,17.9
1111,17.95
1112,18.03
1113,17.86
1114,17.8601
1115,17.91
1116,17.92
1117,17.98
1118,17.95
1119,17.9702
1120,18.005
1121,17.9703
1122,17.96
1123,17.942
1124,17.965
1125,17.95
1126,17.98
1127,17.955
1128,17.93
1129,17.97
1130,17.97
1131,17.99
1132,17.995
1133,17.985
1134,18.005
1135,18.0
1136,17.91
1137,18.66
1138,18.76
1139,18.7004
1140,18.67
1141,18.68
1142,18.67
1143,18.65
1144,18.59
1145,18.64
1146,18.61
1147,18.61
1148,18.6
1149,18.56
1150,18.49
1151,18.4
1152,18.43
1153,18.45
1154,18.465
1155,18.4806
1156,18.53
1157,18.51
1158,18.47
1159,18.47
1160,18.51
1161,18.62
1162,18.65
1163,18.65
1164,18.54
1165,18.5
1166,18.555
1167,18.64
1168,18.65
1169,18.65
1170,18.565
1171,18.57
1172,18.54
1173,18.58
1174,18.63
1175,18.64
1176,18.62
1177,18.6
1178,18.55
1179,18.53
1180,18.47
1181,18.52
1182,18.54
1183,18.515
1184,18.5
1185,18.557000000000002
1186,18.54
1187,18.525
1188,18.515
1189,18.53
1190,18.53
1191,18.8
1192,19.07
1193,19.18
1194,18.8701
1195,18.97
1196,18.93
1197,18.86
1198,18.835
1199,18.91
1200,18.9
1201,18.92
1202,18.925
1203,18.855
1204,18.85
1205,18.7801
1206,18.74
1207,18.75
1208,18.755
1209,18.8
1210,18.79
1211,18.665
1212,18.705
1213,18.745
1214,18.785
1215,18.735
1216,18.72
1217,18.73
1218,18.8
1219,18.72
1220,18.71
1221,18.65
1222,18.61
1223,18.48
1224,18.4
1225,18.31
1226,18.2
1227,18.21
1228,18.12
1229,18.23
1230,18.21
1231,18.13
1232,18.13
1233,18.145
1234,18.14
1235,18.21
1236,18.1945
1237,18.195
1238,18.15
1239,18.2
1240,18.235
1241,18.262999999999998
1242,18.19
1243,18.15
1244,18.15
1245,18.191
1246,18.5
1247,18.53
1248,18.355
1249,18.27
1250,18.205
1251,18.25
1252,18.25
1253,18.29
1254,18.235
1255,18.29
1256,18.295
1257,18.37
1258,18.37
1259,18.292
1260,18.255
1261,18.23
1262,18.21
1263,18.15
1264,18.095
1265,18.1825
1266,18.24
1267,18.29
1268,18.27
1269,18.23
1270,18.21
1271,18.21
1272,18.555
1273,18.59
1274,18.66
1275,18.535
1276,18.7081
1277,18.75
1278,18.69
1279,18.74
1280,18.73
1281,18.76
1282,18.83
1283,18.8671
1284,18.885
1285,18.85
1286,18.9
1287,18.865
1288,18.85
1289,18.89
1290,18.88
1291,18.805
1292,18.775
1293,18.8
1294,18.78
1295,18.84
1296,18.88
1297,18.86
1298,18.86
1299,18.86
1300,18.8
1301,18.735
1302,18.72
1303,18.77
1304,18.78
1305,18.82
1306,18.8825
1307,18.9
1308,18.875
1309,18.98
1310,19.075
1311,19.02
1312,19.045
1313,19.035
1314,19.035
1315,19.03
1316,18.87
1317,18.925
1318,18.9
1319,18.85
1320,18.81
1321,18.85
1322,18.829
1323,18.859
1324,18.84
1325,18.84
1326,18.89
1327,18.92
1328,18.98
1329,18.88
1330,18.8
1331,18.76
1332,18.73
1333,18.6199
1334,18.69
1335,18.66
1336,18.63
1337,18.74
1338,18.765
1339,18.71
1340,18.66
1341,18.59
1342,18.5899
1343,18.53
1344,18.57
1345,18.5
1346,18.435
1347,18.4
1348,18.35
1349,18.4
1350,18.48
1351,18.385
1352,18.38
1353,18.46
1354,18.35
1355,18.1818
1356,18.25
1357,18.24
1358,18.361
1359,18.35
1360,18.29
1361,18.21
1362,18.2112
1363,18.26
1364,18.29
1365,18.31
1366,18.295
1367,18.24
1368,18.23
1369,18.24
1370,18.165
1371,18.16
1372,18.08
1373,17.932000000000006
1374,18.04
1375,18.135
1376,18.21
1377,18.23
1378,18.12
1379,18.12
1380,18.18
1381,18.35
1382,18.34
1383,18.27
1384,18.33
1385,18.36
1386,18.35
1387,18.29
1388,18.33
1389,18.265
1390,18.29
1391,18.31
1392,18.2901
1393,18.29
1394,18.25
1395,18.24
1396,18.31
1397,18.22
1398,18.26
1399,18.205
1400,18.178
1401,18.175
1402,18.154
1403,18.2
1404,18.28
1405,18.32
1406,18.32
1407,18.47
1408,18.34
1409,18.27
1410,18.26
1411,18.37
1412,18.2912
1413,18.27
1414,18.28
1415,18.27
1416,18.25
1417,18.255
1418,18.33
1419,18.27
1420,18.21
1421,18.22
1422,18.23
1423,18.34
1424,18.41
1425,18.4099
1426,18.36
1427,18.43
1428,18.42
1429,18.48
1430,18.54
1431,18.46
1432,18.445
1433,18.45
1434,18.320999999999998
1435,18.31
1436,18.31
1437,18.36
1438,18.27
1439,18.275
1440,18.35
1441,18.32
1442,18.29
1443,18.39
1444,18.47
1445,18.51
1446,18.4322
1447,18.37
1448,18.35
1449,18.44
1450,18.39
1451,18.415
1452,18.44
1453,18.37
1454,18.395
1455,18.43
1456,18.44
1457,18.46
1458,18.49
1459,18.48
1460,18.49
1461,18.57
1462,18.53
1463,18.65
1464,18.7019
1465,18.62
1466,18.68
1467,18.55
1468,18.56
1469,18.56
1470,18.575
1471,18.57
1472,18.54
1473,18.53
1474,18.55
1475,18.6
1476,18.59
1477,18.58
1478,18.565
1479,18.6
1480,18.615
1481,18.56
1482,18.53
1483,18.55
1484,18.56
1485,18.58
1486,18.56
1487,18.56
1488,18.74
1489,18.63
1490,18.61
1491,18.56
1492,18.45
1493,18.61
1494,18.64
1495,18.63
1496,18.62
1497,18.64
1498,18.66
1499,18.65
1500,18.65
1501,18.63
1502,18.64
1503,18.64
1504,18.61
1505,18.61
1506,18.62
1507,18.635
1508,18.644000000000002
1509,18.660999999999998
1510,18.665
1511,18.68
1512,18.685
1513,18.71
1514,18.71
1515,18.7
1516,18.67
1517,18.8
1518,18.76
1519,18.88
1520,18.8402
1521,18.92
1522,18.9
1523,18.91
1524,18.95
1525,18.96
1526,18.965
1527,18.93
1528,18.94
1529,18.9361
1530,18.915
1531,18.94
1532,18.9499
1533,18.92
1534,18.95
1535,18.965
1536,18.97
1537,18.96
1538,18.95
1539,18.905
1540,18.88
1541,18.87
1542,19.05
1543,18.98
1544,18.91
1545,19.0
1546,19.035
1547,19.01
1548,19.04
1549,19.01
1550,19.05
1551,19.125
1552,19.09
1553,19.06
1554,19.02
1555,19.06
1556,19.04
1557,19.09
1558,19.06
1559,19.0924
1560,19.05
1561,19.035
1562,19.02
1563,19.05
1564,19.045
1565,19.05
1566,19.065
1567,19.09
1568,19.09
1569,19.26
1570,19.29
1571,19.32
1572,19.3299
1573,19.415
1574,19.366
1575,19.39
1576,19.41
1577,19.415
1578,19.32
1579,19.275
1580,19.3
1581,19.35
1582,19.34
1583,19.33
1584,19.315
1585,19.3
1586,19.29
1587,19.305
1588,19.27
1589,19.3
1590,19.33
1591,19.34
1592,19.31
1593,19.29
1594,19.25
1595,19.26
1596,19.39
1597,19.23
1598,19.07
1599,18.99
1600,18.92
1601,18.88
1602,18.89
1603,18.91
1604,18.87
1605,18.902
1606,18.86
1607,18.8
1608,18.78
1609,18.765
1610,18.75
1611,18.73
1612,18.79
1613,18.84
1614,18.795
1615,18.79
1616,18.79
1617,18.8
1618,18.81
1619,18.815
1620,18.74
1621,18.725
1622,18.73
1623,18.73
1624,18.9
1625,18.87
1626,18.87
1627,18.85
1628,18.74
1629,18.625
1630,18.51
1631,18.61
1632,18.58
1633,18.6
1634,18.56
1635,18.58
1636,18.58
1637,18.471
1638,18.479
1639,18.54
1640,18.54
1641,18.57
1642,18.55
1643,18.6
1644,18.61
1645,18.72
1646,18.73
1647,18.71
1648,18.65
1649,18.65
1650,18.64
1651,18.56
1652,18.55
1653,18.5
1654,18.56
1655,18.54
1656,18.51
1657,18.58
1658,18.57
1659,18.55
1660,18.559
1661,18.61
1662,18.63
1663,18.625
1664,18.615
1665,18.62
1666,18.6123
1667,18.69
1668,18.685
1669,18.665
1670,18.68
1671,18.69
1672,18.675
1673,18.695
1674,18.64
1675,18.68
1676,18.69
1677,18.57
1678,18.56
1679,18.54
1680,18.62
1681,18.53
1682,18.56
1683,18.51
1684,18.54
1685,18.5899
1686,18.54
1687,18.55
1688,18.54
1689,18.56
1690,18.545
1691,18.55
1692,18.54
1693,18.575
1694,18.55
1695,18.46
1696,18.46
1697,18.43
1698,18.5
1699,18.495
1700,18.52
1701,18.545
1702,18.475
1703,18.69
1704,18.46
1705,18.41
1706,18.392
1707,18.372
1708,18.23
1709,18.27
1710,18.3
1711,18.32
1712,18.4
1713,18.355
1714,18.35
1715,18.43
1716,18.37
1717,18.33
1718,18.35
1719,18.25
1720,18.304000000000002
1721,18.38
1722,18.3
1723,18.29
1724,18.26
1725,18.28
1726,18.34
1727,18.275
1728,18.26
1729,18.23
1730,18.14
1731,18.14
1732,18.12
1733,18.15
1734,18.21
1735,18.24
1736,18.1618
1737,18.35
1738,18.37
1739,18.355
1740,18.38
1741,18.34
1742,18.29
1743,18.27
1744,18.315
1745,18.29
1746,18.205
1747,18.215
1748,18.24
1749,18.2233
1750,18.21
1751,18.235
1752,18.2
1753,18.235
1754,18.27
1755,18.275
1756,18.26
1757,18.398
1758,18.54
1759,18.56
1760,18.64
1761,18.68
1762,18.6845
1763,18.59
1764,18.7
1765,18.68
1766,18.68
1767,18.66
1768,18.71
1769,18.71
1770,18.78
1771,18.76
1772,18.78
1773,18.75
1774,18.7
1775,18.67
1776,18.495
1777,18.47
1778,18.415
1779,18.495
1780,18.46
1781,18.495
1782,18.5
1783,17.910999999999994
1784,17.9
1785,17.864
1786,18.01
1787,17.9
1788,17.91
1789,17.86
1790,17.9
1791,17.89
1792,17.84
1793,17.94
1794,17.94
1795,18.0
1796,18.0
1797,17.99
1798,17.98
1799,18.0
1800,18.0
1801,18.0925
1802,18.06
1803,18.03
1804,18.06
1805,18.09
1806,18.02
1807,18.03
1808,18.04
1809,18.05
1810,18.249000000000002
1811,18.34
1812,18.37
1813,18.425
1814,18.38
1815,18.405
1816,18.4
1817,18.45
1818,18.485
1819,18.47
1820,18.56
1821,18.57
1822,18.5
1823,18.48
1824,18.47
1825,18.465
1826,18.49
1827,18.49
1828,18.512
1829,18.52
1830,18.53
1831,18.56
1832,18.61
1833,18.59
1834,18.58
1835,18.565
1836,18.58
1837,18.54
1838,18.38
1839,18.47
1840,18.475
1841,18.519000000000002
1842,18.47
1843,18.4
1844,18.39
1845,18.3
1846,18.29
1847,18.32
1848,18.35
1849,18.33
1850,18.305
1851,18.27
1852,18.26
1853,18.27
1854,18.23
1855,18.245
1856,18.28
1857,18.3
1858,18.31
1859,18.28
1860,18.285
1861,18.27
1862,18.2775
1863,18.34
1864,18.3
1865,18.29
1866,18.29
1867,18.29
1868,18.31
1869,18.255
1870,18.26
1871,18.25
1872,18.22
1873,18.2
1874,18.175
1875,18.1901
1876,18.15
1877,18.1699
1878,18.18
1879,18.265
1880,18.31
1881,18.255
1882,18.32
1883,18.25
1884,18.265
1885,18.2245
1886,18.225
1887,18.19
1888,18.11
1889,18.1
1890,18.07
1891,18.05
1892,17.85
1893,18.0
1894,18.081
1895,18.12
1896,18.02
1897,18.07
1898,17.98
1899,17.8899
1900,17.955
1901,17.98
1902,17.99
1903,17.98
1904,17.99
1905,18.03
1906,18.01
1907,18.025
1908,18.07
1909,18.045
1910,18.045
1911,18.08
1912,18.045
1913,18.03
1914,18.01
1915,18.0
1916,18.0
1917,17.95
1918,18.04
1919,17.98
1920,17.96
1921,18.02
1922,18.0721
1923,18.075
1924,18.04
1925,17.98
1926,17.995
1927,17.98
1928,17.97
1929,17.92
1930,17.91
1931,17.915
1932,17.9076
1933,17.915
1934,17.91
1935,17.92
1936,17.912
1937,17.92
1938,17.94
1939,17.97
1940,17.975
1941,17.985
1942,17.98
1943,17.96
1944,18.4
1945,18.38
1946,18.45
1947,18.48
1948,18.57
1949,18.49
1950,18.6
1951,18.595
1952,18.61
1953,18.625
1954,18.64
1955,18.585
1956,18.55
1957,18.505
1958,18.52
1959,18.51
1960,18.5
1961,18.54
1962,18.5
1963,18.5
1964,18.5
1965,18.53
1966,18.49
1967,18.51
1968,18.53
1969,18.54
1970,18.54
1971,18.31
1972,18.34
1973,18.34
1974,18.25
1975,18.33
1976,18.4
1977,18.38
1978,18.385
1979,18.39
1980,18.415
1981,18.34
1982,18.325
1983,18.319000000000006
1984,18.34
1985,18.29
1986,18.29
1987,18.2
1988,18.175
1989,18.2503
1990,18.255
1991,18.26
1992,18.3
1993,18.27
1994,18.27
1995,18.305
1996,18.24
1997,18.24
1998,18.34
1999,18.35
2000,18.365
2001,18.38
2002,18.395
2003,18.37
2004,18.34
2005,18.27
2006,18.26
2007,18.2
2008,18.2
2009,18.22
2010,18.2101
2011,18.23
2012,18.255
2013,18.23
2014,18.295
2015,18.32
2016,18.27
2017,18.31
2018,18.295
2019,18.309
2020,18.33
2021,18.32
2022,18.31
2023,18.25
2024,18.24
2025,18.3
2026,18.32
2027,18.28
2028,18.255
2029,18.28
2030,18.32
2031,18.38
2032,18.4
2033,18.345
2034,18.34
2035,18.37
2036,18.38
2037,18.35
2038,18.325
2039,18.305
2040,18.34
2041,18.32
2042,18.31
2043,18.3
2044,18.31
2045,18.32
2046,18.345
2047,18.34
2048,18.35
2049,18.335
2050,18.32
2051,18.37
2052,18.45
2053,18.54
2054,18.54
2055,18.5325
2056,18.5
2057,18.48
2058,18.44
2059,18.425
2060,18.48
2061,18.5
2062,18.49
2063,18.495
2064,18.495
2065,18.48
2066,18.5
2067,18.49
2068,18.495
2069,18.49
2070,18.485
2071,18.5
2072,18.495
2073,18.51
2074,18.52
2075,18.5
2076,18.485
2077,18.49
2078,18.669
2079,18.665
2080,18.7
2081,18.69
2082,18.72
2083,18.7299
2084,18.73
2085,18.73
2086,18.67
2087,18.7
2088,18.705
2089,18.68
2090,18.69
2091,18.71
2092,18.72
2093,18.72
2094,18.705
2095,18.705
2096,18.735
2097,18.76
2098,18.75
2099,18.78
2100,18.77
2101,18.785
2102,18.82
2103,18.87
2104,18.86
2105,18.88
2106,18.855
2107,18.885
2108,18.89
2109,18.945
2110,18.955
2111,19.075
2112,18.995
2113,19.06
2114,18.98
2115,18.995
2116,18.96
2117,18.98
2118,19.02
2119,19.009
2120,19.0077
2121,19.005
2122,19.03
2123,18.98
2124,19.01
2125,19.0
2126,19.005
2127,19.01
2128,18.995
2129,19.0799
2130,19.0484
2131,19.01
2132,18.985
2133,19.02
2134,19.03
2135,19.05
2136,19.055
2137,19.05
2138,19.045
2139,19.02
2140,19.01
2141,18.98
2142,19.0
2143,18.94
2144,18.92
2145,18.92
2146,18.925
2147,18.955
2148,18.95
2149,18.96
2150,18.93
2151,18.96
2152,18.95
2153,18.94
2154,18.945
2155,18.95
2156,18.965
2157,18.915
2158,18.885
2159,18.9499
2160,18.95
2161,19.02
2162,19.02
2163,18.99
2164,19.005
2165,19.005
2166,19.0
2167,18.9961
2168,19.0
2169,18.97
2170,18.95
2171,18.935
2172,18.89
2173,18.85
2174,18.94
2175,18.96
2176,18.97
2177,18.97
2178,18.99
2179,19.02
2180,19.015
2181,19.005
2182,19.0
2183,19.04
2184,18.95
2185,18.85
2186,18.97
2187,18.95
2188,18.9
2189,18.85
2190,18.92
2191,18.87
2192,18.84
2193,18.83
2194,18.79
2195,18.801
2196,18.8
2197,18.795
2198,18.87
2199,18.81
2200,18.83
2201,18.83
2202,18.88
2203,18.87
2204,18.89
2205,18.865
2206,18.88
2207,18.95
2208,18.94
2209,18.94
2210,18.86
2211,18.9
2212,18.88
2213,18.83
2214,18.85
2215,18.85
2216,18.8
2217,18.73
2218,18.66
2219,18.68
2220,18.65
2221,18.64
2222,18.668
2223,18.665
2224,18.7
2225,18.680999999999997
2226,18.75
2227,18.79
2228,18.795
2229,18.82
2230,18.82
2231,18.825
2232,18.82
2233,18.88
2234,18.855
2235,18.86
2236,18.86
2237,18.835
2238,18.9
2239,18.85
2240,18.835
2241,18.91
2242,18.91
2243,18.965
2244,18.975
2245,18.9856
2246,18.99
2247,18.9517
2248,18.995
2249,19.01
2250,18.98
2251,18.94
2252,18.925
2253,18.845
2254,18.865
2255,18.8515
2256,18.85
2257,18.840999999999998
2258,18.86
2259,18.835
2260,18.87
2261,18.86
2262,18.88
2263,18.88
2264,18.845
2265,18.86
2266,18.83
2267,18.91
2268,18.84
2269,18.825
2270,18.855
2271,18.845
2272,18.91
2273,18.94
2274,19.02
2275,18.98
2276,19.01
2277,18.98
2278,19.01
2279,18.975
2280,18.97
2281,18.98
2282,18.98
2283,19.0
2284,18.995
2285,19.0
2286,18.99
2287,18.99
2288,18.98
2289,18.95
2290,18.96
2291,19.1
2292,19.115
2293,19.12
2294,19.135
2295,19.12
2296,19.17
2297,19.17
2298,19.13
2299,19.07
2300,19.035
2301,18.99
2302,19.025
2303,19.02
2304,19.005
2305,18.99
2306,18.99
2307,18.99
2308,18.999000000000002
2309,18.99
2310,19.005
2311,19.005
2312,18.99
2313,18.995
2314,19.02
2315,19.005
2316,19.03
2317,19.03
2318,18.88
2319,19.03
2320,18.995
2321,19.07
2322,19.07
2323,19.1
2324,19.1
2325,19.14
2326,19.1299
2327,19.135
2328,19.19
2329,19.17
2330,19.16
2331,19.175
2332,19.225
2333,19.155
2334,19.155
2335,19.17
2336,19.095
2337,19.12
2338,19.13
2339,19.1
2340,19.115
2341,19.125
2342,19.045
2343,19.05
2344,19.05
2345,18.95
2346,19.08
2347,19.12
2348,19.075
2349,19.09
2350,19.095
2351,19.085
2352,19.0726
2353,19.085
2354,19.07
2355,19.07
2356,19.105
2357,19.08
2358,19.05
2359,19.0475
2360,19.045
2361,19.048
2362,19.04
2363,19.12
2364,19.165
2365,19.18
2366,19.14
2367,19.155
2368,19.155
2369,19.155
2370,19.145
2371,19.15
2372,19.36
2373,19.3
2374,19.31
2375,19.3
2376,19.31
2377,19.24
2378,19.27
2379,19.29
2380,19.265
2381,19.28
2382,19.31
2383,19.3674
2384,19.36
2385,19.42
2386,19.41
2387,19.42
2388,19.42
2389,19.35
2390,19.35
2391,19.37
2392,19.3777
2393,19.365
2394,19.36
2395,19.39
2396,19.39
2397,19.41
2398,19.4
2399,19.308
2400,19.3099
2401,19.4
2402,19.415
2403,19.415
2404,19.42
2405,19.445
2406,19.49
2407,19.49
2408,19.5
2409,19.575
2410,19.585
2411,19.595
2412,19.545
2413,19.5
2414,19.46
2415,19.47
2416,19.44
2417,19.48
2418,19.495
2419,19.49
2420,19.455
2421,19.42
2422,19.46
2423,19.47
2424,19.52
2425,19.52
2426,19.61
2427,19.49
2428,19.36
2429,19.61
2430,19.5721
2431,19.59
2432,19.5499
2433,19.525
2434,19.53
2435,19.48
2436,19.489
2437,19.49
2438,19.48
2439,19.45
2440,19.51
2441,19.48
2442,19.47
2443,19.515
2444,19.528
2445,19.5156
2446,19.51
2447,19.489
2448,19.48
2449,19.49
2450,19.495
2451,19.53
2452,19.54
2453,19.46
2454,19.5
2455,19.51
2456,19.465
2457,19.48
2458,19.4401
2459,19.385
2460,19.405
2461,19.36
2462,19.415
2463,19.48
2464,19.52
2465,19.51
2466,19.5
2467,19.54
2468,19.561
2469,19.56
2470,19.6
2471,19.5814
2472,19.585
2473,19.58
2474,19.56
2475,19.53
2476,19.54
2477,19.52
2478,19.49
2479,19.48
2480,19.47
2481,19.555
2482,19.595
2483,19.66
2484,19.6
2485,19.61
2486,19.61
2487,19.635
2488,19.64
2489,19.65
2490,19.62
2491,19.595
2492,19.61
2493,19.6001
2494,19.62
2495,19.62
2496,19.64
2497,19.61
2498,19.62
2499,19.6222
2500,19.615
2501,19.61
2502,19.61
2503,19.61
2504,19.63
2505,19.6
2506,19.61
2507,19.47
2508,19.5
2509,19.5
2510,19.61
2511,19.619
2512,19.58
2513,19.54
2514,19.54
2515,19.5477
2516,19.575
2517,19.65
2518,19.6
2519,19.58
2520,19.604
2521,19.585
2522,19.505
2523,19.43
2524,19.4
2525,19.505
2526,19.51
2527,19.515
2528,19.545
2529,19.5
2530,19.525
2531,19.55
2532,19.585
2533,19.59
2534,19.049
2535,19.2
2536,19.12
2537,19.17
2538,19.12
2539,19.1
2540,19.0486
2541,19.0399
2542,19.05
2543,19.07
2544,19.05
2545,19.05
2546,19.1
2547,19.1
2548,19.1
2549,19.08
2550,19.06
2551,19.02
2552,19.025
2553,19.05
2554,19.08
2555,19.11
2556,19.1497
2557,19.1
2558,19.14
2559,19.13
2560,19.137999999999998
2561,19.24
2562,19.07
2563,19.1
2564,19.05
2565,18.985
2566,19.005
2567,18.965
2568,18.92
2569,18.91
2570,18.86
2571,18.84
2572,18.83
2573,18.86
2574,18.81
2575,18.81
2576,18.86
2577,18.86
2578,18.885
2579,18.915
2580,18.955
2581,18.925
2582,18.935
2583,18.925
2584,18.8823
2585,18.8775
2586,18.925
2587,18.93
2588,18.59
2589,18.54
2590,18.49
2591,18.52
2592,18.55
2593,18.55
2594,18.53
2595,18.51
2596,18.52
2597,18.6
2598,18.63
2599,18.625
2600,18.625
2601,18.71
2602,18.66
2603,18.675
2604,18.68
2605,18.65
2606,18.63
2607,18.635
2608,18.61
2609,18.58
2610,18.59
2611,18.66
2612,18.65
2613,18.71
2614,18.71
2615,18.6201
2616,18.625
2617,18.72
2618,18.71
2619,18.71
2620,18.75
2621,18.785
2622,18.775
2623,18.7712
2624,18.78
2625,18.78
2626,18.75
2627,18.73
2628,18.67
2629,18.64
2630,18.63
2631,18.6
2632,18.57
2633,18.62
2634,18.52
2635,18.515
2636,18.515
2637,18.41
2638,18.355
2639,18.45
2640,18.43
2641,18.42
2642,18.41
2643,18.42
2644,18.38
2645,18.335
2646,18.35
2647,18.41
2648,18.445
2649,18.455
2650,18.45
2651,18.452
2652,18.4401
2653,18.45
2654,18.454
2655,18.485
2656,18.49
2657,18.49
2658,18.515
2659,18.54
2660,18.59
2661,18.56
2662,18.58
2663,18.555
2664,18.58
2665,18.57
2666,18.595
2667,18.6
2668,18.61
2669,18.46
2670,18.44
2671,18.41
2672,18.43
2673,18.387999999999998
2674,18.34
2675,18.34
2676,18.39
2677,18.435
2678,18.38
2679,18.335
2680,18.335
2681,18.328
2682,18.31
2683,18.305
2684,18.375
2685,18.4
2686,18.37
2687,18.395
2688,18.4493
2689,18.44
2690,18.435
2691,18.44
2692,18.41
2693,18.385
2694,18.37
2695,18.36
2696,18.29
2697,18.4
2698,18.41
2699,18.41
2700,18.405
2701,18.44
2702,18.435
2703,18.46
2704,18.4624
2705,18.45
2706,18.45
2707,18.45
2708,18.425
2709,18.43
2710,18.41
2711,18.39
2712,18.375
2713,18.41
2714,18.4057
2715,18.41
2716,18.415
2717,18.401
2718,18.42
2719,18.365
2720,18.36
2721,18.39
2722,18.38
2723,18.55
2724,18.52
2725,18.5
2726,18.53
2727,18.555
2728,18.52
2729,18.5
2730,18.535
2731,18.52
2732,18.505
2733,18.475
2734,18.51
2735,18.52
2736,18.51
2737,18.525
2738,18.545
2739,18.5
2740,18.49
2741,18.52
2742,18.52
2743,18.51
2744,18.48
2745,18.49
2746,18.52
2747,18.52
2748,18.53
2749,18.54
2750,18.56
2751,18.52
2752,18.55
2753,18.59
2754,18.622
2755,18.68
2756,18.725
2757,18.74
2758,18.73
2759,18.75
2760,18.79
2761,18.815
2762,18.81
2763,18.82
2764,18.825
2765,18.84
2766,18.83
2767,18.83
2768,18.835
2769,18.8
2770,18.785
2771,18.78
2772,18.745
2773,18.785
2774,18.77
2775,18.74
2776,18.75
2777,18.71
2778,18.65
2779,18.6
2780,18.71
2781,18.703
2782,18.725
2783,18.72
2784,18.71
2785,18.705
2786,18.675
2787,18.69
2788,18.725
2789,18.74
2790,18.75
2791,18.73
2792,18.745
2793,18.69
2794,18.6801
2795,18.65
2796,18.66
2797,18.63
2798,18.66
2799,18.705
2800,18.71
2801,18.67
2802,18.685
2803,18.6825
2804,18.835
2805,18.83
2806,18.8805
2807,18.85
2808,18.845
2809,18.84
2810,18.84
2811,18.85
2812,18.81
2813,18.835
2814,18.87
2815,18.86
2816,18.845
2817,18.85
2818,18.85
2819,18.81
2820,18.82
2821,18.82
2822,18.8
2823,18.84
2824,18.79
2825,18.785
2826,18.82
2827,18.845
2828,18.83
2829,18.85
2830,18.87
2831,18.84
2832,18.83
2833,18.82
2834,18.795
2835,18.83
2836,18.81
2837,18.805
2838,18.78
2839,18.745
2840,18.74
2841,18.73
2842,18.7
2843,18.67
2844,18.7
2845,18.7
2846,18.65
2847,18.655
2848,18.53
2849,18.53
2850,18.54
2851,18.51
2852,18.48
2853,18.4
2854,18.41
2855,18.41
2856,18.425
2857,18.44
2858,18.435
2859,18.505
2860,18.4999
2861,18.545
2862,18.56
2863,18.525
2864,18.5
2865,18.515
2866,18.54
2867,18.525
2868,18.52
2869,18.52
2870,18.52
2871,18.55
2872,18.55
2873,18.76
2874,18.76
2875,18.7521
2876,18.8
2877,18.88
2878,18.82
2879,18.815
2880,18.86
2881,18.84
2882,18.91
2883,18.9575
2884,18.925
2885,18.92
2886,18.92
2887,19.02
2888,19.01
2889,19.05
2890,19.06
2891,19.05
2892,19.145
2893,19.1
2894,19.06
2895,19.08
2896,19.075
2897,19.14
2898,19.1
2899,18.75
2900,18.8
2901,18.8325
2902,18.89
2903,18.82
2904,18.83
2905,18.9
2906,18.9
2907,18.85
2908,18.94
2909,18.96
2910,19.0
2911,19.0
2912,18.985
2913,18.99
2914,19.03
2915,19.06
2916,19.032
2917,19.0
2918,19.02
2919,19.005
2920,18.988
2921,19.0
2922,19.005
2923,19.015
2924,19.01
2925,19.06
2926,19.08
2927,19.06
2928,19.02
2929,19.025
2930,19.03
2931,19.035
2932,19.015
2933,19.01
2934,18.99
2935,18.9899
2936,18.99
2937,19.008
2938,18.965
2939,18.97
2940,18.985
2941,19.0
2942,19.0
2943,18.99
2944,18.98
2945,18.98
2946,18.99
2947,18.99
2948,19.02
2949,19.005
2950,19.05
2951,19.05
2952,19.13
2953,19.2
2954,19.15
2955,19.17
2956,19.19
2957,19.26
2958,19.315
2959,19.246
2960,19.26
2961,19.22
2962,19.2
2963,19.19
2964,19.15
2965,19.19
2966,19.195
2967,19.23
2968,19.225
2969,19.21
2970,19.19
2971,19.2
2972,19.21
2973,19.235
2974,19.24
2975,19.2701
2976,19.295
2977,19.29
2978,19.29
2979,19.41
2980,19.35
2981,19.27
2982,19.36
2983,19.32
2984,19.3
2985,19.3
2986,19.29
2987,19.25
2988,19.255
2989,19.215
2990,19.23
2991,19.3301
2992,19.32
2993,19.33
2994,19.28
2995,19.29
2996,19.2556
2997,19.255
2998,19.295
2999,19.3
3000,19.295
3001,19.3
3002,19.33
3003,19.31
3004,19.38
3005,19.37
3006,19.58
3007,19.46
3008,19.4215
3009,19.42
3010,19.39
3011,19.32
3012,19.31
3013,19.35
3014,19.34
3015,19.35
3016,19.37
3017,19.385
3018,19.455
3019,19.4199
3020,19.42
3021,19.415
3022,19.39
3023,19.4
3024,19.41
3025,19.44
3026,19.44
3027,19.43
3028,19.46
3029,19.48
3030,19.425
3031,19.35
3032,19.240000000000002
3033,19.35
3034,19.32
3035,19.4
3036,19.42
3037,19.445
3038,19.36
3039,19.35
3040,19.36
3041,19.32
3042,19.34
3043,19.345
3044,19.34
3045,19.3955
3046,19.47
3047,19.47
3048,19.425
3049,19.43
3050,19.42
3051,19.38
3052,19.375
3053,19.365
3054,19.355
3055,19.3
3056,19.265
3057,19.3
3058,19.3
3059,18.6699
3060,18.7256
3061,18.68
3062,18.78
3063,18.69
3064,18.730000000000004
3065,18.63
3066,18.58
3067,18.615
3068,18.55
3069,18.58
3070,18.545
3071,18.53
3072,18.57
3073,18.51
3074,18.5199
3075,18.46
3076,18.44
3077,18.46
3078,18.515
3079,18.53
3080,18.505
3081,18.51
3082,18.44
3083,18.42
3084,18.44
3085,18.44
3086,18.55
3087,18.53
3088,18.51
3089,18.52
3090,18.41
3091,18.45
3092,18.42
3093,18.47
3094,18.47
3095,18.47
3096,18.475000000000005
3097,18.455
3098,18.465
3099,18.445000000000004
3100,18.455
3101,18.455
3102,18.55
3103,18.545
3104,18.55
3105,18.545
3106,18.6
3107,18.65
3108,18.595
3109,18.61
3110,18.535
3111,18.55
3112,18.55
3113,18.63
3114,18.64
3115,18.77
3116,18.75
3117,18.730000000000004
3118,18.709999999999997
3119,18.699999999999996
3120,18.69
3121,18.69
3122,18.65
3123,18.715
3124,18.699999999999996
3125,18.699999999999996
3126,18.6914
3127,18.705
3128,18.709999999999997
3129,18.709999999999997
3130,18.685
3131,18.66
3132,18.67
3133,18.62
3134,18.59
3135,18.615
3136,18.575
3137,18.55
3138,18.47
3139,18.23
3140,18.21
3141,18.21
3142,18.21
3143,18.24
3144,18.22
3145,18.195
3146,18.215
3147,18.24
3148,18.215
3149,18.190000000000005
3150,18.159999999999997
3151,18.155
3152,18.1276
3153,18.14
3154,18.14
3155,18.149999999999995
3156,18.190000000000005
3157,18.175
3158,18.13
3159,18.14
3160,18.149999999999995
3161,18.14
3162,18.149999999999995
3163,18.1
3164,18.09
3165,18.08
3166,18.149999999999995
3167,18.159999999999997
3168,18.22
3169,18.12
3170,18.149999999999995
3171,18.169999999999998
3172,18.149999999999995
3173,18.11
3174,18.12
3175,18.08
3176,18.075
3177,18.01
3178,18.025
3179,18.055
3180,18.04
3181,18.06
3182,18.07
3183,18.1
3184,18.09
3185,18.09
3186,18.08
3187,18.07
3188,18.075
3189,18.075
3190,18.1
3191,18.1
3192,18.11
3193,17.87
3194,17.915
3195,17.94
3196,17.96
3197,17.96
3198,17.904999999999998
3199,17.845
3200,17.85
3201,17.88
3202,17.92
3203,17.95
3204,17.91
3205,17.92
3206,17.93
3207,17.93
3208,17.91
3209,17.86
3210,17.88
3211,17.88
3212,17.85
3213,17.85
3214,17.835
3215,17.84
3216,17.81
3217,17.76
3218,17.79
3219,17.79
3220,17.649
3221,17.54
3222,17.4885
3223,17.425
3224,17.51
3225,17.47
3226,17.619999999999997
3227,17.645
3228,17.619999999999997
3229,17.58
3230,17.65
3231,17.609999999999996
3232,17.630000000000003
3233,17.609999999999996
3234,17.625
3235,17.635
3236,17.69
3237,17.69
3238,17.73
3239,17.66
3240,17.640000000000004
3241,17.7
3242,17.68
3243,17.7
3244,17.7
3245,17.715
3246,17.72
3247,17.89
3248,17.92
3249,17.975
3250,17.95
3251,17.92
3252,17.91
3253,17.85
3254,17.845
3255,17.82
3256,17.9
3257,17.93
3258,17.94
3259,17.915
3260,17.88
3261,17.91
3262,17.915
3263,17.93
3264,17.93
3265,17.95
3266,17.9
3267,17.87
3268,17.89
3269,17.89
3270,17.835
3271,17.815
3272,17.78
3273,17.78
3274,17.97
3275,17.92
3276,17.87
3277,17.945
3278,17.93
3279,17.95
3280,17.91
3281,17.955
3282,17.93
3283,17.9
3284,17.96
3285,17.99
3286,17.965
3287,17.9876
3288,17.97
3289,17.96
3290,17.99
3291,18.045
3292,18.09
3293,18.13
3294,18.105
3295,18.08
3296,18.005
3297,18.08
3298,18.09
3299,18.08
3300,18.08
3301,17.88
3302,17.81
3303,17.7299
3304,17.6899
3305,17.656
3306,17.57
3307,17.59
3308,17.585
3309,17.57
3310,17.51
3311,17.55
3312,17.515
3313,17.54
3314,17.555
3315,17.535
3316,17.535
3317,17.56
3318,17.56
3319,17.53
3320,17.625
3321,17.575
3322,17.57
3323,17.54
3324,17.48
3325,17.54
3326,17.505
3327,17.5
3328,17.7043
3329,17.706599999999998
3330,17.58
3331,17.65
3332,17.5877
3333,17.56
3334,17.55
3335,17.5259
3336,17.49
3337,17.46
3338,17.45
3339,17.4678
3340,17.53
3341,17.565
3342,17.5878
3343,17.66
3344,17.6671
3345,17.68
3346,17.69
3347,17.670000000000005
3348,17.71
3349,17.670000000000005
3350,17.66
3351,17.685
3352,17.72
3353,17.68
3354,17.69
3355,17.71
3356,17.72
3357,17.66
3358,17.6199
3359,17.6
3360,17.575
3361,17.6455
3362,17.675
3363,17.68
3364,17.69
3365,17.68
3366,17.71
3367,17.670000000000005
3368,17.665
3369,17.655
3370,17.655
3371,17.630000000000003
3372,17.609999999999996
3373,17.59
3374,17.625
3375,17.65
3376,17.7
3377,17.7199
3378,17.685
3379,17.69
3380,17.65
3381,17.65
3382,17.735
3383,17.715
3384,17.81
3385,17.805
3386,17.835
3387,17.81
3388,17.87
3389,17.84
3390,17.82
3391,17.77
3392,17.73
3393,17.69
3394,17.645
3395,17.72
3396,17.670000000000005
3397,17.72
3398,17.535
3399,17.58
3400,17.59
3401,17.635
3402,17.6164
3403,17.640000000000004
3404,17.630000000000003
3405,17.640000000000004
3406,17.68
3407,17.670000000000005
3408,17.66
3409,17.630000000000003
3410,17.65
3411,17.65
3412,17.65
3413,17.655
3414,17.79
3415,17.71
3416,17.71
3417,17.75
3418,17.8366
3419,17.83
3420,17.78
3421,17.78
3422,17.79
3423,17.75
3424,17.71
3425,17.705
3426,17.66
3427,17.717
3428,17.7255
3429,17.7041
3430,17.695
3431,17.670000000000005
3432,17.71
3433,17.71
3434,17.65
3435,17.640000000000004
3436,17.74
3437,17.71
3438,17.619999999999997
3439,17.6399
3440,17.75
3441,17.66
3442,17.5694
3443,17.59
3444,17.619999999999997
3445,17.630000000000003
3446,17.605
3447,17.56
3448,17.55
3449,17.57
3450,17.56
3451,17.54
3452,17.66
3453,17.670000000000005
3454,17.56
3455,17.52
3456,17.54
3457,17.49
3458,17.425
3459,17.4
3460,17.4399
3461,17.46
3462,17.46
3463,18.4901
3464,18.72
3465,18.664800000000003
3466,18.75
3467,18.8
3468,18.79
3469,18.881
3470,18.82
3471,18.7384
3472,18.69
3473,18.6401
3474,18.665
3475,18.68
3476,18.67
3477,18.665
3478,18.699999999999996
3479,18.72
3480,18.78
3481,18.795
3482,18.88
3483,18.84
3484,18.845
3485,18.825
3486,18.95
3487,18.95
3488,18.99
3489,19.0
3490,19.03
3491,19.028
3492,19.015
3493,19.03
3494,19.05
3495,19.05
3496,19.035
3497,19.06
3498,19.01
3499,19.0174
3500,18.975
3501,18.99
3502,18.99
3503,18.97
3504,19.03
3505,18.95
3506,18.9122
3507,18.89
3508,18.87
3509,18.89
3510,18.94
3511,18.91
3512,18.94
3513,18.92
3514,18.925
3515,18.905
3516,18.9
3517,18.945
3518,18.935
3519,18.85
3520,18.87
3521,18.78
3522,18.815
3523,18.755
3524,18.74
3525,18.73
3526,18.755
3527,18.775
3528,18.795
3529,18.8251
3530,18.87
3531,18.845
3532,18.81
3533,18.81
3534,18.8
3535,18.79
3536,18.78
3537,18.78
3538,18.79
3539,18.825
3540,18.85
3541,18.89
3542,18.9
3543,18.8748
3544,18.83
3545,18.87
3546,18.98
3547,18.99
3548,19.02
3549,19.07
3550,19.12
3551,19.14
3552,19.1
3553,19.031
3554,19.05
3555,19.0
3556,18.98
3557,18.96
3558,18.97
3559,19.01
3560,19.005
3561,19.025
3562,18.99
3563,18.98
3564,18.97
3565,18.995
3566,19.005
3567,18.98
3568,19.0
3569,18.8
3570,18.85
3571,18.8
3572,18.82
3573,18.83
3574,18.75
3575,18.8
3576,18.78
3577,18.79
3578,18.775
3579,18.795
3580,18.8
3581,18.8282
3582,18.825
3583,18.84
3584,18.84
3585,18.87
3586,18.81
3587,18.815
3588,18.79
3589,18.785
3590,18.76
3591,18.735
3592,18.735
3593,18.745
3594,18.795
3595,18.8
3596,18.96
3597,18.99
3598,19.05
3599,19.07
3600,18.945
3601,18.87
3602,18.91
3603,18.84
3604,18.83
3605,18.72
3606,18.8
3607,18.895
3608,18.95
3609,18.945
3610,18.95
3611,18.955
3612,18.94
3613,18.945
3614,18.99
3615,19.06
3616,19.07
3617,19.03
3618,19.02
3619,18.99
3620,19.035
3621,19.04
3622,19.04
3623,19.16
3624,19.18
3625,19.24
3626,19.19
3627,19.25
3628,19.22
3629,19.225
3630,19.225
3631,19.235
3632,19.235
3633,19.23
3634,19.235
3635,19.22
3636,19.19
3637,19.22
3638,19.235
3639,19.225
3640,19.24
3641,19.225
3642,19.235
3643,19.205
3644,19.23
3645,19.25
3646,19.25
3647,19.235
3648,19.29
3649,19.3
3650,19.3121
3651,19.38
3652,19.4
3653,19.35
3654,19.3851
3655,19.43
3656,19.435
3657,19.42
3658,19.44
3659,19.45
3660,19.425
3661,19.41
3662,19.4184
3663,19.42
3664,19.41
3665,19.4
3666,19.42
3667,19.41
3668,19.41
3669,19.44
3670,19.45
3671,19.45
3672,19.42
3673,19.4
3674,19.44
3675,19.37
3676,19.37
3677,19.36
3678,19.3
3679,19.37
3680,19.31
3681,19.315
3682,19.33
3683,19.325
3684,19.32
3685,19.275
3686,19.26
3687,19.25
3688,19.29
3689,19.3
3690,19.28
3691,19.3
3692,19.26
3693,19.255
3694,19.23
3695,19.26
3696,19.27
3697,19.28
3698,19.27
3699,19.26
3700,19.24
3701,19.26
3702,19.25
3703,19.25
3704,19.275
3705,19.25
3706,19.19
3707,19.22
3708,19.205
3709,19.175
3710,19.19
3711,19.16
3712,19.075
3713,19.06
3714,19.08
3715,19.13
3716,19.11
3717,19.105
3718,19.11
3719,19.1
3720,19.11
3721,19.0851
3722,19.11
3723,19.115
3724,19.135
3725,19.155
3726,19.155
3727,19.07
3728,19.08
3729,19.06
3730,19.07
3731,19.04
3732,19.14
3733,19.18
3734,19.15
3735,19.125
3736,19.185
3737,19.205
3738,19.18
3739,19.195
3740,19.17
3741,19.11
3742,19.143
3743,19.155
3744,19.16
3745,19.155
3746,19.16
3747,19.15
3748,19.115
3749,19.13
3750,19.08
3751,19.1
3752,19.13
3753,19.145
3754,19.105
3755,19.11
3756,19.085
3757,19.08
3758,19.08
3759,19.195
3760,19.24
3761,19.27
3762,19.26
3763,19.24
3764,19.22
3765,19.185
3766,19.19
3767,19.1925
3768,19.15
3769,19.1
3770,19.145
3771,19.14
3772,19.125
3773,19.11
3774,19.13
3775,19.16
3776,19.135
3777,19.09
3778,19.105
3779,19.115
3780,19.115
3781,19.115
3782,19.15
3783,19.1
3784,19.11
3785,19.225
3786,19.27
3787,19.23
3788,19.24
3789,19.265
3790,19.27
3791,19.25
3792,19.27
3793,19.29
3794,19.265
3795,19.255
3796,19.265
3797,19.265
3798,19.25
3799,19.2538
3800,19.27
3801,19.340999999999998
3802,19.365
3803,19.39
3804,19.39
3805,19.387999999999998
3806,19.37
3807,19.385
3808,19.3825
3809,19.46
3810,19.455
3811,19.455
3812,19.44
3813,19.29
3814,19.23
3815,19.229
3816,19.275
3817,19.295
3818,19.295
3819,19.2766
3820,19.3
3821,19.3
3822,19.265
3823,19.27
3824,19.3
3825,19.3
3826,19.29
3827,19.31
3828,19.32
3829,19.4
3830,19.375
3831,19.34
3832,19.31
3833,19.25
3834,19.26
3835,19.26
3836,19.25
3837,19.235
3838,19.19
3839,19.21
3840,19.155
3841,19.2
3842,19.26
3843,19.25
3844,19.28
3845,19.325
3846,19.3
3847,19.35
3848,19.34
3849,19.35
3850,19.369
3851,19.33
3852,19.346
3853,19.345
3854,19.35
3855,19.3301
3856,19.365
3857,19.4
3858,19.41
3859,19.39
3860,19.4
3861,19.395
3862,19.41
3863,19.39
3864,19.39
3865,19.419
3866,19.35
3867,19.305
3868,19.26
3869,19.3
3870,19.31
3871,19.345
3872,19.3342
3873,19.37
3874,19.33
3875,19.295
3876,19.335
3877,19.385
3878,19.4
3879,19.39
3880,19.33
3881,19.32
3882,19.32
3883,19.395
3884,19.38
3885,19.37
3886,19.3625
3887,19.36
3888,19.37
3889,19.385
3890,19.44
3891,19.45
3892,19.43
3893,19.45
3894,19.38
3895,19.36
3896,19.4
3897,19.43
3898,19.4299
3899,19.44
3900,19.421
3901,19.37
3902,19.3882
3903,19.38
3904,19.3469
3905,19.36
3906,19.439
3907,19.42
3908,19.425
3909,19.425
3910,19.415
3911,19.38
3912,19.4
3913,19.405
3914,19.43
3915,19.425
3916,19.42
3917,19.49
3918,19.495
3919,19.673
3920,19.74
3921,19.642
3922,19.68
3923,19.71
3924,19.72
3925,19.665
3926,19.6349
3927,19.6399
3928,19.66
3929,19.66
3930,19.67
3931,19.7199
3932,19.69
3933,19.6599
3934,19.66
3935,19.675
3936,19.66
3937,19.69
3938,19.66
3939,19.67
3940,19.66
3941,19.64
3942,19.67
3943,19.65
3944,19.68
3945,19.685
3946,19.925
3947,20.135
3948,19.9999
3949,19.91
3950,20.075
3951,20.1
3952,20.125
3953,20.06
3954,20.085
3955,20.04
3956,20.025
3957,19.985
3958,19.96
3959,19.9734
3960,19.99
3961,19.98
3962,20.015
3963,19.96
3964,19.959
3965,19.97
3966,19.910999999999998
3967,19.92
3968,19.891
3969,19.93
3970,20.02
3971,20.03
3972,20.03
3973,19.92
3974,20.08
3975,20.0
3976,19.99
3977,19.97
3978,19.91
3979,19.89
3980,19.91
3981,19.88
3982,19.94
3983,19.96
3984,19.97
3985,19.95
3986,19.91
3987,19.92
3988,19.915
3989,19.9
3990,19.915
3991,19.91
3992,19.94
3993,19.905
3994,19.915
3995,19.95
3996,19.95
3997,19.97
3998,19.96
3999,19.97
4000,19.95
4001,19.97
4002,19.953
4003,19.88
4004,19.83
4005,19.86
4006,19.855
4007,19.820000000000004
4008,19.8141
4009,19.83
4010,19.87
4011,19.86
4012,19.875
4013,19.845
4014,19.820000000000004
4015,19.745
4016,19.74
4017,19.72
4018,19.81
4019,19.76
4020,19.73
4021,19.74
4022,19.799
4023,19.81
4024,19.805
4025,19.790000000000003
4026,19.790000000000003
4027,19.65
4028,19.66
4029,19.72
4030,19.69
4031,19.68
4032,19.71
4033,19.75
4034,19.7176
4035,19.76
4036,19.775
4037,19.72
4038,19.745
4039,19.74
4040,19.71
4041,19.71
4042,19.75
4043,19.78
4044,19.775
4045,19.74
4046,19.69
4047,19.6601
4048,19.658
4049,19.605
4050,19.595
4051,19.56
4052,19.53
4053,19.54
4054,19.475
4055,19.465
4056,19.461500000000004
4057,19.49
4058,19.47
4059,19.46
4060,19.49
4061,19.475
4062,19.5
4063,19.52
4064,19.48
4065,19.53
4066,19.504999999999995
4067,19.485
4068,19.528799999999997
4069,19.52
4070,19.514999999999997
4071,19.504999999999995
4072,19.5
4073,19.52
4074,19.53
4075,19.53
4076,19.5701
4077,19.586
4078,19.59
4079,19.61
4080,19.61
4081,19.335
4082,19.45
4083,19.425
4084,19.38
4085,19.32
4086,19.33
4087,19.280000000000005
4088,19.259999999999998
4089,19.270000000000003
4090,19.275
4091,19.38
4092,19.38
4093,19.39
4094,19.38
4095,19.36
4096,19.270000000000003
4097,19.34
4098,19.33
4099,19.32
4100,19.36
4101,19.375
4102,19.399
4103,19.39
4104,19.41
4105,19.42
4106,19.41
4107,19.41
4108,19.205
4109,19.2301
4110,19.255
4111,19.249999999999996
4112,19.259999999999998
4113,19.31
4114,19.285
4115,19.33
4116,19.29
4117,19.3
4118,19.275
4119,19.240000000000002
4120,19.245
4121,19.240000000000002
4122,19.215
4123,19.18
4124,19.13
4125,19.14
4126,19.17
4127,19.125
4128,19.13
4129,19.12
4130,19.17
4131,19.14
4132,19.1001
4133,19.13
4134,19.12
4135,18.945
4136,18.89
4137,18.93
4138,18.945
4139,18.954999999999995
4140,18.925
4141,18.92
4142,18.807999999999996
4143,18.85
4144,18.78
4145,18.82
4146,18.866
4147,18.88
4148,18.925
4149,18.95
4150,18.951
4151,18.98
4152,18.93
4153,18.9099
4154,19.0
4155,18.975
4156,18.94
4157,18.92
4158,18.94
4159,18.885
4160,18.86
4161,18.86
4162,18.8465
4163,18.93
4164,19.02
4165,18.97
4166,18.945
4167,18.96
4168,18.93
4169,19.04
4170,19.09
4171,19.11
4172,19.07
4173,19.13
4174,19.06
4175,19.06
4176,19.1
4177,19.12
4178,19.15
4179,19.19
4180,19.205
4181,19.18
4182,19.145
4183,19.115
4184,19.135
4185,19.13
4186,19.17
4187,19.135
4188,19.135
4189,19.23
4190,19.2
4191,19.165
4192,19.21
4193,19.195
4194,19.16
4195,19.17
4196,19.19
4197,19.121
4198,19.12
4199,19.115
4200,19.075
4201,19.12
4202,19.08
4203,19.06
4204,19.03
4205,19.09
4206,19.16
4207,19.19
4208,19.240000000000002
4209,19.15
4210,19.270000000000003
4211,19.31
4212,19.240000000000002
4213,19.175
4214,19.15
4215,19.15
4216,19.35
4217,19.385
4218,19.36
4219,19.32
4220,19.32
4221,19.32
4222,19.395
4223,19.35
4224,19.36
4225,19.37
4226,19.37
4227,19.4
4228,19.44
4229,19.42
4230,19.395
4231,19.375
4232,19.34
4233,19.345
4234,19.4
4235,19.37
4236,19.391
4237,19.37
4238,19.361
4239,19.41
4240,19.45
4241,19.445
4242,19.44
4243,19.47
4244,19.345
4245,19.37
4246,19.32
4247,19.32
4248,19.280000000000005
4249,19.270000000000003
4250,19.259999999999998
4251,19.16
4252,19.16
4253,19.1
4254,19.11
4255,19.18
4256,19.15
4257,19.12
4258,19.11
4259,19.1
4260,19.15
4261,19.15
4262,19.195
4263,19.185
4264,19.19
4265,19.17
4266,19.145
4267,19.155
4268,19.06
4269,19.08
4270,18.8999
4271,19.0125
4272,19.06
4273,18.97
4274,18.99
4275,18.97
4276,18.954999999999995
4277,18.994999999999997
4278,18.95
4279,18.92
4280,18.935
4281,18.935
4282,18.94
4283,18.94
4284,18.935
4285,18.925
4286,18.895
4287,18.89
4288,18.915
4289,18.93
4290,18.95
4291,18.96
4292,18.925
4293,18.94
4294,18.964999999999996
4295,18.91
4296,18.89
4297,18.85
4298,18.875
4299,18.94
4300,18.96
4301,18.935
4302,18.94
4303,18.96
4304,18.964999999999996
4305,18.98
4306,18.945
4307,18.96
4308,18.94
4309,18.94
4310,18.94
4311,18.9
4312,18.9
4313,18.925
4314,18.88
4315,18.865
4316,18.88
4317,18.85
4318,18.85
4319,18.87
4320,18.84
4321,18.875
4322,18.805
4323,18.81
4324,18.83
4325,18.81
4326,18.84
4327,18.86
4328,18.89
4329,18.881
4330,18.895
4331,18.945
4332,18.95
4333,18.94
4334,18.92
4335,18.875999999999998
4336,18.885
4337,18.86
4338,18.89
4339,18.865
4340,18.9
4341,18.87
4342,18.88
4343,18.91
4344,18.88
4345,18.899
4346,18.895
4347,18.895
4348,18.93
4349,18.92
4350,18.92
4351,18.85
4352,18.79
4353,18.730000000000004
4354,18.709999999999997
4355,18.68
4356,18.730000000000004
4357,18.699999999999996
4358,18.699999999999996
4359,18.68
4360,18.655
4361,18.675
4362,18.545
4363,18.63
4364,18.6
4365,18.619
4366,18.59
4367,18.55
4368,18.505
4369,18.52
4370,18.54
4371,18.56
4372,18.555
4373,18.56
4374,18.55
4375,18.61
4376,18.51
4377,18.51
4378,18.61
4379,18.6
4380,18.58
4381,18.56
4382,18.605
4383,18.64
4384,18.64
4385,18.64
4386,18.637199999999996
4387,18.63
4388,18.65
4389,18.671000000000003
4390,18.67
4391,18.64
4392,18.64
4393,18.595
4394,18.545
4395,18.5567
4396,18.55
4397,18.61
4398,18.585
4399,18.62
4400,18.59
4401,18.545
4402,18.53
4403,18.54
4404,18.545
4405,18.46
4406,18.36
4407,18.435000000000002
4408,18.48
4409,18.5
4410,18.51
4411,18.545
4412,18.61
4413,18.6
4414,18.63
4415,18.575
4416,18.58
4417,18.59
4418,18.589000000000002
4419,18.57
4420,18.6
4421,18.565
4422,18.58
4423,18.555
4424,18.495
4425,18.48
4426,18.52
4427,18.58
4428,18.58
4429,18.5
4430,18.515
4431,18.515
4432,18.37
4433,18.29
4434,18.25
4435,18.29
4436,18.43
4437,18.45
4438,18.5
4439,18.555
4440,18.545
4441,18.52
4442,18.526099999999996
4443,18.455
4444,18.41
4445,18.414999999999996
4446,18.41
4447,18.38
4448,18.39
4449,18.41
4450,18.455
4451,18.46
4452,18.49
4453,18.462
4454,18.44
4455,18.46
4456,18.5
4457,18.45
4458,18.29
4459,18.305
4460,18.31
4461,18.36
4462,18.4
4463,18.534000000000006
4464,18.54
4465,18.52
4466,18.57
4467,18.56
4468,18.53
4469,18.51
4470,18.435000000000002
4471,18.41
4472,18.395
4473,18.41
4474,18.38
4475,18.335
4476,18.31
4477,18.34
4478,18.315
4479,18.25
4480,18.26
4481,18.31
4482,18.31
4483,18.27
4484,18.27
4485,18.1
4486,18.044
4487,18.000999999999994
4488,18.0
4489,17.93
4490,17.92
4491,17.9599
4492,17.93
4493,17.79
4494,17.89
4495,17.9477
4496,17.94
4497,18.005
4498,18.07
4499,18.13
4500,18.139999999999997
4501,18.189999999999998
4502,18.215000000000003
4503,18.29
4504,18.26
4505,18.26
4506,18.3
4507,18.28
4508,18.25
4509,18.2
4510,18.22
4511,18.189999999999998
4512,18.49
4513,18.49
4514,18.49
4515,18.49
4516,18.46
4517,18.51
4518,18.48
4519,18.46
4520,18.43
4521,18.39
4522,18.42
4523,18.445
4524,18.5
4525,18.47
4526,18.41
4527,18.405
4528,18.36
4529,18.38
4530,18.34
4531,18.37
4532,18.36
4533,18.355
4534,18.31
4535,18.29
4536,18.27
4537,18.23
4538,18.23
4539,18.44
4540,18.36
4541,18.28
4542,18.21
4543,18.23
4544,18.139999999999997
4545,18.1201
4546,18.085
4547,18.02
4548,18.097
4549,18.089999999999996
4550,18.165000000000003
4551,18.06
4552,18.08
4553,18.15
4554,18.21
4555,18.21
4556,18.2
4557,18.22
4558,18.225
4559,18.2
4560,18.2
4561,18.13
4562,18.18
4563,18.13
4564,18.12
4565,18.12
4566,17.989999999999995
4567,18.03
4568,18.195
4569,18.12
4570,18.12
4571,18.03
4572,18.03
4573,18.06
4574,18.12
4575,18.11
4576,18.155
4577,18.155
4578,18.08
4579,18.03
4580,18.02
4581,18.043
4582,18.08
4583,18.085
4584,18.11
4585,18.03
4586,18.03
4587,18.02
4588,17.97
4589,18.0
4590,17.995
4591,17.925
4592,17.92
4593,17.95
4594,17.84
4595,17.96
4596,17.925
4597,17.845
4598,17.82
4599,17.87
4600,17.89
4601,17.865
4602,17.87
4603,17.88
4604,17.845
4605,17.86
4606,17.845
4607,17.87
4608,17.865
4609,17.951
4610,18.02
4611,18.095
4612,18.1885
4613,18.18
4614,18.195
4615,18.25
4616,18.33
4617,18.295
4618,18.26
4619,18.26
4620,18.12
4621,18.03
4622,18.08
4623,18.139999999999997
4624,18.08
4625,18.139999999999997
4626,18.17
4627,18.13
4628,18.03
4629,17.97
4630,17.93
4631,17.91
4632,17.94
4633,17.96
4634,17.92
4635,17.939
4636,17.97
4637,17.899
4638,17.875
4639,17.84
4640,17.88
4641,17.82
4642,17.81
4643,17.91
4644,17.97
4645,17.92
4646,17.91
4647,17.509999999999998
4648,17.395
4649,17.1467
4650,17.03
4651,17.08
4652,17.17
4653,17.31
4654,17.28
4655,17.14
4656,17.145
4657,17.289
4658,17.215
4659,17.235
4660,17.21
4661,17.21
4662,17.13
4663,17.215
4664,17.19
4665,17.21
4666,17.2
4667,17.2
4668,17.175
4669,17.09
4670,17.035
4671,17.0
4672,16.85
4673,16.84
4674,16.99
4675,16.95
4676,16.93
4677,16.81
4678,16.79
4679,16.973
4680,17.16
4681,17.1
4682,17.19
4683,17.205
4684,17.18
4685,17.23
4686,17.28
4687,17.26
4688,17.16
4689,17.18
4690,17.12
4691,17.08
4692,17.08
4693,17.11
4694,17.04
4695,17.03
4696,17.07
4697,17.02
4698,16.865
4699,16.785
4700,16.785
4701,17.18
4702,16.985
4703,17.03
4704,17.03
4705,17.14
4706,17.22
4707,17.26
4708,17.34
4709,17.550500000000003
4710,17.6024
4711,17.515
4712,17.48
4713,17.43
4714,17.38
4715,17.444000000000006
4716,17.3
4717,17.3
4718,17.34
4719,17.34
4720,17.235
4721,17.29
4722,17.21
4723,17.14
4724,17.15
4725,17.165
4726,17.18
4727,17.175
4728,17.13
4729,17.3
4730,17.26
4731,17.16
4732,17.19
4733,17.15
4734,17.26
4735,17.09
4736,17.09
4737,17.045
4738,16.96
4739,16.95
4740,16.9
4741,16.92
4742,16.91
4743,16.87
4744,16.87
4745,16.94
4746,17.04
4747,17.1
4748,17.055
4749,17.11
4750,17.17
4751,17.32
4752,17.495
4753,17.435000000000002
4754,17.44
4755,17.359999999999996
4756,17.412
4757,17.34
4758,17.37
4759,17.4
4760,17.4
4761,17.43
4762,17.56
4763,17.57
4764,17.509999999999998
4765,17.48
4766,17.38
4767,17.44
4768,17.505
4769,17.54
4770,17.55
4771,17.6
4772,17.53
4773,17.48
4774,17.5
4775,17.45
4776,17.45
4777,17.54
4778,17.509999999999998
4779,17.48
4780,17.45
4781,17.45
4782,17.79
4783,17.83
4784,17.76
4785,17.77
4786,17.67
4787,17.66
4788,17.73
4789,17.7273
4790,17.72
4791,17.68
4792,17.63
4793,17.61
4794,17.56
4795,17.55
4796,17.459999999999997
4797,17.45
4798,17.509999999999998
4799,17.4668
4800,17.385
4801,17.4201
4802,17.451
4803,17.465
4804,17.4
4805,17.38
4806,17.44
4807,17.42
4808,17.42
4809,17.66
4810,17.565
4811,17.54
4812,17.57
4813,17.64
4814,17.61
4815,17.64
4816,17.69
4817,17.69
4818,17.64
4819,17.65
4820,17.66
4821,17.56
4822,17.58
4823,17.5924
4824,17.58
4825,17.55
4826,17.54
4827,17.59
4828,17.56
4829,17.57
4830,17.58
4831,17.5822
4832,17.57
4833,17.58
4834,17.57
4835,17.57
4836,17.93
4837,17.91
4838,17.9
4839,17.9
4840,18.06
4841,18.01
4842,17.9899
4843,17.94
4844,17.945
4845,17.91
4846,17.91
4847,17.95
4848,17.92
4849,17.91
4850,17.95
4851,17.9375
4852,18.081
4853,18.12
4854,18.18
4855,18.215000000000003
4856,18.21
4857,18.235
4858,18.32
4859,18.34
4860,18.29
4861,18.315000000000005
4862,18.3
4863,18.139999999999997
4864,18.06
4865,18.23
4866,18.27
4867,18.25
4868,18.28
4869,18.189999999999998
4870,18.18
4871,18.16
4872,18.15
4873,18.139999999999997
4874,18.06
4875,18.089999999999996
4876,18.1
4877,18.07
4878,18.06
4879,18.039999999999996
4880,18.0025
4881,17.95
4882,17.965
4883,18.039999999999996
4884,18.005
4885,17.955
4886,17.9072
4887,17.895
4888,17.89
4889,18.17
4890,18.145
4891,18.4
4892,18.24
4893,18.23
4894,18.26
4895,18.295
4896,18.25
4897,18.215000000000003
4898,18.23
4899,18.24
4900,18.31
4901,18.27
4902,18.264
4903,18.27
4904,18.2617
4905,18.25
4906,18.256
4907,18.36
4908,18.35
4909,18.28
4910,18.24
4911,18.24
4912,18.265000000000004
4913,18.34
4914,18.28
4915,18.285
4916,18.445
4917,18.46
4918,18.465
4919,18.49
4920,18.485
4921,18.52
4922,18.4433
4923,18.395
4924,18.41
4925,18.43
4926,18.4401
4927,18.46
4928,18.492500000000003
4929,18.46
4930,18.4
4931,18.4
4932,18.42
4933,18.44
4934,18.400100000000002
4935,18.4
4936,18.4
4937,18.375
4938,18.37
4939,18.385
4940,18.44
4941,18.475
4942,18.48
4943,18.385
4944,18.32
4945,18.33
4946,18.3
4947,18.38
4948,18.41
4949,18.51
4950,18.48
4951,18.41
4952,18.34
4953,18.38
4954,18.37
4955,18.45
4956,18.46
4957,18.54
4958,18.5
4959,18.47
4960,18.465
4961,18.465
4962,18.455
4963,18.46
4964,18.45
4965,18.445
4966,18.47
4967,18.51
4968,18.49
4969,18.49
4970,18.51
4971,18.55
4972,18.61
4973,18.58
4974,18.63
4975,18.57
4976,18.575
4977,18.6567
4978,18.685
4979,18.73
4980,18.7
4981,18.6767
4982,18.61
4983,18.63
4984,18.68
4985,18.755
4986,18.81
4987,18.83
4988,18.8
4989,18.81
4990,18.86
4991,18.85
4992,18.869999999999997
4993,18.89
4994,18.95
4995,18.93
4996,18.93
4997,18.915
4998,18.9
4999,18.769999999999996
5000,18.760000000000005
5001,18.83
5002,18.8
5003,18.851000000000003
5004,18.85
5005,18.81
5006,18.79
5007,18.7833
5008,18.760000000000005
5009,18.77
5010,18.8
5011,18.81
5012,18.775
5013,18.75
5014,18.78
5015,18.68
5016,18.77
5017,18.75
5018,18.740000000000002
5019,18.7
5020,18.73
5021,18.8
5022,18.81
5023,18.805
5024,18.785
5025,18.54
5026,18.53
5027,18.66
5028,18.590000000000003
5029,18.56
5030,18.509
5031,18.49
5032,18.55
5033,18.6
5034,18.595
5035,18.61
5036,18.57
5037,18.58
5038,18.62
5039,18.71
5040,18.740000000000002
5041,18.766000000000002
5042,18.8
5043,18.725
5044,18.75
5045,18.635
5046,18.68
5047,18.625
5048,18.645
5049,18.7
5050,18.69
5051,19.19
5052,19.34
5053,19.44
5054,19.395
5055,19.4
5056,19.3
5057,19.3797
5058,19.39
5059,19.29
5060,19.28
5061,19.27
5062,19.22
5063,19.25
5064,19.305
5065,19.31
5066,19.34
5067,19.34
5068,19.316799999999997
5069,19.31
5070,19.29
5071,19.35
5072,19.355
5073,19.4
5074,19.424999999999997
5075,19.489999999999995
5076,19.53
5077,19.54
5078,19.87
5079,20.01
5080,19.9
5081,19.95
5082,19.92
5083,19.86
5084,19.9
5085,19.87
5086,19.91
5087,19.855
5088,19.77
5089,19.79
5090,19.84
5091,19.87
5092,19.84
5093,19.8178
5094,19.810000000000002
5095,19.82
5096,19.85
5097,19.835
5098,19.82
5099,19.82
5100,19.86
5101,19.810000000000002
5102,19.86
5103,19.88
5104,19.87
5105,19.86
5106,19.8876
5107,19.87
5108,19.75
5109,19.71
5110,19.69
5111,19.77
5112,19.85
5113,19.8499
5114,19.87
5115,19.8978
5116,19.9
5117,19.99
5118,20.07
5119,20.09
5120,20.065
5121,20.085
5122,20.13
5123,20.13
5124,20.135
5125,20.12
5126,20.1601
5127,20.165
5128,20.19
5129,20.2
5130,20.14
5131,20.13
5132,20.135
5133,20.109999999999996
5134,20.17
5135,20.1
5136,19.995
5137,20.109999999999996
5138,20.18
5139,20.115
5140,20.13
5141,20.17
5142,20.14
5143,20.13
5144,20.19
5145,20.185
5146,20.18
5147,20.24
5148,20.1178
5149,20.08
5150,20.07
5151,20.085
5152,20.09
5153,20.15
5154,20.18
5155,20.19
5156,20.15
5157,20.13
5158,20.13
5159,20.109999999999996
5160,19.98
5161,19.98
5162,19.92
5163,19.94
5164,19.925
5165,19.97
5166,19.995
5167,19.959999999999997
5168,19.97
5169,19.99
5170,20.02
5171,20.0
5172,20.015
5173,20.14
5174,20.21
5175,20.1802
5176,20.125
5177,20.085
5178,20.09
5179,20.1335
5180,20.17
5181,20.15
5182,20.125
5183,20.18
5184,20.21
5185,20.22
5186,20.32
5187,19.86
5188,19.73
5189,19.64
5190,19.665
5191,19.89
5192,19.84
5193,19.781
5194,19.77
5195,19.73
5196,19.72
5197,19.71
5198,19.72
5199,19.760100000000005
5200,19.825
5201,19.83
5202,19.795
5203,19.791
5204,19.785
5205,19.75
5206,19.765
5207,19.82
5208,19.77
5209,19.69
5210,19.775
5211,19.79
5212,19.79
5213,19.9
5214,20.109999999999996
5215,20.0501
5216,19.94
5217,19.895
5218,19.94
5219,19.945
5220,19.97
5221,19.98
5222,19.959999999999997
5223,19.95
5224,19.921000000000003
5225,19.936
5226,19.9224
5227,19.925
5228,19.9101
5229,19.93
5230,19.9
5231,19.95
5232,19.97
5233,19.965
5234,19.949
5235,19.965
5236,19.955
5237,19.955
5238,20.015
5239,20.02
5240,19.77
5241,19.76
5242,19.85
5243,19.795
5244,19.73
5245,19.74
5246,19.7
5247,19.73
5248,19.72
5249,19.73
5250,19.73
5251,19.755
5252,19.74
5253,19.71
5254,19.6501
5255,19.660000000000004
5256,19.715
5257,19.73
5258,19.74
5259,19.72
5260,19.77
5261,19.75
5262,19.77
5263,19.765
5264,19.765
5265,19.77
5266,19.78
5267,19.509999999999998
5268,19.48
5269,19.509999999999998
5270,19.43
5271,19.43
5272,19.41
5273,19.42
5274,19.5
5275,19.56
5276,19.53
5277,19.5199
5278,19.54
5279,19.57
5280,19.61
5281,19.635
5282,19.64
5283,19.65
5284,19.62
5285,19.660000000000004
5286,19.65
5287,19.635
5288,19.59
5289,19.62
5290,19.655
5291,19.65
5292,19.64
5293,19.645
5294,19.65
5295,19.67
5296,19.667
5297,19.563
5298,19.58
5299,19.55
5300,19.47
5301,19.44
5302,19.41
5303,19.48
5304,19.5
5305,19.495
5306,19.54
5307,19.535
5308,19.485
5309,19.44
5310,19.48
5311,19.52
5312,19.53
5313,19.539
5314,19.53
5315,19.52
5316,19.57
5317,19.53
5318,19.54
5319,19.56
5320,19.55
5321,19.489999999999995
5322,19.44
5323,19.59
5324,19.565
5325,19.59
5326,19.613
5327,19.62
5328,19.63
5329,19.61
5330,19.62
5331,19.65
5332,19.64
5333,19.65
5334,19.65
5335,19.69
5336,19.67
5337,19.68
5338,19.660000000000004
5339,19.660000000000004
5340,19.68
5341,19.729
5342,19.74
5343,19.725
5344,19.72
5345,19.725
5346,19.785
5347,19.785
5348,19.875
5349,19.84
5350,19.7095
5351,19.71
5352,19.72
5353,19.660000000000004
5354,19.61
5355,19.635
5356,19.68
5357,19.73
5358,19.74
5359,19.73
5360,19.775
5361,19.753
5362,19.76
5363,19.7799
5364,19.78
5365,19.7831
5366,19.795
5367,19.785
5368,19.79
5369,19.8302
5370,19.83
5371,19.75
5372,19.72
5373,19.7
5374,19.695
5375,19.84
5376,19.8501
5377,19.93
5378,19.9299
5379,19.93
5380,19.97
5381,19.99
5382,19.98
5383,20.0
5384,20.06
5385,20.06
5386,20.07
5387,20.1
5388,20.12
5389,20.115
5390,20.1
5391,20.05
5392,20.065
5393,20.07
5394,20.1101
5395,20.17
5396,20.17
5397,20.19
5398,20.155
5399,20.2
5400,20.17
5401,20.17
5402,20.13
5403,20.03
5404,19.975
5405,19.97
5406,19.89
5407,19.875
5408,19.94
5409,19.91
5410,19.89
5411,19.93
5412,19.925
5413,19.925
5414,19.945
5415,19.93
5416,19.92
5417,19.93
5418,19.94
5419,19.93
5420,19.955
5421,19.9
5422,19.945
5423,19.94
5424,19.915
5425,19.965
5426,19.985
5427,20.005
5428,20.01
5429,19.92
5430,20.03
5431,20.19
5432,20.21
5433,20.205
5434,20.17
5435,20.15
5436,20.15
5437,20.2
5438,20.24
5439,20.285
5440,20.25
5441,20.24
5442,20.32
5443,20.280000000000005
5444,20.24
5445,20.25
5446,20.325
5447,20.27
5448,20.31
5449,20.32
5450,20.280000000000005
5451,20.31
5452,20.280000000000005
5453,20.34
5454,20.35
5455,20.34
5456,20.471
5457,20.49
5458,20.48
5459,20.44
5460,20.485
5461,20.447
5462,20.4401
5463,20.409999999999997
5464,20.4101
5465,20.39
5466,20.4
5467,20.36
5468,20.37
5469,20.3641
5470,20.35
5471,20.31
5472,20.295
5473,20.36
5474,20.395
5475,20.3599
5476,20.4
5477,20.43
5478,20.455
5479,20.45
5480,20.48
5481,20.46
5482,20.45
5483,20.63
5484,20.6
5485,20.564
5486,20.559999999999995
5487,20.48
5488,20.47
5489,20.43
5490,20.46
5491,20.515
5492,20.559999999999995
5493,20.585
5494,20.57
5495,20.52
5496,20.5
5497,20.5
5498,20.49
5499,20.48
5500,20.48
5501,20.505
5502,20.535
5503,20.5377
5504,20.56
5505,20.575
5506,20.58
5507,20.555
5508,20.58
5509,20.58
5510,20.7
5511,20.58
5512,20.61
5513,20.65
5514,20.68
5515,20.59
5516,20.62
5517,20.6
5518,20.64
5519,20.68
5520,20.68
5521,20.659000000000002
5522,20.69
5523,20.64
5524,20.57
5525,20.58
5526,20.6
5527,20.59
5528,20.6025
5529,20.595
5530,20.57
5531,20.565
5532,20.58
5533,20.595
5534,20.59
5535,20.57
5536,20.57
5537,20.59
5538,20.64
5539,20.74
5540,20.73
5541,20.705
5542,20.6532
5543,20.66
5544,20.68
5545,20.71
5546,20.725
5547,20.71
5548,20.69
5549,20.69
5550,20.68
5551,20.72
5552,20.705
5553,20.75
5554,20.8
5555,20.795
5556,20.825
5557,20.895
5558,20.91
5559,20.93
5560,20.91
5561,20.865
5562,20.91
5563,20.915
5564,20.95
5565,20.89
5566,20.825
5567,20.97
5568,20.9899
5569,20.99
5570,20.983
5571,21.02
5572,21.07
5573,21.04
5574,21.075
5575,20.985
5576,20.96
5577,20.97
5578,20.97
5579,20.91
5580,20.8501
5581,20.9249
5582,20.86
5583,20.79
5584,20.6
5585,20.62
5586,20.62
5587,20.631
5588,20.56
5589,20.63
5590,20.651
5591,20.66
5592,20.68
5593,20.68
5594,20.7
5595,20.7
5596,20.67
5597,20.6201
5598,20.56
5599,20.64
5600,20.63
5601,20.665
5602,20.67
5603,20.635
5604,20.58
5605,20.58
5606,20.49
5607,20.41
5608,20.43
5609,20.44
5610,20.42
5611,20.4
5612,20.3866
5613,20.44
5614,20.45
5615,20.455
5616,20.42
5617,20.415
5618,20.4
5619,20.4013
5620,20.425
5621,20.47
5622,20.45
5623,20.46
5624,20.459
5625,20.475
5626,20.49
5627,20.5
5628,20.58
5629,20.55
5630,20.565
5631,20.61
5632,20.61
5633,20.93
5634,20.835
5635,20.82
5636,20.89
5637,20.85
5638,20.84
5639,20.88
5640,20.87
5641,20.9
5642,20.98
5643,21.05
5644,21.05
5645,21.05
5646,21.045
5647,21.06
5648,21.055
5649,21.045
5650,21.05
5651,21.085
5652,21.0975
5653,21.07
5654,21.055
5655,21.07
5656,21.05
5657,21.065
5658,21.13
5659,21.13
5660,21.15
5661,21.06
5662,21.08
5663,21.055999999999997
5664,20.975
5665,20.99
5666,20.965
5667,20.8301
5668,20.895
5669,20.935
5670,20.9299
5671,20.95
5672,20.949
5673,20.975
5674,20.985
5675,21.006
5676,21.0
5677,21.0
5678,21.03
5679,20.98
5680,21.0
5681,20.995
5682,21.02
5683,20.925
5684,20.91
5685,20.96
5686,20.95
5687,21.06
5688,21.08
5689,21.06
5690,20.97
5691,21.0
5692,20.99
5693,21.045
5694,21.0801
5695,21.1
5696,21.085
5697,21.095
5698,21.0863
5699,21.09
5700,21.095
5701,21.08
5702,21.111
5703,21.095
5704,21.095
5705,21.1
5706,21.09
5707,21.07
5708,21.04
5709,21.095
5710,21.09
5711,21.03
5712,21.07
5713,21.07
5714,21.23
5715,21.21
5716,21.16
5717,21.205
5718,21.18
5719,21.13
5720,21.03
5721,20.91
5722,20.92
5723,20.885
5724,20.802
5725,20.75
5726,20.795
5727,20.82
5728,20.81
5729,20.73
5730,20.705
5731,20.66
5732,20.64
5733,20.695
5734,20.69
5735,20.725
5736,20.74
5737,20.76
5738,20.795
5739,20.805
5740,20.8
5741,20.62
5742,20.53
5743,20.4043
5744,20.39
5745,20.47
5746,20.46
5747,20.495
5748,20.5501
5749,20.56
5750,20.54
5751,20.53
5752,20.45
5753,20.5341
5754,20.53
5755,20.59
5756,20.570999999999998
5757,20.6749
5758,20.6499
5759,20.6472
5760,20.69
5761,20.67
5762,20.7
5763,20.725
5764,20.755
5765,20.745
5766,20.735
5767,20.74
5768,20.67
5769,20.71
5770,20.685
5771,20.655
5772,20.615
5773,20.675
5774,20.655
5775,20.68
5776,20.625
5777,20.615
5778,20.615
5779,20.515
5780,20.55
5781,20.53
5782,20.565
5783,20.56
5784,20.52
5785,20.41
5786,20.3799
5787,20.4249
5788,20.35
5789,20.275
5790,20.31
5791,20.395
5792,20.325
5793,20.265
5794,20.36
5795,20.35
5796,20.48
5797,20.48
5798,20.475
5799,20.405
5800,20.406
5801,20.44
5802,20.449
5803,20.45
5804,20.45
5805,20.465
5806,20.425
5807,20.46
5808,20.43
5809,20.41
5810,20.45
5811,20.38
5812,20.39
5813,20.37
5814,20.34
5815,20.29
5816,20.36
5817,20.38
5818,20.29
5819,20.27
5820,20.26
5821,20.16
5822,20.08
5823,20.06
5824,20.06
5825,20.01
5826,19.87
5827,19.87
5828,19.82
5829,19.865
5830,19.85
5831,19.91
5832,19.92
5833,19.895
5834,19.86
5835,19.89
5836,19.91
5837,19.93
5838,19.95
5839,19.9999
5840,19.91
5841,19.83
5842,19.86
5843,19.835
5844,19.845
5845,19.704
5846,19.635
5847,19.64
5848,20.17
5849,19.81
5850,19.86
5851,19.89
5852,19.6699
5853,19.77
5854,19.72
5855,19.655
5856,19.68
5857,19.61
5858,19.64
5859,19.7
5860,19.665
5861,19.76
5862,19.67
5863,19.68
5864,19.64
5865,19.595
5866,19.54
5867,19.64
5868,19.59
5869,19.62
5870,19.665
5871,19.65
5872,19.7
5873,19.56
5874,19.57
5875,19.55
5876,19.55
5877,19.42
5878,19.62
5879,19.56
5880,19.66
5881,19.64
5882,19.77
5883,19.76
5884,19.73
5885,19.74
5886,19.76
5887,19.732
5888,19.72
5889,19.58
5890,19.56
5891,19.59
5892,19.6
5893,19.64
5894,19.645
5895,19.6
5896,19.5803
5897,19.56
5898,19.52
5899,19.44
5900,19.35
5901,19.345
5902,19.33
5903,19.37
5904,19.37
5905,19.305
5906,19.36
5907,19.36
5908,19.39
5909,19.48
5910,19.59
5911,19.68
5912,19.675
5913,19.64
5914,19.6331
5915,19.62
5916,19.69
5917,19.71
5918,19.74
5919,19.78
5920,19.94
5921,19.915
5922,19.92
5923,19.93
5924,19.985
5925,20.07
5926,20.111
5927,20.15
5928,20.14
5929,20.3266
5930,20.3
5931,20.35
5932,20.32
5933,20.27
5934,20.24
5935,20.11
5936,20.14
5937,20.14
5938,20.15
5939,20.1733
5940,20.23
5941,20.24
5942,20.23
5943,20.23
5944,20.27
5945,20.24
5946,20.205
5947,20.17
5948,20.15
5949,20.08
5950,20.08
5951,20.135
5952,20.1
5953,20.14
5954,20.22
5955,20.22
5956,20.22
5957,20.37
5958,20.32
5959,20.25
5960,20.269000000000002
5961,20.285
5962,20.315
5963,20.32
5964,20.325
5965,20.32
5966,20.345
5967,20.39
5968,20.39
5969,20.35
5970,20.24
5971,20.225
5972,20.28
5973,20.3
5974,20.3
5975,20.285
5976,20.3
5977,20.335
5978,20.36
5979,20.43
5980,20.42
5981,20.42
5982,20.42
5983,20.335
5984,20.55
5985,20.57
5986,20.625
5987,20.65
5988,20.6644
5989,20.5999
5990,20.67
5991,20.63
5992,20.64
5993,20.62
5994,20.65
5995,20.65
5996,20.74
5997,20.741
5998,20.7
5999,20.7
