,0
0,108.93
1,108.5352
2,108.39
3,108.4
4,108.655
5,108.6081
6,108.85
7,108.71
8,108.87
9,108.83
10,108.83
11,108.93
12,109.17
13,109.47
14,109.35
15,109.363
16,109.26
17,109.41
18,109.01999999999998
19,110.56
20,110.8432
21,111.32
22,112.64999999999999
23,112.3
24,111.9084
25,112.01
26,112.0438
27,112.18
28,112.55
29,112.54
30,112.98
31,113.416
32,112.99
33,113.53000000000002
34,113.26999999999998
35,112.9782
36,112.89999999999999
37,113.4301
38,113.4302
39,113.12
40,113.16
41,113.17
42,113.46
43,113.56
44,113.95
45,113.51200000000001
46,114.22
47,113.45
48,113.765
49,113.9744
50,114.0185
51,114.39
52,114.51999999999998
53,115.23
54,114.67
55,114.6731
56,115.51
57,115.315
58,115.604
59,115.5383
60,115.34
61,115.55
62,115.14
63,115.14399999999999
64,115.0001
65,115.37
66,115.47
67,115.2495
68,115.09999999999998
69,115.63
70,115.39
71,114.9013
72,115.23
73,114.74
74,115.04499999999999
75,114.89999999999999
76,114.88500000000002
77,114.98
78,114.71520000000001
79,114.5
80,114.71
81,114.8101
82,114.75
83,114.62
84,114.64
85,114.59999999999998
86,114.55
87,114.18
88,113.9809
89,114.5
90,114.4817
91,114.49
92,114.2869
93,114.4418
94,114.4641
95,114.4284
96,114.38
97,115.0821
98,115.48899999999999
99,114.72
100,115.14
101,115.34999999999998
102,115.32
103,115.99
104,116.37
105,116.87
106,116.77280000000002
107,116.98990000000002
108,117.05609999999999
109,117.01
110,116.8522
111,116.95
112,116.96
113,116.69000000000001
114,116.9984
115,117.07
116,116.8
117,116.7489
118,116.71
119,116.856
120,117.04
121,117.04110000000001
122,117.3
123,119.61000000000001
124,120.53
125,120.4932
126,119.94200000000001
127,120.18319999999999
128,120.14
129,120.01
130,120.21700000000001
131,120.13
132,120.34999999999998
133,120.03010000000002
134,119.3185
135,118.82
136,118.67
137,119.0
138,119.5
139,119.33
140,119.6458
141,119.49
142,119.14999999999999
143,119.134
144,119.09999999999998
145,118.84
146,119.01
147,118.92
148,119.1799
149,117.521
150,117.0975
151,117.26999999999998
152,117.51
153,117.89999999999999
154,117.93700000000001
155,118.04499999999999
156,118.06
157,118.22999999999999
158,118.69000000000001
159,118.75
160,118.39679999999998
161,118.2
162,118.29799999999999
163,118.55
164,119.14320000000001
165,118.6746
166,118.8065
167,118.97
168,119.01999999999998
169,119.21189999999999
170,119.075
171,118.845
172,118.6837
173,118.88
174,118.59
175,118.75
176,118.55
177,117.40010000000001
178,117.7
179,117.43
180,117.31
181,117.86000000000001
182,117.68700000000001
183,117.64999999999999
184,117.63579999999999
185,117.9201
186,117.76999999999998
187,117.74
188,117.76999999999998
189,117.8301
190,117.9673
191,117.96500000000002
192,117.9372
193,117.96530000000001
194,117.39
195,117.45
196,117.42
197,117.41
198,117.26
199,117.12
200,116.45
201,117.7436
202,113.60249999999999
203,113.95
204,113.2379
205,113.48
206,114.23
207,114.745
208,114.851
209,114.81
210,115.37
211,115.8827
212,115.155
213,115.00489999999999
214,114.7101
215,115.09899999999999
216,114.6745
217,114.37
218,114.1664
219,113.93999999999998
220,114.1399
221,113.59
222,114.07
223,113.63
224,113.57
225,113.71
226,113.63
227,113.34
228,112.165
229,111.1071
230,111.2183
231,110.25
232,109.62
233,109.48739999999998
234,110.07
235,109.61000000000001
236,109.12
237,109.3001
238,108.8
239,109.1696
240,109.17
241,109.4315
242,109.46
243,109.08
244,109.18999999999998
245,109.03000000000002
246,108.55
247,108.45000000000002
248,108.5466
249,109.14299999999999
250,108.8774
251,108.80919999999999
252,108.37
253,107.54
254,107.5605
255,108.22
256,109.49
257,108.91400000000002
258,109.70000000000002
259,109.73
260,109.65
261,109.81
262,109.61000000000001
263,109.70000000000002
264,109.021
265,109.1
266,109.1374
267,109.55
268,109.34
269,109.26200000000001
270,109.11000000000001
271,108.88249999999998
272,108.60999999999999
273,108.49
274,108.48
275,108.759
276,108.68
277,108.50169999999999
278,108.78000000000002
279,109.5999
280,108.73
281,108.25
282,108.245
283,108.2054
284,108.4479
285,108.39
286,108.7129
287,108.31
288,108.5
289,108.47
290,108.5
291,108.45000000000002
292,108.43
293,108.3468
294,108.4404
295,108.65700000000001
296,108.7625
297,108.68999999999998
298,108.63
299,108.8512
300,109.0
301,109.01999999999998
302,108.9
303,108.928
304,109.0
305,108.62
306,107.84
307,107.20000000000002
308,107.46
309,107.43999999999998
310,107.0
311,107.13
312,107.20000000000002
313,106.79
314,106.83090000000001
315,106.85999999999999
316,106.95000000000002
317,106.95000000000002
318,106.76
319,106.64
320,106.76
321,106.448
322,106.65
323,106.46
324,105.88
325,106.355
326,106.33
327,106.18990000000001
328,106.73
329,107.09
330,107.25
331,106.21
332,105.42
333,105.05
334,105.575
335,106.01999999999998
336,106.1654
337,106.9452
338,106.53799999999998
339,106.97
340,106.615
341,106.85999999999999
342,106.4449
343,106.5466
344,106.51999999999998
345,106.82019999999999
346,106.92959999999998
347,106.9195
348,106.8
349,107.03000000000002
350,107.1156
351,107.07
352,107.09
353,107.18999999999998
354,106.96
355,106.99
356,107.20000000000002
357,109.96
358,109.76
359,109.51
360,109.985
361,110.95000000000002
362,110.28000000000002
363,110.24789999999999
364,109.9
365,110.3516
366,110.36000000000001
367,110.22
368,110.73399999999998
369,110.71499999999999
370,110.83
371,110.71
372,110.721
373,110.615
374,110.6296
375,110.26799999999999
376,110.36000000000001
377,110.57789999999999
378,110.6
379,110.46
380,110.39
381,110.695
382,111.07
383,110.7469
384,111.08
385,111.01
386,110.66
387,111.01
388,110.65
389,110.78000000000002
390,111.0351
391,111.3189
392,111.16
393,111.07
394,110.8701
395,110.87
396,110.82
397,110.84
398,110.8726
399,110.65
400,110.76999999999998
401,110.35
402,110.43999999999998
403,110.24
404,110.24
405,110.33
406,110.5001
407,110.51999999999998
408,110.76
409,104.39
410,104.14
411,102.455
412,102.35
413,101.62839999999998
414,101.14
415,100.33
416,100.663
417,100.89
418,100.48
419,101.22
420,101.05
421,101.57000000000001
422,101.37000000000002
423,100.83800000000001
424,100.77999999999999
425,100.59
426,100.1228
427,101.05499999999999
428,100.71
429,100.1339
430,100.35
431,100.369
432,100.01
433,100.02999999999999
434,100.4875
435,99.09
436,99.31
437,98.87000000000002
438,100.436
439,101.0799
440,100.32000000000001
441,100.286
442,100.56989999999999
443,100.45100000000001
444,100.74
445,100.897
446,101.065
447,100.93999999999998
448,101.25
449,101.54
450,101.39
451,100.88
452,101.3254
453,101.1
454,101.15799999999997
455,101.21
456,101.3701
457,101.15
458,101.16
459,101.295
460,101.39249999999998
461,103.88
462,104.31940000000002
463,104.45000000000002
464,104.35
465,104.7852
466,104.43
467,104.67
468,104.59860000000002
469,104.2999
470,104.294
471,104.6401
472,104.81
473,104.8003
474,104.76999999999998
475,104.85
476,104.7906
477,104.6108
478,104.42
479,104.72
480,104.91
481,104.76100000000002
482,104.67500000000001
483,104.41
484,104.5903
485,104.57000000000001
486,104.41
487,103.7789
488,103.1
489,102.705
490,102.98
491,102.32000000000001
492,102.6
493,102.3069
494,102.47
495,102.475
496,102.1
497,101.665
498,101.47
499,101.0364
500,100.97
501,101.29
502,101.1606
503,101.2415
504,101.1
505,101.02
506,100.815
507,101.0812
508,101.4801
509,101.454
510,101.57
511,101.18
512,101.48
513,102.11
514,102.2
515,102.26
516,101.33
517,101.866
518,101.97
519,101.97
520,102.54
521,102.47
522,102.916
523,103.04
524,103.0
525,102.55
526,102.65
527,102.41
528,102.53
529,102.7511
530,102.44
531,102.469
532,102.6
533,102.56
534,102.75
535,102.6898
536,102.66
537,102.97
538,102.78
539,102.4002
540,102.73
541,101.7999
542,101.57
543,100.8908
544,100.92
545,100.24
546,100.58
547,100.675
548,100.71
549,100.81
550,100.54
551,100.53
552,100.34
553,100.18
554,100.11
555,100.05
556,100.02
557,99.85
558,99.25
559,99.15
560,99.73
561,99.84
562,99.52
563,99.0
564,98.99
565,96.76
566,96.38
567,97.5109
568,97.49
569,97.71
570,98.235
571,98.37
572,98.43
573,98.53
574,98.5
575,98.24
576,97.94
577,97.96
578,98.0724
579,97.95
580,98.18
581,98.23
582,98.19
583,98.2771
584,98.3
585,98.4201
586,98.54
587,98.4422
588,98.45
589,98.505
590,98.43
591,96.74
592,96.3825
593,96.1926
594,96.35
595,96.4
596,95.97
597,95.7399
598,95.64
599,95.3601
600,95.641
601,95.6001
602,95.69
603,95.91
604,95.73
605,95.72
606,96.35
607,96.46
608,96.49
609,96.8258
610,96.96
611,96.95
612,96.955
613,97.07
614,97.33
615,98.03
616,97.66
617,97.72
618,97.75
619,97.7883
620,99.22
621,99.42
622,98.93
623,98.5668
624,98.3254
625,98.529
626,98.4891
627,98.54
628,98.56
629,98.68
630,98.24
631,98.43
632,98.47
633,98.3199
634,98.48
635,98.5037
636,98.3774
637,98.5494
638,99.275
639,99.26
640,98.96
641,98.55
642,98.73
643,100.8848
644,101.09
645,100.59
646,100.5166
647,100.16
648,100.18
649,100.35
650,99.9899
651,99.62
652,99.27
653,99.09
654,99.08
655,99.27
656,99.18
657,99.14
658,99.22
659,99.101
660,99.11
661,99.12
662,98.88
663,98.97
664,98.881
665,98.81
666,98.76
667,98.5852
668,98.55
669,98.72
670,99.06
671,98.86
672,98.62
673,98.32
674,98.11
675,98.09
676,98.072
677,98.09
678,97.84
679,97.91
680,97.97
681,98.0153
682,98.1905
683,98.16
684,98.2
685,98.23
686,98.05
687,97.83
688,97.76
689,97.69
690,97.94
691,98.465
692,98.895
693,98.64
694,98.54
695,98.85
696,99.55
697,99.4101
698,99.0
699,98.95
700,99.3195
701,99.16
702,99.1741
703,99.04
704,99.02
705,98.9469
706,98.63
707,98.67
708,98.9188
709,98.6
710,98.535
711,98.625
712,98.8315
713,99.11
714,99.0434
715,99.1499
716,99.17
717,99.225
718,99.2
719,99.04
720,99.1
721,101.53
722,100.74
723,101.139
724,101.36
725,100.979
726,101.21
727,101.57
728,101.1478
729,101.17
730,100.83
731,101.2
732,101.38
733,101.45
734,101.51
735,101.63
736,101.6
737,101.72
738,101.885
739,101.75
740,101.86
741,102.21
742,101.99
743,102.11
744,101.84
745,101.43
746,101.85
747,102.05
748,101.2711
749,101.45
750,101.178
751,100.9699
752,101.04
753,100.59899999999999
754,100.76
755,100.671
756,100.86
757,100.735
758,100.884
759,100.853
760,100.8256
761,101.2089
762,101.17
763,101.0693
764,101.08
765,101.126
766,101.0778
767,100.93
768,100.9
769,101.12
770,101.45
771,101.52799999999999
772,101.75
773,101.19
774,101.44
775,100.58
776,100.83
777,101.015
778,101.59
779,101.75
780,101.56
781,101.98
782,101.9999
783,102.17
784,102.48
785,102.1699
786,102.27
787,102.2687
788,101.96
789,102.17
790,102.13
791,102.39
792,102.60700000000001
793,102.8998
794,102.59
795,102.83
796,102.66
797,102.72
798,102.54
799,102.822
800,103.0
801,103.3601
802,103.34
803,103.2164
804,103.2873
805,102.78
806,102.92
807,102.96
808,103.27
809,103.1
810,103.49
811,103.45
812,103.28
813,103.17
814,103.13
815,103.31
816,103.38
817,103.55
818,103.51
819,103.5524
820,103.57
821,103.55
822,103.71
823,103.605
824,103.81
825,104.3
826,104.58
827,104.28
828,104.035
829,104.66
830,104.58
831,104.3497
832,105.14
833,105.0853
834,105.18
835,105.3582
836,105.74
837,105.67
838,105.506
839,105.41
840,105.6292
841,105.4799
842,105.6479
843,105.81
844,105.8048
845,105.58
846,105.53
847,105.583
848,105.58
849,105.81
850,106.1
851,106.54
852,107.18
853,107.8399
854,108.5
855,108.81
856,108.815
857,108.2508
858,108.68
859,108.973
860,109.26100000000001
861,109.1
862,108.93
863,109.4152
864,109.47200000000001
865,109.38
866,109.43
867,108.845
868,108.7947
869,109.09
870,109.11
871,108.97
872,108.98
873,108.9956
874,109.27
875,109.36
876,109.45
877,109.0871
878,109.14
879,108.92
880,108.9399
881,109.68
882,108.94
883,107.9723
884,107.17
885,106.2199
886,107.56
887,107.3
888,107.39
889,107.03
890,106.62
891,106.5
892,107.02
893,106.87
894,106.41
895,106.38
896,106.505
897,106.459
898,106.5181
899,106.79
900,106.74
901,106.241
902,105.96
903,107.04
904,106.34
905,106.7799
906,106.92
907,106.46
908,107.1001
909,106.8
910,107.2
911,107.2
912,107.05
913,106.83
914,106.9197
915,107.0
916,107.2101
917,107.04
918,107.4599
919,107.5805
920,107.7
921,108.22
922,107.695
923,107.92
924,108.1301
925,107.85
926,107.75
927,107.7
928,108.07
929,107.42
930,107.11
931,107.41
932,107.8
933,108.26
934,107.71
935,107.9
936,107.9798
937,107.87
938,108.06
939,107.74
940,107.4203
941,107.54
942,107.76
943,107.36200000000001
944,107.2689
945,107.14
946,107.169
947,107.41
948,107.49
949,107.7968
950,107.6
951,107.39
952,107.04
953,106.99
954,107.1
955,108.89
956,108.70200000000001
957,108.52
958,108.63
959,108.37
960,108.49
961,108.4786
962,108.20200000000001
963,108.32
964,108.57
965,108.0469
966,108.15
967,108.1487
968,108.051
969,107.8176
970,108.0501
971,107.96
972,107.75
973,107.81
974,107.69
975,107.5212
976,106.86
977,106.68
978,107.17
979,107.5464
980,107.47
981,104.84700000000001
982,105.6
983,106.08
984,106.39
985,106.65
986,106.38
987,106.36
988,106.8984
989,106.91
990,106.89
991,107.13
992,107.6
993,107.525
994,107.99
995,108.20200000000001
996,107.98
997,107.8
998,107.74
999,107.96
1000,107.96
1001,107.87
1002,108.1897
1003,108.16
1004,108.04
1005,108.28
1006,108.24
1007,108.4735
1008,107.85
1009,107.83
1010,107.6
1011,107.8412
1012,107.64
1013,107.975
1014,107.75
1015,107.81
1016,107.75
1017,107.69
1018,107.59
1019,107.51
1020,107.55
1021,107.49
1022,107.43
1023,107.7297
1024,107.76
1025,108.08
1026,108.09
1027,108.05
1028,108.03
1029,107.93
1030,107.74
1031,107.81
1032,107.73
1033,108.0685
1034,108.07
1035,108.4045
1036,108.3282
1037,108.04
1038,108.1488
1039,107.62
1040,107.82
1041,107.76
1042,107.89
1043,107.6128
1044,107.41
1045,107.63
1046,107.37
1047,107.39
1048,107.6
1049,107.7
1050,107.62
1051,107.44
1052,107.4656
1053,107.5499
1054,107.44
1055,107.39
1056,107.359
1057,107.44
1058,107.31
1059,108.045
1060,108.61
1061,108.81
1062,108.82
1063,109.06
1064,108.93
1065,108.7875
1066,108.74
1067,108.91
1068,108.68
1069,108.7774
1070,109.0
1071,108.9
1072,109.0
1073,109.44
1074,109.73
1075,109.792
1076,109.68
1077,109.42
1078,109.71
1079,109.76
1080,109.39
1081,109.5
1082,109.26
1083,109.36
1084,109.4
1085,108.82
1086,108.8187
1087,109.11
1088,108.92
1089,108.63
1090,108.4198
1091,108.82
1092,108.66
1093,108.9526
1094,108.7555
1095,108.95
1096,109.1028
1097,108.9549
1098,109.0431
1099,109.54
1100,109.83
1101,109.56
1102,109.27
1103,108.9701
1104,109.09
1105,109.101
1106,109.03
1107,109.1301
1108,109.12
1109,109.17
1110,108.93
1111,109.17
1112,108.95
1113,108.44
1114,108.7799
1115,108.45
1116,107.9568
1117,107.764
1118,107.97
1119,108.33
1120,107.8
1121,107.5927
1122,107.98
1123,108.165
1124,108.2594
1125,108.495
1126,108.25
1127,108.01
1128,108.27
1129,108.13
1130,108.334
1131,108.52
1132,108.5637
1133,108.7268
1134,108.6828
1135,108.54899999999999
1136,108.38
1137,103.91
1138,103.32
1139,102.7658
1140,102.22
1141,101.7
1142,101.32
1143,101.95
1144,102.06
1145,101.75
1146,101.9
1147,102.2001
1148,102.29
1149,102.07
1150,101.649
1151,101.43
1152,101.59
1153,101.41
1154,100.9601
1155,101.0996
1156,100.9299
1157,100.8029
1158,100.36
1159,100.835
1160,101.03
1161,100.64
1162,100.78
1163,101.34
1164,101.4488
1165,100.43
1166,100.79
1167,100.63
1168,101.22
1169,101.38
1170,101.54
1171,101.4522
1172,101.3595
1173,101.81
1174,101.8034
1175,101.95
1176,102.27
1177,102.1046
1178,102.1186
1179,101.89
1180,101.94
1181,101.86
1182,102.07
1183,101.65
1184,101.11
1185,100.7497
1186,100.52
1187,100.17
1188,100.05
1189,99.9
1190,99.5399
1191,98.825
1192,99.17
1193,99.0798
1194,99.73
1195,100.13
1196,100.56
1197,100.33
1198,100.69
1199,100.6
1200,100.69
1201,100.6865
1202,100.83
1203,101.0726
1204,101.05
1205,101.0302
1206,100.9
1207,100.74
1208,100.62
1209,100.66
1210,100.2699
1211,100.46
1212,100.45
1213,100.62
1214,100.76
1215,101.1851
1216,100.02
1217,99.89
1218,100.22
1219,100.56
1220,100.27
1221,100.04
1222,100.15
1223,100.35
1224,100.16
1225,100.41
1226,100.6011
1227,100.65
1228,100.9
1229,100.72
1230,100.54
1231,100.42
1232,100.21
1233,100.3
1234,100.24
1235,100.19
1236,100.1614
1237,100.19
1238,100.2597
1239,100.31
1240,100.3325
1241,99.79
1242,99.65
1243,99.0747
1244,98.9301
1245,98.74
1246,98.2
1247,98.78
1248,98.6
1249,98.31
1250,98.4599
1251,98.1783
1252,98.54899999999999
1253,98.6448
1254,98.86
1255,98.74
1256,98.79
1257,98.9797
1258,98.88
1259,98.62
1260,98.4936
1261,98.51
1262,98.48
1263,98.475
1264,98.1101
1265,97.895
1266,97.77
1267,97.75
1268,98.15
1269,97.99
1270,97.44
1271,97.041
1272,97.23
1273,97.3319
1274,97.34
1275,97.82
1276,98.1633
1277,98.6196
1278,98.83
1279,98.4602
1280,98.48
1281,98.461
1282,98.37
1283,98.44
1284,98.26
1285,98.13
1286,98.14
1287,97.94
1288,98.01
1289,97.76
1290,97.59
1291,97.63
1292,98.12
1293,98.12
1294,98.1796
1295,98.52
1296,98.25
1297,98.55
1298,98.19
1299,97.94
1300,97.96
1301,97.655
1302,97.65
1303,97.765
1304,97.57
1305,97.43
1306,97.26
1307,97.5648
1308,97.56
1309,97.816
1310,97.83
1311,97.89
1312,97.81
1313,97.71
1314,97.78
1315,97.5484
1316,97.39
1317,97.31
1318,97.28
1319,97.17
1320,96.82
1321,96.99
1322,96.34
1323,96.7374
1324,97.04
1325,96.92
1326,96.89
1327,96.93
1328,97.0402
1329,96.73
1330,96.6288
1331,96.3877
1332,96.53
1333,96.06
1334,96.3232
1335,96.13
1336,95.98
1337,96.085
1338,96.15
1339,96.28
1340,96.2561
1341,96.06
1342,95.995
1343,95.9
1344,95.49
1345,97.0425
1346,97.682
1347,97.976
1348,97.85
1349,97.81
1350,97.81
1351,97.7914
1352,98.19
1353,98.1406
1354,98.14
1355,98.5308
1356,98.7
1357,98.64
1358,98.59
1359,98.66
1360,98.83
1361,98.96
1362,98.8766
1363,98.91
1364,98.95100000000001
1365,98.93
1366,98.83
1367,98.81
1368,99.115
1369,99.12
1370,99.21
1371,98.44
1372,98.5
1373,98.1174
1374,98.2
1375,98.7001
1376,98.64
1377,98.77
1378,99.0058
1379,98.6
1380,98.618
1381,98.57
1382,98.68
1383,98.77
1384,98.66
1385,98.69
1386,98.73
1387,98.81
1388,98.75
1389,98.88
1390,98.96
1391,98.88
1392,99.29
1393,99.22
1394,99.35
1395,99.38
1396,99.33
1397,100.4
1398,100.52
1399,99.88
1400,99.71
1401,99.98
1402,99.715
1403,100.36
1404,100.64
1405,100.65
1406,100.3881
1407,100.39
1408,100.49
1409,100.572
1410,100.6002
1411,100.15
1412,100.3268
1413,100.17
1414,100.37
1415,100.1154
1416,100.015
1417,100.07
1418,99.875
1419,99.94
1420,99.772
1421,99.62
1422,99.67
1423,100.27
1424,100.1386
1425,100.3824
1426,100.06
1427,99.715
1428,99.83
1429,99.7797
1430,99.9153
1431,99.905
1432,100.03
1433,100.3308
1434,100.36
1435,100.6
1436,100.5819
1437,100.7844
1438,101.05
1439,101.1553
1440,101.06
1441,100.9101
1442,100.9
1443,101.02
1444,101.02
1445,101.09
1446,101.1593
1447,101.2591
1448,101.3
1449,101.1212
1450,101.06
1451,101.48
1452,101.7868
1453,101.22
1454,101.016
1455,100.965
1456,101.5362
1457,101.43
1458,101.35
1459,101.27
1460,101.34
1461,101.5365
1462,101.53
1463,101.2876
1464,101.41
1465,101.29
1466,101.4208
1467,101.42
1468,101.47
1469,101.52
1470,101.63
1471,101.4203
1472,101.6074
1473,101.7
1474,101.67
1475,103.02
1476,102.9668
1477,102.4735
1478,102.45100000000001
1479,102.23
1480,102.3736
1481,102.33
1482,102.44
1483,102.34
1484,102.47
1485,102.7411
1486,102.85
1487,102.79
1488,102.87
1489,102.89
1490,102.91
1491,102.9068
1492,102.98
1493,103.08
1494,103.25
1495,103.25
1496,103.29
1497,103.42
1498,103.3
1499,103.14
1500,102.93000000000002
1501,102.899
1502,102.81299999999999
1503,103.4836
1504,103.9603
1505,103.97
1506,103.81
1507,104.17
1508,104.3
1509,104.38
1510,104.6426
1511,104.6888
1512,104.7195
1513,104.65
1514,104.74
1515,104.866
1516,104.91
1517,104.98
1518,105.05
1519,105.15
1520,104.8559
1521,104.76
1522,104.78
1523,104.85889999999999
1524,104.935
1525,104.6301
1526,104.77
1527,104.39
1528,104.18
1529,104.39500000000001
1530,104.38
1531,104.21
1532,104.8499
1533,104.8
1534,105.04
1535,104.97
1536,104.78999999999999
1537,105.0441
1538,104.8
1539,104.83
1540,104.92
1541,104.985
1542,104.97
1543,104.94
1544,104.52
1545,104.49
1546,104.37
1547,104.31
1548,104.08
1549,104.29
1550,104.36
1551,104.23999999999998
1552,104.02
1553,104.5096
1554,104.4304
1555,105.16
1556,105.21
1557,105.48700000000001
1558,105.49000000000001
1559,105.45
1560,105.5
1561,105.4268
1562,105.64
1563,105.7
1564,105.65
1565,105.66
1566,105.94
1567,105.85
1568,105.83
1569,105.78
1570,105.715
1571,105.75
1572,105.64
1573,105.71000000000001
1574,105.5647
1575,105.435
1576,105.47000000000001
1577,105.53
1578,105.63
1579,105.2848
1580,105.02
1581,104.92
1582,104.84
1583,104.84
1584,105.1299
1585,105.33
1586,105.32
1587,105.31
1588,105.43
1589,105.35
1590,105.32
1591,105.0
1592,104.81
1593,104.71
1594,104.67
1595,104.88
1596,104.59
1597,104.50500000000001
1598,104.28
1599,104.205
1600,104.21
1601,104.3
1602,104.08
1603,104.365
1604,104.27
1605,105.04719999999999
1606,105.51
1607,104.75
1608,104.8612
1609,104.865
1610,105.04
1611,105.32
1612,105.47000000000001
1613,105.64
1614,105.78
1615,105.67
1616,105.63
1617,105.7
1618,105.58
1619,105.74
1620,105.98
1621,106.1366
1622,106.39529999999999
1623,106.44
1624,106.24299999999998
1625,106.37
1626,106.465
1627,106.39000000000001
1628,106.47
1629,106.76
1630,106.65
1631,103.91
1632,103.9705
1633,103.9531
1634,104.74600000000001
1635,104.17
1636,104.38
1637,104.41
1638,104.08
1639,104.17
1640,103.91
1641,103.84
1642,103.61
1643,103.67
1644,103.42
1645,103.0116
1646,103.16
1647,103.39009999999999
1648,103.18
1649,103.035
1650,103.05
1651,102.76430000000002
1652,102.6331
1653,102.88
1654,103.01
1655,103.24
1656,103.48
1657,103.92
1658,102.94999999999999
1659,102.9504
1660,102.97
1661,103.39
1662,103.65
1663,103.44
1664,103.9699
1665,103.81
1666,103.8301
1667,103.75
1668,103.96
1669,104.44000000000001
1670,104.43
1671,104.19
1672,104.29
1673,104.23999999999998
1674,104.14
1675,103.99999999999999
1676,103.99
1677,103.81
1678,103.8
1679,104.01
1680,104.07
1681,104.0584
1682,104.25
1683,104.3399
1684,103.94
1685,104.32
1686,104.47
1687,104.42
1688,103.95
1689,104.08
1690,104.3901
1691,104.4
1692,104.20000000000002
1693,103.85
1694,103.56
1695,103.68
1696,103.86
1697,103.9
1698,104.05
1699,103.88
1700,103.86999999999999
1701,103.99999999999999
1702,103.96
1703,103.979
1704,103.995
1705,103.875
1706,103.76799999999999
1707,103.75
1708,103.85
1709,103.8936
1710,103.16
1711,103.1699
1712,102.94
1713,102.98
1714,103.14
1715,103.23
1716,103.14
1717,103.24
1718,103.542
1719,103.44
1720,103.44
1721,103.4
1722,103.575
1723,103.66
1724,103.78
1725,103.9368
1726,103.77
1727,103.73
1728,103.72
1729,103.75999999999999
1730,103.65
1731,103.64
1732,103.695
1733,103.81
1734,103.82
1735,103.584
1736,102.8
1737,103.18999999999998
1738,103.4952
1739,103.81
1740,103.675
1741,103.675
1742,103.8099
1743,103.5739
1744,103.44
1745,103.48
1746,103.21
1747,103.23
1748,103.1592
1749,103.1998
1750,103.01799999999999
1751,103.26
1752,103.30000000000001
1753,103.11
1754,103.2275
1755,103.01499999999999
1756,102.93000000000002
1757,102.635
1758,102.5
1759,102.36
1760,102.77
1761,103.29799999999999
1762,103.66
1763,104.12
1764,104.23589999999999
1765,103.96799999999999
1766,104.1
1767,104.20000000000002
1768,103.95
1769,103.93
1770,103.84
1771,104.74
1772,104.6
1773,104.73
1774,104.57000000000001
1775,104.45
1776,104.13
1777,103.97999999999999
1778,104.08
1779,104.1
1780,104.15500000000002
1781,104.17
1782,104.01
1783,103.9592
1784,103.93
1785,103.26
1786,102.89
1787,117.77
1788,116.67
1789,117.93
1790,118.00000000000001
1791,118.05
1792,117.77999999999999
1793,117.8
1794,118.37
1795,117.69
1796,118.09
1797,118.8421
1798,119.04999999999998
1799,119.25
1800,119.46
1801,119.89
1802,120.435
1803,120.325
1804,120.53
1805,119.85
1806,119.2924
1807,120.06000000000002
1808,120.1578
1809,120.7816
1810,121.27
1811,121.54
1812,121.3
1813,122.89
1814,123.15100000000001
1815,123.67
1816,123.6789
1817,123.084
1818,123.0807
1819,124.15
1820,124.86
1821,125.46
1822,126.47
1823,126.03999999999999
1824,126.31
1825,126.47
1826,127.5399
1827,128.1173
1828,128.3063
1829,128.3024
1830,129.5014
1831,129.58
1832,129.974
1833,129.95
1834,129.2
1835,128.71
1836,128.0801
1837,127.23
1838,126.43
1839,128.09
1840,127.1
1841,126.89
1842,127.07
1843,126.06
1844,126.27999999999999
1845,127.3794
1846,127.7698
1847,126.93
1848,127.5039
1849,127.25
1850,127.61
1851,128.28
1852,128.08
1853,127.66000000000001
1854,127.7202
1855,127.73
1856,127.415
1857,127.28
1858,127.63
1859,127.62
1860,127.47
1861,127.6166
1862,127.08
1863,127.728
1864,127.89
1865,131.15
1866,132.7201
1867,131.8849
1868,132.765
1869,132.225
1870,132.6352
1871,132.7
1872,133.7202
1873,133.476
1874,133.39
1875,133.7998
1876,133.1857
1877,133.67
1878,134.11
1879,134.34
1880,133.86
1881,134.01
1882,134.09
1883,133.8
1884,133.0043
1885,133.168
1886,133.2
1887,133.58
1888,133.665
1889,133.83
1890,134.3
1891,134.616
1892,134.54
1893,134.87
1894,133.71
1895,133.69299999999998
1896,134.88
1897,135.862
1898,135.785
1899,135.126
1900,134.8814
1901,134.61
1902,134.774
1903,134.965
1904,134.89
1905,135.12
1906,135.0
1907,135.17
1908,135.5
1909,135.91
1910,136.3497
1911,136.76
1912,136.435
1913,136.349
1914,136.32
1915,136.62
1916,136.84
1917,134.6794
1918,132.77
1919,132.61
1920,132.62
1921,131.6
1922,130.8601
1923,131.5335
1924,130.72
1925,131.34
1926,131.86
1927,132.35
1928,131.54
1929,132.01
1930,132.859
1931,132.07
1932,131.41
1933,131.0666
1934,131.0
1935,130.18
1936,129.2103
1937,128.52
1938,128.4
1939,128.77
1940,128.9
1941,128.5729
1942,127.78
1943,130.675
1944,131.3101
1945,132.55
1946,131.85
1947,132.615
1948,131.785
1949,131.62
1950,131.93
1951,130.7675
1952,129.7
1953,129.36
1954,130.15
1955,130.3372
1956,130.72
1957,130.67
1958,131.0383
1959,131.23
1960,131.49
1961,131.96
1962,132.28
1963,131.95
1964,131.8
1965,132.4721
1966,132.94
1967,132.6
1968,133.06
1969,137.2842
1970,136.7
1971,137.5
1972,137.18
1973,136.86
1974,137.12
1975,136.95
1976,136.35
1977,136.27
1978,136.15
1979,136.08
1980,136.94
1981,136.8347
1982,136.57
1983,136.85
1984,136.57
1985,136.65
1986,136.72
1987,136.415
1988,137.046
1989,136.856
1990,136.68
1991,136.06
1992,135.9
1993,135.48
1994,136.0
1995,138.68
1996,138.7536
1997,139.08
1998,139.214
1999,139.07
2000,138.42
2001,138.15
2002,138.4908
2003,138.5728
2004,138.28
2005,138.3237
2006,137.97
2007,137.9761
2008,137.91899999999998
2009,137.73
2010,137.86
2011,137.65
2012,137.701
2013,137.76
2014,137.96
2015,138.16
2016,137.775
2017,138.1
2018,137.99
2019,138.56
2020,138.9
2021,137.305
2022,136.7087
2023,136.9
2024,136.96
2025,136.2319
2026,136.92
2027,136.9816
2028,137.565
2029,137.575
2030,137.59
2031,136.98
2032,136.33
2033,136.67
2034,136.0075
2035,136.3237
2036,136.1858
2037,136.2
2038,136.3137
2039,136.22
2040,136.53
2041,137.13
2042,136.93
2043,137.04
2044,136.8782
2045,137.01
2046,137.02
2047,139.8128
2048,139.92
2049,139.4588
2050,139.38
2051,139.38
2052,139.81
2053,139.789
2054,139.4258
2055,139.61
2056,138.68
2057,138.7048
2058,139.02
2059,138.63
2060,138.96
2061,138.665
2062,138.57
2063,138.35
2064,138.7162
2065,138.84
2066,138.986
2067,138.9474
2068,138.68
2069,138.81
2070,138.8395
2071,138.74
2072,138.57
2073,137.77
2074,138.09
2075,138.16
2076,137.6
2077,137.21
2078,137.15
2079,137.26
2080,137.17
2081,136.6202
2082,136.8252
2083,137.2032
2084,137.496
2085,137.42
2086,137.8075
2087,137.71
2088,137.66
2089,137.9802
2090,137.9147
2091,137.6648
2092,137.81
2093,138.2146
2094,138.5659
2095,138.3586
2096,137.81
2097,138.16
2098,138.26
2099,138.6
2100,138.17
2101,138.18
2102,137.6604
2103,138.1
2104,138.38
2105,138.3498
2106,138.7746
2107,139.1941
2108,139.125
2109,139.58
2110,139.7282
2111,139.5699
2112,139.95
2113,140.22
2114,139.89
2115,140.1599
2116,140.0
2117,139.97
2118,141.23
2119,140.7959
2120,140.9
2121,141.3401
2122,141.295
2123,141.32
2124,141.83
2125,144.6796
2126,144.2299
2127,144.92
2128,145.5545
2129,145.54
2130,145.54
2131,145.44
2132,145.401
2133,145.6186
2134,145.1708
2135,145.22
2136,144.77
2137,144.76
2138,144.8682
2139,144.68
2140,144.32399999999996
2141,144.7
2142,144.6
2143,144.4
2144,144.31
2145,143.74
2146,144.2182
2147,144.13
2148,144.62
2149,144.69
2150,144.87
2151,145.399
2152,143.3112
2153,143.39
2154,143.57
2155,143.615
2156,144.3789
2157,143.851
2158,144.37
2159,144.72
2160,144.82
2161,144.46
2162,144.2056
2163,144.38
2164,143.7856
2165,144.2397
2166,144.09
2167,144.398
2168,144.22899999999996
2169,143.485
2170,143.8347
2171,143.805
2172,143.19799999999995
2173,143.73
2174,143.9093
2175,143.69
2176,144.38
2177,143.73
2178,143.13
2179,143.4
2180,142.9
2181,143.2807
2182,143.3872
2183,143.61
2184,143.99
2185,143.8628
2186,144.1146
2187,144.1933
2188,144.1719
2189,144.05
2190,143.79
2191,143.8555
2192,143.8708
2193,143.7829
2194,143.95
2195,144.08
2196,143.8436
2197,143.74
2198,143.7202
2199,144.09
2200,143.99
2201,144.01
2202,144.35
2203,144.1901
2204,144.1429
2205,144.9
2206,144.5
2207,144.37
2208,144.5813
2209,144.43
2210,144.328
2211,144.225
2212,144.26
2213,144.25
2214,143.93
2215,143.95
2216,143.69
2217,143.96
2218,143.91
2219,143.94
2220,143.7332
2221,143.9078
2222,144.16
2223,144.03
2224,144.04
2225,143.6637
2226,143.7955
2227,143.7853
2228,143.54
2229,144.87
2230,145.82
2231,146.24
2232,147.5456
2233,147.16
2234,146.5997
2235,147.29
2236,146.94
2237,147.28
2238,147.02
2239,147.322
2240,147.18
2241,147.67
2242,147.51
2243,147.755
2244,147.8874
2245,147.41
2246,147.8563
2247,147.8447
2248,147.93
2249,148.425
2250,148.14
2251,147.99
2252,147.75
2253,148.19
2254,148.02
2255,148.94
2256,148.46
2257,149.0357
2258,149.15
2259,149.3
2260,149.2179
2261,149.02
2262,149.06
2263,148.7699
2264,148.8
2265,148.74
2266,148.59
2267,148.5906
2268,148.78
2269,148.2821
2270,148.16
2271,147.84
2272,147.85
2273,148.3
2274,148.19
2275,148.51
2276,148.71
2277,148.47
2278,147.3801
2279,147.1814
2280,147.35
2281,148.4
2282,148.7
2283,149.2999
2284,149.15
2285,148.79
2286,149.1439
2287,149.32
2288,149.42
2289,149.32
2290,149.53
2291,149.42
2292,149.6
2293,149.44
2294,149.05200000000005
2295,148.93
2296,149.06
2297,148.7724
2298,148.96
2299,149.3961
2300,149.38
2301,149.3501
2302,149.37
2303,149.09
2304,149.2471
2305,149.13
2306,149.12
2307,153.235
2308,152.81
2309,152.33
2310,152.115
2311,153.17
2312,153.6742
2313,154.23
2314,154.49
2315,155.26
2316,156.45
2317,157.59
2318,157.35
2319,157.873
2320,158.33
2321,158.09
2322,158.005
2323,158.12
2324,158.76
2325,158.34
2326,157.9856
2327,158.44
2328,158.39
2329,158.52
2330,158.8
2331,159.25
2332,159.98
2333,167.16
2334,166.92
2335,165.325
2336,164.14
2337,164.862
2338,163.3
2339,159.24
2340,156.81
2341,158.0558
2342,157.15
2343,155.25
2344,154.183
2345,153.16
2346,154.73
2347,150.34
2348,151.36
2349,150.49
2350,147.97
2351,147.205
2352,147.8799
2353,145.46
2354,144.8485
2355,149.82
2356,150.57
2357,148.9
2358,149.59
2359,143.2228
2360,143.8
2361,144.8888
2362,145.34
2363,147.2307
2364,145.745
2365,147.75
2366,150.625
2367,149.4899
2368,149.19
2369,150.6
2370,148.6501
2371,149.5498
2372,149.16
2373,149.7801
2374,150.72
2375,149.8274
2376,148.86
2377,149.87
2378,149.32
2379,150.356
2380,150.0576
2381,149.93
2382,149.17
2383,149.47
2384,149.97
2385,153.434
2386,151.8597
2387,151.34
2388,149.57
2389,148.47
2390,145.9307
2391,147.3599
2392,147.914
2393,148.55200000000005
2394,150.0699
2395,149.16
2396,148.51
2397,149.2
2398,149.5313
2399,149.65
2400,149.35
2401,148.73
2402,148.9638
2403,148.655
2404,148.62
2405,149.18
2406,150.31
2407,150.82
2408,152.13
2409,151.997
2410,151.39
2411,148.77
2412,149.51
2413,150.4847
2414,150.7699
2415,151.43
2416,152.01
2417,151.5189
2418,151.96
2419,152.66
2420,153.1
2421,152.91
2422,153.19
2423,153.3303
2424,153.6538
2425,152.8707
2426,152.7491
2427,151.86
2428,151.9213
2429,152.565
2430,152.26
2431,150.642
2432,150.6096
2433,149.3501
2434,150.5023
2435,151.12
2436,151.72
2437,148.84
2438,150.45
2439,148.955
2440,149.0
2441,149.7899
2442,150.15
2443,150.41
2444,151.115
2445,151.4744
2446,150.64
2447,151.09
2448,151.7454
2449,152.3324
2450,152.6
2451,152.8501
2452,151.89
2453,152.44
2454,152.27100000000004
2455,152.7486
2456,153.3046
2457,153.175
2458,152.7
2459,152.457
2460,152.69
2461,151.81
2462,152.36
2463,153.0051
2464,154.33
2465,153.888
2466,153.0701
2467,152.77100000000004
2468,151.692
2469,151.1999
2470,152.51
2471,152.2
2472,152.45
2473,152.3
2474,152.22
2475,152.36
2476,152.0599
2477,151.88
2478,151.78
2479,151.45
2480,151.7205
2481,151.6001
2482,152.0
2483,152.622
2484,152.4207
2485,152.12
2486,151.52
2487,151.87
2488,151.51
2489,154.66
2490,155.42
2491,155.9468
2492,155.74
2493,156.33
2494,156.39
2495,156.9001
2496,156.4249
2497,155.91
2498,156.23
2499,155.48
2500,155.76
2501,155.8901
2502,156.36
2503,156.4801
2504,156.4231
2505,156.9007
2506,156.54
2507,156.37
2508,156.0352
2509,156.16
2510,155.75
2511,155.9501
2512,156.37
2513,156.9632
2514,157.43
2515,160.21
2516,160.21
2517,159.31
2518,158.674
2519,159.89
2520,159.43
2521,158.5699
2522,157.54
2523,157.84
2524,158.151
2525,158.47
2526,157.67
2527,158.28
2528,158.409
2529,158.78
2530,158.53
2531,158.83
2532,159.21
2533,159.6881
2534,159.0756
2535,158.4528
2536,158.66
2537,158.8881
2538,158.19
2539,157.66
2540,157.1
2541,156.86
2542,156.14
2543,157.13
2544,157.41
2545,158.3042
2546,157.78
2547,157.61
2548,157.915
2549,157.2816
2550,158.22
2551,158.01
2552,158.59
2553,158.68
2554,157.79
2555,158.1508
2556,158.62
2557,159.04
2558,159.14
2559,158.94
2560,158.571
2561,159.1016
2562,159.01
2563,158.7895
2564,158.73
2565,158.9754
2566,159.47
2567,158.7172
2568,158.23
2569,158.91
2570,159.1
2571,159.9
2572,159.6292
2573,159.325
2574,159.34
2575,159.46
2576,159.5
2577,159.575
2578,159.615
2579,159.4101
2580,159.27
2581,159.4386
2582,159.13
2583,159.21
2584,159.27
2585,159.4063
2586,159.045
2587,159.1446
2588,159.16
2589,158.96
2590,158.9985
2591,158.57
2592,158.37
2593,157.1
2594,157.04
2595,156.83
2596,157.2
2597,157.175
2598,157.39
2599,156.7878
2600,156.29
2601,156.02
2602,156.43
2603,155.68
2604,156.64
2605,156.78
2606,156.54
2607,156.52
2608,156.2994
2609,156.142
2610,156.235
2611,155.6144
2612,154.8818
2613,153.3652
2614,154.53
2615,154.55
2616,154.14
2617,154.67
2618,153.97
2619,155.7
2620,154.469
2621,153.0462
2622,153.24
2623,151.67
2624,150.14
2625,149.19
2626,150.95
2627,151.75
2628,151.9528
2629,152.13
2630,151.52
2631,152.34
2632,152.175
2633,151.31
2634,151.44
2635,152.03
2636,151.95
2637,151.79
2638,151.64
2639,152.3843
2640,152.3515
2641,152.275
2642,152.0
2643,151.8892
2644,152.16
2645,151.0
2646,150.26
2647,150.74
2648,150.18
2649,150.9
2650,151.18
2651,151.35
2652,150.66
2653,150.44
2654,149.94
2655,150.76
2656,150.15
2657,149.27
2658,148.6613
2659,147.57
2660,148.69
2661,148.0
2662,147.98
2663,147.24
2664,148.17
2665,148.0548
2666,148.1399
2667,147.945
2668,147.1551
2669,147.1
2670,146.6501
2671,147.6788
2672,146.45
2673,148.28
2674,148.61
2675,150.45
2676,150.38
2677,149.97
2678,149.2
2679,149.95
2680,149.0525
2681,149.69
2682,149.68
2683,150.2372
2684,150.26
2685,150.1044
2686,150.87
2687,150.9399
2688,150.5899
2689,150.2699
2690,149.77
2691,149.52200000000005
2692,150.27
2693,150.4405
2694,150.9711
2695,151.0796
2696,151.73
2697,148.68
2698,148.15
2699,147.24
2700,148.5678
2701,148.61
2702,147.5
2703,146.82
2704,146.3707
2705,145.72
2706,145.82
2707,146.625
2708,146.59
2709,146.8294
2710,145.72
2711,145.62
2712,144.49
2713,145.81
2714,145.25
2715,145.86
2716,146.4
2717,146.0063
2718,146.44
2719,146.5565
2720,146.52
2721,147.11
2722,146.71
2723,147.49
2724,144.68
2725,144.16
2726,145.9929
2727,145.4835
2728,146.36
2729,146.11
2730,145.46
2731,145.2735
2732,145.89
2733,145.6424
2734,145.7
2735,145.5558
2736,145.2432
2737,145.26
2738,145.51
2739,145.67
2740,145.425
2741,145.59
2742,145.95
2743,145.879
2744,146.2
2745,145.93
2746,146.02
2747,145.466
2748,144.76
2749,144.69
2750,144.54
2751,143.78
2752,143.08
2753,142.71
2754,140.8218
2755,141.1084
2756,141.8
2757,140.8135
2758,140.57
2759,139.6423
2760,139.2699
2761,139.32
2762,139.26
2763,139.281
2764,139.33
2765,142.5993
2766,142.68
2767,142.42
2768,141.82
2769,143.08
2770,142.84
2771,142.659
2772,143.09
2773,142.89
2774,143.0369
2775,142.94
2776,142.74
2777,142.6
2778,143.1
2779,143.68
2780,143.56
2781,143.58100000000005
2782,142.891
2783,143.17
2784,143.82
2785,143.58
2786,143.19
2787,143.06
2788,142.5731
2789,143.13
2790,143.11
2791,140.615
2792,140.67
2793,140.91
2794,140.85
2795,142.87
2796,142.97
2797,143.38
2798,143.91
2799,144.57
2800,144.48
2801,143.85
2802,143.61
2803,144.69
2804,144.79
2805,144.79
2806,145.13
2807,144.6689
2808,144.5564
2809,144.105
2810,144.21
2811,143.47
2812,144.05
2813,143.48
2814,143.55
2815,142.82
2816,143.54
2817,146.185
2818,147.14700000000005
2819,147.45
2820,147.1444
2821,147.2399
2822,146.795
2823,147.03
2824,146.83
2825,146.3521
2826,146.0408
2827,146.42
2828,146.33
2829,145.81
2830,145.99
2831,146.2321
2832,146.75
2833,146.84
2834,146.78
2835,146.1014
2836,145.68
2837,146.02
2838,146.1181
2839,145.92
2840,146.03
2841,146.3099
2842,146.76
2843,150.5
2844,149.11
2845,150.0
2846,150.39
2847,150.35
2848,150.822
2849,151.321
2850,150.93
2851,151.26
2852,151.5658
2853,151.54
2854,152.01
2855,151.95
2856,152.14
2857,152.2001
2858,151.95
2859,152.36
2860,152.6671
2861,152.59
2862,152.34
2863,152.67
2864,152.775
2865,153.02
2866,153.14
2867,153.77
2868,153.71
2869,152.5963
2870,153.99
2871,154.18
2872,154.12
2873,154.509
2874,154.18
2875,154.37
2876,153.53
2877,153.89
2878,154.06
2879,153.7
2880,153.62
2881,154.17
2882,154.03
2883,153.94
2884,153.97799999999995
2885,154.7992
2886,154.76
2887,154.9372
2888,154.86
2889,154.93
2890,154.9
2891,155.215
2892,155.44
2893,156.08
2894,155.88
2895,157.78
2896,157.0
2897,158.38
2898,159.075
2899,159.05
2900,159.532
2901,159.7
2902,160.27
2903,160.36
2904,161.3
2905,161.06
2906,160.84
2907,160.65
2908,161.19
2909,161.12
2910,161.43
2911,161.8362
2912,161.78799999999995
2913,162.1399
2914,162.18
2915,162.01
2916,162.35
2917,162.78
2918,162.71
2919,162.7303
2920,162.54
2921,163.33
2922,165.92
2923,165.63
2924,163.1699
2925,162.74
2926,164.55
2927,164.2835
2928,164.21
2929,163.4
2930,164.1777
2931,164.06799999999996
2932,164.33
2933,164.0482
2934,164.02
2935,163.63
2936,162.895
2937,161.73
2938,160.71
2939,160.88
2940,161.01
2941,160.61
2942,161.1606
2943,160.7772
2944,160.79
2945,160.7092
2946,160.63
2947,162.1
2948,161.68
2949,162.0669
2950,161.9685
2951,162.285
2952,162.47
2953,163.644
2954,164.51
2955,164.3425
2956,164.0488
2957,164.2
2958,164.4
2959,163.68
2960,163.67
2961,163.62
2962,163.94
2963,163.87
2964,164.15
2965,164.1066
2966,164.34
2967,164.4
2968,163.76
2969,164.6
2970,164.92
2971,164.73
2972,164.935
2973,166.35
2974,166.01
2975,164.05
2976,163.56
2977,162.4005
2978,163.28
2979,163.2135
2980,163.0631
2981,162.8399
2982,163.41
2983,163.31
2984,163.59
2985,164.19
2986,164.01
2987,164.86
2988,164.8117
2989,164.6904
2990,164.08
2991,163.47
2992,163.7
2993,164.4
2994,164.0322
2995,164.3105
2996,164.1773
2997,164.7497
2998,164.26
2999,163.4
3000,164.3809
3001,165.41
3002,165.54
3003,164.63
3004,165.68
3005,165.3504
3006,166.15000000000003
3007,165.7
3008,165.02
3009,164.8964
3010,164.42
3011,164.76
3012,164.97
3013,165.2592
3014,165.9424
3015,166.45
3016,165.95000000000002
3017,165.625
3018,165.5452
3019,165.58000000000004
3020,165.4212
3021,166.2
3022,165.81010000000003
3023,165.63250000000002
3024,165.94010000000003
3025,166.93
3026,166.07
3027,165.15
3028,165.8921
3029,165.44479999999996
3030,165.245
3031,165.65
3032,165.35
3033,165.6233
3034,166.3771
3035,166.22
3036,166.5291
3037,166.78599999999997
3038,166.73
3039,166.8986
3040,167.2466
3041,166.77799999999996
3042,166.44
3043,166.5299
3044,166.82
3045,166.438
3046,166.3705
3047,165.98
3048,165.89
3049,165.39
3050,165.1
3051,164.15219999999997
3052,165.25000000000003
3053,164.61
3054,165.28999999999996
3055,165.7073
3056,165.71099999999996
3057,166.45
3058,166.1196
3059,166.5932
3060,166.75
3061,166.95
3062,166.84999999999997
3063,166.97999999999996
3064,166.43
3065,166.2849
3066,166.39000000000001
3067,166.3
3068,166.2144
3069,166.0
3070,166.18
3071,166.0435
3072,166.67
3073,167.17999999999998
3074,166.9959
3075,167.37
3076,167.47
3077,167.81
3078,168.59400000000005
3079,168.94989999999999
3080,168.38629999999998
3081,168.679
3082,168.29999999999998
3083,168.0335
3084,168.197
3085,167.93
3086,168.19000000000003
3087,168.17
3088,168.55
3089,168.64
3090,168.5
3091,168.382
3092,167.9674
3093,168.09999999999997
3094,168.231
3095,168.08
3096,168.2101
3097,168.25
3098,168.23
3099,167.91
3100,168.13
3101,167.8503
3102,167.98
3103,167.83
3104,168.0711
3105,168.19000000000003
3106,167.8601
3107,167.41999999999996
3108,166.8126
3109,166.42
3110,166.30500000000004
3111,166.6211
3112,165.7999
3113,166.65
3114,166.62319999999997
3115,166.07
3116,166.6814
3117,166.36
3118,166.4316
3119,166.28989999999996
3120,165.9456
3121,166.1681
3122,166.27
3123,166.18
3124,166.21850000000003
3125,166.6468
3126,166.2072
3127,166.24
3128,166.17000000000002
3129,164.6
3130,164.82
3131,165.03000000000003
3132,165.845
3133,165.39099999999996
3134,164.91
3135,164.97
3136,164.8742
3137,164.5462
3138,164.88
3139,164.68000000000004
3140,164.6217
3141,165.24
3142,165.25000000000003
3143,165.63999999999996
3144,165.57
3145,165.76
3146,165.72
3147,165.5733
3148,165.3462
3149,165.6144
3150,165.44
3151,165.38000000000002
3152,165.31
3153,165.12
3154,165.35
3155,169.05
3156,169.49599999999995
3157,169.11
3158,168.99
3159,168.5753
3160,167.99
3161,168.34500000000003
3162,167.645
3163,167.33499999999998
3164,167.24
3165,167.39
3166,167.13
3167,166.27999999999997
3168,166.46
3169,166.60999999999999
3170,166.77
3171,166.92
3172,166.6228
3173,166.96679999999998
3174,166.76
3175,166.1625
3176,166.47
3177,166.64
3178,167.1289
3179,166.95099999999996
3180,167.23
3181,167.55
3182,166.63789999999997
3183,166.25
3184,166.928
3185,166.13
3186,166.3
3187,165.8976
3188,165.53
3189,166.03
3190,165.77
3191,165.0611
3192,164.36
3193,162.6305
3194,161.6166
3195,161.77999999999997
3196,159.44
3197,159.6887
3198,160.54449999999997
3199,161.68140000000002
3200,161.2852
3201,160.885
3202,161.6499
3203,161.004
3204,161.10000000000002
3205,161.425
3206,161.74000000000004
3207,163.36150000000004
3208,162.82399999999996
3209,163.5877
3210,163.51
3211,163.13
3212,163.241
3213,163.66
3214,164.3
3215,164.3388
3216,164.5
3217,164.19
3218,164.465
3219,164.955
3220,165.15
3221,165.0196
3222,165.1
3223,165.04
3224,164.80999999999997
3225,164.82
3226,164.74
3227,165.05
3228,164.89
3229,164.54
3230,164.6658
3231,164.01
3232,164.36
3233,165.87
3234,164.78
3235,164.08
3236,163.30100000000004
3237,163.1668
3238,162.72
3239,162.6995
3240,162.6792
3241,163.53
3242,163.69000000000003
3243,162.85
3244,163.05
3245,162.84
3246,162.45010000000002
3247,161.8699
3248,161.9
3249,160.959
3250,161.30000000000004
3251,161.17
3252,161.6575
3253,161.88
3254,162.43
3255,162.96
3256,163.05
3257,163.01000000000002
3258,162.51
3259,163.3
3260,163.33
3261,163.46999999999997
3262,162.53799999999993
3263,163.262
3264,163.78000000000003
3265,163.53
3266,163.42609999999996
3267,163.95
3268,164.38999999999996
3269,164.245
3270,163.3403
3271,163.68
3272,164.06
3273,164.239
3274,164.33000000000004
3275,164.3583
3276,164.3748
3277,164.42
3278,164.03999999999996
3279,164.16
3280,163.92
3281,163.96
3282,164.2001
3283,164.31
3284,164.48000000000002
3285,164.07
3286,164.365
3287,164.05
3288,162.52
3289,161.5743
3290,162.09000000000003
3291,161.988
3292,162.37
3293,162.72
3294,162.262
3295,162.39
3296,162.54999999999998
3297,162.32
3298,162.65
3299,162.3851
3300,163.1484
3301,163.84099999999995
3302,163.8047
3303,163.89
3304,164.22
3305,164.5
3306,164.57
3307,164.1608
3308,164.19
3309,163.75
3310,164.27
3311,164.9756
3312,164.5203
3313,164.61
3314,165.48999999999998
3315,165.78
3316,165.5016
3317,166.36759999999998
3318,166.21
3319,166.0992
3320,165.66
3321,165.91
3322,166.31
3323,166.0468
3324,166.05
3325,165.7801
3326,165.95000000000002
3327,166.22
3328,166.04
3329,165.95000000000002
3330,166.19
3331,166.3
3332,166.38
3333,166.40999999999997
3334,166.36
3335,165.95000000000002
3336,166.48
3337,168.38
3338,167.74999999999997
3339,167.9503
3340,168.665
3341,168.51560000000003
3342,169.3233
3343,169.9868
3344,169.637
3345,169.4587
3346,169.1936
3347,168.9
3348,168.58700000000005
3349,168.16499999999996
3350,168.14
3351,168.05900000000003
3352,167.86
3353,168.05
3354,167.93
3355,168.23
3356,167.72
3357,167.365
3358,167.27000000000004
3359,167.39999999999998
3360,167.36
3361,167.07000000000002
3362,167.16299999999995
3363,169.65
3364,168.85
3365,169.0741
3366,169.59
3367,170.24
3368,171.0789
3369,171.3056
3370,172.01
3371,171.44000000000003
3372,171.45
3373,171.91
3374,171.97
3375,171.73
3376,172.09
3377,172.0
3378,171.8
3379,171.2575
3380,171.23
3381,171.27
3382,171.58
3383,171.6966
3384,171.79000000000002
3385,171.928
3386,172.23
3387,172.0131
3388,172.32
3389,172.4
3390,172.555
3391,171.655
3392,170.4306
3393,171.3599
3394,171.65
3395,171.71
3396,172.23
3397,171.2141
3398,171.39
3399,171.0948
3400,171.4425
3401,171.59
3402,170.99890000000002
3403,171.25
3404,171.19
3405,171.03
3406,170.9946
3407,170.92
3408,171.15
3409,171.37
3410,171.45999999999998
3411,170.8713
3412,169.8103
3413,169.25
3414,170.28
3415,169.07
3416,169.3148
3417,170.2
3418,169.85999999999999
3419,170.13999999999996
3420,170.22
3421,169.745
3422,169.5618
3423,170.03
3424,170.58
3425,171.10999999999999
3426,171.3304
3427,171.315
3428,170.93
3429,170.97
3430,171.03
3431,171.2045
3432,171.36
3433,171.18
3434,170.95
3435,170.74
3436,170.64
3437,171.0878
3438,170.99
3439,171.7637
3440,172.1
3441,171.18
3442,169.85999999999999
3443,167.30599999999995
3444,168.0422
3445,168.47
3446,168.01
3447,168.04949999999997
3448,167.13
3449,166.3608
3450,165.81900000000005
3451,166.8169
3452,165.98
3453,165.82000000000002
3454,166.37000000000003
3455,166.62
3456,167.61
3457,166.7553
3458,167.7778
3459,167.3147
3460,167.12
3461,166.6148
3462,167.31400000000005
3463,165.92
3464,166.42
3465,165.45949999999996
3466,164.76
3467,157.88
3468,155.46
3469,156.97
3470,156.9578
3471,155.4
3472,155.22
3473,154.6722
3474,153.02
3475,153.7479
3476,153.2313
3477,155.075
3478,155.4559
3479,155.25
3480,155.099
3481,155.7663
3482,154.85
3483,154.66
3484,155.0
3485,155.3844
3486,155.309
3487,154.8708
3488,154.683
3489,154.0158
3490,154.8699
3491,155.0192
3492,155.99
3493,160.8681
3494,161.25
3495,161.931
3496,162.1409
3497,161.8603
3498,161.872
3499,163.3256
3500,164.065
3501,163.865
3502,164.4
3503,164.9949
3504,165.1477
3505,165.305
3506,165.0219
3507,165.7
3508,165.53
3509,165.2999
3510,165.66
3511,165.91
3512,166.3787
3513,166.18
3514,165.99
3515,166.24
3516,167.0202
3517,167.4935
3518,168.45
3519,166.737
3520,166.68
3521,166.0
3522,167.1692
3523,167.6068
3524,167.2542
3525,167.48
3526,167.83
3527,168.7
3528,167.71
3529,168.012
3530,167.75
3531,167.89
3532,167.8271
3533,167.27
3534,167.2
3535,167.36
3536,167.48
3537,167.55
3538,167.89
3539,167.71
3540,167.73
3541,167.8575
3542,167.26
3543,167.23
3544,167.0701
3545,166.84
3546,166.0
3547,166.21
3548,166.8492
3549,166.6781
3550,166.81
3551,167.06
3552,167.4452
3553,167.2252
3554,166.81
3555,167.2
3556,166.93
3557,166.3677
3558,166.09
3559,165.6272
3560,164.78
3561,165.35
3562,165.2596
3563,165.543
3564,164.4524
3565,164.62
3566,164.7612
3567,164.65
3568,165.05
3569,165.31
3570,165.13
3571,165.1463
3572,164.48
3573,163.35
3574,163.77
3575,163.205
3576,163.035
3577,163.62
3578,163.463
3579,163.95
3580,164.04
3581,163.46
3582,163.22
3583,163.032
3584,162.6664
3585,162.4967
3586,162.92
3587,162.901
3588,162.99
3589,162.9478
3590,163.035
3591,162.58
3592,162.55
3593,161.8872
3594,161.67
3595,161.88
3596,161.5419
3597,162.0
3598,159.9127
3599,161.23
3600,162.2508
3601,162.7
3602,162.6
3603,162.38
3604,163.57
3605,164.15
3606,163.9481
3607,163.67
3608,163.72
3609,163.8
3610,163.65
3611,162.89
3612,162.7645
3613,162.1962
3614,161.7634
3615,162.19
3616,162.3708
3617,162.2935
3618,162.0
3619,162.28
3620,162.28
3621,162.34
3622,161.58
3623,162.29
3624,161.0636
3625,159.0625
3626,158.1838
3627,158.4499
3628,158.8
3629,158.7977
3630,158.35
3631,160.22
3632,160.22
3633,159.885
3634,160.1628
3635,159.91
3636,159.79
3637,159.28
3638,158.88
3639,159.22
3640,159.19
3641,158.96
3642,159.13
3643,159.13
3644,158.9885
3645,158.505
3646,158.8377
3647,159.08
3648,159.14
3649,161.035
3650,160.2099
3651,161.33
3652,161.18
3653,160.9695
3654,161.26
3655,161.9484
3656,162.28
3657,161.92
3658,161.9338
3659,162.14
3660,161.98
3661,161.91
3662,161.93
3663,161.7961
3664,161.7124
3665,161.74
3666,161.66
3667,161.9
3668,162.32
3669,162.48
3670,162.29
3671,162.45
3672,162.38
3673,162.61
3674,162.5
3675,161.78
3676,163.48
3677,163.48
3678,164.1
3679,164.14
3680,164.0148
3681,164.445
3682,164.975
3683,164.84
3684,165.2083
3685,165.33
3686,164.91
3687,165.1
3688,165.34
3689,165.29
3690,164.98
3691,165.01
3692,164.6999
3693,165.317
3694,164.9382
3695,165.2689
3696,165.35
3697,165.55
3698,165.6
3699,166.07
3700,165.85
3701,165.6805
3702,165.3704
3703,166.1
3704,166.12
3705,166.2
3706,165.5992
3707,165.04
3708,164.71
3709,164.9809
3710,165.05
3711,164.83
3712,164.85
3713,165.175
3714,165.22
3715,165.525
3716,165.39
3717,165.185
3718,165.2541
3719,165.14
3720,165.5334
3721,165.8
3722,166.1564
3723,165.85
3724,165.83
3725,165.42
3726,165.2
3727,165.5901
3728,165.96
3729,165.76
3730,165.7819
3731,165.52
3732,164.86
3733,164.57
3734,164.2224
3735,164.26
3736,164.17
3737,164.39
3738,164.07
3739,163.6944
3740,163.79
3741,164.3625
3742,164.03
3743,164.1
3744,163.965
3745,164.19
3746,164.18
3747,164.5
3748,164.43
3749,164.34
3750,164.35
3751,163.88
3752,163.81
3753,162.92
3754,162.84
3755,163.59
3756,163.44
3757,163.61
3758,163.21
3759,163.82
3760,163.86
3761,164.3853
3762,164.37
3763,164.52
3764,163.94
3765,163.55
3766,164.2
3767,164.171
3768,164.34
3769,164.4
3770,164.795
3771,164.96
3772,164.6
3773,164.68
3774,164.7
3775,164.64
3776,164.72
3777,164.9432
3778,165.01
3779,162.9688
3780,163.51
3781,163.33
3782,164.3918
3783,165.0572
3784,164.97
3785,165.27
3786,164.96099999999996
3787,165.06
3788,164.73
3789,164.5426
3790,164.53
3791,164.89
3792,164.8801
3793,164.96
3794,164.88
3795,164.6398
3796,164.8713
3797,164.92
3798,164.93
3799,165.229
3800,165.4
3801,165.37
3802,165.36
3803,164.805
3804,164.83
3805,165.23
3806,165.4892
3807,164.9
3808,164.92
3809,164.59
3810,165.01
3811,165.005
3812,164.96
3813,164.7068
3814,164.6499
3815,164.645
3816,164.84
3817,165.0101
3818,165.015
3819,165.145
3820,165.0979
3821,164.98
3822,165.1
3823,165.25
3824,165.88
3825,165.45
3826,165.55
3827,165.37
3828,165.72
3829,165.17
3830,165.65
3831,167.16
3832,167.89
3833,168.09
3834,168.65
3835,168.6199
3836,168.6
3837,168.6989
3838,168.6431
3839,168.49
3840,168.63
3841,168.96
3842,169.41
3843,169.51
3844,169.36
3845,169.39
3846,169.28
3847,169.4
3848,169.0108
3849,168.6
3850,168.9351
3851,168.8
3852,168.81
3853,168.845
3854,168.8942
3855,169.26
3856,169.44
3857,171.12
3858,170.8301
3859,170.9953
3860,171.1188
3861,171.06
3862,171.25
3863,171.424
3864,170.9579
3865,171.0
3866,171.12
3867,170.93
3868,170.95
3869,171.11
3870,170.95
3871,170.89
3872,170.43
3873,170.24
3874,170.25
3875,169.8843
3876,169.9
3877,170.05
3878,170.18
3879,170.06
3880,170.28
3881,170.11
3882,170.5
3883,167.34
3884,168.1
3885,168.3486
3886,167.63
3887,167.37
3888,167.32
3889,166.92
3890,166.8874
3891,167.19
3892,166.81
3893,165.13
3894,164.43
3895,164.4
3896,164.8
3897,164.4428
3898,164.92
3899,165.1034
3900,165.37
3901,165.17
3902,165.6299
3903,165.76
3904,165.885
3905,165.82
3906,166.01
3907,165.735
3908,165.88
3909,166.3474
3910,166.9
3911,166.51
3912,165.75
3913,165.3548
3914,165.42
3915,164.6
3916,165.01
3917,165.36
3918,165.5324
3919,165.7
3920,166.0098
3921,165.82
3922,165.6799
3923,166.0
3924,165.69
3925,165.445
3926,165.5
3927,165.831
3928,166.18
3929,166.18
3930,166.02
3931,166.07
3932,166.64
3933,166.09
3934,165.78
3935,165.45
3936,165.4128
3937,166.25
3938,166.38
3939,167.0
3940,167.3
3941,167.51
3942,167.4
3943,167.25
3944,167.0055
3945,167.19
3946,166.8997
3947,166.85
3948,166.83
3949,166.86
3950,167.04
3951,167.01
3952,166.8
3953,166.61
3954,166.46
3955,166.3249
3956,166.1847
3957,166.11
3958,166.18
3959,166.22
3960,166.50900000000001
3961,165.92
3962,164.79
3963,163.575
3964,163.5665
3965,163.22
3966,163.98
3967,164.2808
3968,163.8642
3969,163.68
3970,163.98
3971,163.8
3972,163.64
3973,163.955
3974,163.97
3975,163.5885
3976,164.01
3977,163.84599999999998
3978,163.6944
3979,164.08
3980,163.74
3981,163.66899999999995
3982,163.4276
3983,163.27100000000004
3984,162.9436
3985,163.1527
3986,163.74
3987,166.3247
3988,167.685
3989,167.93
3990,167.9336
3991,167.88
3992,167.89
3993,167.795
3994,167.87
3995,168.29
3996,168.36
3997,168.6399
3998,168.74
3999,168.73
4000,168.4108
4001,168.67
4002,168.83
4003,168.8915
4004,169.1765
4005,169.255
4006,169.1793
4007,169.17
4008,168.9703
4009,169.11
4010,169.15
4011,169.06
4012,168.91
4013,168.5846
4014,168.55
4015,168.06
4016,168.69
4017,168.06
4018,167.785
4019,167.88
4020,167.81
4021,167.97
4022,167.5967
4023,167.19
4024,167.49
4025,167.3583
4026,167.72
4027,167.77
4028,167.82
4029,168.3696
4030,167.85
4031,168.0
4032,167.92
4033,167.72
4034,167.958
4035,167.9225
4036,168.25
4037,168.95
4038,169.61
4039,167.58
4040,168.6403
4041,169.23
4042,169.0137
4043,169.31
4044,169.05
4045,168.95
4046,169.1864
4047,168.84
4048,168.96
4049,169.63
4050,170.382
4051,170.8768
4052,170.87
4053,170.95
4054,170.89
4055,170.76
4056,171.1
4057,171.14
4058,171.355
4059,171.46
4060,171.21
4061,170.76
4062,170.53
4063,169.92
4064,170.38
4065,168.75599999999997
4066,169.8
4067,170.24
4068,171.24
4069,171.08
4070,171.57
4071,172.23
4072,172.4174
4073,171.95
4074,171.77
4075,171.5868
4076,171.36
4077,171.91
4078,171.86
4079,171.85
4080,171.77
4081,171.71
4082,171.34
4083,171.16
4084,170.8848
4085,171.13
4086,170.83
4087,170.49
4088,169.86
4089,169.2912
4090,169.32
4091,175.4633
4092,175.9
4093,176.1
4094,176.28
4095,177.6983
4096,178.48
4097,178.27
4098,179.0017
4099,178.755
4100,179.18
4101,178.88
4102,179.33
4103,179.357
4104,179.1703
4105,178.99
4106,179.248
4107,179.2
4108,179.3
4109,179.59
4110,179.92
4111,179.82
4112,179.6898
4113,179.7
4114,179.54
4115,179.94
4116,180.09
4117,186.5
4118,185.6
4119,186.3
4120,187.12
4121,187.91
4122,188.39
4123,189.92
4124,189.42
4125,189.26
4126,189.04
4127,189.5958
4128,189.4
4129,189.33
4130,189.32
4131,189.25
4132,189.519
4133,190.35000000000002
4134,190.97999999999996
4135,190.265
4136,188.27
4137,186.04
4138,187.66
4139,186.95
4140,187.425
4141,188.23
4142,187.535
4143,185.0762
4144,186.41
4145,188.13
4146,188.34
4147,189.585
4148,188.7624
4149,187.5778
4150,188.2732
4151,188.11
4152,188.31
4153,188.5347
4154,188.01
4155,187.98
4156,187.83
4157,187.915
4158,188.1016
4159,188.26
4160,188.315
4161,188.145
4162,187.9
4163,188.1251
4164,188.02
4165,188.02
4166,188.45
4167,188.29
4168,187.32
4169,188.57
4170,187.7302
4171,186.65200000000002
4172,187.22
4173,186.7
4174,185.68
4175,185.87
4176,186.14
4177,186.09
4178,186.1768
4179,186.39
4180,186.71
4181,187.0348
4182,187.1082
4183,186.68
4184,186.4
4185,186.1
4186,185.83
4187,185.9195
4188,184.79
4189,185.71
4190,185.98
4191,185.84
4192,186.09
4193,186.31
4194,185.87
4195,181.29
4196,181.15
4197,180.3572
4198,178.1378
4199,177.85
4200,179.47099999999998
4201,180.17
4202,180.0033
4203,179.55599999999995
4204,179.39
4205,180.14
4206,179.67
4207,178.73
4208,179.12
4209,179.34
4210,178.84900000000005
4211,179.7
4212,180.56
4213,180.73
4214,179.9724
4215,179.8754
4216,180.32
4217,180.03099999999995
4218,181.248
4219,181.155
4220,180.76
4221,181.77
4222,180.17
4223,181.3
4224,180.6155
4225,180.13
4226,179.078
4227,179.96
4228,179.81
4229,180.18599999999998
4230,180.0314
4231,179.74
4232,179.75
4233,180.19
4234,180.0
4235,179.74
4236,179.91
4237,179.769
4238,179.53
4239,179.4848
4240,179.57
4241,179.49
4242,179.5
4243,179.28
4244,178.95
4245,178.7575
4246,179.09
4247,174.838
4248,174.01
4249,175.25
4250,173.92
4251,173.95
4252,172.47
4253,172.66
4254,173.6263
4255,172.4686
4256,172.45
4257,171.3
4258,171.9832
4259,172.04
4260,172.6141
4261,172.62
4262,172.05
4263,172.145
4264,171.76
4265,171.4066
4266,171.2735
4267,170.3254
4268,171.09
4269,171.18
4270,170.9
4271,170.6188
4272,171.03
4273,178.04
4274,176.9299
4275,176.9342
4276,175.9
4277,176.09
4278,174.56
4279,172.82
4280,172.99
4281,173.98
4282,173.89
4283,174.36
4284,174.34
4285,174.2099
4286,174.2
4287,175.21
4288,174.8764
4289,174.215
4290,173.16
4291,172.99
4292,173.26
4293,173.035
4294,173.155
4295,173.2926
4296,173.36
4297,171.135
4298,171.96
4299,174.1
4300,173.6
4301,172.9178
4302,174.01
4303,174.52
4304,174.0
4305,173.93
4306,174.07
4307,173.97
4308,173.78
4309,173.54
4310,173.72
4311,173.15
4312,173.58
4313,173.0753
4314,173.21
4315,173.43
4316,174.15
4317,174.45
4318,174.49
4319,174.27
4320,174.52
4321,175.6595
4322,175.8921
4323,176.2
4324,175.61
4325,174.2528
4326,175.15
4327,174.6924
4328,175.04
4329,175.5
4330,174.77
4331,174.6944
4332,175.39
4333,174.7
4334,174.59
4335,174.6535
4336,174.61
4337,174.48
4338,174.81
4339,175.05
4340,174.65
4341,175.03
4342,175.12
4343,174.85
4344,174.5751
4345,174.87
4346,174.68
4347,174.83
4348,174.97
4349,175.13
4350,175.67
4351,178.66
4352,178.3693
4353,178.274
4354,177.91
4355,177.6597
4356,177.575
4357,177.99
4358,178.7
4359,178.4
4360,179.03
4361,179.1816
4362,179.275
4363,179.4433
4364,179.39
4365,178.92
4366,178.8004
4367,178.86
4368,178.7794
4369,178.44
4370,178.6594
4371,178.5214
4372,178.7
4373,178.78
4374,178.38
4375,178.4911
4376,178.72
4377,180.06
4378,180.37
4379,179.72
4380,179.99
4381,179.74
4382,179.84
4383,179.5265
4384,179.1964
4385,177.981
4386,177.69
4387,177.46
4388,178.11
4389,178.0
4390,178.54
4391,178.41
4392,178.33
4393,177.89
4394,178.24
4395,178.36
4396,178.76
4397,178.98
4398,179.08
4399,178.774
4400,178.59
4401,178.68
4402,178.91
4403,177.86
4404,178.55900000000003
4405,178.68
4406,179.924
4407,179.92
4408,180.0031
4409,179.82
4410,179.9627
4411,179.59
4412,179.5
4413,179.579
4414,179.61900000000003
4415,179.48
4416,179.46
4417,179.3648
4418,179.45
4419,179.73
4420,179.8699
4421,179.6853
4422,179.69
4423,179.36
4424,179.38
4425,179.26
4426,178.8655
4427,179.26
4428,179.36
4429,178.38
4430,179.3843
4431,180.2875
4432,180.2767
4433,179.815
4434,180.08
4435,180.85
4436,181.71
4437,181.0123
4438,181.29
4439,181.47
4440,180.96
4441,180.83
4442,180.93
4443,180.91
4444,180.5
4445,180.0
4446,180.2333
4447,180.02900000000002
4448,180.025
4449,180.305
4450,180.37
4451,180.45
4452,180.51
4453,180.8433
4454,180.83
4455,180.8
4456,180.1
4457,181.3001
4458,181.0144
4459,181.0081
4460,180.59
4461,180.11
4462,180.23
4463,180.38
4464,180.21900000000002
4465,180.407
4466,180.46
4467,180.3672
4468,180.33
4469,180.2825
4470,180.27
4471,179.9
4472,180.23
4473,179.89
4474,179.7846
4475,179.99
4476,180.25
4477,180.4074
4478,180.45
4479,180.7329
4480,180.71
4481,180.54
4482,179.82
4483,179.9776
4484,180.1
4485,180.1201
4486,180.11
4487,180.96
4488,181.08
4489,180.95
4490,180.94
4491,181.1408
4492,181.1
4493,181.75
4494,181.33
4495,181.045
4496,180.83
4497,181.03
4498,181.14
4499,181.1
4500,181.01
4501,181.03
4502,181.142
4503,180.9132
4504,180.94
4505,181.1329
4506,181.3
4507,184.09
4508,184.7
4509,185.43
4510,185.1966
4511,185.472
4512,185.3321
4513,186.31
4514,186.24
4515,186.1449
4516,186.5902
4517,186.4668
4518,185.9248
4519,186.24900000000002
4520,185.99
4521,186.34
4522,186.34
4523,186.6304
4524,186.141
4525,186.43
4526,186.19099999999997
4527,185.54
4528,185.42
4529,184.2618
4530,184.9656
4531,185.06
4532,185.38
4533,190.5
4534,190.44
4535,189.57
4536,189.58
4537,189.0
4538,189.28
4539,188.5
4540,188.38400000000001
4541,189.34
4542,189.295
4543,188.5238
4544,187.84
4545,188.5236
4546,188.305
4547,189.0
4548,188.65
4549,188.72
4550,188.69
4551,188.91
4552,188.88
4553,188.8692
4554,189.45
4555,189.127
4556,189.21
4557,189.3
4558,188.82
4559,188.5093
4560,188.6
4561,189.2904
4562,190.5
4563,190.5518
4564,190.66
4565,190.65
4566,189.98
4567,190.04
4568,190.3432
4569,190.2501
4570,190.3
4571,190.38
4572,190.84
4573,190.76
4574,190.72
4575,190.45
4576,190.62099999999998
4577,190.6465
4578,190.61
4579,190.52
4580,190.3198
4581,190.5228
4582,190.53
4583,190.49
4584,190.93
4585,190.3555
4586,191.12
4587,190.5477
4588,190.3852
4589,190.66
4590,190.83900000000003
4591,191.1779
4592,191.44
4593,191.7369
4594,191.84
4595,191.5521
4596,191.71
4597,191.9385
4598,191.55
4599,191.7861
4600,191.7861
4601,191.6
4602,192.39
4603,192.75
4604,192.768
4605,192.3
4606,191.8484
4607,191.9463
4608,191.87
4609,191.53
4610,191.03
4611,192.4354
4612,192.615
4613,192.0
4614,192.99
4615,192.82
4616,192.76
4617,193.15
4618,193.27
4619,193.8296
4620,194.3401
4621,194.6
4622,194.8411
4623,194.5003
4624,194.16
4625,194.68
4626,194.7
4627,194.5278
4628,194.2648
4629,194.4
4630,194.49
4631,194.34
4632,194.041
4633,194.15
4634,194.5018
4635,194.56
4636,194.57
4637,194.778
4638,195.18
4639,195.13099999999997
4640,193.98
4641,194.0421
4642,194.332
4643,194.36
4644,195.05900000000003
4645,195.76
4646,196.1813
4647,195.72
4648,196.144
4649,196.6
4650,196.6979
4651,197.23
4652,197.5
4653,197.1632
4654,197.29
4655,197.55
4656,197.6762
4657,197.86
4658,197.7162
4659,197.58
4660,197.79
4661,197.68
4662,197.97
4663,197.8408
4664,198.29
4665,198.63
4666,197.13
4667,197.6923
4668,197.92
4669,197.7956
4670,197.85
4671,197.7467
4672,197.514
4673,197.46
4674,197.2338
4675,197.26
4676,197.055
4677,197.7
4678,197.8196
4679,197.648
4680,197.61
4681,197.43
4682,197.1
4683,197.2
4684,197.65
4685,197.3801
4686,197.26
4687,197.4044
4688,197.72
4689,196.92
4690,195.46
4691,194.2
4692,194.87099999999998
4693,194.98
4694,195.053
4695,194.8396
4696,194.7641
4697,195.39
4698,195.35
4699,196.3807
4700,196.91
4701,196.82
4702,196.67
4703,196.97
4704,196.7147
4705,197.115
4706,197.07
4707,197.675
4708,197.521
4709,197.78
4710,197.74
4711,197.6799
4712,197.74
4713,197.43
4714,197.6
4715,193.36
4716,194.6276
4717,196.329
4718,195.78099999999998
4719,196.4272
4720,197.195
4721,197.91
4722,197.34
4723,197.3
4724,197.47
4725,197.5501
4726,197.36
4727,196.6188
4728,196.6261
4729,197.125
4730,197.15200000000002
4731,197.21
4732,197.06599999999997
4733,197.36
4734,196.9671
4735,197.165
4736,197.11
4737,197.0999
4738,197.1071
4739,197.52
4740,197.75
4741,198.0701
4742,198.225
4743,198.0893
4744,197.48
4745,197.4999
4746,197.1
4747,197.676
4748,197.135
4749,198.016
4750,197.8319
4751,198.1704
4752,198.74
4753,198.3003
4754,198.48
4755,198.4899
4756,198.3324
4757,198.0846
4758,197.7999
4759,198.1
4760,197.93
4761,197.64
4762,197.46
4763,197.475
4764,197.21
4765,196.81
4766,196.86
4767,197.43
4768,196.56
4769,196.0592
4770,196.655
4771,197.17
4772,197.27
4773,197.805
4774,197.52
4775,197.25
4776,197.465
4777,197.54
4778,197.76
4779,197.87
4780,198.6493
4781,198.4595
4782,198.4868
4783,198.47
4784,198.585
4785,198.29
4786,198.24
4787,198.08
4788,197.76
4789,197.1
4790,196.7349
4791,196.5401
4792,196.62
4793,196.38
4794,196.8199
4795,197.16
4796,197.4853
4797,197.55
4798,197.6943
4799,197.94
4800,197.9799
4801,198.44
4802,198.2477
4803,198.2458
4804,197.952
4805,198.02
4806,198.0
4807,197.7459
4808,197.75
4809,198.146
4810,198.19
4811,198.4655
4812,198.315
4813,198.2
4814,198.19
4815,198.26
4816,198.615
4817,198.4
4818,198.69
4819,198.8
4820,197.3
4821,197.0
4822,198.22
4823,197.91
4824,197.82
4825,193.13
4826,194.29
4827,194.26
4828,193.52
4829,193.13
4830,191.63
4831,192.87
4832,193.04
4833,193.97
4834,193.61
4835,194.55
4836,193.94
4837,194.73
4838,195.03
4839,194.34
4840,194.31
4841,194.1
4842,194.07
4843,193.69
4844,193.51
4845,194.78
4846,195.45
4847,194.09
4848,194.9
4849,195.8
4850,195.41
4851,195.5
4852,194.77
4853,194.65
4854,194.79
4855,195.28
4856,195.34
4857,195.35
4858,195.39
4859,195.56
4860,195.48
4861,195.56
4862,195.46099999999998
4863,195.5
4864,195.52
4865,195.84
4866,195.83
4867,195.65
4868,195.63
4869,195.62
4870,195.62
4871,197.79
4872,197.76
4873,197.38
4874,197.42
4875,197.37
4876,196.8
4877,197.71
4878,198.18
4879,198.79
4880,199.8
4881,200.59
4882,200.08
4883,200.12
4884,199.34
4885,199.62
4886,199.83
4887,200.19
4888,200.7
4889,200.46
4890,200.24
4891,200.42
4892,200.38
4893,200.72
4894,200.85
4895,201.2
4896,201.74
4897,203.03
4898,205.19
4899,205.54
4900,205.24
4901,204.63
4902,204.39
4903,204.58
4904,204.24
4905,203.62
4906,203.39
4907,203.4
4908,203.5
4909,203.82
4910,204.47
4911,204.43
4912,204.33
4913,204.07
4914,203.8
4915,204.68
4916,204.4
4917,204.61
4918,204.16
4919,203.76
4920,203.61
4921,203.59
4922,203.88
4923,205.82
4924,206.1
4925,206.71
4926,206.77
4927,206.97
4928,206.85
4929,206.87
4930,206.48
4931,206.99
4932,207.19
4933,206.88
4934,206.83
4935,207.3
4936,207.2001
4937,207.22
4938,207.82
4939,207.41
4940,207.43
4941,207.54
4942,206.66
4943,206.19
4944,206.74
4945,206.41
4946,206.39
4947,206.45
4948,206.81
4949,209.46
4950,209.27
4951,208.32
4952,208.54
4953,207.92
4954,208.25
4955,209.03
4956,208.45
4957,208.31
4958,207.69
4959,208.18
4960,208.12
4961,207.97
4962,207.36
4963,205.4
4964,206.79
4965,206.71
4966,206.08
4967,207.0
4968,206.82
4969,207.4
4970,207.12900000000002
4971,206.96200000000002
4972,207.01
4973,207.37
4974,207.2
4975,206.25
4976,206.61
4977,205.24
4978,204.89
4979,205.26
4980,205.05
4981,206.13
4982,205.61
4983,204.8
4984,205.22
4985,205.78
4986,205.91
4987,205.24
4988,205.35
4989,205.91
4990,205.67
4991,206.03
4992,205.5
4993,206.3
4994,206.75
4995,206.4
4996,206.01
4997,206.27
4998,205.97
4999,205.82
5000,205.93
5001,206.13
5002,205.625
5003,205.74
5004,206.61
5005,207.41000000000003
5006,207.89999999999998
5007,208.14
5008,207.64000000000001
5009,207.81000000000003
5010,207.76000000000002
5011,207.72
5012,207.53000000000003
5013,207.34000000000003
5014,207.5044
5015,207.69000000000003
5016,207.94
5017,207.64000000000001
5018,207.68
5019,207.82
5020,208.04000000000002
5021,207.75
5022,208.03
5023,208.27
5024,207.81000000000003
5025,208.12
5026,208.67000000000002
5027,207.84
5028,207.81000000000003
5029,208.19999999999996
5030,208.98
5031,208.80999999999997
5032,209.08
5033,208.67000000000002
5034,208.87
5035,208.59999999999997
5036,208.18349999999998
5037,208.35
5038,208.72000000000003
5039,209.04999999999998
5040,209.15
5041,209.44
5042,209.29
5043,209.26
5044,209.549
5045,209.48
5046,209.5195
5047,209.92
5048,209.59000000000003
5049,209.29
5050,209.19000000000003
5051,209.27
5052,209.62
5053,211.95
5054,211.56
5055,210.88999999999996
5056,211.1
5057,212.03999999999996
5058,212.22
5059,212.44000000000003
5060,212.08
5061,211.91999999999996
5062,211.07
5063,211.28
5064,211.24
5065,211.16999999999996
5066,211.39
5067,211.73
5068,211.8
5069,212.0
5070,212.07
5071,211.51
5072,211.61
5073,211.84
5074,211.89
5075,211.36
5076,211.295
5077,211.81000000000003
5078,212.01
5079,211.49
5080,209.145
5081,209.5
5082,209.41
5083,209.71
5084,209.97999999999996
5085,210.07
5086,209.47000000000003
5087,208.45
5088,207.88000000000002
5089,208.49000000000004
5090,208.73
5091,208.22
5092,208.59999999999997
5093,207.89999999999998
5094,208.1051
5095,208.06
5096,207.94
5097,208.08
5098,208.37000000000003
5099,208.44000000000003
5100,208.85999999999999
5101,208.96000000000004
5102,209.14000000000001
5103,209.31
5104,209.09
5105,204.0
5106,203.65999999999997
5107,204.83
5108,204.94
5109,204.12
5110,204.84000000000003
5111,204.75999999999996
5112,204.09000000000003
5113,203.96
5114,203.53499999999997
5115,201.23
5116,201.73
5117,201.96000000000004
5118,202.34
5119,202.14000000000001
5120,203.0
5121,202.59000000000003
5122,202.58
5123,203.09
5124,202.97
5125,203.56
5126,203.685
5127,203.84999999999997
5128,204.61
5129,205.68000000000004
5130,205.03999999999996
5131,214.37999999999997
5132,212.92999999999998
5133,215.59
5134,216.94
5135,216.63000000000002
5136,217.48
5137,216.91000000000003
5138,216.46
5139,217.2
5140,218.09
5141,217.94000000000003
5142,218.11000000000004
5143,217.44
5144,216.68000000000004
5145,217.04999999999998
5146,217.22
5147,216.59
5148,217.43000000000004
5149,217.79
5150,217.32
5151,216.94999999999996
5152,217.3
5153,216.66
5154,216.71999999999997
5155,215.68
5156,216.07
5157,215.07
5158,214.95
5159,214.79
5160,214.09
5161,213.08000000000004
5162,213.55999999999997
5163,213.08000000000004
5164,213.74
5165,213.79999999999998
5166,213.22999999999996
5167,213.26000000000002
5168,213.61
5169,213.47000000000003
5170,213.055
5171,212.8
5172,212.55
5173,213.17
5174,213.04999999999998
5175,213.26000000000002
5176,213.93
5177,213.78
5178,213.77
5179,213.82000000000002
5180,212.9
5181,212.47999999999996
5182,212.63000000000002
5183,214.07
5184,213.95999999999998
5185,212.31
5186,211.79
5187,212.68000000000004
5188,213.34
5189,213.94000000000003
5190,214.01
5191,214.10000000000002
5192,214.69000000000003
5193,214.64000000000001
5194,213.81
5195,213.79
5196,212.62
5197,212.99
5198,213.16769999999997
5199,212.38
5200,212.47
5201,212.82
5202,212.8
5203,212.92
5204,213.25
5205,213.93
5206,213.87000000000003
5207,213.95999999999998
5208,214.23
5209,208.99999999999997
5210,208.4
5211,209.42000000000002
5212,209.06
5213,210.13
5214,209.55
5215,209.12000000000003
5216,209.52000000000004
5217,209.55
5218,210.07
5219,209.5
5220,209.40000000000003
5221,209.52000000000004
5222,209.53
5223,208.9
5224,208.84000000000003
5225,209.65
5226,209.99000000000004
5227,210.23
5228,210.35999999999999
5229,210.57000000000002
5230,210.70999999999998
5231,210.79
5232,210.22000000000003
5233,210.11
5234,210.10000000000002
5235,213.49
5236,213.11999999999998
5237,213.08000000000004
5238,213.09
5239,213.52000000000004
5240,213.6
5241,213.39
5242,213.27
5243,213.31000000000003
5244,213.11
5245,213.1
5246,212.98
5247,212.86
5248,212.86
5249,212.8
5250,212.94
5251,212.87999999999997
5252,213.11
5253,213.14000000000001
5254,212.66
5255,212.61000000000004
5256,212.13
5257,212.44000000000003
5258,212.35
5259,211.71
5260,211.56
5261,213.72
5262,215.22
5263,214.32
5264,214.50000000000003
5265,214.10000000000002
5266,214.27000000000004
5267,212.56000000000003
5268,212.45
5269,212.4
5270,212.43
5271,212.75
5272,212.57
5273,212.33000000000004
5274,212.03999999999996
5275,211.67
5276,211.59
5277,211.12
5278,211.32
5279,211.63
5280,211.56
5281,211.35
5282,211.77
5283,211.35
5284,211.03
5285,211.24
5286,211.28999999999996
5287,211.28
5288,211.60000000000002
5289,211.36
5290,211.96
5291,212.38
5292,213.16
5293,213.21
5294,213.41
5295,213.39999999999998
5296,214.37
5297,214.29000000000002
5298,213.9
5299,213.65
5300,213.90999999999997
5301,213.89000000000001
5302,214.22000000000003
5303,214.2
5304,214.06
5305,213.73
5306,213.77
5307,213.97999999999996
5308,213.87000000000003
5309,213.45
5310,213.90999999999997
5311,213.74
5312,214.02
5313,215.26
5314,215.27
5315,215.80999999999997
5316,216.41
5317,215.68999999999997
5318,215.75999999999996
5319,215.53000000000003
5320,215.84
5321,215.35
5322,215.45999999999998
5323,215.16
5324,214.91
5325,215.24
5326,215.23
5327,215.56999999999996
5328,215.68
5329,215.65000000000003
5330,215.72000000000003
5331,215.65000000000003
5332,215.78
5333,215.78
5334,215.68999999999997
5335,215.83
5336,215.85
5337,215.7735
5338,216.05000000000004
5339,214.48
5340,214.81
5341,214.98
5342,214.63
5343,214.84
5344,214.24
5345,214.35
5346,214.02999999999997
5347,213.74
5348,213.90999999999997
5349,214.2
5350,214.33
5351,214.4
5352,214.62000000000003
5353,214.72999999999996
5354,214.69000000000003
5355,214.37999999999997
5356,214.35
5357,214.48
5358,214.57000000000002
5359,214.77999999999997
5360,215.04
5361,214.86
5362,214.8
5363,214.50000000000003
5364,214.93
5365,215.53000000000003
5366,216.07
5367,215.91999999999996
5368,215.84
5369,216.24
5370,216.29
5371,216.31
5372,216.5
5373,216.61000000000004
5374,216.36
5375,216.31
5376,216.33000000000004
5377,216.43
5378,216.99999999999997
5379,216.96000000000004
5380,215.7
5381,215.55
5382,216.00000000000003
5383,216.1
5384,215.88000000000002
5385,215.83
5386,215.67
5387,214.76
5388,214.30999999999997
5389,214.48
5390,214.62000000000003
5391,214.87
5392,214.69439999999997
5393,214.40099999999998
5394,214.53999999999996
5395,214.49
5396,214.51
5397,214.6
5398,214.46
5399,214.58999999999997
5400,214.4401
5401,214.70999999999998
5402,214.53
5403,214.25
5404,214.02999999999997
5405,214.18
5406,213.2
5407,212.24
5408,211.84
5409,212.05000000000004
5410,211.96
5411,210.93999999999997
5412,211.49
5413,211.87
5414,211.33999999999997
5415,210.81
5416,210.65
5417,210.88
5418,210.97
5419,210.76
5420,211.33
5421,210.95
5422,210.88999999999996
5423,208.8
5424,209.75000000000003
5425,210.50000000000003
5426,211.1
5427,210.86999999999998
5428,211.19
5429,210.8
5430,210.46
5431,210.7
5432,206.13
5433,202.74
5434,201.9
5435,199.42
5436,199.25
5437,196.11
5438,197.45
5439,195.3
5440,194.64
5441,193.67
5442,192.93
5443,195.8
5444,197.63
5445,197.77
5446,198.5
5447,199.14
5448,199.09
5449,198.04
5450,197.18
5451,195.59
5452,196.09
5453,195.76
5454,194.27
5455,196.27
5456,195.36
5457,196.42
5458,197.25
5459,198.04
5460,199.63
5461,201.22
5462,201.55
5463,201.15
5464,200.91
5465,200.15
5466,198.05
5467,199.73
5468,200.13
5469,200.21
5470,199.59
5471,199.21
5472,199.86
5473,199.87
5474,199.23
5475,199.71
5476,199.8042
5477,201.09
5478,200.6
5479,200.36
5480,200.27
5481,200.62
5482,199.55
5483,200.69
5484,198.0
5485,197.34
5486,197.6
5487,198.5
5488,197.79
5489,198.62
5490,197.64
5491,194.76
5492,196.35
5493,195.67
5494,196.42
5495,195.45
5496,196.55
5497,196.7
5498,196.72
5499,196.76
5500,196.76
5501,196.43
5502,196.58
5503,197.1
5504,196.91
5505,196.58
5506,196.59
5507,196.73
5508,197.55
5509,197.63
5510,196.81
5511,193.0
5512,188.28
5513,188.95
5514,188.1
5515,186.16
5516,186.62
5517,188.01
5518,189.11
5519,190.65
5520,191.2
5521,189.53
5522,189.87
5523,190.11
5524,191.1
5525,189.73
5526,190.14
5527,189.545
5528,189.43
5529,188.3
5530,188.05
5531,188.005
5532,187.69
5533,187.44
5534,186.7
5535,186.6577
5536,189.58
5537,190.93
5538,191.31
5539,190.47
5540,191.08
5541,190.97
5542,192.38
5543,191.69
5544,191.1
5545,190.06
5546,190.73
5547,190.12
5548,190.40400000000002
5549,189.32
5550,188.85
5551,188.75
5552,189.33
5553,189.37
5554,189.18
5555,188.85
5556,188.14
5557,187.51
5558,188.45
5559,188.21
5560,188.05
5561,187.7
5562,188.98
5563,188.42
5564,187.61
5565,187.91
5566,187.7
5567,188.96
5568,188.6
5569,187.86
5570,188.16
5571,188.17
5572,188.81
5573,187.4
5574,188.06
5575,187.92
5576,187.87
5577,187.87
5578,188.66
5579,188.42
5580,188.96
5581,188.75
5582,188.73
5583,188.81
5584,189.58
5585,189.22
5586,189.38
5587,189.23
5588,190.87
5589,191.11
5590,190.61
5591,191.05
5592,191.81
5593,192.56
5594,193.28
5595,193.29
5596,192.4
5597,193.07
5598,192.3
5599,192.28
5600,192.5
5601,192.19
5602,191.83
5603,192.18
5604,192.0
5605,191.49
5606,191.48
5607,191.02
5608,190.81
5609,191.19
5610,191.28
5611,191.63
5612,191.55
5613,191.95
5614,193.86
5615,193.43
5616,193.48
5617,193.09
5618,192.82
5619,192.67
5620,192.68
5621,192.04
5622,192.11
5623,191.92
5624,192.3372
5625,192.58
5626,192.3
5627,192.25
5628,192.34
5629,192.472
5630,192.6351
5631,192.27
5632,192.09
5633,191.67
5634,191.74
5635,191.69
5636,191.61
5637,191.56
5638,191.55
5639,191.47
5640,193.15
5641,192.55
5642,193.05
5643,192.68
5644,192.08
5645,191.95
5646,192.05
5647,192.41
5648,192.4028
5649,192.89
5650,193.38
5651,193.14
5652,193.1028
5653,193.39
5654,192.73
5655,192.7
5656,192.77
5657,192.8
5658,192.77
5659,193.01
5660,193.27
5661,193.63
5662,193.67
5663,193.51
5664,194.01
5665,194.65
5666,192.22
5667,191.87
5668,192.15
5669,191.39
5670,191.38
5671,191.77
5672,192.51
5673,192.34
5674,192.29
5675,192.37
5676,192.46
5677,192.13
5678,192.08
5679,191.83
5680,191.8161
5681,191.42
5682,191.3
5683,190.45
5684,190.45
5685,190.61
5686,190.93
5687,191.35
5688,191.31
5689,190.66
5690,190.95
5691,190.81
5692,191.3
5693,190.55
5694,189.27
5695,190.0
5696,190.08
5697,189.93
5698,189.92
5699,189.25
5700,188.9032
5701,188.25
5702,187.59
5703,187.91
5704,187.02
5705,187.18
5706,187.45
5707,187.31
5708,187.17
5709,187.32
5710,187.34
5711,187.57
5712,187.72
5713,187.71
5714,187.22
5715,186.5
5716,186.28
5717,186.2
5718,186.83
5719,187.7
5720,188.07
5721,188.9
5722,188.795
5723,188.2
5724,187.13
5725,187.81
5726,188.08
5727,187.76
5728,187.94
5729,187.5
5730,187.69
5731,187.45
5732,186.99
5733,187.1
5734,187.14
5735,186.92
5736,187.22
5737,186.26
5738,186.75
5739,187.11
5740,187.24
5741,186.9
5742,186.63
5743,186.41
5744,186.87
5745,185.73
5746,187.09
5747,186.16
5748,186.67
5749,187.15
5750,187.99
5751,188.16
5752,189.2
5753,190.42
5754,191.08
5755,190.5
5756,189.94
5757,190.93
5758,190.36
5759,190.11
5760,189.9
5761,190.48
5762,190.6
5763,190.5
5764,190.6
5765,190.14
5766,190.76
5767,191.04
5768,191.09
5769,191.52
5770,193.35
5771,193.83
5772,194.03
5773,195.13
5774,195.18
5775,195.23
5776,196.01
5777,195.42
5778,195.5
5779,195.41
5780,196.24
5781,196.74
5782,196.96
5783,197.41
5784,196.9
5785,196.6
5786,196.96
5787,196.83
5788,196.56
5789,196.85
5790,197.13
5791,197.47
5792,197.57
5793,197.51
5794,197.88
5795,197.95
5796,195.58
5797,197.04
5798,196.61
5799,196.53
5800,195.8
5801,196.51
5802,196.35
5803,197.16
5804,196.87
5805,196.06
5806,196.32
5807,195.85
5808,196.2
5809,196.3762
5810,196.19
5811,196.38
5812,196.7
5813,196.73
5814,196.38
5815,196.57
5816,196.16
5817,195.72
5818,195.67
5819,195.82
5820,196.15
5821,196.08
5822,196.42
5823,195.72
5824,196.17
5825,195.83
5826,194.94
5827,195.3155
5828,195.93
5829,196.14
5830,196.565
5831,196.75
5832,197.13
5833,196.99
5834,196.81
5835,196.83
5836,196.93
5837,197.21
5838,197.05
5839,196.64
5840,196.47
5841,196.315
5842,196.52
5843,196.2998
5844,196.03
5845,196.32
5846,196.66
5847,196.81
5848,197.4
5849,196.82
5850,196.68
5851,196.7
5852,196.27
5853,195.74
5854,196.45
5855,196.53
5856,196.79
5857,196.7622
5858,197.01
5859,196.85
5860,196.83
5861,197.22
5862,197.2
5863,197.39
5864,197.68
5865,197.78
5866,197.14
5867,196.82
5868,196.82
5869,196.74
5870,196.02
5871,196.03
5872,196.03
5873,195.91
5874,191.97
5875,192.31
5876,192.44
5877,192.7
5878,192.58
5879,192.73
5880,192.43
5881,192.69
5882,192.4
5883,192.35
5884,191.92
5885,192.06
5886,191.81
5887,192.57
5888,193.36
5889,193.52
5890,194.15
5891,194.74
5892,194.37
5893,194.55
5894,194.6
5895,194.81400000000002
5896,195.06
5897,194.97
5898,194.98
5899,195.24
5900,192.29
5901,193.12
5902,193.55700000000002
5903,194.4
5904,194.62
5905,194.0351
5906,194.3059
5907,195.25
5908,195.98
5909,196.23
5910,196.54
5911,196.41
5912,196.78
5913,196.5
5914,196.5
5915,196.79
5916,197.05
5917,197.34
5918,197.14
5919,197.19
5920,197.01
5921,196.985
5922,197.0
5923,197.35
5924,197.53
5925,197.45
5926,199.48
5927,199.9
5928,199.36
5929,198.77
5930,199.12
5931,198.6
5932,198.66
5933,198.5
5934,197.7
5935,197.79
5936,197.78
5937,198.21
5938,198.3
5939,198.07
5940,198.17
5941,197.92
5942,197.8
5943,197.77
5944,197.79
5945,197.75
5946,197.4
5947,197.26
5948,196.97
5949,196.9
5950,196.91
5951,197.12
5952,197.85
5953,198.6
5954,197.91
5955,198.45
5956,198.32
5957,198.72
5958,199.16
5959,199.112
5960,198.67
5961,198.87
5962,198.74
5963,198.9
5964,199.03
5965,198.77
5966,198.5
5967,198.21
5968,198.02
5969,198.04
5970,198.03
5971,198.0
5972,198.08
5973,197.9
5974,198.0
5975,197.61
5976,197.25
5977,197.28
5978,197.68
5979,197.01
5980,196.17
5981,196.72
5982,197.0
5983,196.22
5984,196.07
5985,195.86
5986,195.92
5987,195.7
5988,195.9047
5989,195.88
5990,196.14
5991,196.0384
5992,196.25
5993,196.18
5994,195.72
5995,195.65
5996,195.69
5997,195.4
5998,195.27
5999,194.84
