,0
0,12.357000000000003
1,12.34
2,12.32
3,12.31
4,12.324999999999998
5,12.3
6,12.29
7,12.29
8,12.295
9,12.305
10,12.335
11,12.34
12,12.395
13,12.489999999999998
14,12.39
15,12.35
16,12.35
17,12.37
18,12.3565
19,12.34
20,12.36
21,12.37
22,12.37
23,12.36
24,12.35
25,12.38
26,12.36
27,12.3699
28,12.3597
29,12.35
30,12.35
31,12.3599
32,12.354999999999999
33,12.359000000000002
34,12.33
35,12.31
36,12.29
37,12.32
38,12.32
39,12.39
40,12.36
41,12.34
42,12.26
43,12.3199
44,12.32
45,12.32
46,12.295
47,12.290100000000002
48,12.275
49,12.26
50,12.265
51,12.275
52,12.29
53,12.27
54,12.23
55,12.235
56,12.23
57,12.22
58,12.255
59,12.250000000000002
60,12.239999999999998
61,12.195
62,12.18
63,12.2
64,12.250000000000002
65,12.35
66,12.29
67,12.34
68,12.329
69,12.38
70,12.39
71,12.28
72,12.31
73,12.3401
74,12.34
75,12.33
76,12.32
77,12.33
78,12.34
79,12.35
80,12.36
81,12.364999999999998
82,12.3899
83,12.38
84,12.35
85,12.368499999999997
86,12.3521
87,12.36
88,12.36
89,12.37
90,12.37
91,12.37
92,12.35
93,12.43
94,12.489900000000002
95,12.52
96,12.53
97,12.47
98,12.3691
99,12.3
100,12.250000000000002
101,12.23
102,12.245
103,12.250000000000002
104,12.250000000000002
105,12.250000000000002
106,12.22
107,12.19
108,12.23
109,12.21
110,12.235
111,12.21
112,12.22
113,12.23
114,12.2
115,12.2
116,12.17
117,12.155
118,12.16
119,12.2801
120,12.34
121,12.31
122,12.2509
123,12.28
124,12.26
125,12.27
126,12.28
127,12.290100000000002
128,12.295
129,12.36
130,12.36
131,12.37
132,12.39
133,12.44
134,12.47
135,12.46
136,12.46
137,12.479999999999999
138,12.501
139,12.465
140,12.445
141,12.47
142,12.465
143,12.469899999999999
144,12.44
145,12.44
146,12.19
147,12.2784
148,12.36
149,12.34
150,12.38
151,12.32
152,12.38
153,12.38
154,12.39
155,12.34
156,12.38
157,12.354999999999999
158,12.364999999999998
159,12.39
160,12.36
161,12.37
162,12.375000000000002
163,12.364999999999998
164,12.354999999999999
165,12.33
166,12.335
167,12.33
168,12.33
169,12.335
170,12.34
171,12.34
172,12.34
173,12.36
174,12.31
175,12.28
176,12.282
177,12.2801
178,12.27
179,12.28
180,12.22
181,12.185
182,12.2
183,12.22
184,12.21
185,12.26
186,12.285
187,12.239999999999998
188,12.23
189,12.26
190,12.250000000000002
191,12.26
192,12.26
193,12.239999999999998
194,12.27
195,12.265
196,12.26
197,12.275
198,12.29
199,12.29
200,12.44
201,12.39
202,12.394000000000002
203,12.395
204,12.42
205,12.449999999999998
206,12.39
207,12.38
208,12.36
209,12.32
210,12.34
211,12.32
212,12.29
213,12.33
214,12.33
215,12.3199
216,12.34
217,12.335
218,12.335
219,12.3399
220,12.34
221,12.324999999999998
222,12.335
223,12.37
224,12.36
225,12.36
226,12.37
227,12.364999999999998
228,12.38
229,12.4101
230,12.47
231,12.500000000000002
232,12.5786
233,12.56
234,12.53
235,12.55
236,12.58
237,12.58
238,12.56
239,12.57
240,12.6001
241,12.61
242,12.599400000000001
243,12.59
244,12.58
245,12.55
246,12.56
247,12.57
248,12.54
249,12.525
250,12.52
251,12.545
252,12.51
253,12.51
254,12.455
255,12.501
256,12.535
257,12.505
258,12.489999999999998
259,12.46
260,12.4999
261,12.4783
262,12.449999999999998
263,12.415
264,12.44
265,12.46
266,12.479999999999999
267,12.4707
268,12.475
269,12.46
270,12.46
271,12.445
272,12.46
273,12.47
274,12.46
275,12.44
276,12.43
277,12.42
278,12.44
279,12.44
280,12.43
281,12.54
282,12.56
283,12.57
284,12.6
285,12.64
286,12.6201
287,12.63
288,12.53
289,12.52
290,12.51
291,12.56
292,12.54
293,12.59
294,12.581
295,12.639000000000001
296,12.62
297,12.6558
298,12.619000000000002
299,12.5201
300,12.41
301,12.3799
302,12.36
303,12.38
304,12.38
305,12.36
306,12.37
307,12.37
308,12.33
309,12.42
310,12.31
311,12.33
312,12.3201
313,12.32
314,12.32
315,12.3901
316,12.34
317,12.34
318,12.38
319,12.4
320,12.500000000000002
321,12.53
322,12.500000000000002
323,12.540999999999999
324,12.585
325,12.58
326,12.56
327,12.59
328,12.62
329,12.645
330,12.682099999999998
331,12.68
332,12.675
333,12.740000000000002
334,12.729999999999999
335,12.728
336,12.685
337,12.67
338,12.66
339,12.602
340,12.57
341,12.555
342,12.535
343,12.500000000000002
344,12.505
345,12.475
346,12.46
347,12.465
348,12.455
349,12.4765
350,12.47
351,12.485
352,12.52
353,12.525
354,12.53
355,12.585
356,12.64
357,12.67
358,12.68
359,12.72
360,12.740000000000002
361,12.731
362,12.651
363,12.645
364,12.64
365,12.65
366,12.61
367,12.61
368,12.61
369,12.625000000000002
370,12.64
371,12.62
372,12.59
373,12.58
374,12.595
375,12.585
376,12.559000000000001
377,12.51
378,12.51
379,12.51
380,12.54
381,12.5283
382,12.52
383,12.53
384,12.53
385,12.53
386,12.53
387,12.55
388,12.555
389,12.685
390,12.64
391,12.65
392,12.71
393,12.77
394,12.735
395,12.699999999999998
396,12.685
397,12.63
398,12.719899999999999
399,12.71
400,12.68
401,12.68
402,12.64
403,12.61
404,12.62
405,12.585
406,12.56
407,12.572000000000001
408,12.56
409,12.52
410,12.47
411,12.41
412,12.3586
413,12.35
414,12.38
415,12.38
416,12.34
417,12.34
418,12.354999999999999
419,12.4299
420,12.47
421,12.42
422,12.369000000000002
423,12.37
424,12.41
425,12.388399999999999
426,12.38
427,12.35
428,12.315
429,12.32
430,12.31
431,12.31
432,12.33
433,12.315
434,12.28
435,12.27
436,12.3
437,12.33
438,12.324999999999998
439,12.32
440,12.29
441,12.28
442,12.29
443,12.38
444,12.36
445,12.4
446,12.41
447,12.442000000000002
448,12.425
449,12.3615
450,12.364999999999998
451,12.39
452,12.41
453,12.4415
454,12.449899999999998
455,12.492
456,12.4715
457,12.46
458,12.43
459,12.435
460,12.465
461,12.4301
462,12.43
463,12.392000000000001
464,12.41
465,12.41
466,12.46
467,12.479999999999999
468,12.500000000000002
469,12.52
470,12.58
471,12.61
472,12.54
473,12.5281
474,12.535
475,12.51
476,12.505
477,12.501
478,12.479999999999999
479,12.41
480,12.42
481,12.425
482,12.42
483,12.43
484,12.41
485,12.41
486,12.42
487,12.42
488,12.405
489,12.395
490,12.41
491,12.42
492,12.42
493,12.38
494,12.385
495,12.31
496,12.3
497,12.3
498,12.29
499,12.250000000000002
500,12.264999999999999
501,12.25
502,12.26
503,12.26
504,12.28
505,12.26
506,12.309999999999999
507,12.37
508,12.390000000000002
509,12.359999999999998
510,12.34
511,12.365
512,12.359999999999998
513,12.390000000000002
514,12.382
515,12.404999999999998
516,12.41
517,12.359999999999998
518,12.362
519,12.354999999999999
520,12.37
521,12.395000000000001
522,12.38
523,12.37
524,12.51
525,12.51
526,12.49
527,12.49
528,12.515000000000002
529,12.515000000000002
530,12.545
531,12.59
532,12.565000000000001
533,12.5799
534,12.547000000000002
535,12.560000000000002
536,12.58
537,12.570100000000002
538,12.552
539,12.54
540,12.555
541,12.54
542,12.574999999999998
543,12.58
544,12.594000000000001
545,12.615
546,12.640000000000002
547,12.67
548,12.68
549,12.6
550,12.6
551,12.699999999999998
552,12.739999999999998
553,12.780000000000001
554,12.75
555,12.71
556,12.6175
557,12.71
558,12.71
559,12.652000000000001
560,12.685000000000002
561,12.68
562,12.6999
563,12.7215
564,12.739999999999998
565,12.76
566,12.83
567,12.81
568,12.789999999999997
569,12.819999999999999
570,12.825000000000001
571,12.815
572,12.8
573,12.730000000000002
574,12.739999999999998
575,12.725
576,12.665
577,12.66
578,12.5
579,12.55
580,12.55
581,12.560000000000002
582,12.625
583,12.649999999999999
584,12.67
585,12.67
586,12.619999999999997
587,12.649999999999999
588,12.68
589,12.71
590,12.700099999999999
591,12.71
592,12.72
593,12.725
594,12.68
595,12.694999999999999
596,12.725
597,12.68
598,12.694999999999999
599,12.685000000000002
600,12.694999999999999
601,12.66
602,12.67
603,12.72
604,12.71
605,12.68
606,12.67
607,12.69
608,12.715
609,12.732000000000001
610,12.762000000000002
611,12.732000000000001
612,12.740100000000002
613,12.72
614,12.69
615,12.649999999999999
616,12.57
617,12.555
618,12.57
619,12.585
620,12.625
621,12.59
622,12.592000000000002
623,12.57
624,12.6001
625,12.6
626,12.635
627,12.63
628,12.63
629,12.649999999999999
630,12.655000000000001
631,12.655000000000001
632,12.75
633,12.672
634,12.694999999999999
635,12.7225
636,12.739999999999998
637,12.67
638,12.730000000000002
639,12.7315
640,12.7331
641,12.76
642,12.748000000000001
643,12.730000000000002
644,12.699999999999998
645,12.71
646,12.705
647,12.72
648,12.715
649,12.72
650,12.755
651,12.730000000000002
652,12.740100000000002
653,12.739999999999998
654,12.77
655,12.75
656,12.81
657,12.81
658,12.8
659,12.909999999999998
660,12.97
661,12.945000000000002
662,12.900000000000002
663,12.895
664,12.84
665,12.84
666,12.83
667,12.815
668,12.8
669,12.75
670,12.755
671,12.765
672,12.75
673,12.75
674,12.76
675,12.780000000000001
676,12.7317
677,12.739999999999998
678,12.75
679,12.75
680,12.767999999999999
681,12.755
682,12.755
683,12.744999999999997
684,12.789999999999997
685,12.789999999999997
686,12.925
687,12.9683
688,12.909999999999998
689,12.92
690,12.905000000000001
691,12.85
692,12.83
693,12.845
694,12.84
695,12.839000000000002
696,12.81
697,12.795
698,12.789999999999997
699,12.81
700,12.83
701,12.814100000000002
702,12.8
703,12.8
704,12.775000000000002
705,12.815
706,12.789999999999997
707,12.800999999999998
708,12.83
709,12.815
710,12.795
711,12.75
712,12.76
713,12.748000000000001
714,12.77
715,12.76
716,12.7799
717,12.81
718,12.789999999999997
719,12.8
720,12.786
721,12.81
722,12.8
723,12.780000000000001
724,12.77
725,12.789999999999997
726,12.8
727,12.789999999999997
728,12.81
729,12.802
730,12.819999999999999
731,12.8
732,12.815
733,12.81
734,12.845
735,12.815
736,12.83
737,12.83
738,12.81
739,12.819999999999999
740,12.67
741,12.699999999999998
742,12.67
743,12.640000000000002
744,12.66
745,12.649999999999999
746,12.68
747,12.67
748,12.678999999999998
749,12.645
750,12.699999999999998
751,12.69
752,12.640000000000002
753,12.69
754,12.725
755,12.741
756,12.725
757,12.699999999999998
758,12.725
759,12.699999999999998
760,12.72
761,12.705
762,12.66
763,12.63
764,12.645
765,12.699999999999998
766,12.694999999999999
767,12.66
768,12.649999999999999
769,12.67
770,12.675
771,12.665
772,12.649999999999999
773,12.63
774,12.58
775,12.619999999999997
776,12.635
777,12.640000000000002
778,12.59
779,12.58
780,12.58
781,12.58
782,12.619999999999997
783,12.640000000000002
784,12.610000000000001
785,12.610000000000001
786,12.59
787,12.610000000000001
788,12.63
789,12.68
790,12.699999999999998
791,12.7599
792,12.75
793,12.739999999999998
794,12.869999999999997
795,12.93
796,12.914999999999997
797,12.89
798,12.875
799,12.905000000000001
800,12.88
801,12.900000000000002
802,12.900000000000002
803,12.900000000000002
804,12.894499999999999
805,12.900000000000002
806,12.89
807,12.89
808,12.85
809,12.825000000000001
810,12.755
811,12.77
812,12.780000000000001
813,12.739999999999998
814,12.739999999999998
815,12.739999999999998
816,12.819999999999999
817,12.780000000000001
818,12.765
819,12.71
820,12.71
821,12.72
822,12.69
823,12.699999999999998
824,12.699999999999998
825,12.699999999999998
826,12.708
827,12.71
828,12.755
829,12.744999999999997
830,12.75
831,12.705
832,12.699999999999998
833,12.699999999999998
834,12.72
835,12.715
836,12.715
837,12.71
838,12.730000000000002
839,12.744999999999997
840,12.76
841,12.744999999999997
842,12.75
843,12.635
844,12.652999999999999
845,12.652000000000001
846,12.649999999999999
847,12.71
848,12.66
849,12.67
850,12.6901
851,12.68
852,12.665
853,12.67
854,12.66
855,12.68
856,12.66
857,12.66
858,12.665
859,12.662
860,12.635
861,12.619999999999997
862,12.6
863,12.6201
864,12.610000000000001
865,12.610000000000001
866,12.595
867,12.6101
868,12.649999999999999
869,12.640000000000002
870,12.545
871,12.55
872,12.57
873,12.615
874,12.560000000000002
875,12.555
876,12.57
877,12.6
878,12.595
879,12.63
880,12.645
881,12.655000000000001
882,12.604999999999999
883,12.57
884,12.58
885,12.560000000000002
886,12.560000000000002
887,12.529999999999998
888,12.55
889,12.592000000000002
890,12.568
891,12.555
892,12.560000000000002
893,12.55
894,12.524999999999999
895,12.54
896,12.55
897,12.560000000000002
898,12.57
899,12.55
900,12.55
901,12.59
902,12.574999999999998
903,12.58
904,12.555
905,12.55
906,12.4946
907,12.465
908,12.484999999999998
909,12.5491
910,12.535
911,12.49
912,12.42
913,12.395000000000001
914,12.395000000000001
915,12.440000000000001
916,12.43
917,12.45
918,12.45
919,12.484999999999998
920,12.475
921,12.465
922,12.470000000000002
923,12.470000000000002
924,12.529999999999998
925,12.515000000000002
926,12.54
927,12.54
928,12.545
929,12.524999999999999
930,12.55
931,12.5594
932,12.6
933,12.6
934,12.604999999999999
935,12.6575
936,12.63
937,12.625
938,12.624000000000002
939,12.639899999999999
940,12.645
941,12.619999999999997
942,12.625
943,12.619999999999997
944,12.625
945,12.625
946,12.603299999999999
947,12.604999999999999
948,12.6199
949,12.610000000000001
950,12.619999999999997
951,12.560000000000002
952,12.5
953,12.5
954,12.4549
955,12.425
956,12.41
957,12.4499
958,12.479999999999999
959,12.54
960,12.5
961,12.470000000000002
962,12.46
963,12.4962
964,12.5
965,12.470000000000002
966,12.46
967,12.45
968,12.45
969,12.4508
970,12.45
971,12.4517
972,12.43
973,12.445
974,12.45
975,12.434000000000001
976,12.42
977,12.42
978,12.440000000000001
979,12.42
980,12.45
981,12.434999999999999
982,12.440000000000001
983,12.4599
984,12.455
985,12.470000000000002
986,12.434999999999999
987,12.445
988,12.45
989,12.445
990,12.45
991,12.46
992,12.479999999999999
993,12.479999999999999
994,12.475
995,12.49
996,12.484999999999998
997,12.475
998,12.49
999,12.46
1000,12.47
1001,12.44
1002,12.47
1003,12.48
1004,12.48
1005,12.5
1006,12.479000000000001
1007,12.47
1008,12.400000000000002
1009,12.39
1010,12.425
1011,12.4317
1012,12.39
1013,12.400000000000002
1014,12.39
1015,12.399000000000001
1016,12.355000000000002
1017,12.3793
1018,12.359999999999998
1019,12.34
1020,12.38
1021,12.35
1022,12.37
1023,12.37
1024,12.359999999999998
1025,12.365
1026,12.35
1027,12.345
1028,12.345
1029,12.355000000000002
1030,12.41
1031,12.41
1032,12.4685
1033,12.44
1034,12.4501
1035,12.415
1036,12.41
1037,12.4337
1038,12.4385
1039,12.41
1040,12.435
1041,12.41
1042,12.411
1043,12.41
1044,12.400000000000002
1045,12.4001
1046,12.415
1047,12.43
1048,12.43
1049,12.44
1050,12.44
1051,12.434899999999999
1052,12.445000000000002
1053,12.449999999999998
1054,12.48
1055,12.5
1056,12.494999999999997
1057,12.51
1058,12.5
1059,12.475
1060,12.490000000000002
1061,12.48
1062,12.53
1063,12.61
1064,12.61
1065,12.6
1066,12.6101
1067,12.63
1068,12.580000000000002
1069,12.580000000000002
1070,12.59
1071,12.605
1072,12.593
1073,12.605
1074,12.63
1075,12.65
1076,12.68
1077,12.670000000000002
1078,12.710000000000003
1079,12.68
1080,12.69
1081,12.710000000000003
1082,12.69
1083,12.7
1084,12.645
1085,12.65
1086,12.57
1087,12.6
1088,12.57
1089,12.59
1090,12.59
1091,12.625000000000002
1092,12.625000000000002
1093,12.65
1094,12.6799
1095,12.73
1096,12.710000000000003
1097,12.69
1098,12.7
1099,12.670000000000002
1100,12.670000000000002
1101,12.66
1102,12.66
1103,12.65
1104,12.665
1105,12.670000000000002
1106,12.670000000000002
1107,12.710000000000003
1108,12.710000000000003
1109,12.74
1110,12.755000000000003
1111,12.82
1112,12.83
1113,12.63
1114,12.565
1115,12.525
1116,12.53
1117,12.4501
1118,12.469000000000001
1119,12.48
1120,12.517999999999999
1121,12.545
1122,12.535000000000002
1123,12.525
1124,12.505
1125,12.485
1126,12.48
1127,12.5
1128,12.51
1129,12.47
1130,12.449999999999998
1131,12.449999999999998
1132,12.395
1133,12.400000000000002
1134,12.39
1135,12.3701
1136,12.325
1137,12.33
1138,12.400000000000002
1139,12.41
1140,12.39
1141,12.37
1142,12.3901
1143,12.400000000000002
1144,12.3
1145,12.3201
1146,12.314999999999998
1147,12.3
1148,12.314999999999998
1149,12.33
1150,12.33
1151,12.310000000000002
1152,12.255
1153,12.265000000000002
1154,12.26
1155,12.25
1156,12.2601
1157,12.3
1158,12.265000000000002
1159,12.235
1160,12.210999999999997
1161,12.23
1162,12.269999999999998
1163,12.23
1164,12.2
1165,12.28
1166,12.275
1167,12.29
1168,12.26
1169,12.215
1170,12.21
1171,12.2101
1172,12.19
1173,12.17
1174,12.19
1175,12.179999999999998
1176,12.2
1177,12.16
1178,12.130000000000003
1179,12.1
1180,12.1
1181,12.130000000000003
1182,12.11
1183,12.078
1184,12.05
1185,12.11
1186,12.089999999999998
1187,12.16
1188,12.12
1189,12.085000000000003
1190,12.099
1191,12.065
1192,12.12
1193,12.126
1194,12.12
1195,12.17
1196,12.14
1197,12.07
1198,12.179999999999998
1199,12.195
1200,12.220000000000002
1201,12.25
1202,12.21
1203,12.19
1204,12.1821
1205,12.17
1206,12.19
1207,12.21
1208,12.195
1209,12.23
1210,12.269
1211,12.269999999999998
1212,12.29
1213,12.269999999999998
1214,12.28
1215,12.26
1216,12.269999999999998
1217,12.255
1218,12.255
1219,12.24
1220,12.245
1221,12.1012
1222,12.11
1223,12.11
1224,12.16
1225,12.21
1226,12.235
1227,12.25
1228,12.255
1229,12.26
1230,12.220000000000002
1231,12.2295
1232,12.220000000000002
1233,12.2
1234,12.220000000000002
1235,12.245
1236,12.24
1237,12.220000000000002
1238,12.205
1239,12.23
1240,12.251000000000001
1241,12.269999999999998
1242,12.310000000000002
1243,12.33
1244,12.35
1245,12.41
1246,12.449999999999998
1247,12.46
1248,12.310000000000002
1249,12.29
1250,12.269999999999998
1251,12.25
1252,12.23
1253,12.265000000000002
1254,12.29
1255,12.26
1256,12.28
1257,12.29
1258,12.3
1259,12.319
1260,12.3
1261,12.32
1262,12.34
1263,12.345
1264,12.355000000000002
1265,12.39
1266,12.400000000000002
1267,12.41
1268,12.395
1269,12.404999999999998
1270,12.43
1271,12.400000000000002
1272,12.425
1273,12.42
1274,12.43
1275,12.465
1276,12.39
1277,12.404999999999998
1278,12.47
1279,12.425
1280,12.42
1281,12.39
1282,12.400000000000002
1283,12.42
1284,12.42
1285,12.42
1286,12.43
1287,12.48
1288,12.478
1289,12.5
1290,12.57
1291,12.585
1292,12.64
1293,12.64
1294,12.670000000000002
1295,12.710000000000003
1296,12.710000000000003
1297,12.7
1298,12.675
1299,12.66
1300,12.63
1301,12.63
1302,12.64
1303,12.7
1304,12.7
1305,12.695
1306,12.73
1307,12.77
1308,12.73
1309,12.715000000000002
1310,12.72
1311,12.69
1312,12.72
1313,12.760000000000002
1314,12.775
1315,12.75
1316,12.765
1317,12.765
1318,12.79
1319,12.800000000000002
1320,12.832
1321,12.825
1322,12.811
1323,12.807
1324,12.785
1325,12.83
1326,12.83
1327,12.82
1328,12.83
1329,12.620699999999998
1330,12.62
1331,12.66
1332,12.66
1333,12.61
1334,12.57
1335,12.5984
1336,12.6
1337,12.48
1338,12.575
1339,12.539999999999997
1340,12.375
1341,12.455
1342,12.47
1343,12.449000000000002
1344,12.43
1345,12.469000000000001
1346,12.72
1347,12.61
1348,12.635
1349,12.63
1350,12.655
1351,12.79
1352,12.795
1353,12.78
1354,12.765
1355,12.77
1356,12.81
1357,12.800000000000002
1358,12.850000000000001
1359,12.91
1360,12.91
1361,12.86
1362,12.84
1363,12.940000000000001
1364,12.96
1365,13.02
1366,13.030000000000001
1367,13.1005
1368,13.155
1369,13.19
1370,13.21
1371,13.19
1372,13.160000000000002
1373,13.13
1374,13.145
1375,13.1135
1376,13.09
1377,13.065
1378,13.120000000000001
1379,13.1
1380,13.14
1381,13.09
1382,13.09
1383,13.05
1384,13.01
1385,12.980000000000002
1386,12.99
1387,13.0701
1388,13.02
1389,13.0
1390,12.99
1391,13.005
1392,12.965
1393,13.005
1394,12.925
1395,12.940000000000001
1396,12.97
1397,12.96
1398,12.93
1399,12.9
1400,12.91
1401,12.890000000000002
1402,12.875
1403,12.925
1404,12.850000000000001
1405,12.83
1406,12.850000000000001
1407,12.800000000000002
1408,12.825
1409,12.82
1410,12.945
1411,12.885
1412,12.92
1413,12.940000000000001
1414,12.955
1415,12.995
1416,13.005
1417,13.030000000000001
1418,12.99
1419,12.995
1420,12.9
1421,12.91
1422,12.890000000000002
1423,12.95
1424,12.925
1425,12.955
1426,12.9495
1427,12.97
1428,12.940000000000001
1429,12.9184
1430,12.905
1431,12.91
1432,12.915
1433,12.935000000000002
1434,12.980000000000002
1435,12.965
1436,12.96
1437,12.74
1438,12.77
1439,12.79
1440,12.86
1441,12.91
1442,12.88
1443,12.8599
1444,12.9
1445,12.975
1446,12.92
1447,12.890000000000002
1448,12.845000000000002
1449,12.865
1450,12.870999999999999
1451,12.87
1452,12.865
1453,12.87
1454,12.88
1455,12.88
1456,12.86
1457,12.79
1458,12.84
1459,12.81
1460,12.775
1461,12.760000000000002
1462,12.785
1463,12.785
1464,12.74
1465,12.64
1466,12.68
1467,12.685
1468,12.74
1469,12.800000000000002
1470,12.795
1471,12.755000000000003
1472,12.670000000000002
1473,12.74
1474,12.710000000000003
1475,12.705
1476,12.710000000000003
1477,12.7
1478,12.6801
1479,12.69
1480,12.66
1481,12.65
1482,12.62
1483,12.659899999999999
1484,12.63
1485,12.6
1486,12.62
1487,12.62
1488,12.581
1489,12.539999999999997
1490,12.539999999999997
1491,12.41
1492,12.490000000000002
1493,12.5576
1494,12.5
1495,12.52
1496,12.539999999999997
1497,12.57
1498,12.555
1499,12.57
1500,12.540999999999997
1501,12.54
1502,12.52
1503,12.5317
1504,12.500000000000002
1505,12.495
1506,12.500000000000002
1507,12.48
1508,12.47
1509,12.48
1510,12.500000000000002
1511,12.47
1512,12.46
1513,12.455
1514,12.509
1515,12.58
1516,12.56
1517,12.57
1518,12.6051
1519,12.54
1520,12.500000000000002
1521,12.530000000000001
1522,12.56
1523,12.530000000000001
1524,12.505099999999999
1525,12.530000000000001
1526,12.5471
1527,12.56
1528,12.58
1529,12.56
1530,12.59
1531,12.607999999999999
1532,12.64
1533,12.6
1534,12.62
1535,12.615
1536,12.635000000000002
1537,12.68
1538,12.675
1539,12.65
1540,12.65
1541,12.66
1542,12.64
1543,12.59
1544,12.59
1545,12.73
1546,12.752000000000002
1547,12.770000000000001
1548,12.78
1549,12.8
1550,12.850000000000001
1551,12.88
1552,12.96
1553,12.930000000000001
1554,12.97
1555,12.97
1556,13.040000000000001
1557,13.0
1558,12.98
1559,12.990099999999998
1560,12.929899999999998
1561,12.935
1562,12.9199
1563,12.895
1564,12.850999999999999
1565,12.91
1566,12.925
1567,12.930000000000001
1568,12.96
1569,12.94
1570,12.92
1571,12.92
1572,13.090000000000002
1573,13.17
1574,13.0915
1575,13.0602
1576,13.08
1577,13.135
1578,13.135
1579,13.2065
1580,13.21
1581,13.21
1582,13.200000000000001
1583,13.21
1584,13.22
1585,13.285
1586,13.285
1587,13.4
1588,13.35
1589,13.35
1590,13.425
1591,13.42
1592,13.43
1593,13.440000000000001
1594,13.45
1595,13.435
1596,13.41
1597,13.360000000000001
1598,13.360000000000001
1599,13.43
1600,13.48
1601,13.45
1602,13.48
1603,13.45
1604,13.440000000000001
1605,13.4
1606,13.45
1607,13.435
1608,13.440000000000001
1609,13.449000000000002
1610,13.440000000000001
1611,13.45
1612,13.465
1613,13.440000000000001
1614,13.46
1615,13.43
1616,13.46
1617,13.46
1618,13.46
1619,13.475999999999997
1620,13.475
1621,13.45
1622,13.465
1623,13.465
1624,13.475
1625,13.47
1626,13.46
1627,13.440000000000001
1628,13.4
1629,13.43
1630,13.435
1631,13.41
1632,13.425
1633,13.4
1634,13.42
1635,13.42
1636,13.39
1637,13.39
1638,13.3951
1639,13.4
1640,13.41
1641,13.425
1642,13.440000000000001
1643,13.42
1644,13.43
1645,13.440000000000001
1646,13.43
1647,13.423
1648,13.46
1649,13.445
1650,13.445
1651,13.41
1652,13.41
1653,13.42
1654,13.5026
1655,13.54
1656,13.5357
1657,13.520000000000001
1658,13.505
1659,13.53
1660,13.51
1661,13.525
1662,13.5568
1663,13.57
1664,13.58
1665,13.6149
1666,13.58
1667,13.595
1668,13.59
1669,13.5911
1670,13.56
1671,13.557000000000002
1672,13.57
1673,13.565
1674,13.56
1675,13.535
1676,13.56
1677,13.57
1678,13.57
1679,13.57
1680,13.520000000000001
1681,13.56
1682,13.635099999999998
1683,13.64
1684,13.71
1685,13.73
1686,13.72
1687,13.71
1688,13.66
1689,13.69
1690,13.685
1691,13.680000000000001
1692,13.695
1693,13.69
1694,13.67
1695,13.65
1696,13.651
1697,13.69
1698,13.680000000000001
1699,13.7199
1700,13.7467
1701,13.76
1702,13.72
1703,13.74
1704,13.72
1705,13.755
1706,13.77
1707,13.680000000000001
1708,13.714
1709,13.78
1710,13.785
1711,13.7725
1712,13.81
1713,13.85
1714,13.83
1715,13.802900000000001
1716,13.815000000000001
1717,13.78
1718,13.69
1719,13.77
1720,13.76
1721,13.762399999999998
1722,13.8
1723,13.77
1724,13.740099999999998
1725,13.75
1726,13.76
1727,13.73
1728,13.73
1729,13.69
1730,13.67
1731,13.64
1732,13.65
1733,13.65
1734,13.69
1735,13.5601
1736,13.65
1737,13.6213
1738,13.615
1739,13.625
1740,13.645
1741,13.671
1742,13.72
1743,13.72
1744,13.67
1745,13.64
1746,13.65
1747,13.665
1748,13.73
1749,13.790000000000001
1750,13.74
1751,13.755
1752,13.790000000000001
1753,13.785
1754,13.795
1755,13.795
1756,13.795
1757,13.83
1758,13.85
1759,13.81
1760,13.81
1761,13.93
1762,13.9206
1763,13.883799999999999
1764,13.9299
1765,13.950000000000001
1766,13.91
1767,13.89
1768,13.89
1769,13.897
1770,13.9
1771,13.93
1772,13.94
1773,13.950000000000001
1774,13.93
1775,13.950000000000001
1776,13.915
1777,13.88
1778,13.86
1779,13.855
1780,13.870000000000001
1781,13.86
1782,13.870000000000001
1783,13.865
1784,13.875
1785,13.89
1786,13.870000000000001
1787,13.870000000000001
1788,13.785
1789,13.81
1790,13.865
1791,13.91
1792,13.9
1793,13.870000000000001
1794,13.9
1795,13.9
1796,13.892000000000001
1797,13.88
1798,13.89
1799,13.86
1800,13.88
1801,13.85
1802,13.86
1803,13.88
1804,13.925
1805,13.93
1806,13.935
1807,13.9205
1808,13.925
1809,13.93
1810,13.93
1811,13.92
1812,13.89
1813,13.84
1814,13.83
1815,13.81
1816,13.790000000000001
1817,13.6393
1818,13.73
1819,13.664000000000001
1820,13.655000000000001
1821,13.680000000000001
1822,13.655000000000001
1823,13.61
1824,13.62
1825,13.652000000000001
1826,13.635
1827,13.585
1828,13.59
1829,13.605
1830,13.63
1831,13.655000000000001
1832,13.65
1833,13.645
1834,13.64
1835,13.635
1836,13.630999999999998
1837,13.63
1838,13.635
1839,13.67
1840,13.64
1841,13.65
1842,13.715
1843,13.71
1844,13.8
1845,13.84
1846,13.91
1847,13.88
1848,13.935
1849,13.94
1850,13.94
1851,13.935
1852,13.94
1853,13.96
1854,13.97
1855,13.965
1856,13.955
1857,13.950000000000001
1858,13.898
1859,13.895000000000001
1860,13.895000000000001
1861,13.870000000000001
1862,13.85
1863,13.86
1864,13.885
1865,13.96
1866,13.93
1867,13.89
1868,13.899000000000001
1869,14.45
1870,14.485000000000001
1871,14.460999999999999
1872,14.402999999999999
1873,14.37
1874,14.34
1875,14.302999999999999
1876,14.28
1877,14.28
1878,14.270999999999999
1879,14.295
1880,14.31
1881,14.285
1882,14.2885
1883,14.28
1884,14.25
1885,14.2455
1886,14.22
1887,14.23
1888,14.25
1889,14.23
1890,14.24
1891,14.21
1892,14.2
1893,14.23
1894,14.24
1895,14.24
1896,14.380999999999998
1897,14.33
1898,14.285
1899,14.38
1900,14.36
1901,14.45
1902,14.48
1903,14.46
1904,14.48
1905,14.46
1906,14.49
1907,14.5
1908,14.49
1909,14.45
1910,14.5
1911,14.52
1912,14.539899999999998
1913,14.51
1914,14.52
1915,14.52
1916,14.540000000000001
1917,14.540000000000001
1918,14.540999999999999
1919,14.5
1920,14.485000000000001
1921,14.46
1922,14.45
1923,14.42
1924,14.540000000000001
1925,14.595
1926,14.63
1927,14.689
1928,14.735
1929,14.720999999999998
1930,14.68
1931,14.670699999999998
1932,14.685
1933,14.705
1934,14.700000000000001
1935,14.68
1936,14.69
1937,14.67
1938,14.63
1939,14.6411
1940,14.655
1941,14.67
1942,14.67
1943,14.64
1944,14.66
1945,14.685
1946,14.685
1947,14.69
1948,14.700000000000001
1949,14.695
1950,14.595
1951,14.7399
1952,14.74
1953,14.735
1954,14.72
1955,14.780000000000001
1956,14.81
1957,14.77
1958,14.79
1959,14.79
1960,14.77
1961,14.745
1962,14.735
1963,14.74
1964,14.735
1965,14.74
1966,14.75
1967,14.76
1968,14.829900000000002
1969,14.780000000000001
1970,14.76
1971,14.74
1972,14.72
1973,14.700000000000001
1974,14.69
1975,14.64
1976,14.63
1977,14.6023
1978,14.745
1979,14.69
1980,14.72
1981,14.81
1982,14.83
1983,14.8354
1984,14.85
1985,14.87
1986,14.91
1987,14.93
1988,14.95
1989,14.940999999999999
1990,14.91
1991,14.885
1992,14.89
1993,14.87
1994,14.835
1995,14.82
1996,14.835
1997,14.85
1998,14.85
1999,14.85
2000,14.855
2001,14.86
2002,14.87
2003,14.87
2004,14.81
2005,14.85
2006,14.82
2007,14.8
2008,14.821
2009,14.81
2010,14.8
2011,14.805
2012,14.84
2013,14.87
2014,14.83
2015,14.815
2016,14.82
2017,14.87
2018,14.85
2019,14.81
2020,14.8
2021,14.8399
2022,14.825
2023,14.89
2024,14.845
2025,14.85
2026,14.86
2027,14.86
2028,14.87
2029,14.84
2030,14.84
2031,14.82
2032,14.8
2033,14.77
2034,14.75
2035,14.755
2036,14.76
2037,14.745
2038,14.75
2039,14.775
2040,14.76
2041,14.78
2042,14.83
2043,14.8501
2044,14.875
2045,14.915
2046,14.92
2047,14.93
2048,14.96
2049,14.96
2050,14.965
2051,14.96
2052,14.94
2053,14.935
2054,14.935
2055,14.94
2056,14.92
2057,14.92
2058,14.8199
2059,14.83
2060,14.91
2061,14.92
2062,14.825
2063,14.78
2064,14.79
2065,14.745
2066,14.74
2067,14.790999999999999
2068,14.76
2069,14.742
2070,14.75
2071,14.7951
2072,14.76
2073,14.7365
2074,14.66
2075,14.65
2076,14.455
2077,14.51
2078,14.44
2079,14.47
2080,14.42
2081,14.34
2082,14.41
2083,14.4
2084,14.4
2085,14.56
2086,14.392000000000001
2087,14.57
2088,14.565
2089,14.59
2090,14.56
2091,14.55
2092,14.5
2093,14.53
2094,14.56
2095,14.58
2096,14.57
2097,14.56
2098,14.57
2099,14.565
2100,14.55
2101,14.5401
2102,14.6
2103,14.615
2104,14.649000000000001
2105,14.665
2106,14.6415
2107,14.655
2108,14.645
2109,14.65
2110,14.63
2111,14.63
2112,14.54
2113,14.43
2114,14.43
2115,14.4499
2116,14.5
2117,14.48
2118,14.48
2119,14.44
2120,14.49
2121,14.48
2122,14.48
2123,14.515
2124,14.48
2125,14.55
2126,14.57
2127,14.58
2128,14.59
2129,14.58
2130,14.6099
2131,14.64
2132,14.64
2133,14.6404
2134,14.66
2135,14.64
2136,14.56
2137,14.54
2138,14.54
2139,14.58
2140,14.64
2141,14.642999999999999
2142,14.63
2143,14.58
2144,14.63
2145,14.65
2146,14.67
2147,14.64
2148,14.565
2149,14.6
2150,14.573
2151,14.585
2152,14.57
2153,14.59
2154,14.57
2155,14.53
2156,14.5
2157,14.49
2158,14.49
2159,14.44
2160,14.42
2161,14.5
2162,14.52
2163,14.57
2164,14.54
2165,14.53
2166,14.39
2167,14.41
2168,14.44
2169,14.41
2170,14.395
2171,14.43
2172,14.395
2173,14.405
2174,14.42
2175,14.44
2176,14.455
2177,14.47
2178,14.455
2179,14.405
2180,14.405
2181,14.44
2182,14.45
2183,14.435
2184,14.44
2185,14.465
2186,14.48
2187,14.46
2188,14.47
2189,14.475
2190,14.465
2191,14.43
2192,14.44
2193,14.42
2194,14.45
2195,14.47
2196,14.5199
2197,14.573
2198,14.625
2199,14.622
2200,14.665
2201,14.675
2202,14.695
2203,14.681
2204,14.66
2205,14.66
2206,14.715
2207,14.675
2208,14.7
2209,14.76
2210,14.68
2211,14.7
2212,14.73
2213,14.7
2214,14.675
2215,14.64
2216,14.63
2217,14.635
2218,14.62
2219,14.63
2220,14.63
2221,14.66
2222,14.68
2223,14.71
2224,14.69
2225,14.68
2226,14.73
2227,14.739
2228,14.690999999999999
2229,14.68
2230,14.655
2231,14.6338
2232,14.61
2233,14.6
2234,14.61
2235,14.61
2236,14.610999999999999
2237,14.64
2238,14.62
2239,14.6306
2240,14.585
2241,14.595
2242,14.585
2243,14.565
2244,14.5225
2245,14.47
2246,14.47
2247,14.51
2248,14.45
2249,14.31
2250,14.305
2251,14.36
2252,14.32
2253,14.22
2254,14.19
2255,14.22
2256,14.29
2257,14.265
2258,14.2
2259,14.16
2260,14.175
2261,14.18
2262,14.22
2263,14.2
2264,14.21
2265,14.26
2266,14.275
2267,14.335
2268,14.37
2269,14.395
2270,14.38
2271,14.405
2272,14.45
2273,14.45
2274,14.62
2275,14.57
2276,14.6099
2277,14.74
2278,14.76
2279,14.6
2280,14.61
2281,14.61
2282,14.63
2283,14.59
2284,14.575
2285,14.54
2286,14.533
2287,14.555
2288,14.58
2289,14.485
2290,14.49
2291,14.4685
2292,14.380999999999998
2293,14.469000000000001
2294,14.53
2295,14.475
2296,14.47
2297,14.4951
2298,14.51
2299,14.48
2300,14.47
2301,14.47
2302,14.505
2303,14.51
2304,14.5
2305,14.46
2306,14.39
2307,14.395
2308,14.42
2309,14.38
2310,14.29
2311,14.31
2312,14.262
2313,14.315
2314,14.32
2315,14.39
2316,14.36
2317,14.405
2318,14.315
2319,14.22
2320,14.16
2321,14.2
2322,14.2
2323,14.16
2324,14.24
2325,14.28
2326,14.14
2327,14.16
2328,14.285
2329,14.31
2330,14.26
2331,14.29
2332,14.29
2333,14.32
2334,14.32
2335,14.3
2336,14.3
2337,14.16
2338,14.23
2339,14.16
2340,14.215
2341,14.165
2342,14.209000000000001
2343,14.19
2344,14.24
2345,14.22
2346,14.25
2347,14.305
2348,14.285
2349,14.245
2350,14.215
2351,14.265
2352,14.26
2353,14.25
2354,14.25
2355,14.32
2356,14.41
2357,14.45
2358,14.43
2359,14.42
2360,14.375
2361,14.405
2362,14.4923
2363,14.475
2364,14.52
2365,14.52
2366,14.5
2367,14.525
2368,14.53
2369,14.51
2370,14.49
2371,14.475
2372,14.46
2373,14.445
2374,14.41
2375,14.42
2376,14.41
2377,14.38
2378,14.4
2379,14.43
2380,14.44
2381,14.445
2382,14.39
2383,14.415
2384,14.39
2385,14.5
2386,14.51
2387,14.475
2388,14.5
2389,14.48
2390,14.482999999999999
2391,14.45
2392,14.46
2393,14.46
2394,14.46
2395,14.44
2396,14.42
2397,14.44
2398,14.445
2399,14.465
2400,14.43
2401,14.48
2402,14.485
2403,14.505
2404,14.44
2405,14.45
2406,14.505
2407,14.45
2408,14.44
2409,14.32
2410,14.315
2411,14.28
2412,14.35
2413,14.4
2414,14.405
2415,14.41
2416,14.437999999999999
2417,14.385
2418,14.38
2419,14.405
2420,14.425
2421,14.44
2422,14.44
2423,14.435
2424,14.36
2425,14.31
2426,14.26
2427,14.3
2428,14.33
2429,14.29
2430,14.27
2431,14.2925
2432,14.272
2433,14.225999999999999
2434,14.18
2435,14.17
2436,14.27
2437,14.2899
2438,14.26
2439,14.31
2440,14.327
2441,14.24
2442,14.23
2443,14.21
2444,14.21
2445,14.183
2446,14.12
2447,14.1097
2448,14.01
2449,14.05
2450,14.065
2451,14.08
2452,14.11
2453,14.145
2454,14.125
2455,14.13
2456,14.16
2457,14.175
2458,14.18
2459,14.145
2460,14.08
2461,14.06
2462,14.05
2463,14.0701
2464,14.15
2465,14.19
2466,14.245
2467,14.25
2468,14.24
2469,14.2501
2470,14.26
2471,14.29
2472,14.295
2473,14.3101
2474,14.34
2475,14.38
2476,14.43
2477,14.38
2478,14.335
2479,14.33
2480,14.34
2481,14.385
2482,14.395
2483,14.37
2484,14.36
2485,14.38
2486,14.355
2487,14.4
2488,14.37
2489,14.37
2490,14.35
2491,14.41
2492,14.38
2493,14.375
2494,14.37
2495,14.357999999999999
2496,14.36
2497,14.39
2498,14.395
2499,14.41
2500,14.394999999999998
2501,14.42
2502,14.410000000000002
2503,14.319999999999999
2504,14.31
2505,14.25
2506,14.314999999999998
2507,14.274999999999999
2508,14.31
2509,14.360000000000001
2510,14.3314
2511,14.33
2512,14.385
2513,14.39
2514,14.341999999999999
2515,14.34
2516,14.35
2517,14.569999999999999
2518,14.55
2519,14.6
2520,14.5999
2521,14.55
2522,14.585000000000003
2523,14.59
2524,14.5625
2525,14.56
2526,14.54
2527,14.530000000000001
2528,14.5
2529,14.5
2530,14.530000000000001
2531,14.525
2532,14.52
2533,14.530000000000001
2534,14.52
2535,14.48
2536,14.48
2537,14.460000000000003
2538,14.410000000000002
2539,14.42
2540,14.405000000000001
2541,14.465
2542,14.489999999999998
2543,14.489999999999998
2544,14.68
2545,14.609999999999998
2546,14.580000000000002
2547,14.47
2548,14.48
2549,14.530000000000001
2550,14.47
2551,14.48
2552,14.48
2553,14.439999999999998
2554,14.43
2555,14.444999999999999
2556,14.439999999999998
2557,14.439999999999998
2558,14.45
2559,14.43
2560,14.42
2561,14.43
2562,14.439999999999998
2563,14.425
2564,14.439999999999998
2565,14.485000000000001
2566,14.444999999999999
2567,14.439999999999998
2568,14.35
2569,14.39
2570,14.4
2571,14.693
2572,14.7781
2573,14.885
2574,14.94
2575,14.999999999999998
2576,15.14
2577,15.36
2578,15.37
2579,15.36
2580,15.2
2581,15.18
2582,15.119999999999997
2583,15.090000000000002
2584,15.03
2585,15.050000000000002
2586,14.9858
2587,14.949999999999998
2588,14.968499999999999
2589,15.029899999999998
2590,15.02
2591,14.99
2592,14.82
2593,14.880000000000003
2594,14.98
2595,14.921
2596,14.84
2597,14.84
2598,14.62
2599,14.569999999999999
2600,14.5
2601,14.449000000000002
2602,14.495
2603,14.410000000000002
2604,14.38
2605,14.42
2606,14.55
2607,14.47
2608,14.54
2609,14.55
2610,14.5325
2611,14.54
2612,14.569999999999999
2613,14.54
2614,14.52
2615,14.5016
2616,14.48
2617,14.43
2618,14.435
2619,14.370999999999999
2620,14.4085
2621,14.37
2622,14.469800000000001
2623,14.43
2624,14.439999999999998
2625,14.498999999999999
2626,14.3
2627,14.35
2628,14.224999999999998
2629,14.190000000000001
2630,14.29
2631,14.252500000000001
2632,14.319999999999999
2633,14.279000000000002
2634,14.28
2635,14.370999999999999
2636,14.370999999999999
2637,14.34
2638,14.375
2639,14.444999999999999
2640,14.39
2641,14.38
2642,14.305
2643,14.314999999999998
2644,14.28
2645,14.26
2646,14.295
2647,14.385
2648,14.439999999999998
2649,14.42
2650,14.410000000000002
2651,14.415
2652,14.144999999999998
2653,13.99
2654,14.03
2655,14.099999999999998
2656,14.13
2657,14.070000000000002
2658,14.0
2659,13.945000000000002
2660,14.08
2661,14.11
2662,14.099999999999998
2663,14.12
2664,14.12
2665,14.17
2666,14.149999999999999
2667,14.12
2668,14.190000000000001
2669,14.18
2670,14.23
2671,14.23
2672,14.25
2673,14.18
2674,14.16
2675,14.13
2676,14.17
2677,14.11
2678,14.12
2679,14.240000000000002
2680,14.22
2681,14.149999999999999
2682,14.13
2683,14.128000000000002
2684,14.16
2685,14.16
2686,14.16
2687,14.17
2688,14.211499999999997
2689,14.26
2690,14.22
2691,14.2
2692,14.2
2693,14.21
2694,14.2
2695,14.25
2696,14.220499999999998
2697,14.22
2698,14.22
2699,14.21
2700,14.215
2701,14.190000000000001
2702,14.29
2703,14.25
2704,14.22
2705,14.22
2706,14.274999999999999
2707,14.2
2708,14.11
2709,14.18
2710,14.16
2711,14.13
2712,14.16
2713,14.16
2714,14.1825
2715,14.195000000000002
2716,14.16
2717,14.155
2718,14.175
2719,14.155
2720,14.18
2721,14.21
2722,14.18
2723,14.185
2724,14.16
2725,14.18
2726,14.17
2727,14.16
2728,14.16
2729,14.155
2730,14.155
2731,14.13
2732,14.14
2733,14.099999999999998
2734,14.05
2735,14.09
2736,13.979999999999999
2737,14.01
2738,13.995
2739,13.99
2740,14.0
2741,13.929999999999998
2742,13.94
2743,13.905
2744,13.9399
2745,13.99
2746,13.99
2747,14.020000000000001
2748,14.099999999999998
2749,14.14
2750,14.09
2751,14.04
2752,14.045
2753,14.06
2754,14.04
2755,14.070000000000002
2756,14.03
2757,14.03
2758,14.020000000000001
2759,14.01
2760,13.925
2761,13.89
2762,13.934999999999999
2763,13.96
2764,13.99
2765,14.04
2766,14.104999999999999
2767,14.05
2768,14.042400000000002
2769,14.070000000000002
2770,14.03
2771,14.06
2772,14.06
2773,14.070000000000002
2774,14.099999999999998
2775,14.070000000000002
2776,14.09
2777,14.099999999999998
2778,14.135
2779,14.115
2780,14.11
2781,14.085
2782,14.08
2783,14.126
2784,14.16
2785,14.03
2786,14.04
2787,14.045
2788,14.06
2789,14.08
2790,14.070000000000002
2791,14.065000000000001
2792,14.099999999999998
2793,14.13
2794,14.149999999999999
2795,14.14
2796,14.149999999999999
2797,14.149900000000002
2798,14.104999999999999
2799,14.144999999999998
2800,14.122399999999999
2801,14.09
2802,14.095
2803,14.095
2804,14.06
2805,14.08
2806,14.08
2807,14.11
2808,14.099999999999998
2809,14.09
2810,14.090999999999998
2811,14.083000000000002
2812,14.095
2813,14.099999999999998
2814,14.2
2815,14.2301
2816,14.260999999999997
2817,14.240000000000002
2818,14.274999999999999
2819,14.25
2820,14.235000000000001
2821,14.23
2822,14.23
2823,14.2
2824,14.175
2825,14.190000000000001
2826,14.183800000000002
2827,14.190000000000001
2828,14.155
2829,14.12
2830,14.099999999999998
2831,14.1149
2832,14.054999999999998
2833,13.9922
2834,13.974999999999998
2835,13.995
2836,14.01
2837,14.025000000000002
2838,14.09
2839,14.08
2840,14.09
2841,14.11
2842,14.21
2843,14.23
2844,14.26
2845,14.23
2846,14.240000000000002
2847,14.224999999999998
2848,14.21
2849,14.23
2850,14.26
2851,14.22
2852,14.21
2853,14.195000000000002
2854,14.135
2855,14.13
2856,14.22
2857,14.17
2858,14.1699
2859,14.149999999999999
2860,14.12
2861,14.18
2862,14.17
2863,14.16
2864,14.16
2865,14.2
2866,14.21
2867,14.240000000000002
2868,14.224999999999998
2869,14.21
2870,14.22
2871,14.2
2872,14.240000000000002
2873,14.241
2874,14.25
2875,14.224999999999998
2876,14.22
2877,14.21
2878,14.23
2879,14.18
2880,14.2
2881,14.240000000000002
2882,14.240000000000002
2883,14.25
2884,14.195000000000002
2885,14.2
2886,14.31
2887,14.31
2888,14.25
2889,14.25
2890,14.23
2891,14.240000000000002
2892,14.21
2893,14.13
2894,14.149999999999999
2895,14.175
2896,14.190000000000001
2897,14.185
2898,14.16
2899,14.187999999999999
2900,14.175
2901,14.1014
2902,14.12
2903,14.13
2904,14.151
2905,14.13
2906,14.149999999999999
2907,14.195000000000002
2908,14.17
2909,14.165
2910,14.25
2911,14.26
2912,14.269999999999998
2913,14.269999999999998
2914,14.26
2915,14.26
2916,14.28
2917,14.29
2918,14.28
2919,14.25
2920,14.245
2921,14.245
2922,14.269999999999998
2923,14.269999999999998
2924,14.3
2925,14.29
2926,14.274999999999999
2927,14.29
2928,14.31
2929,14.285
2930,14.28
2931,14.255
2932,14.26
2933,14.274999999999999
2934,14.26
2935,14.240000000000002
2936,14.241
2937,14.319999999999999
2938,14.4
2939,14.37
2940,14.34
2941,14.34
2942,14.34
2943,14.319999999999999
2944,14.3
2945,14.335
2946,14.314999999999998
2947,14.33
2948,14.295
2949,14.3
2950,14.3
2951,14.265
2952,14.269999999999998
2953,14.29
2954,14.314999999999998
2955,14.38
2956,14.33
2957,14.360000000000001
2958,14.352599999999999
2959,14.34
2960,14.365000000000002
2961,14.37
2962,14.43
2963,14.43
2964,14.62
2965,14.609999999999998
2966,14.59
2967,14.580000000000002
2968,14.530099999999997
2969,14.559199999999999
2970,14.56
2971,14.555
2972,14.569999999999999
2973,14.55
2974,14.52
2975,14.489999999999998
2976,14.55
2977,14.55
2978,14.564999999999998
2979,14.569999999999999
2980,14.54
2981,14.55
2982,14.585000000000003
2983,14.6
2984,14.59
2985,14.595
2986,14.575000000000001
2987,14.585000000000003
2988,14.59
2989,14.62
2990,14.63
2991,14.72
2992,14.67
2993,14.5878
2994,14.65
2995,14.68
2996,14.72
2997,14.715
2998,14.705000000000002
2999,14.659999999999998
3000,14.595
3001,14.6
3002,14.584999999999999
3003,14.64
3004,14.625
3005,14.58
3006,14.59
3007,14.61
3008,14.61
3009,14.569999999999999
3010,14.58
3011,14.59
3012,14.59
3013,14.59
3014,14.615000000000002
3015,14.630000000000003
3016,14.64
3017,14.64
3018,14.48
3019,14.48
3020,14.515000000000002
3021,14.500000000000002
3022,14.549
3023,14.535000000000002
3024,14.575
3025,14.595
3026,14.59
3027,14.6
3028,14.61
3029,14.59
3030,14.600999999999999
3031,14.569999999999999
3032,14.584999999999999
3033,14.595
3034,14.59
3035,14.569999999999999
3036,14.6
3037,14.53
3038,14.51
3039,14.515000000000002
3040,14.525
3041,14.56
3042,14.56
3043,14.605
3044,14.61
3045,14.721
3046,14.735000000000001
3047,14.7
3048,14.620000000000001
3049,14.645
3050,14.620000000000001
3051,14.620000000000001
3052,14.630000000000003
3053,14.61
3054,14.630000000000003
3055,14.6401
3056,14.654999999999998
3057,14.64
3058,14.64
3059,14.66
3060,14.66
3061,14.7
3062,14.695
3063,14.74
3064,14.730000000000002
3065,14.745
3066,14.71
3067,14.6927
3068,14.725
3069,14.7
3070,14.69
3071,14.69
3072,14.684999999999999
3073,14.650000000000002
3074,14.7
3075,14.650000000000002
3076,14.630000000000003
3077,14.64
3078,14.64
3079,14.6
3080,14.64
3081,14.6
3082,14.61
3083,14.609899999999998
3084,14.61
3085,14.59
3086,14.605
3087,14.6
3088,14.61
3089,14.61
3090,14.6228
3091,14.630000000000003
3092,14.604000000000001
3093,14.595
3094,14.584999999999999
3095,14.6
3096,14.59
3097,14.61
3098,14.61
3099,14.46
3100,14.48
3101,14.439999999999998
3102,14.495
3103,14.500000000000002
3104,14.520000000000001
3105,14.549999999999999
3106,14.565
3107,14.549999999999999
3108,14.569999999999999
3109,14.58
3110,14.56
3111,14.51
3112,14.51
3113,14.5322
3114,14.505
3115,14.5324
3116,14.56
3117,14.569999999999999
3118,14.584999999999999
3119,14.605
3120,14.605
3121,14.53
3122,14.56
3123,14.575
3124,14.56
3125,14.549999999999999
3126,14.36
3127,14.189999999999998
3128,14.21
3129,14.16
3130,14.189999999999998
3131,14.2
3132,14.245
3133,14.23
3134,14.170000000000002
3135,14.13
3136,14.089999999999998
3137,14.132100000000001
3138,14.165
3139,14.155000000000001
3140,14.187
3141,14.21
3142,14.195
3143,14.219999999999999
3144,14.2
3145,14.195
3146,14.195
3147,14.195
3148,14.195
3149,14.189999999999998
3150,14.239999999999998
3151,14.239999999999998
3152,14.239999999999998
3153,14.304999999999998
3154,14.300000000000002
3155,14.339999999999998
3156,14.36
3157,14.41
3158,14.45
3159,14.39
3160,14.38
3161,14.38
3162,14.339999999999998
3163,14.36
3164,14.339999999999998
3165,14.35
3166,14.339999999999998
3167,14.337499999999999
3168,14.306499999999998
3169,14.26
3170,14.275
3171,14.319999999999999
3172,14.290000000000001
3173,14.275
3174,14.285000000000002
3175,14.219999999999999
3176,14.195
3177,14.21
3178,14.23
3179,14.23
3180,14.36
3181,14.33
3182,14.290000000000001
3183,14.239999999999998
3184,14.188999999999998
3185,14.23
3186,14.270000000000001
3187,14.31
3188,14.339999999999998
3189,14.28
3190,14.239999999999998
3191,14.239999999999998
3192,14.25
3193,14.239999999999998
3194,14.249
3195,14.25
3196,14.245
3197,14.224999999999998
3198,14.239999999999998
3199,14.23
3200,14.25
3201,14.270000000000001
3202,14.239999999999998
3203,14.25
3204,14.23
3205,14.21
3206,14.21
3207,14.31
3208,14.33
3209,14.26
3210,14.28
3211,14.33
3212,14.319999999999999
3213,14.31
3214,14.35
3215,14.3679
3216,14.290000000000001
3217,14.265
3218,14.270000000000001
3219,14.26
3220,14.270000000000001
3221,14.25
3222,14.25
3223,14.21
3224,14.23
3225,14.255
3226,14.23
3227,14.224999999999998
3228,14.2
3229,14.219999999999999
3230,14.23
3231,14.255
3232,14.21
3233,14.21
3234,14.2
3235,14.28
3236,14.3299
3237,14.375
3238,14.375
3239,14.400000000000002
3240,14.25
3241,14.21
3242,14.189999999999998
3243,14.170000000000002
3244,14.15
3245,14.235
3246,14.280999999999999
3247,14.300000000000002
3248,14.270000000000001
3249,14.285000000000002
3250,14.26
3251,14.25
3252,14.26
3253,14.235
3254,14.26
3255,14.219999999999999
3256,14.264000000000001
3257,14.23
3258,14.23
3259,14.26
3260,14.26
3261,14.16
3262,14.219999999999999
3263,14.21
3264,14.270000000000001
3265,14.270000000000001
3266,14.255
3267,14.191
3268,14.215
3269,14.2048
3270,14.1667
3271,14.23
3272,14.215
3273,14.195
3274,14.189999999999998
3275,14.195
3276,14.204999999999998
3277,14.16
3278,14.165
3279,14.175
3280,14.165
3281,14.18
3282,14.175
3283,14.16
3284,14.2
3285,14.219999999999999
3286,14.21
3287,14.2
3288,14.239999999999998
3289,14.300000000000002
3290,14.26
3291,14.3133
3292,14.334
3293,14.319999999999999
3294,14.26
3295,14.25
3296,14.25
3297,14.25
3298,14.270000000000001
3299,14.28
3300,14.307
3301,14.304999999999998
3302,14.319999999999999
3303,14.304999999999998
3304,14.28
3305,14.28
3306,14.31
3307,14.304999999999998
3308,14.290000000000001
3309,14.25
3310,14.239999999999998
3311,14.215
3312,14.2
3313,14.170000000000002
3314,14.170000000000002
3315,14.219999999999999
3316,14.33
3317,14.420000000000002
3318,14.46
3319,14.469999999999999
3320,14.445
3321,14.45
3322,14.49
3323,14.5599
3324,14.51
3325,14.520000000000001
3326,14.554999999999998
3327,14.545
3328,14.53
3329,14.525
3330,14.454999999999998
3331,14.445
3332,14.420000000000002
3333,14.385000000000002
3334,14.400000000000002
3335,14.439999999999998
3336,14.434999999999999
3337,14.454999999999998
3338,14.45
3339,14.425
3340,14.41
3341,14.41
3342,14.405000000000001
3343,14.39
3344,14.38
3345,14.43
3346,14.439999999999998
3347,14.48
3348,14.405000000000001
3349,14.38
3350,14.395
3351,14.385000000000002
3352,14.385000000000002
3353,14.38
3354,14.4355
3355,14.45
3356,14.48
3357,14.48
3358,14.5001
3359,14.53
3360,14.48
3361,14.500000000000002
3362,14.525
3363,14.569999999999999
3364,14.549999999999999
3365,14.549999999999999
3366,14.469999999999999
3367,14.43
3368,14.434999999999999
3369,14.43
3370,14.339999999999998
3371,14.39
3372,14.420000000000002
3373,14.43
3374,14.45
3375,14.45
3376,14.49
3377,14.49
3378,14.49
3379,14.5101
3380,14.56
3381,14.513
3382,14.557
3383,14.569999999999999
3384,14.5784
3385,14.520000000000001
3386,14.53
3387,14.53
3388,14.53
3389,14.539999999999997
3390,14.575
3391,14.59
3392,14.630000000000003
3393,14.64
3394,14.630000000000003
3395,14.64
3396,14.53
3397,14.59
3398,14.669999999999998
3399,14.71
3400,14.705
3401,14.68
3402,14.66
3403,14.64
3404,14.650000000000002
3405,14.68
3406,14.68
3407,14.669999999999998
3408,14.645
3409,14.66
3410,14.66
3411,14.650000000000002
3412,14.669999999999998
3413,14.6774
3414,14.675
3415,14.66
3416,14.68
3417,14.670999999999998
3418,14.68
3419,14.7
3420,14.72
3421,14.76
3422,14.76
3423,14.669999999999998
3424,14.84
3425,14.835
3426,14.799999999999999
3427,14.869999999999997
3428,14.81
3429,14.81
3430,14.86
3431,14.835
3432,14.799999999999999
3433,14.83
3434,14.645
3435,14.650000000000002
3436,14.66
3437,14.650000000000002
3438,14.64
3439,14.630000000000003
3440,14.625
3441,14.620000000000001
3442,14.59
3443,14.635000000000002
3444,14.625
3445,14.605
3446,14.6
3447,14.620000000000001
3448,14.61
3449,14.64
3450,14.58
3451,14.61
3452,14.69
3453,14.695
3454,14.7
3455,14.7
3456,14.71
3457,14.669999999999998
3458,14.68
3459,14.71
3460,14.675
3461,14.71
3462,14.715
3463,14.72
3464,14.730000000000002
3465,14.705
3466,14.71
3467,14.695
3468,14.66
3469,14.64
3470,14.61
3471,14.630000000000003
3472,14.625
3473,14.620000000000001
3474,14.61
3475,14.6
3476,14.549999999999999
3477,14.58
3478,14.545
3479,14.635000000000002
3480,14.635000000000002
3481,14.68
3482,14.7025
3483,14.72
3484,14.68
3485,14.705
3486,14.650000000000002
3487,14.66
3488,14.669999999999998
3489,14.669999999999998
3490,14.675
3491,14.68
3492,14.69
3493,14.7499
3494,14.730000000000002
3495,14.68
3496,14.650000000000002
3497,14.669999999999998
3498,14.66
3499,14.68
3500,14.66
3501,14.7
3502,14.699000000000002
3503,14.2
3504,14.24
3505,14.4
3506,14.415
3507,14.66
3508,14.6016
3509,14.52
3510,14.4
3511,14.46
3512,14.59
3513,14.52
3514,14.5
3515,14.49
3516,14.45
3517,14.39
3518,14.42
3519,14.41
3520,14.35
3521,14.35
3522,14.33
3523,14.33
3524,14.33
3525,14.47
3526,14.46
3527,14.5
3528,14.5
3529,14.49
3530,14.47
3531,14.45
3532,14.48
3533,14.5
3534,14.530999999999999
3535,14.51
3536,14.52
3537,14.51
3538,14.5
3539,14.51
3540,14.46
3541,14.45
3542,14.45
3543,14.45
3544,14.455
3545,14.44
3546,14.42
3547,14.4
3548,14.42
3549,14.38
3550,14.345
3551,14.325
3552,14.355
3553,14.335
3554,14.38
3555,14.37
3556,14.37
3557,14.4
3558,14.41
3559,14.333
3560,14.38
3561,14.38
3562,14.38
3563,14.39
3564,14.42
3565,14.39
3566,14.37
3567,14.38
3568,14.4
3569,14.42
3570,14.430000000000001
3571,14.45
3572,14.4623
3573,14.45
3574,14.46
3575,14.45
3576,14.435
3577,14.44
3578,14.44
3579,14.48
3580,14.44
3581,14.42
3582,14.42
3583,14.42
3584,14.487
3585,14.61
3586,14.64
3587,14.67
3588,14.72
3589,14.79
3590,14.8999
3591,15.03
3592,14.96
3593,14.97
3594,15.017000000000001
3595,15.02
3596,15.0
3597,15.05
3598,15.113
3599,15.093
3600,15.0175
3601,14.96
3602,14.98
3603,14.94
3604,14.9877
3605,15.02
3606,15.06
3607,15.073
3608,15.05
3609,15.035
3610,15.03
3611,14.94
3612,14.95
3613,15.0
3614,15.1599
3615,15.205
3616,15.17
3617,15.1
3618,15.12
3619,15.21
3620,15.16
3621,15.145
3622,15.139999999999999
3623,15.09
3624,15.04
3625,15.07
3626,15.07
3627,15.03
3628,15.05
3629,15.04
3630,15.06
3631,15.065
3632,15.06
3633,15.085
3634,15.085
3635,15.13
3636,15.13
3637,15.125
3638,15.09
3639,15.055
3640,15.07
3641,15.005
3642,14.99
3643,15.01
3644,15.035
3645,15.062999999999999
3646,15.025
3647,14.99
3648,15.01
3649,14.99
3650,15.06
3651,15.045
3652,15.07
3653,15.03
3654,15.0
3655,15.0
3656,14.99
3657,14.995
3658,14.9751
3659,14.99
3660,14.96
3661,14.98
3662,14.940999999999999
3663,14.945
3664,14.95
3665,14.975
3666,14.97
3667,14.9699
3668,14.9977
3669,15.005
3670,15.0
3671,14.98
3672,14.965
3673,14.995
3674,15.005
3675,15.0
3676,15.0
3677,14.9945
3678,14.995
3679,15.017000000000001
3680,15.005
3681,14.995
3682,14.985
3683,14.94
3684,14.945
3685,14.94
3686,14.955
3687,14.995
3688,14.99
3689,14.995
3690,14.96
3691,14.95
3692,14.96
3693,14.9885
3694,14.92
3695,14.92
3696,15.0
3697,15.0
3698,14.96
3699,14.95
3700,14.902999999999999
3701,14.88
3702,14.87
3703,14.89
3704,14.92
3705,14.91
3706,14.915
3707,14.99
3708,14.975
3709,14.97
3710,14.94
3711,14.99
3712,15.01
3713,14.985
3714,15.007
3715,14.96
3716,14.95
3717,14.89
3718,14.88
3719,15.08
3720,15.015
3721,15.04
3722,15.01
3723,15.045
3724,14.985
3725,14.98
3726,14.92
3727,14.94
3728,14.93
3729,14.94
3730,14.93
3731,14.94
3732,14.939
3733,14.931
3734,14.939
3735,14.939
3736,14.96
3737,14.95
3738,14.95
3739,14.96
3740,14.9799
3741,15.02
3742,15.09
3743,15.0
3744,15.04
3745,15.005
3746,15.0
3747,14.97
3748,14.98
3749,14.97
3750,14.955
3751,14.935
3752,14.97
3753,14.945
3754,14.94
3755,14.95
3756,14.96
3757,14.98
3758,14.97
3759,14.97
3760,14.975
3761,14.95
3762,14.94
3763,14.96
3764,14.975
3765,14.95
3766,14.96
3767,15.0
3768,14.98
3769,14.9767
3770,15.0
3771,14.99
3772,14.995
3773,15.01
3774,15.0
3775,15.0001
3776,14.99
3777,14.99
3778,14.994000000000002
3779,14.99
3780,14.98
3781,14.995
3782,15.015
3783,15.0
3784,14.9825
3785,14.98
3786,15.0
3787,14.95
3788,14.96
3789,14.99
3790,15.0
3791,14.995
3792,14.92
3793,14.91
3794,14.885
3795,14.81
3796,14.87
3797,14.88
3798,14.843
3799,14.93
3800,14.88
3801,14.88
3802,14.821
3803,14.84
3804,14.812999999999999
3805,14.82
3806,14.83
3807,14.82
3808,14.84
3809,14.83
3810,14.81
3811,14.81
3812,14.815
3813,14.835
3814,14.94
3815,14.89
3816,14.87
3817,14.91
3818,14.915
3819,14.88
3820,14.82
3821,14.81
3822,14.79
3823,14.81
3824,14.7449
3825,14.795
3826,14.77
3827,14.805
3828,14.79
3829,14.81
3830,14.792999999999997
3831,14.7897
3832,14.79
3833,14.78
3834,14.78
3835,14.77
3836,14.78
3837,14.795
3838,14.84
3839,14.8
3840,14.8
3841,14.8201
3842,14.81
3843,14.84
3844,14.86
3845,14.9
3846,14.88
3847,14.88
3848,14.865
3849,14.82
3850,14.805
3851,14.799000000000001
3852,14.795
3853,14.785
3854,14.78
3855,14.78
3856,14.76
3857,14.78
3858,14.787
3859,14.8
3860,14.79
3861,14.81
3862,14.77
3863,14.7601
3864,14.76
3865,14.775
3866,14.77
3867,14.77
3868,14.76
3869,14.77
3870,14.765
3871,14.77
3872,14.7424
3873,14.775
3874,14.81
3875,14.795
3876,14.76
3877,14.765
3878,14.7501
3879,14.77
3880,14.75
3881,14.75
3882,14.75
3883,14.76
3884,14.755
3885,14.745
3886,14.74
3887,14.7229
3888,14.76
3889,14.77
3890,14.77
3891,14.725
3892,14.68
3893,14.74
3894,14.75
3895,14.91
3896,14.84
3897,14.82
3898,14.783
3899,14.86
3900,14.88
3901,14.880999999999998
3902,14.783
3903,14.78
3904,14.75
3905,14.7545
3906,14.76
3907,14.705
3908,14.705
3909,14.74
3910,14.725
3911,14.710999999999999
3912,14.7
3913,14.75
3914,14.745
3915,14.73
3916,14.79
3917,14.8
3918,14.7746
3919,14.765
3920,14.77
3921,14.76
3922,14.85
3923,14.93
3924,14.96
3925,14.92
3926,14.95
3927,14.93
3928,14.94
3929,14.93
3930,14.95
3931,14.96
3932,14.93
3933,14.94
3934,14.925
3935,14.925
3936,14.915
3937,14.92
3938,14.95
3939,14.943
3940,14.93
3941,14.93
3942,14.945
3943,14.945
3944,14.93
3945,14.905
3946,14.925
3947,14.9
3948,14.9
3949,14.945
3950,14.945
3951,14.97
3952,14.96
3953,14.945
3954,14.93
3955,14.935
3956,14.94
3957,14.95
3958,14.965
3959,14.98
3960,14.967
3961,14.98
3962,14.95
3963,14.955
3964,14.95
3965,14.943
3966,14.92
3967,14.945
3968,14.94
3969,14.925
3970,14.94
3971,14.93
3972,14.9
3973,14.91
3974,14.94
3975,14.94
3976,14.81
3977,14.935
3978,14.935
3979,14.95
3980,14.995
3981,14.98
3982,14.96
3983,14.96
3984,14.95
3985,14.92
3986,14.91
3987,14.92
3988,14.93
3989,14.9412
3990,14.95
3991,14.96
3992,14.97
3993,14.97
3994,14.95
3995,14.955
3996,14.96
3997,14.9354
3998,14.905
3999,14.915
4000,14.915
4001,14.88
4002,14.88
4003,14.98
4004,15.04
4005,15.005
4006,14.9949
4007,15.0
4008,15.005
4009,15.015000000000002
4010,15.0
4011,15.02
4012,15.015000000000002
4013,15.045
4014,15.055
4015,15.04
4016,15.05
4017,15.05
4018,15.070000000000002
4019,15.1188
4020,15.12
4021,15.105
4022,15.12
4023,15.088
4024,15.085
4025,15.1
4026,15.08
4027,15.09
4028,15.124999999999998
4029,15.124999999999998
4030,15.26
4031,15.21
4032,15.270000000000001
4033,15.285
4034,15.33
4035,15.279999999999998
4036,15.33
4037,15.35
4038,15.36
4039,15.365
4040,15.41
4041,15.35
4042,15.38
4043,15.374
4044,15.38
4045,15.39
4046,15.41
4047,15.41
4048,15.395
4049,15.385
4050,15.39
4051,15.41
4052,15.41
4053,15.415000000000001
4054,15.459999999999999
4055,15.445
4056,15.45
4057,15.45
4058,15.35
4059,15.370000000000001
4060,15.415000000000001
4061,15.475
4062,15.5349
4063,15.67
4064,15.635
4065,15.63
4066,15.650000000000002
4067,15.7
4068,15.68
4069,15.7
4070,15.725
4071,15.714999999999998
4072,15.71
4073,15.69
4074,15.7
4075,15.69
4076,15.7
4077,15.705000000000002
4078,15.705000000000002
4079,15.705000000000002
4080,15.68
4081,15.67
4082,15.71
4083,15.71
4084,15.745
4085,15.89
4086,15.89
4087,15.88
4088,15.825
4089,15.84
4090,15.83
4091,15.850000000000001
4092,15.835
4093,15.87
4094,15.84
4095,15.8
4096,15.81
4097,15.759999999999998
4098,15.79
4099,15.8
4100,15.81
4101,15.863000000000001
4102,15.83
4103,15.817
4104,15.79
4105,15.825
4106,15.750000000000002
4107,15.750000000000002
4108,15.7
4109,15.7
4110,15.7
4111,15.750000000000002
4112,15.850000000000001
4113,15.759
4114,15.7
4115,15.675
4116,15.659999999999998
4117,15.68
4118,15.68
4119,15.67
4120,15.72
4121,15.735
4122,15.750000000000002
4123,15.750000000000002
4124,15.785
4125,15.79
4126,15.79
4127,15.78
4128,15.785
4129,15.78
4130,15.77
4131,15.77
4132,15.78
4133,15.8
4134,15.823
4135,15.805000000000001
4136,15.8
4137,15.8
4138,15.88
4139,15.8201
4140,15.814999999999998
4141,15.825
4142,15.82
4143,15.855
4144,15.88
4145,15.925
4146,15.9534
4147,15.93
4148,15.985
4149,15.96
4150,15.943
4151,15.9287
4152,15.885
4153,15.91
4154,15.87
4155,15.92
4156,15.89
4157,15.9
4158,15.8374
4159,15.84
4160,15.850000000000001
4161,15.817
4162,15.79
4163,15.814999999999998
4164,15.81
4165,15.9099
4166,15.93
4167,15.83
4168,15.83
4169,15.88
4170,15.91
4171,15.9073
4172,15.879
4173,15.87
4174,15.91
4175,15.883
4176,15.92
4177,15.89
4178,15.9
4179,15.91
4180,15.92
4181,15.9273
4182,15.89
4183,15.87
4184,15.859999999999998
4185,15.859999999999998
4186,15.87
4187,15.865
4188,15.875
4189,15.865
4190,15.859999999999998
4191,15.859999999999998
4192,15.94
4193,15.94
4194,15.94
4195,15.859999999999998
4196,15.833
4197,15.88
4198,15.89
4199,15.9049
4200,15.89
4201,15.850000000000001
4202,15.83
4203,15.81
4204,15.805000000000001
4205,15.814999999999998
4206,15.859999999999998
4207,15.87
4208,15.850000000000001
4209,15.850000000000001
4210,15.9
4211,15.933
4212,15.9355
4213,15.96
4214,15.995
4215,16.029
4216,16.0
4217,15.99
4218,15.999
4219,16.0
4220,16.05
4221,16.019000000000002
4222,16.03
4223,16.025
4224,15.99
4225,15.995
4226,15.9995
4227,15.995
4228,15.96
4229,15.939899999999998
4230,15.94
4231,15.92
4232,15.92
4233,15.905000000000001
4234,15.9
4235,15.8976
4236,15.8975
4237,15.899000000000001
4238,15.895
4239,15.885
4240,15.92
4241,15.92
4242,15.905000000000001
4243,15.93
4244,15.93
4245,15.925
4246,16.03
4247,16.04
4248,15.985
4249,15.99
4250,15.975
4251,15.950000000000001
4252,15.94
4253,15.9
4254,15.89
4255,15.860999999999999
4256,15.88
4257,15.8625
4258,15.91
4259,15.91
4260,15.88
4261,15.89
4262,15.88
4263,15.875
4264,15.875
4265,15.875
4266,15.845
4267,15.87
4268,15.875
4269,15.855
4270,15.8498
4271,15.8
4272,15.795
4273,15.88
4274,15.850000000000001
4275,15.695
4276,15.72
4277,15.69
4278,15.59
4279,15.587
4280,15.59
4281,15.585
4282,15.57
4283,15.650000000000002
4284,15.659999999999998
4285,15.6725
4286,15.67
4287,15.675
4288,15.675
4289,15.67
4290,15.71
4291,15.714999999999998
4292,15.7
4293,15.695
4294,15.7
4295,15.6725
4296,15.63
4297,15.67
4298,15.64
4299,15.64
4300,15.630999999999998
4301,15.603
4302,15.59
4303,15.59
4304,15.61
4305,15.59
4306,15.605000000000002
4307,15.61
4308,15.61
4309,15.645
4310,15.635
4311,15.705000000000002
4312,15.675
4313,15.665
4314,15.69
4315,15.750000000000002
4316,15.7
4317,15.68
4318,15.68
4319,15.675
4320,15.7
4321,15.7
4322,15.72
4323,15.705000000000002
4324,15.69
4325,15.7
4326,15.7
4327,15.650000000000002
4328,15.63
4329,15.665
4330,15.681
4331,15.745
4332,15.735
4333,15.71
4334,15.720999999999998
4335,15.7693
4336,15.795
4337,15.8
4338,15.785
4339,15.78
4340,15.81
4341,15.83
4342,15.81
4343,15.750000000000002
4344,15.79
4345,15.785
4346,15.78
4347,15.805000000000001
4348,15.793
4349,15.775
4350,15.7307
4351,15.745
4352,15.72
4353,15.725
4354,15.74
4355,15.750000000000002
4356,15.74
4357,15.71
4358,15.7
4359,15.650000000000002
4360,15.58
4361,15.650000000000002
4362,15.650000000000002
4363,15.655
4364,15.672999999999998
4365,15.672999999999998
4366,15.685
4367,15.68
4368,15.7149
4369,15.7
4370,15.67
4371,15.69
4372,15.6735
4373,15.659999999999998
4374,15.68
4375,15.67
4376,15.650000000000002
4377,15.665
4378,15.68
4379,15.67
4380,15.67
4381,15.659999999999998
4382,15.64
4383,15.591
4384,15.605000000000002
4385,15.6107
4386,15.605000000000002
4387,15.614999999999998
4388,15.61
4389,15.585
4390,15.595
4391,15.6
4392,15.6
4393,15.5821
4394,15.58
4395,15.58
4396,15.57
4397,15.58
4398,15.559999999999999
4399,15.51
4400,15.571
4401,15.550000000000002
4402,15.54
4403,15.555
4404,15.575
4405,15.59
4406,15.57
4407,15.58
4408,15.51
4409,15.5099
4410,15.515
4411,15.54
4412,15.54
4413,15.550000000000002
4414,15.550000000000002
4415,15.545
4416,15.58
4417,15.62
4418,15.62
4419,15.619000000000002
4420,15.655
4421,15.62
4422,15.6
4423,15.6402
4424,15.6027
4425,15.57
4426,15.595
4427,15.585
4428,15.58
4429,15.57
4430,15.550000000000002
4431,15.565
4432,15.54
4433,15.559999999999999
4434,15.559999999999999
4435,15.5951
4436,15.58
4437,15.545
4438,15.585
4439,15.62
4440,15.605000000000002
4441,15.59
4442,15.6309
4443,15.635
4444,15.63
4445,15.63
4446,15.64
4447,15.61
4448,15.559999999999999
4449,15.547499999999998
4450,15.54
4451,15.525
4452,15.52
4453,15.515
4454,15.5
4455,15.5
4456,15.495
4457,15.51
4458,15.49
4459,15.505000000000003
4460,15.550000000000002
4461,15.550000000000002
4462,15.550000000000002
4463,15.49
4464,15.435
4465,15.433
4466,15.45
4467,15.51
4468,15.515
4469,15.53
4470,15.515
4471,15.53
4472,15.565
4473,15.585
4474,15.6
4475,15.59
4476,15.59
4477,15.595
4478,15.559999999999999
4479,15.54
4480,15.53
4481,15.565
4482,15.535
4483,15.535
4484,15.555
4485,15.545
4486,15.545
4487,15.550000000000002
4488,15.54
4489,15.635
4490,15.541
4491,15.41
4492,15.442
4493,15.39
4494,15.39
4495,15.4
4496,15.395
4497,15.36
4498,15.3201
4499,15.33
4500,15.366300000000003
4501,15.404000000000003
4502,15.455
4503,15.579999999999998
4504,15.595
4505,15.535
4506,15.509999999999998
4507,15.49
4508,15.499999999999998
4509,15.47
4510,15.449999999999998
4511,15.449999999999998
4512,15.439999999999998
4513,15.46
4514,15.39
4515,15.38
4516,15.515000000000002
4517,15.530000000000001
4518,15.555
4519,15.55
4520,15.569999999999999
4521,15.585000000000003
4522,15.575
4523,15.610000000000001
4524,15.615
4525,15.620000000000001
4526,15.595
4527,15.635
4528,15.645
4529,15.635
4530,15.635
4531,15.645
4532,15.659999999999998
4533,15.659999999999998
4534,15.7
4535,15.6831
4536,15.649999999999999
4537,15.635
4538,15.635
4539,15.620000000000001
4540,15.615
4541,15.589999999999998
4542,15.589999999999998
4543,15.589999999999998
4544,15.569999999999999
4545,15.659999999999998
4546,15.639999999999999
4547,15.635
4548,15.639999999999999
4549,15.613000000000001
4550,15.589999999999998
4551,15.610000000000001
4552,15.595
4553,15.595
4554,15.536000000000001
4555,15.55
4556,15.540000000000001
4557,15.569999999999999
4558,15.589999999999998
4559,15.600000000000001
4560,15.629999999999999
4561,15.629999999999999
4562,15.635
4563,15.629999999999999
4564,15.690000000000001
4565,15.659999999999998
4566,15.620000000000001
4567,15.620000000000001
4568,15.589999999999998
4569,15.589999999999998
4570,15.7
4571,15.685
4572,15.709999999999999
4573,15.7
4574,15.645
4575,15.509999999999998
4576,15.499999999999998
4577,15.49
4578,15.42
4579,15.4699
4580,15.46
4581,15.369999999999997
4582,15.425000000000002
4583,15.429999999999998
4584,15.41
4585,15.445000000000002
4586,15.429999999999998
4587,15.46
4588,15.4599
4589,15.505000000000003
4590,15.49
4591,15.530000000000001
4592,15.4999
4593,15.55
4594,15.530000000000001
4595,15.47
4596,15.46
4597,15.41
4598,15.439999999999998
4599,15.35
4600,15.42
4601,15.41
4602,15.32
4603,15.210000000000003
4604,15.194999999999999
4605,15.166199999999998
4606,15.2
4607,15.24
4608,15.210000000000003
4609,15.23
4610,15.18
4611,15.3
4612,15.33
4613,15.31
4614,15.35
4615,15.33
4616,15.334000000000003
4617,15.32
4618,15.31
4619,15.29
4620,15.29
4621,15.26
4622,15.225000000000001
4623,15.22
4624,15.35
4625,15.334999999999999
4626,15.254999999999999
4627,15.36
4628,15.31
4629,15.29
4630,15.305000000000001
4631,15.3
4632,15.334999999999999
4633,15.35
4634,15.36
4635,15.36
4636,15.369999999999997
4637,15.365000000000002
4638,15.355000000000002
4639,15.344999999999999
4640,15.355000000000002
4641,15.35
4642,15.342700000000002
4643,15.35
4644,15.3506
4645,15.344999999999999
4646,15.39
4647,15.395
4648,15.41
4649,15.39
4650,15.385000000000002
4651,15.210000000000003
4652,15.27
4653,15.27
4654,15.25
4655,15.24
4656,15.27
4657,15.28
4658,15.264999999999999
4659,15.264999999999999
4660,15.284999999999998
4661,15.27
4662,15.27
4663,15.29
4664,15.29
4665,15.31
4666,15.312999999999997
4667,15.31
4668,15.31
4669,15.32
4670,15.334999999999999
4671,15.3
4672,15.3
4673,15.27
4674,15.2925
4675,15.264999999999999
4676,15.26
4677,15.26
4678,15.26
4679,15.305000000000001
4680,15.3
4681,15.39
4682,15.32
4683,15.32
4684,15.334999999999999
4685,15.32
4686,15.344999999999999
4687,15.4075
4688,15.38
4689,15.39
4690,15.41
4691,15.429999999999998
4692,15.439999999999998
4693,15.422500000000001
4694,15.429999999999998
4695,15.439999999999998
4696,15.449999999999998
4697,15.46
4698,15.449999999999998
4699,15.445000000000002
4700,15.460999999999997
4701,15.46
4702,15.49
4703,15.485
4704,15.49
4705,15.439999999999998
4706,15.499999999999998
4707,15.48
4708,15.499999999999998
4709,15.519999999999998
4710,15.519999999999998
4711,15.540000000000001
4712,15.545
4713,15.540000000000001
4714,15.535
4715,15.519999999999998
4716,15.499999999999998
4717,15.499999999999998
4718,15.495
4719,15.525
4720,15.499999999999998
4721,15.509999999999998
4722,15.509999999999998
4723,15.48
4724,15.439999999999998
4725,15.439999999999998
4726,15.449999999999998
4727,15.49
4728,15.48
4729,15.429999999999998
4730,15.41
4731,15.41
4732,15.56
4733,15.629999999999999
4734,15.615
4735,15.629999999999999
4736,15.540999999999997
4737,15.575
4738,15.620000000000001
4739,15.585000000000003
4740,15.595
4741,15.620000000000001
4742,15.6121
4743,15.595
4744,15.610000000000001
4745,15.620000000000001
4746,15.620000000000001
4747,15.600000000000001
4748,15.595
4749,15.579999999999998
4750,15.589999999999998
4751,15.569999999999999
4752,15.569999999999999
4753,15.589999999999998
4754,15.589999999999998
4755,15.589999999999998
4756,15.600000000000001
4757,15.610000000000001
4758,15.600000000000001
4759,15.589999999999998
4760,15.589999999999998
4761,15.540000000000001
4762,15.625
4763,15.639999999999999
4764,15.585000000000003
4765,15.579999999999998
4766,15.579999999999998
4767,15.600000000000001
4768,15.620000000000001
4769,15.589999999999998
4770,15.639999999999999
4771,15.639999999999999
4772,15.6575
4773,15.659999999999998
4774,15.649999999999999
4775,15.597000000000001
4776,15.605
4777,15.589999999999998
4778,15.600000000000001
4779,15.599000000000002
4780,15.579999999999998
4781,15.585000000000003
4782,15.589999999999998
4783,15.655
4784,15.620000000000001
4785,15.629999999999999
4786,15.615
4787,15.629999999999999
4788,15.639999999999999
4789,15.665
4790,15.649999999999999
4791,15.690000000000001
4792,15.740000000000002
4793,15.719999999999999
4794,15.729000000000003
4795,15.680000000000001
4796,15.7
4797,15.709999999999999
4798,15.734999999999998
4799,15.760000000000002
4800,15.78
4801,15.77
4802,15.78
4803,15.78
4804,15.78
4805,15.84
4806,15.84
4807,15.845
4808,15.795
4809,15.77
4810,15.725
4811,15.804999999999998
4812,15.810000000000002
4813,15.874999999999998
4814,15.927999999999999
4815,15.91
4816,15.86
4817,15.880000000000003
4818,15.880000000000003
4819,15.880000000000003
4820,15.865
4821,15.824999999999998
4822,15.87
4823,15.890000000000002
4824,15.9
4825,15.874999999999998
4826,15.87
4827,15.894999999999998
4828,15.9
4829,15.894999999999998
4830,15.884999999999998
4831,15.8601
4832,15.812999999999999
4833,15.824999999999998
4834,15.84
4835,15.820000000000002
4836,15.84
4837,15.85
4838,15.85
4839,15.85
4840,15.820000000000002
4841,15.740000000000002
4842,15.77
4843,15.785
4844,15.785
4845,15.725
4846,15.655
4847,15.690000000000001
4848,15.709999999999999
4849,15.760000000000002
4850,15.760000000000002
4851,15.755
4852,15.725
4853,15.725
4854,15.725
4855,15.709999999999999
4856,15.734999999999998
4857,15.744999999999997
4858,15.740000000000002
4859,15.750000000000002
4860,15.763
4861,15.765
4862,15.820000000000002
4863,15.810000000000002
4864,15.804999999999998
4865,15.78
4866,15.77
4867,15.479
4868,15.595
4869,15.620000000000001
4870,15.579999999999998
4871,15.589999999999998
4872,15.519999999999998
4873,15.499999999999998
4874,15.472499999999998
4875,15.499999999999998
4876,15.485
4877,15.495500000000002
4878,15.470099999999999
4879,15.499999999999998
4880,15.505000000000003
4881,15.509999999999998
4882,15.495
4883,15.475
4884,15.47
4885,15.465
4886,15.465
4887,15.475
4888,15.4624
4889,15.485
4890,15.48
4891,15.495
4892,15.509999999999998
4893,15.501
4894,15.499999999999998
4895,15.46
4896,15.495
4897,15.425000000000002
4898,15.435000000000002
4899,15.385000000000002
4900,15.375000000000002
4901,15.4
4902,15.41
4903,15.429999999999998
4904,15.415
4905,15.445000000000002
4906,15.449999999999998
4907,15.502999999999998
4908,15.49
4909,15.499999999999998
4910,15.47
4911,15.46
4912,15.439999999999998
4913,15.46
4914,15.435000000000002
4915,15.439999999999998
4916,15.42
4917,15.439999999999998
4918,15.439999999999998
4919,15.38
4920,15.385000000000002
4921,15.4
4922,15.38
4923,15.33
4924,15.32
4925,15.4
4926,15.36
4927,15.38
4928,15.34
4929,15.33
4930,15.31
4931,15.33
4932,15.29
4933,15.27
4934,15.26
4935,15.25
4936,15.26
4937,15.26
4938,15.25
4939,15.27
4940,15.27
4941,15.264999999999999
4942,15.254999999999999
4943,15.25
4944,15.254999999999999
4945,15.235000000000001
4946,15.235000000000001
4947,15.24
4948,15.159900000000002
4949,15.02
4950,15.060000000000002
4951,15.09
4952,15.080000000000002
4953,15.04
4954,15.070000000000002
4955,15.070000000000002
4956,15.060000000000002
4957,15.060000000000002
4958,15.02
4959,15.02
4960,15.050000000000002
4961,15.080000000000002
4962,15.085
4963,15.070000000000002
4964,15.09
4965,15.080000000000002
4966,15.080000000000002
4967,15.080000000000002
4968,15.085
4969,15.144999999999998
4970,15.16
4971,15.175
4972,15.194999999999999
4973,15.210000000000003
4974,15.210000000000003
4975,15.17
4976,15.130000000000003
4977,15.140000000000002
4978,15.130999999999998
4979,15.17
4980,15.15
4981,15.204999999999998
4982,15.25
4983,15.19
4984,15.130000000000003
4985,15.144999999999998
4986,15.09
4987,15.080000000000002
4988,15.11
4989,15.1
4990,15.128399999999997
4991,15.11
4992,15.140000000000002
4993,15.15
4994,15.15
4995,15.1262
4996,15.15
4997,15.16
4998,15.17
4999,15.210000000000003
5000,15.225
5001,15.23
5002,15.270000000000001
5003,15.29
5004,15.29
5005,15.31
5006,15.3
5007,15.285
5008,15.275
5009,15.239999999999998
5010,15.22
5011,15.22
5012,15.17
5013,15.2
5014,15.205
5015,15.26
5016,15.270000000000001
5017,15.22
5018,15.23
5019,15.2025
5020,15.209999999999999
5021,15.159999999999998
5022,15.109999999999998
5023,15.145
5024,15.189999999999998
5025,15.189999999999998
5026,15.25
5027,15.22
5028,15.22
5029,15.26
5030,15.189999999999998
5031,15.28
5032,15.3
5033,15.2749
5034,15.23
5035,15.23
5036,15.25
5037,15.235
5038,15.209999999999999
5039,15.189999999999998
5040,15.205
5041,15.189999999999998
5042,15.159999999999998
5043,15.1992
5044,15.239999999999998
5045,15.209999999999999
5046,15.2
5047,15.214999999999998
5048,15.2
5049,15.23
5050,15.29
5051,15.245000000000001
5052,15.239999999999998
5053,15.18
5054,15.18
5055,15.189000000000002
5056,15.25
5057,15.239999999999998
5058,15.239999999999998
5059,15.264999999999999
5060,15.305
5061,15.270000000000001
5062,15.2
5063,15.270000000000001
5064,15.26
5065,15.245000000000001
5066,15.25
5067,15.31
5068,15.31
5069,15.315
5070,15.26
5071,15.270000000000001
5072,15.270000000000001
5073,15.26
5074,15.270000000000001
5075,15.270000000000001
5076,15.28
5077,15.26
5078,15.270000000000001
5079,15.26
5080,15.2605
5081,15.25
5082,15.255
5083,15.020000000000001
5084,15.06
5085,14.989999999999998
5086,14.939999999999998
5087,14.925
5088,14.829999999999998
5089,14.89
5090,14.81
5091,14.829999999999998
5092,14.829999999999998
5093,14.854999999999999
5094,14.875000000000002
5095,14.84
5096,14.89
5097,14.895
5098,14.92
5099,14.905
5100,14.879999999999999
5101,14.87
5102,14.81
5103,14.845000000000002
5104,14.850000000000001
5105,14.820000000000002
5106,14.81
5107,14.820000000000002
5108,14.81
5109,14.820000000000002
5110,14.64
5111,14.629999999999999
5112,14.695
5113,14.755
5114,14.76
5115,14.850000000000001
5116,14.76
5117,14.820000000000002
5118,14.785
5119,14.79
5120,14.770000000000001
5121,14.8
5122,14.829999999999998
5123,14.850000000000001
5124,14.820000000000002
5125,14.81
5126,14.795000000000002
5127,14.76
5128,14.8
5129,14.770000000000001
5130,14.76
5131,14.755
5132,14.795000000000002
5133,14.779999999999998
5134,14.79
5135,14.79
5136,14.8
5137,14.84
5138,14.829999999999998
5139,14.825000000000001
5140,14.715000000000002
5141,14.740000000000002
5142,14.785
5143,14.820000000000002
5144,14.87
5145,14.829999999999998
5146,14.84
5147,14.87
5148,14.84
5149,14.8599
5150,14.859999999999998
5151,14.850000000000001
5152,14.854999999999999
5153,14.854999999999999
5154,14.845000000000002
5155,14.84
5156,14.84
5157,14.866999999999999
5158,14.859999999999998
5159,14.854999999999999
5160,14.859999999999998
5161,14.859999999999998
5162,14.89
5163,14.9
5164,14.822000000000001
5165,14.757000000000001
5166,14.7
5167,14.715000000000002
5168,14.690000000000001
5169,14.684999999999999
5170,14.659999999999998
5171,14.659999999999998
5172,14.67
5173,14.695
5174,14.684999999999999
5175,14.695
5176,14.7
5177,14.7
5178,14.68
5179,14.67
5180,14.6601
5181,14.62
5182,14.625
5183,14.59
5184,14.6
5185,14.64
5186,14.625
5187,14.7
5188,14.609999999999998
5189,14.545000000000002
5190,14.545000000000002
5191,15.09
5192,15.08
5193,15.074
5194,15.209999999999999
5195,15.26
5196,15.339900000000002
5197,15.159999999999998
5198,15.155
5199,15.14
5200,15.2
5201,15.2025
5202,15.209999999999999
5203,15.295999999999998
5204,15.275
5205,15.26
5206,15.359999999999998
5207,15.33
5208,15.325000000000001
5209,15.28
5210,15.34
5211,15.42
5212,15.455000000000002
5213,15.485
5214,15.581
5215,15.56
5216,15.561000000000002
5217,15.56
5218,15.55
5219,15.62
5220,15.61
5221,15.595000000000002
5222,15.585
5223,15.56
5224,15.600000000000001
5225,15.64
5226,15.635
5227,15.655000000000001
5228,15.6499
5229,15.7
5230,15.689999999999998
5231,15.709999999999999
5232,15.689999999999998
5233,15.680000000000001
5234,15.63
5235,15.675000000000002
5236,15.66
5237,15.64
5238,15.650000000000002
5239,15.664999999999997
5240,15.67
5241,15.685
5242,15.7
5243,15.689999999999998
5244,15.689999999999998
5245,15.76
5246,15.680000000000001
5247,15.650000000000002
5248,15.709999999999999
5249,15.680000000000001
5250,15.680000000000001
5251,15.689999999999998
5252,15.695
5253,15.67
5254,15.6599
5255,15.66
5256,15.695
5257,15.67
5258,15.66
5259,15.644
5260,15.600000000000001
5261,15.595000000000002
5262,15.585
5263,15.585
5264,15.59
5265,15.67
5266,15.67
5267,15.66
5268,15.650000000000002
5269,15.714999999999998
5270,15.72
5271,15.714999999999998
5272,15.75
5273,15.769999999999998
5274,15.791800000000002
5275,15.850000000000001
5276,15.865
5277,15.86
5278,15.92
5279,15.89
5280,15.900000000000002
5281,15.91
5282,15.89
5283,15.939999999999998
5284,15.95
5285,15.980000000000002
5286,15.989999999999998
5287,16.01
5288,16.08
5289,16.025
5290,16.05
5291,16.065
5292,16.06
5293,16.09
5294,16.0999
5295,16.09
5296,16.115
5297,16.15
5298,16.15
5299,16.23
5300,16.2101
5301,16.180999999999994
5302,16.16
5303,16.2071
5304,16.16
5305,16.1549
5306,16.16
5307,16.15
5308,16.17
5309,16.1825
5310,16.18
5311,16.19
5312,16.18
5313,16.23
5314,16.2
5315,16.2
5316,16.22
5317,16.225
5318,16.215
5319,16.235
5320,16.22
5321,16.245
5322,16.24
5323,16.29
5324,16.22
5325,16.22
5326,16.1049
5327,16.06
5328,16.11
5329,16.095
5330,16.094
5331,16.15
5332,16.21
5333,16.205
5334,16.17
5335,16.135
5336,16.16
5337,16.15
5338,16.18
5339,16.155
5340,16.189
5341,16.215
5342,16.23
5343,16.2104
5344,16.24
5345,16.21
5346,16.2
5347,16.205
5348,16.22
5349,16.24
5350,16.2
5351,16.17
5352,16.17
5353,15.83
5354,15.819999999999999
5355,15.86
5356,15.852
5357,15.84
5358,15.900000000000002
5359,15.89
5360,15.900000000000002
5361,15.86
5362,15.87
5363,15.855
5364,15.844999999999999
5365,15.8499
5366,15.865
5367,15.850000000000001
5368,15.84
5369,15.86
5370,15.844999999999999
5371,15.850000000000001
5372,15.900000000000002
5373,15.83
5374,15.825000000000001
5375,15.785
5376,15.780999999999999
5377,15.775
5378,15.78
5379,15.78
5380,15.63
5381,15.67
5382,15.685
5383,15.64
5384,15.650000000000002
5385,15.63
5386,15.5912
5387,15.540999999999999
5388,15.54
5389,15.564900000000002
5390,15.569999999999999
5391,15.555
5392,15.5451
5393,15.505499999999998
5394,15.48
5395,15.475499999999998
5396,15.485
5397,15.45
5398,15.430000000000001
5399,15.4225
5400,15.494999999999997
5401,15.485
5402,15.5
5403,15.489999999999998
5404,15.439999999999998
5405,15.439999999999998
5406,15.439999999999998
5407,15.29
5408,15.39
5409,15.395
5410,15.42
5411,15.395
5412,15.384999999999998
5413,15.3419
5414,15.359999999999998
5415,15.350000000000001
5416,15.350000000000001
5417,15.354
5418,15.359000000000002
5419,15.320000000000002
5420,15.359999999999998
5421,15.37
5422,15.350000000000001
5423,15.34
5424,15.339
5425,15.274000000000001
5426,15.28
5427,15.255
5428,15.275
5429,15.22
5430,15.205
5431,15.2
5432,15.209999999999999
5433,15.209999999999999
5434,15.23
5435,15.22
5436,15.209999999999999
5437,15.209999999999999
5438,15.209999999999999
5439,15.2
5440,15.18
5441,15.2
5442,15.184999999999999
5443,15.18
5444,15.195
5445,15.209999999999999
5446,15.23
5447,15.2
5448,15.239999999999998
5449,15.26
5450,15.28
5451,15.275
5452,15.285
5453,15.3
5454,15.335
5455,15.3
5456,15.325000000000001
5457,15.34
5458,15.320000000000002
5459,15.34
5460,15.33
5461,15.264999999999999
5462,15.270000000000001
5463,15.209999999999999
5464,15.214999999999998
5465,15.26
5466,15.25
5467,15.22
5468,15.2
5469,15.189999999999998
5470,15.205
5471,15.22
5472,15.209999999999999
5473,15.209999999999999
5474,15.22
5475,15.209999999999999
5476,15.209999999999999
5477,15.189999999999998
5478,15.175000000000002
5479,15.189999999999998
5480,15.189999999999998
5481,15.189999999999998
5482,15.209999999999999
5483,15.209999999999999
5484,15.205
5485,15.209999999999999
5486,15.189999999999998
5487,15.18
5488,15.359999999999998
5489,15.3603
5490,15.33
5491,15.34
5492,15.315
5493,15.3599
5494,15.34
5495,15.38
5496,15.38
5497,15.39
5498,15.379899999999997
5499,15.375000000000002
5500,15.35
5501,15.38
5502,15.4
5503,15.44
5504,15.470000000000002
5505,15.45
5506,15.470000000000002
5507,15.49
5508,15.52
5509,15.51
5510,15.459000000000001
5511,15.475
5512,15.48
5513,15.5
5514,15.51
5515,15.760000000000002
5516,15.74
5517,15.71
5518,15.72
5519,15.725
5520,15.73
5521,15.714999999999998
5522,15.68
5523,15.685
5524,15.62
5525,15.665
5526,15.6701
5527,15.65
5528,15.65
5529,15.61
5530,15.62
5531,15.65
5532,15.63
5533,15.615000000000002
5534,15.65
5535,15.65
5536,15.62
5537,15.64
5538,15.64
5539,15.65
5540,15.63
5541,15.71
5542,15.6
5543,15.55
5544,15.56
5545,15.61
5546,15.635
5547,15.629000000000001
5548,15.67
5549,15.645
5550,15.67
5551,15.68
5552,15.69
5553,15.705
5554,15.72
5555,15.685
5556,15.69
5557,15.695
5558,15.695
5559,15.685
5560,15.705
5561,15.725
5562,15.725
5563,15.71
5564,15.7
5565,15.69
5566,15.7
5567,15.7
5568,15.65
5569,15.67
5570,15.695
5571,15.7
5572,15.65
5573,15.62
5574,15.63
5575,15.64
5576,15.655
5577,15.61
5578,15.605
5579,15.54
5580,15.53
5581,15.61
5582,15.6
5583,15.59
5584,15.65
5585,15.64
5586,15.6999
5587,15.745
5588,15.79
5589,15.8
5590,15.760000000000002
5591,15.81
5592,15.83
5593,15.865
5594,15.905000000000001
5595,15.902999999999999
5596,15.91
5597,15.83
5598,15.805
5599,15.82
5600,15.7949
5601,15.78
5602,15.8
5603,15.79
5604,15.7
5605,15.7
5606,15.67
5607,15.7
5608,15.73
5609,15.72
5610,15.72
5611,15.725
5612,15.705
5613,15.6625
5614,15.725
5615,15.73
5616,15.74
5617,15.77
5618,15.73
5619,15.7
5620,15.675999999999998
5621,15.73
5622,15.705
5623,15.7
5624,15.745
5625,15.74
5626,15.741
5627,15.7025
5628,15.69
5629,15.725
5630,15.71
5631,15.7
5632,15.71
5633,15.72
5634,15.705
5635,15.785
5636,15.805
5637,15.84
5638,15.825
5639,15.895
5640,15.945
5641,15.96
5642,15.96
5643,15.96
5644,15.9
5645,15.87
5646,15.87
5647,15.859999999999998
5648,15.865
5649,15.825
5650,15.9
5651,15.92
5652,15.91
5653,15.91
5654,15.94
5655,15.92
5656,15.92
5657,15.89
5658,15.875
5659,15.83
5660,15.78
5661,15.760000000000002
5662,15.725
5663,15.77
5664,15.765999999999998
5665,15.75
5666,15.745
5667,15.69
5668,15.73
5669,15.71
5670,15.7
5671,15.685
5672,15.62
5673,15.63
5674,15.63
5675,15.605
5676,15.6
5677,15.55
5678,15.51
5679,15.569999999999999
5680,15.58
5681,15.56
5682,15.569999999999999
5683,15.61
5684,15.605
5685,15.6051
5686,15.58
5687,15.581
5688,15.569999999999999
5689,15.585
5690,15.575
5691,15.569999999999999
5692,15.555
5693,15.555
5694,15.5
5695,15.485
5696,15.46
5697,15.470000000000002
5698,15.3
5699,15.29
5700,15.25
5701,15.2201
5702,15.28
5703,15.28
5704,15.29
5705,15.28
5706,15.315
5707,15.29
5708,15.275
5709,15.3
5710,15.29
5711,15.29
5712,15.3
5713,15.315
5714,15.29
5715,15.3
5716,15.28
5717,15.265
5718,15.27
5719,15.295
5720,15.275
5721,15.26
5722,15.2
5723,15.21
5724,15.205
5725,15.32
5726,15.52
5727,15.59
5728,15.5
5729,15.51
5730,15.569999999999999
5731,15.56
5732,15.585
5733,15.550999999999998
5734,15.5
5735,15.5
5736,15.515
5737,15.52
5738,15.5301
5739,15.51
5740,15.54
5741,15.55
5742,15.545
5743,15.569999999999999
5744,15.555
5745,15.55
5746,15.525
5747,15.49
5748,15.48
5749,15.5
5750,15.56
5751,15.56
5752,15.45
5753,15.5
5754,15.52
5755,15.51
5756,15.55
5757,15.52
5758,15.5
5759,15.49
5760,15.49
5761,15.455
5762,15.455
5763,15.435
5764,15.459000000000001
5765,15.51
5766,15.52
5767,15.495
5768,15.51
5769,15.495
5770,15.465
5771,15.48
5772,15.485
5773,15.465
5774,15.470000000000002
5775,15.46
5776,15.42
5777,15.42
5778,15.41
5779,15.28
5780,15.27
5781,15.265
5782,15.231
5783,15.220999999999998
5784,15.205
5785,15.2
5786,15.16
5787,15.195
5788,15.19
5789,15.195
5790,15.19
5791,15.17
5792,15.17
5793,15.18
5794,15.14
5795,15.145
5796,15.12
5797,15.135
5798,15.11
5799,15.1
5800,15.1275
5801,15.085
5802,15.105
5803,15.090000000000002
5804,15.105
5805,15.11
5806,15.1
5807,15.17
5808,15.13
5809,15.19
5810,15.15
5811,15.1255
5812,15.115
5813,15.11
5814,15.15
5815,15.17
5816,15.2
5817,15.21
5818,15.21
5819,15.2235
5820,15.22
5821,15.215
5822,15.175
5823,15.14
5824,15.08
5825,15.1
5826,15.045
5827,15.055
5828,15.045
5829,15.04
5830,15.025
5831,15.02
5832,15.02
5833,15.05
5834,15.1599
5835,15.12
5836,15.105
5837,15.1
5838,15.090000000000002
5839,15.11
5840,15.090000000000002
5841,15.065
5842,15.085
5843,15.08
5844,15.095
5845,15.075
5846,15.08
5847,15.08
5848,15.090000000000002
5849,15.08
5850,15.08
5851,15.075
5852,15.07
5853,15.035
5854,15.0601
5855,15.075
5856,15.07
5857,15.065
5858,15.025
5859,15.04
5860,14.91
5861,14.94
5862,14.98
5863,14.98
5864,15.035
5865,15.03
5866,15.03
5867,15.02
5868,15.05
5869,15.08
5870,15.08
5871,15.1
5872,15.095
5873,15.11
5874,15.11
5875,15.115
5876,15.12
5877,15.12
5878,15.125
5879,15.14
5880,15.14
5881,15.15
5882,15.14
5883,15.12
5884,15.14
5885,15.115
5886,15.11
5887,15.21
5888,15.24
5889,15.26
5890,15.27
5891,15.26
5892,15.215
5893,15.23
5894,15.225
5895,15.19
5896,15.19
5897,15.185
5898,15.19
5899,15.19
5900,15.14
5901,15.13
5902,15.11
5903,15.08
5904,15.077
5905,15.15
5906,15.195
5907,15.245
5908,15.28
5909,15.315
5910,15.3
5911,15.335
5912,15.31
5913,15.32
5914,15.31
5915,15.31
5916,15.27
5917,15.26
5918,15.26
5919,15.265
5920,15.27
5921,15.29
5922,15.31
5923,15.35
5924,15.35
5925,15.36
5926,15.39
5927,15.38
5928,15.36
5929,15.375
5930,15.38
5931,15.375
5932,15.395
5933,15.37
5934,15.36
5935,15.38
5936,15.375
5937,15.36
5938,15.36
5939,15.38
5940,15.38
5941,15.5
5942,15.55
5943,15.575
5944,15.65
5945,15.65
5946,15.63
5947,15.66
5948,15.67
5949,15.665
5950,15.69
5951,15.63
5952,15.665
5953,15.665
5954,15.665
5955,15.65
5956,15.64
5957,15.63
5958,15.64
5959,15.655
5960,15.6501
5961,15.66
5962,15.645
5963,15.635
5964,15.605
5965,15.64
5966,15.69
5967,15.685
5968,15.85
5969,15.82
5970,15.82
5971,15.825
5972,15.81
5973,15.81
5974,15.83
5975,15.81
5976,15.805
5977,15.765999999999998
5978,15.74
5979,15.725
5980,15.7
5981,15.7
5982,15.71
5983,15.71
5984,15.68
5985,15.6799
5986,15.675
5987,15.685
5988,15.725
5989,15.75
5990,15.73
5991,15.73
5992,15.73
5993,15.79
5994,15.78
5995,15.77
5996,15.69
5997,15.6829
5998,15.695
5999,15.67
