,0
0,19.467700958251953
1,19.53290557861328
2,19.600637435913086
3,19.57967185974121
4,19.517873764038086
5,19.607690811157227
6,19.439041137695312
7,19.32088279724121
8,19.53144073486328
9,19.67454719543457
10,19.65414047241211
11,19.541990280151367
12,19.724279403686523
13,19.708744049072266
14,19.754165649414062
15,19.684524536132812
16,19.555973052978516
17,19.53182601928711
18,19.496789932250977
19,19.43807029724121
20,18.88863754272461
21,18.488882064819336
22,18.329744338989258
23,18.748641967773438
24,18.756168365478516
25,18.89854621887207
26,19.149219512939453
27,18.904415130615234
28,19.182247161865234
29,19.339035034179688
30,19.384431838989258
31,19.444591522216797
32,19.568696975708008
33,19.601348876953125
34,19.587448120117188
35,19.635950088500977
36,19.654356002807617
37,19.483936309814453
38,19.421764373779297
39,19.032854080200195
40,19.2917537689209
41,19.39670753479004
42,19.378324508666992
43,19.39044761657715
44,19.436010360717773
45,19.429391860961914
46,19.425039291381836
47,19.14759635925293
48,19.5892333984375
49,19.626623153686523
50,19.594526290893555
51,19.575786590576172
52,19.705738067626953
53,19.72060775756836
54,19.737525939941406
55,19.57798957824707
56,19.5233154296875
57,19.42731475830078
58,19.387134552001953
59,19.318872451782227
60,19.05863380432129
61,18.888099670410156
62,18.977554321289062
63,18.983434677124023
64,18.934526443481445
65,18.76524543762207
66,18.91559410095215
67,19.236501693725586
68,19.31059455871582
69,19.568891525268555
70,19.619853973388672
71,19.70866584777832
72,19.5712947845459
73,19.580904006958008
74,19.787044525146484
75,19.756940841674805
76,19.73892593383789
77,19.80697250366211
78,19.834678649902344
79,19.86412811279297
80,19.854581832885742
81,19.79990577697754
82,19.852624893188477
83,19.780820846557617
84,19.69635772705078
85,19.674753189086914
86,19.693140029907227
87,19.66203498840332
88,19.593164443969727
89,19.5574951171875
90,19.562183380126953
91,19.442264556884766
92,19.49150848388672
93,19.555370330810547
94,19.533199310302734
95,19.217557907104492
96,19.39925765991211
97,19.23294448852539
98,19.381534576416016
99,19.163827896118164
100,19.003154754638672
101,19.191978454589844
102,19.34200096130371
103,19.639116287231445
104,19.59024429321289
105,19.563100814819336
106,19.477821350097656
107,19.23569107055664
108,19.053932189941406
109,19.039783477783203
110,19.052398681640625
111,19.015514373779297
112,18.67620849609375
113,18.942890167236328
114,19.10430335998535
115,19.226573944091797
116,19.465044021606445
117,19.453975677490234
118,19.45583724975586
119,19.644210815429688
120,19.48915672302246
121,19.490612030029297
122,19.317773818969727
123,19.04222297668457
124,18.702198028564453
125,18.64900779724121
126,18.973735809326172
127,18.97296714782715
128,18.405454635620117
129,18.45836067199707
130,18.455888748168945
131,18.39822006225586
132,18.283367156982422
133,18.379411697387695
134,18.372459411621094
135,18.440128326416016
136,18.43229866027832
137,18.457475662231445
138,18.572555541992188
139,18.43050765991211
140,18.34246826171875
141,18.34090232849121
142,18.414621353149414
143,18.389629364013672
144,18.34429168701172
145,18.441370010375977
146,18.505340576171875
147,18.722267150878906
148,18.674448013305664
149,18.521976470947266
150,18.696996688842773
151,18.859891891479492
152,18.83361053466797
153,19.191587448120117
154,19.25218391418457
155,19.32087516784668
156,18.725872039794922
157,18.549564361572266
158,18.42434310913086
159,18.39463996887207
160,18.362632751464844
161,18.324663162231445
162,18.343669891357422
163,18.319805145263672
164,18.313011169433594
165,18.27426528930664
166,18.267913818359375
167,18.326932907104492
168,18.510284423828125
169,18.558019638061523
170,18.818801879882812
171,19.406414031982422
172,19.483661651611328
173,19.509153366088867
174,19.594470977783203
175,19.569643020629883
176,19.574979782104492
177,19.446556091308594
178,19.606250762939453
179,19.575632095336914
180,19.451398849487305
181,19.331106185913086
182,18.4908504486084
183,18.695392608642578
184,18.861038208007812
185,19.352384567260742
186,19.312881469726562
187,19.30967903137207
188,18.764724731445312
189,18.977739334106445
190,19.270999908447266
191,19.341087341308594
192,19.400352478027344
193,19.348039627075195
194,19.40300750732422
195,19.537214279174805
196,19.73579216003418
197,19.643356323242188
198,19.72921371459961
199,19.75840950012207
200,19.746152877807617
201,19.752357482910156
202,19.778697967529297
203,19.748430252075195
204,19.726041793823242
205,19.578208923339844
206,19.486303329467773
207,19.4075984954834
208,19.503822326660156
209,19.500288009643555
210,19.538976669311523
211,19.524803161621094
212,19.544445037841797
213,19.508678436279297
214,19.369701385498047
215,19.418155670166016
216,19.462486267089844
217,19.48798179626465
218,19.419551849365234
219,19.61912727355957
220,19.42327880859375
221,19.428220748901367
222,19.659713745117188
223,19.677370071411133
224,19.4890079498291
225,19.412538528442383
226,19.315250396728516
227,19.320621490478516
228,19.095870971679688
229,19.224470138549805
230,19.153417587280273
231,19.47615623474121
232,19.52086639404297
233,19.432601928710938
234,19.418270111083984
235,19.466510772705078
236,19.476852416992188
237,19.579172134399414
238,19.75125503540039
239,19.717269897460938
240,19.73956298828125
241,19.662315368652344
242,19.710044860839844
243,19.73222541809082
244,19.751529693603516
245,19.777511596679688
246,19.75478744506836
247,19.700347900390625
248,19.672039031982422
249,19.474124908447266
250,19.507841110229492
251,19.516536712646484
252,19.57069969177246
253,19.485877990722656
254,19.458322525024414
255,19.299083709716797
256,18.85200309753418
257,18.77785873413086
258,18.69230842590332
259,18.785049438476562
260,18.775760650634766
261,18.847105026245117
262,18.806169509887695
263,18.79939079284668
264,19.40228843688965
265,19.123302459716797
266,19.255556106567383
267,19.20575714111328
268,19.159093856811523
269,19.6754207611084
270,19.765623092651367
271,19.7598819732666
272,19.7132511138916
273,19.708927154541016
274,19.647174835205078
275,19.65048599243164
276,19.536893844604492
277,19.58534812927246
278,19.571535110473633
279,19.567407608032227
280,19.500537872314453
281,19.39644432067871
282,19.322656631469727
283,19.346538543701172
284,19.34768295288086
285,19.185894012451172
286,18.83823585510254
287,18.990581512451172
288,19.36559295654297
289,19.451322555541992
290,19.296388626098633
291,19.330171585083008
292,19.406633377075195
293,19.34609031677246
294,19.088197708129883
295,19.013540267944336
296,19.172483444213867
297,19.182117462158203
298,19.180572509765625
299,19.295551300048828
300,19.407981872558594
301,19.69218635559082
302,19.703054428100586
303,19.555910110473633
304,19.749937057495117
305,19.72240447998047
306,19.720699310302734
307,19.61817741394043
308,19.536970138549805
309,19.513071060180664
310,19.662029266357422
311,19.651859283447266
312,19.718246459960938
313,19.79592514038086
314,19.781177520751953
315,19.808921813964844
316,19.782089233398438
317,18.310585021972656
318,18.25081443786621
319,18.07535171508789
320,18.027023315429688
321,17.98785972595215
322,18.019784927368164
323,18.003530502319336
324,18.043630599975586
325,18.05198097229004
326,18.038957595825195
327,18.261573791503906
328,18.300010681152344
329,18.293455123901367
330,18.370624542236328
331,18.38947868347168
332,18.31190299987793
333,18.374147415161133
334,18.518741607666016
335,18.575275421142578
336,18.571231842041016
337,18.379777908325195
338,18.233102798461914
339,18.217348098754883
340,18.27573013305664
341,18.353227615356445
342,18.30531120300293
343,18.213193893432617
344,18.18816375732422
345,18.184106826782227
346,18.068347930908203
347,18.024927139282227
348,18.086925506591797
349,18.253623962402344
350,18.24254608154297
351,18.13463020324707
352,18.09613800048828
353,18.131454467773438
354,18.140499114990234
355,18.14629554748535
356,18.19507598876953
357,18.22032356262207
358,18.342260360717773
359,18.320451736450195
360,18.37352180480957
361,18.598831176757812
362,18.66594123840332
363,18.610076904296875
364,18.605716705322266
365,18.832773208618164
366,18.995718002319336
367,19.155336380004883
368,19.066862106323242
369,19.27606964111328
370,19.281291961669922
371,19.299013137817383
372,19.296131134033203
373,19.261220932006836
374,19.00682830810547
375,19.0850830078125
376,19.102275848388672
377,19.23064422607422
378,19.26797866821289
379,19.254417419433594
380,19.10811996459961
381,19.034202575683594
382,19.092275619506836
383,18.97556495666504
384,18.964235305786133
385,18.900787353515625
386,18.929641723632812
387,19.12274742126465
388,19.2403621673584
389,19.421585083007812
390,19.524503707885742
391,19.556880950927734
392,19.442384719848633
393,19.353307723999023
394,19.319496154785156
395,19.434566497802734
396,19.526517868041992
397,19.488866806030273
398,19.119548797607422
399,18.96493148803711
400,18.446731567382812
401,18.260847091674805
402,18.189088821411133
403,18.257400512695312
404,18.22275733947754
405,18.163162231445312
406,18.148099899291992
407,18.186899185180664
408,18.18294906616211
409,18.1829833984375
410,18.292152404785156
411,18.321826934814453
412,18.440486907958984
413,18.511632919311523
414,18.678913116455078
415,19.070148468017578
416,19.11843490600586
417,19.31108856201172
418,19.249706268310547
419,19.116270065307617
420,18.82969093322754
421,19.034318923950195
422,19.18792724609375
423,19.129310607910156
424,18.85284996032715
425,18.916025161743164
426,18.939254760742188
427,19.001611709594727
428,18.95758056640625
429,18.63021469116211
430,18.449054718017578
431,18.328786849975586
432,18.459583282470703
433,18.723819732666016
434,18.79568099975586
435,18.78110694885254
436,18.767791748046875
437,18.82376480102539
438,18.9996280670166
439,19.064720153808594
440,19.044370651245117
441,19.046146392822266
442,19.31561851501465
443,19.38848114013672
444,19.29150390625
445,19.186077117919922
446,19.281919479370117
447,19.432458877563477
448,19.252925872802734
449,19.404462814331055
450,19.35565948486328
451,19.440101623535156
452,19.327320098876953
453,19.265159606933594
454,18.596364974975586
455,18.90812873840332
456,18.69327163696289
457,18.472469329833984
458,18.602127075195312
459,19.027502059936523
460,19.061580657958984
461,19.083967208862305
462,19.08213996887207
463,19.175851821899414
464,19.109333038330078
465,18.971885681152344
466,19.15892219543457
467,19.200054168701172
468,18.982263565063477
469,19.045578002929688
470,19.060222625732422
471,19.173751831054688
472,19.20221710205078
473,19.03594970703125
474,19.209449768066406
475,19.213106155395508
476,19.15947151184082
477,19.132766723632812
478,18.753286361694336
479,18.75678253173828
480,18.71542739868164
481,19.40385627746582
482,19.54662322998047
483,19.39532470703125
484,19.282608032226562
485,19.14710807800293
486,19.171602249145508
487,19.212234497070312
488,19.083423614501953
489,18.995996475219727
490,18.872901916503906
491,18.82833480834961
492,18.692527770996094
493,18.764070510864258
494,18.678861618041992
495,18.42483901977539
496,18.492013931274414
497,18.583255767822266
498,18.631418228149414
499,18.75594139099121
500,17.61638069152832
501,17.73554229736328
502,17.530967712402344
503,17.70003318786621
504,17.776588439941406
505,17.845529556274414
506,17.675954818725586
507,17.635540008544922
508,17.46258544921875
509,17.997774124145508
510,18.027587890625
511,18.350006103515625
512,18.619836807250977
513,18.472553253173828
514,18.600074768066406
515,18.735401153564453
516,18.686138153076172
517,18.421632766723633
518,18.395967483520508
519,18.3479061126709
520,18.088329315185547
521,18.253616333007812
522,18.186601638793945
523,18.159473419189453
524,17.899093627929688
525,17.976425170898438
526,17.813003540039062
527,17.78910255432129
528,17.791973114013672
529,17.726041793823242
530,18.154863357543945
531,18.194293975830078
532,17.917152404785156
533,17.761762619018555
534,17.871065139770508
535,18.44996452331543
536,18.43393325805664
537,18.48236083984375
538,18.759279251098633
539,18.90496063232422
540,18.91898536682129
541,18.87105369567871
542,18.854875564575195
543,18.830684661865234
544,18.636693954467773
545,18.580114364624023
546,18.540428161621094
547,18.642717361450195
548,18.811626434326172
549,18.58363151550293
550,18.718433380126953
551,18.630037307739258
552,18.878400802612305
553,19.03160858154297
554,18.785667419433594
555,18.740903854370117
556,18.742582321166992
557,18.902795791625977
558,19.02639389038086
559,18.69779396057129
560,18.565349578857422
561,18.448810577392578
562,19.146228790283203
563,19.26160430908203
564,19.29065704345703
565,19.267980575561523
566,19.33901023864746
567,19.345354080200195
568,19.328197479248047
569,19.38057518005371
570,19.35492706298828
571,19.183658599853516
572,19.389888763427734
573,19.38473892211914
574,19.376760482788086
575,19.420238494873047
576,19.383413314819336
577,19.23645782470703
578,19.035541534423828
579,18.923124313354492
580,18.660816192626953
581,18.864044189453125
582,18.68785858154297
583,18.638364791870117
584,18.60721206665039
585,18.941225051879883
586,18.852088928222656
587,18.78800392150879
588,18.778779983520508
589,19.53589630126953
590,19.46422004699707
591,19.34259605407715
592,19.365617752075195
593,19.169776916503906
594,19.427289962768555
595,19.518348693847656
596,19.519222259521484
597,19.516536712646484
598,19.417566299438477
599,19.41150665283203
600,19.392545700073242
601,19.384077072143555
602,19.402082443237305
603,19.447004318237305
604,19.566600799560547
605,19.583162307739258
606,19.610614776611328
607,19.575679779052734
608,19.450178146362305
609,19.5510196685791
610,19.495607376098633
611,19.518325805664062
612,19.55184555053711
613,19.431629180908203
614,19.5033016204834
615,19.509281158447266
616,18.95948600769043
617,18.75333023071289
618,18.964200973510742
619,18.837526321411133
620,18.921459197998047
621,18.920940399169922
622,18.833498001098633
623,18.86911964416504
624,18.907974243164062
625,18.66537857055664
626,18.53963851928711
627,18.649709701538086
628,18.61566162109375
629,18.761762619018555
630,18.803905487060547
631,18.720550537109375
632,18.259334564208984
633,18.19526481628418
634,18.06965446472168
635,17.977800369262695
636,17.89759063720703
637,17.824670791625977
638,17.8282527923584
639,17.791664123535156
640,17.790220260620117
641,17.82026481628418
642,17.841066360473633
643,17.659439086914062
644,18.023700714111328
645,18.58464813232422
646,18.739978790283203
647,18.65895652770996
648,18.592500686645508
649,18.1707706451416
650,18.059005737304688
651,17.875595092773438
652,17.95040512084961
653,17.919466018676758
654,17.894939422607422
655,17.867029190063477
656,18.271032333374023
657,18.086528778076172
658,18.3620662689209
659,18.243330001831055
660,18.029014587402344
661,18.32765007019043
662,18.61347770690918
663,18.193572998046875
664,18.35612678527832
665,18.461069107055664
666,18.458003997802734
667,18.473318099975586
668,18.437768936157227
669,18.304800033569336
670,18.415870666503906
671,18.170413970947266
672,18.08615493774414
673,18.090038299560547
674,18.530006408691406
675,18.605098724365234
676,18.67536735534668
677,18.611568450927734
678,18.551977157592773
679,18.488645553588867
680,18.54059410095215
681,18.566301345825195
682,18.54999542236328
683,18.346681594848633
684,18.435794830322266
685,18.327646255493164
686,18.023630142211914
687,17.908071517944336
688,17.69468116760254
689,17.615562438964844
690,17.5651912689209
691,17.52324104309082
692,17.46230125427246
693,17.432329177856445
694,17.222068786621094
695,17.44870948791504
696,17.5741024017334
697,17.616649627685547
698,17.952497482299805
699,17.71610450744629
700,17.550031661987305
701,17.42605972290039
702,17.420507431030273
703,17.590009689331055
704,17.518009185791016
705,17.51297950744629
706,17.429672241210938
707,17.448171615600586
708,17.369497299194336
709,17.335128784179688
710,17.482107162475586
711,17.56502342224121
712,17.74239730834961
713,17.67876625061035
714,17.536046981811523
715,17.583335876464844
716,17.556241989135742
717,17.472963333129883
718,17.418912887573242
719,17.392061233520508
720,17.392879486083984
721,17.427228927612305
722,17.447246551513672
723,17.42682456970215
724,17.343978881835938
725,17.64498519897461
726,17.845478057861328
727,17.915504455566406
728,17.923933029174805
729,17.934818267822266
730,17.954015731811523
731,17.91712760925293
732,17.8292179107666
733,17.7747802734375
734,17.73641014099121
735,17.675804138183594
736,17.29950523376465
737,17.413053512573242
738,17.32034683227539
739,17.483633041381836
740,17.539138793945312
741,17.57466697692871
742,18.01639747619629
743,18.257904052734375
744,17.91054344177246
745,17.77738380432129
746,17.56423568725586
747,17.506675720214844
748,17.623088836669922
749,17.558536529541016
750,17.839073181152344
751,17.06366539001465
752,17.081382751464844
753,16.934749603271484
754,16.85845947265625
755,17.099794387817383
756,16.971050262451172
757,17.233394622802734
758,17.153724670410156
759,16.804290771484375
760,16.884868621826172
761,16.71767807006836
762,16.65424919128418
763,16.894384384155273
764,17.019765853881836
765,17.046537399291992
766,16.97462272644043
767,17.133705139160156
768,17.0653076171875
769,17.025318145751953
770,17.09265899658203
771,16.960824966430664
772,17.061229705810547
773,17.010395050048828
774,17.010089874267578
775,16.675167083740234
776,16.75385093688965
777,16.873157501220703
778,16.924928665161133
779,16.46570587158203
780,16.424415588378906
781,16.676464080810547
782,16.40398597717285
783,16.567386627197266
784,16.59432029724121
785,16.726959228515625
786,16.72996711730957
787,16.621360778808594
788,16.40719985961914
789,16.66935920715332
790,16.495315551757812
791,16.717531204223633
792,16.728912353515625
793,16.984962463378906
794,16.809072494506836
795,17.51421356201172
796,17.04104232788086
797,17.611576080322266
798,17.470735549926758
799,17.529449462890625
800,17.5440673828125
801,16.985307693481445
802,16.837688446044922
803,16.934221267700195
804,16.86564064025879
805,16.840417861938477
806,16.904756546020508
807,16.77239227294922
808,16.787294387817383
809,16.890579223632812
810,16.815793991088867
811,16.485244750976562
812,16.468276977539062
813,16.51131820678711
814,16.474090576171875
815,16.570234298706055
816,16.51296615600586
817,16.579429626464844
818,16.57916831970215
819,16.491853713989258
820,16.479568481445312
821,16.522857666015625
822,16.515949249267578
823,16.475948333740234
824,16.564035415649414
825,16.538053512573242
826,16.975053787231445
827,16.663846969604492
828,16.525707244873047
829,16.560791015625
830,16.829526901245117
831,16.79706573486328
832,16.78412437438965
833,16.9395694732666
834,16.66484832763672
835,16.610017776489258
836,16.809696197509766
837,16.73512077331543
838,16.743703842163086
839,16.463176727294922
840,16.45756721496582
841,16.431480407714844
842,16.51677703857422
843,16.554946899414062
844,16.390764236450195
845,16.532163619995117
846,16.613000869750977
847,16.595731735229492
848,16.36817169189453
849,16.414306640625
850,16.45351791381836
851,16.41087532043457
852,16.608369827270508
853,16.458229064941406
854,16.404403686523438
855,16.40788459777832
856,16.459238052368164
857,16.46257972717285
858,16.462522506713867
859,16.79728889465332
860,16.86294937133789
861,17.129165649414062
862,17.37584114074707
863,17.431304931640625
864,17.660247802734375
865,17.688047409057617
866,17.494739532470703
867,17.31740379333496
868,16.890153884887695
869,17.022655487060547
870,16.842348098754883
871,16.939407348632812
872,16.9548397064209
873,16.812719345092773
874,16.969507217407227
875,17.074352264404297
876,16.986066818237305
877,16.90483283996582
878,16.83969497680664
879,16.842037200927734
880,16.961170196533203
881,16.89542007446289
882,16.85639762878418
883,16.745094299316406
884,16.766386032104492
885,16.71693992614746
886,16.751907348632812
887,16.462825775146484
888,16.346399307250977
889,16.335649490356445
890,16.517791748046875
891,16.53217887878418
892,16.547706604003906
893,16.40922737121582
894,16.43899154663086
895,16.42323875427246
896,16.113967895507812
897,16.177202224731445
898,16.24834442138672
899,16.364410400390625
900,16.281675338745117
901,16.28228759765625
902,16.451082229614258
903,16.442174911499023
904,16.241201400756836
905,16.431974411010742
906,16.20296859741211
907,16.57497787475586
908,16.63947868347168
909,16.406688690185547
910,16.622085571289062
911,16.476999282836914
912,16.234716415405273
913,16.597213745117188
914,16.67091941833496
915,16.654220581054688
916,16.699108123779297
917,16.659032821655273
918,16.71875
919,16.710418701171875
920,16.79751968383789
921,16.588228225708008
922,16.472808837890625
923,16.468534469604492
924,16.44139862060547
925,16.425931930541992
926,16.36237907409668
927,16.411394119262695
928,16.500831604003906
929,16.52327537536621
930,16.56759262084961
931,16.56038475036621
932,16.553516387939453
933,16.619314193725586
934,16.657901763916016
935,16.45083236694336
936,16.590267181396484
937,16.336084365844727
938,16.282625198364258
939,16.11213493347168
940,16.2883358001709
941,16.362110137939453
942,16.47930335998535
943,16.58148956298828
944,16.269329071044922
945,16.333166122436523
946,16.01544761657715
947,15.92426586151123
948,15.958260536193848
949,15.892842292785645
950,15.756698608398438
951,15.779367446899414
952,15.77595043182373
953,15.801130294799805
954,16.05766487121582
955,16.1967830657959
956,16.209794998168945
957,16.24386978149414
958,16.064945220947266
959,16.02321434020996
960,16.100879669189453
961,16.070751190185547
962,16.095930099487305
963,16.259214401245117
964,16.200496673583984
965,16.19736099243164
966,16.215557098388672
967,15.834175109863281
968,15.878829956054688
969,15.969463348388672
970,15.873367309570312
971,15.884567260742188
972,16.106569290161133
973,16.118377685546875
974,16.157434463500977
975,16.00770378112793
976,15.989354133605957
977,15.861391067504883
978,15.916110038757324
979,15.859051704406738
980,15.885021209716797
981,15.928696632385254
982,15.938323020935059
983,15.91732406616211
984,15.924466133117676
985,15.94847583770752
986,15.921969413757324
987,15.936081886291504
988,15.929256439208984
989,16.011751174926758
990,16.077844619750977
991,16.16938591003418
992,16.12063217163086
993,16.14284896850586
994,15.687912940979004
995,15.796369552612305
996,15.821497917175293
997,15.84134578704834
998,15.915170669555664
999,15.944792747497559
1000,15.713227272033691
1001,15.738143920898438
1002,15.734251976013184
1003,15.711377143859863
1004,15.704763412475586
1005,15.70305061340332
1006,15.682361602783203
1007,15.686943054199219
1008,15.671003341674805
1009,15.63470458984375
1010,15.657065391540527
1011,15.616085052490234
1012,15.499275207519531
1013,15.64536190032959
1014,15.671331405639648
1015,15.568324089050293
1016,15.615257263183594
1017,15.710441589355469
1018,15.642380714416504
1019,15.614388465881348
1020,15.616775512695312
1021,15.697128295898438
1022,15.71535873413086
1023,15.663325309753418
1024,15.690238952636719
1025,15.713135719299316
1026,15.706750869750977
1027,15.708454132080078
1028,15.705560684204102
1029,15.70728874206543
1030,15.62346363067627
1031,15.66536808013916
1032,15.663947105407715
1033,15.622660636901855
1034,15.596476554870605
1035,15.603917121887207
1036,15.620279312133789
1037,15.55185317993164
1038,15.521734237670898
1039,15.567988395690918
1040,15.654068946838379
1041,15.642576217651367
1042,15.651351928710938
1043,15.650946617126465
1044,15.609197616577148
1045,15.603238105773926
1046,15.579106330871582
1047,15.540054321289062
1048,14.989768981933594
1049,14.98566722869873
1050,15.249321937561035
1051,15.420026779174805
1052,15.28669261932373
1053,15.468549728393555
1054,15.451797485351562
1055,15.65325927734375
1056,15.663456916809082
1057,15.540417671203613
1058,15.673222541809082
1059,15.723359107971191
1060,15.687832832336426
1061,15.763175010681152
1062,15.77519702911377
1063,15.77306842803955
1064,15.77755355834961
1065,15.776397705078125
1066,15.75191879272461
1067,15.738628387451172
1068,15.725106239318848
1069,15.781582832336426
1070,15.8019437789917
1071,15.78636646270752
1072,15.7745943069458
1073,15.786272048950195
1074,15.781368255615234
1075,15.768108367919922
1076,15.760281562805176
1077,15.718324661254883
1078,15.74153995513916
1079,15.741488456726074
1080,15.729735374450684
1081,15.719924926757812
1082,15.710206031799316
1083,15.703856468200684
1084,15.701897621154785
1085,15.647969245910645
1086,15.625590324401855
1087,15.645819664001465
1088,15.66503620147705
1089,15.643959045410156
1090,15.657785415649414
1091,15.554471015930176
1092,15.429905891418457
1093,15.504500389099121
1094,15.288212776184082
1095,15.438511848449707
1096,15.440281867980957
1097,15.636906623840332
1098,15.571191787719727
1099,15.43682861328125
1100,15.47789478302002
1101,15.325688362121582
1102,15.381538391113281
1103,15.224654197692871
1104,15.532023429870605
1105,15.599685668945312
1106,15.618124008178711
1107,15.577047348022461
1108,15.402247428894043
1109,15.201879501342773
1110,15.136879920959473
1111,15.092570304870605
1112,15.383257865905762
1113,15.222710609436035
1114,14.923452377319336
1115,15.157801628112793
1116,14.931130409240723
1117,15.05950927734375
1118,14.861493110656738
1119,14.805512428283691
1120,15.149507522583008
1121,15.405058860778809
1122,15.39953327178955
1123,15.31863784790039
1124,15.45825481414795
1125,15.521815299987793
1126,15.53642463684082
1127,15.545395851135254
1128,15.389177322387695
1129,15.5954008102417
1130,15.658384323120117
1131,15.674741744995117
1132,15.690677642822266
1133,15.712274551391602
1134,15.734400749206543
1135,15.692761421203613
1136,15.690656661987305
1137,15.681607246398926
1138,15.677071571350098
1139,15.577232360839844
1140,15.615371704101562
1141,15.534463882446289
1142,15.569499969482422
1143,15.541825294494629
1144,15.557798385620117
1145,15.540443420410156
1146,15.544275283813477
1147,15.46297836303711
1148,15.19101333618164
1149,15.195609092712402
1150,15.26878833770752
1151,15.166760444641113
1152,15.439751625061035
1153,15.485967636108398
1154,15.60689640045166
1155,15.600123405456543
1156,15.534976959228516
1157,15.091769218444824
1158,14.985623359680176
1159,14.993680000305176
1160,15.15809440612793
1161,15.455242156982422
1162,15.484155654907227
1163,15.536437034606934
1164,15.651792526245117
1165,15.6644287109375
1166,15.733729362487793
1167,15.729902267456055
1168,15.737261772155762
1169,15.763442039489746
1170,15.771732330322266
1171,15.792680740356445
1172,15.790271759033203
1173,15.778398513793945
1174,15.771611213684082
1175,15.705072402954102
1176,15.616268157958984
1177,15.654443740844727
1178,15.615787506103516
1179,15.524085998535156
1180,15.511255264282227
1181,15.437073707580566
1182,15.43253231048584
1183,15.706621170043945
1184,15.734335899353027
1185,15.751594543457031
1186,15.737550735473633
1187,15.747282981872559
1188,15.73943042755127
1189,15.741739273071289
1190,15.736177444458008
1191,15.756394386291504
1192,15.724222183227539
1193,15.715624809265137
1194,15.699854850769043
1195,15.68578815460205
1196,15.64205551147461
1197,15.670949935913086
1198,15.654532432556152
1199,15.723811149597168
1200,15.442304611206055
1201,15.448593139648438
1202,15.496787071228027
1203,15.519349098205566
1204,15.550371170043945
1205,15.6933012008667
1206,15.690237045288086
1207,15.556001663208008
1208,15.549047470092773
1209,15.535877227783203
1210,15.616316795349121
1211,15.599624633789062
1212,15.708041191101074
1213,15.753889083862305
1214,15.747387886047363
1215,15.751176834106445
1216,15.74898624420166
1217,15.734634399414062
1218,15.744978904724121
1219,15.676383018493652
1220,15.688441276550293
1221,15.685734748840332
1222,15.673600196838379
1223,15.678596496582031
1224,15.677651405334473
1225,15.702221870422363
1226,15.636621475219727
1227,15.631841659545898
1228,15.710699081420898
1229,15.682357788085938
1230,15.725761413574219
1231,15.741826057434082
1232,15.705799102783203
1233,15.657918930053711
1234,15.688945770263672
1235,15.653653144836426
1236,15.622822761535645
1237,15.725561141967773
1238,15.600671768188477
1239,15.652711868286133
1240,15.640535354614258
1241,15.634106636047363
1242,15.51467514038086
1243,15.600050926208496
1244,15.521544456481934
1245,15.504164695739746
1246,15.471010208129883
1247,15.592012405395508
1248,15.621973991394043
1249,15.59139347076416
1250,15.661792755126953
1251,15.645085334777832
1252,15.641284942626953
1253,15.425576210021973
1254,15.629927635192871
1255,15.615097045898438
1256,15.597121238708496
1257,15.4008207321167
1258,15.454798698425293
1259,15.331491470336914
1260,15.42902660369873
1261,15.408525466918945
1262,15.432662963867188
1263,15.472908973693848
1264,15.56035327911377
1265,15.470865249633789
1266,15.154670715332031
1267,15.205615997314453
1268,15.20866584777832
1269,15.246476173400879
1270,15.256869316101074
1271,15.386859893798828
1272,15.509071350097656
1273,15.549551963806152
1274,15.598074913024902
1275,15.603789329528809
1276,15.494566917419434
1277,15.515497207641602
1278,15.540191650390625
1279,15.445257186889648
1280,15.377084732055664
1281,15.326098442077637
1282,15.362264633178711
1283,15.453353881835938
1284,15.425069808959961
1285,15.570175170898438
1286,15.553009033203125
1287,15.382874488830566
1288,15.297918319702148
1289,15.276576042175293
1290,15.295201301574707
1291,15.563191413879395
1292,15.38843822479248
1293,15.47055435180664
1294,15.606337547302246
1295,15.650110244750977
1296,15.635529518127441
1297,15.524909019470215
1298,15.560505867004395
1299,15.525124549865723
1300,15.53428840637207
1301,15.600118637084961
1302,15.48647403717041
1303,15.479517936706543
1304,15.541699409484863
1305,15.469532012939453
1306,15.471168518066406
1307,15.637534141540527
1308,15.624261856079102
1309,15.700566291809082
1310,15.656291007995605
1311,15.680639266967773
1312,15.681436538696289
1313,15.682841300964355
1314,15.636120796203613
1315,15.564330101013184
1316,15.486503601074219
1317,15.491520881652832
1318,15.538437843322754
1319,15.398512840270996
1320,15.264487266540527
1321,15.319397926330566
1322,15.34653091430664
1323,15.247288703918457
1324,15.129772186279297
1325,14.837751388549805
1326,15.166121482849121
1327,15.090926170349121
1328,14.80450439453125
1329,14.963829040527344
1330,14.766256332397461
1331,15.27742862701416
1332,15.27611255645752
1333,15.176586151123047
1334,15.129608154296875
1335,15.372297286987305
1336,15.341198921203613
1337,15.356884002685547
1338,15.011621475219727
1339,14.974682807922363
1340,14.997034072875977
1341,15.320374488830566
1342,15.468262672424316
1343,15.239702224731445
1344,15.237666130065918
1345,14.810667991638184
1346,14.665629386901855
1347,14.534571647644043
1348,14.535346984863281
1349,14.511237144470215
1350,14.288041114807129
1351,14.231389045715332
1352,14.330445289611816
1353,14.33668041229248
1354,14.358297348022461
1355,14.377985954284668
1356,14.535675048828125
1357,14.560342788696289
1358,14.6978120803833
1359,14.685359954833984
1360,14.767693519592285
1361,14.528168678283691
1362,14.538666725158691
1363,14.911996841430664
1364,14.514836311340332
1365,14.382584571838379
1366,15.09726619720459
1367,14.956608772277832
1368,14.781548500061035
1369,14.9630126953125
1370,14.613959312438965
1371,14.654678344726562
1372,14.183435440063477
1373,14.067512512207031
1374,14.153762817382812
1375,14.379141807556152
1376,14.709981918334961
1377,14.5897855758667
1378,14.481858253479004
1379,14.487217903137207
1380,14.569476127624512
1381,14.474627494812012
1382,14.665337562561035
1383,14.680806159973145
1384,14.579850196838379
1385,14.600030899047852
1386,14.550960540771484
1387,14.584881782531738
1388,14.7467679977417
1389,14.804293632507324
1390,14.374261856079102
1391,14.979784965515137
1392,15.000503540039062
1393,14.432819366455078
1394,14.40118408203125
1395,14.590274810791016
1396,14.853734016418457
1397,14.824320793151855
1398,14.776235580444336
1399,14.727418899536133
1400,14.168192863464355
1401,14.373152732849121
1402,14.60969066619873
1403,14.996455192565918
1404,15.141707420349121
1405,15.204705238342285
1406,15.250051498413086
1407,15.155482292175293
1408,15.06194019317627
1409,15.05740737915039
1410,15.24530029296875
1411,15.146430015563965
1412,15.363839149475098
1413,14.970463752746582
1414,14.971524238586426
1415,14.873523712158203
1416,14.61893081665039
1417,15.27293872833252
1418,15.169373512268066
1419,14.888360023498535
1420,14.893048286437988
1421,15.07396125793457
1422,14.926971435546875
1423,14.776346206665039
1424,14.8391695022583
1425,14.779190063476562
1426,14.419939994812012
1427,14.733219146728516
1428,14.749526977539062
1429,14.61185359954834
1430,14.189817428588867
1431,14.11426067352295
1432,14.080611228942871
1433,14.044452667236328
1434,14.051362991333008
1435,14.02592945098877
1436,14.009596824645996
1437,13.977672576904297
1438,13.97861099243164
1439,13.989482879638672
1440,13.952850341796875
1441,14.036055564880371
1442,14.021241188049316
1443,14.012239456176758
1444,13.924259185791016
1445,14.043025970458984
1446,13.979201316833496
1447,14.078648567199707
1448,14.068611145019531
1449,14.048200607299805
1450,13.982827186584473
1451,14.074874877929688
1452,13.97955322265625
1453,13.904227256774902
1454,13.862979888916016
1455,13.992487907409668
1456,13.987068176269531
1457,14.270999908447266
1458,14.194354057312012
1459,14.191389083862305
1460,14.255386352539062
1461,14.29516887664795
1462,14.246613502502441
1463,14.335956573486328
1464,14.357793807983398
1465,14.363550186157227
1466,14.29995059967041
1467,14.304197311401367
1468,14.175747871398926
1469,14.359700202941895
1470,14.144451141357422
1471,14.172697067260742
1472,14.288187026977539
1473,14.20569896697998
1474,14.199015617370605
1475,14.221747398376465
1476,14.042299270629883
1477,14.032286643981934
1478,14.073479652404785
1479,14.035612106323242
1480,13.952938079833984
1481,13.873964309692383
1482,13.845258712768555
1483,13.823485374450684
1484,13.844057083129883
1485,13.823365211486816
1486,13.822636604309082
1487,13.828394889831543
1488,13.83229923248291
1489,13.859564781188965
1490,13.878150939941406
1491,13.921233177185059
1492,14.019376754760742
1493,13.991841316223145
1494,13.962831497192383
1495,13.940567016601562
1496,14.036226272583008
1497,14.012242317199707
1498,13.95509147644043
1499,13.949360847473145
1500,13.828412055969238
1501,14.381742477416992
1502,14.036699295043945
1503,14.474072456359863
1504,14.458002090454102
1505,14.51760482788086
1506,14.495872497558594
1507,14.410187721252441
1508,14.541288375854492
1509,14.636139869689941
1510,14.581076622009277
1511,14.570752143859863
1512,14.559881210327148
1513,14.61604118347168
1514,14.585865020751953
1515,14.620186805725098
1516,14.475884437561035
1517,14.194511413574219
1518,14.410386085510254
1519,14.476594924926758
1520,14.356307983398438
1521,14.514948844909668
1522,14.249588966369629
1523,14.2214937210083
1524,14.1448392868042
1525,14.235238075256348
1526,14.006471633911133
1527,14.10992431640625
1528,14.289942741394043
1529,14.633302688598633
1530,14.443756103515625
1531,14.533797264099121
1532,14.54743766784668
1533,14.488568305969238
1534,14.692811965942383
1535,14.47207260131836
1536,14.274407386779785
1537,14.580496788024902
1538,14.62177562713623
1539,14.62806510925293
1540,14.691408157348633
1541,14.454699516296387
1542,14.416345596313477
1543,14.357218742370605
1544,14.324176788330078
1545,14.328824043273926
1546,14.303850173950195
1547,14.447548866271973
1548,14.403471946716309
1549,14.499866485595703
1550,14.320084571838379
1551,14.39398193359375
1552,14.402090072631836
1553,14.71509075164795
1554,13.958771705627441
1555,14.317177772521973
1556,14.041173934936523
1557,14.727596282958984
1558,14.18349552154541
1559,14.69040584564209
1560,14.605347633361816
1561,14.190595626831055
1562,14.313457489013672
1563,14.321208000183105
1564,14.643488883972168
1565,14.625990867614746
1566,14.571640968322754
1567,14.539021492004395
1568,14.58764362335205
1569,14.617778778076172
1570,14.36234188079834
1571,14.58774185180664
1572,14.590241432189941
1573,14.616534233093262
1574,14.663701057434082
1575,14.712145805358887
1576,14.786230087280273
1577,14.926996231079102
1578,14.930564880371094
1579,14.915599822998047
1580,14.905691146850586
1581,14.984026908874512
1582,14.997233390808105
1583,14.936027526855469
1584,14.916085243225098
1585,14.901925086975098
1586,14.888589859008789
1587,14.881407737731934
1588,14.818116188049316
1589,14.942390441894531
1590,14.921407699584961
1591,14.97210693359375
1592,14.974482536315918
1593,14.963665962219238
1594,14.961689949035645
1595,14.919719696044922
1596,14.940362930297852
1597,14.897428512573242
1598,14.850848197937012
1599,14.901453971862793
1600,14.90158462524414
1601,14.908591270446777
1602,14.94608211517334
1603,15.016470909118652
1604,14.989945411682129
1605,14.976126670837402
1606,14.974082946777344
1607,14.962273597717285
1608,15.008550643920898
1609,15.016246795654297
1610,14.986883163452148
1611,14.975175857543945
1612,14.957442283630371
1613,14.981066703796387
1614,14.983137130737305
1615,14.788647651672363
1616,14.79384994506836
1617,14.834537506103516
1618,14.781124114990234
1619,14.80526065826416
1620,14.710858345031738
1621,14.587321281433105
1622,14.746211051940918
1623,14.727898597717285
1624,14.766494750976562
1625,14.820342063903809
1626,14.897080421447754
1627,14.965240478515625
1628,14.894757270812988
1629,14.956043243408203
1630,14.8814058303833
1631,14.842182159423828
1632,14.840315818786621
1633,14.970142364501953
1634,14.995885848999023
1635,14.771194458007812
1636,14.769688606262207
1637,14.897533416748047
1638,14.899662017822266
1639,14.873711585998535
1640,14.724076271057129
1641,14.74570369720459
1642,14.601799011230469
1643,14.559499740600586
1644,14.499394416809082
1645,14.351168632507324
1646,14.739285469055176
1647,14.816911697387695
1648,14.591582298278809
1649,14.666702270507812
1650,14.682740211486816
1651,14.702853202819824
1652,14.712278366088867
1653,14.805586814880371
1654,14.819777488708496
1655,14.802129745483398
1656,14.805865287780762
1657,14.484522819519043
1658,14.388777732849121
1659,14.356915473937988
1660,14.468263626098633
1661,14.698802947998047
1662,14.713890075683594
1663,14.66065502166748
1664,14.915589332580566
1665,14.737944602966309
1666,14.897573471069336
1667,14.89490795135498
1668,14.900941848754883
1669,14.156656265258789
1670,14.176004409790039
1671,14.017552375793457
1672,14.047922134399414
1673,13.984399795532227
1674,14.17134952545166
1675,14.069209098815918
1676,14.18887996673584
1677,14.278931617736816
1678,14.139853477478027
1679,14.3341064453125
1680,14.420638084411621
1681,14.479804992675781
1682,14.724635124206543
1683,14.462257385253906
1684,13.867995262145996
1685,13.73259449005127
1686,14.270268440246582
1687,14.372897148132324
1688,14.363399505615234
1689,14.395245552062988
1690,14.21069622039795
1691,14.183619499206543
1692,14.438785552978516
1693,14.4390869140625
1694,14.416396141052246
1695,14.40609359741211
1696,13.898488998413086
1697,14.029187202453613
1698,14.142667770385742
1699,14.081426620483398
1700,14.021772384643555
1701,14.104957580566406
1702,14.50763988494873
1703,14.477683067321777
1704,14.569815635681152
1705,14.353811264038086
1706,14.515486717224121
1707,14.513839721679688
1708,14.141457557678223
1709,14.303495407104492
1710,14.470040321350098
1711,14.299419403076172
1712,14.511370658874512
1713,14.330554962158203
1714,14.1908597946167
1715,14.33774471282959
1716,14.69973087310791
1717,14.66325855255127
1718,14.50597095489502
1719,14.56391429901123
1720,14.333379745483398
1721,14.387312889099121
1722,14.403231620788574
1723,13.842483520507812
1724,13.999197959899902
1725,14.06380558013916
1726,13.994514465332031
1727,13.977533340454102
1728,14.132221221923828
1729,14.173322677612305
1730,14.318316459655762
1731,14.315201759338379
1732,14.163633346557617
1733,14.367337226867676
1734,14.200492858886719
1735,14.297377586364746
1736,14.528532028198242
1737,14.309857368469238
1738,13.954504013061523
1739,14.407747268676758
1740,14.493462562561035
1741,14.229328155517578
1742,14.050122261047363
1743,14.177884101867676
1744,14.116113662719727
1745,13.914175987243652
1746,13.8580904006958
1747,13.792891502380371
1748,14.1669340133667
1749,14.496928215026855
1750,14.635740280151367
1751,14.371329307556152
1752,14.755865097045898
1753,14.78615951538086
1754,14.705354690551758
1755,14.4528169631958
1756,14.761435508728027
1757,14.75706958770752
1758,14.794997215270996
1759,14.690963745117188
1760,14.755040168762207
1761,14.656639099121094
1762,14.722291946411133
1763,14.788171768188477
1764,14.662674903869629
1765,14.417749404907227
1766,14.390303611755371
1767,14.276546478271484
1768,14.464282989501953
1769,14.328801155090332
1770,14.35256576538086
1771,14.724940299987793
1772,14.835996627807617
1773,14.820368766784668
1774,14.813337326049805
1775,14.864830017089844
1776,14.849271774291992
1777,14.55679988861084
1778,14.675802230834961
1779,14.654279708862305
1780,14.786953926086426
1781,14.82214069366455
1782,14.891677856445312
1783,14.955060958862305
1784,14.921693801879883
1785,15.074845314025879
1786,15.040367126464844
1787,15.105923652648926
1788,15.027338981628418
1789,15.153290748596191
1790,15.247836112976074
1791,15.189626693725586
1792,15.165101051330566
1793,15.145405769348145
1794,15.134028434753418
1795,15.099735260009766
1796,15.127836227416992
1797,15.100053787231445
1798,14.92940902709961
1799,15.076837539672852
1800,15.126031875610352
1801,15.069025039672852
1802,15.051185607910156
1803,14.830202102661133
1804,14.879899024963379
1805,14.896933555603027
1806,15.012046813964844
1807,15.063040733337402
1808,14.934571266174316
1809,14.868501663208008
1810,14.964330673217773
1811,15.008186340332031
1812,15.024947166442871
1813,14.978322982788086
1814,14.972387313842773
1815,14.999414443969727
1816,14.956584930419922
1817,14.94990348815918
1818,15.065007209777832
1819,14.911572456359863
1820,15.06235122680664
1821,15.061982154846191
1822,15.088323593139648
1823,15.039529800415039
1824,15.005788803100586
1825,15.02680492401123
1826,15.050256729125977
1827,15.081990242004395
1828,15.049833297729492
1829,14.990060806274414
1830,14.954842567443848
1831,14.860926628112793
1832,14.790523529052734
1833,14.730315208435059
1834,14.726225852966309
1835,14.740062713623047
1836,14.543254852294922
1837,14.620376586914062
1838,13.415413856506348
1839,13.2479829788208
1840,13.104598999023438
1841,12.925897598266602
1842,12.79133415222168
1843,12.782034873962402
1844,12.774178504943848
1845,12.797320365905762
1846,12.806534767150879
1847,12.825018882751465
1848,12.850382804870605
1849,12.838461875915527
1850,12.786714553833008
1851,12.780552864074707
1852,12.810320854187012
1853,12.785294532775879
1854,12.78050422668457
1855,12.730059623718262
1856,12.721814155578613
1857,12.659361839294434
1858,12.679247856140137
1859,12.675987243652344
1860,12.58611011505127
1861,12.593225479125977
1862,12.626821517944336
1863,12.691718101501465
1864,12.657773971557617
1865,12.75331974029541
1866,12.751349449157715
1867,13.19284725189209
1868,13.236804008483887
1869,13.134310722351074
1870,13.12167739868164
1871,13.100427627563477
1872,13.1280517578125
1873,13.057038307189941
1874,13.130563735961914
1875,13.417557716369629
1876,13.307077407836914
1877,13.181076049804688
1878,13.132030487060547
1879,13.222530364990234
1880,13.156439781188965
1881,13.124129295349121
1882,13.08243179321289
1883,13.119427680969238
1884,13.063074111938477
1885,13.144795417785645
1886,13.410489082336426
1887,13.225074768066406
1888,13.10673999786377
1889,13.340569496154785
1890,13.032272338867188
1891,13.222015380859375
1892,13.775017738342285
1893,13.957880973815918
1894,13.628211975097656
1895,13.49280834197998
1896,13.290043830871582
1897,13.575028419494629
1898,13.463663101196289
1899,13.502889633178711
1900,13.393861770629883
1901,13.255291938781738
1902,13.178146362304688
1903,13.131251335144043
1904,13.25838851928711
1905,13.443401336669922
1906,13.6389799118042
1907,13.63850212097168
1908,13.64567756652832
1909,13.646575927734375
1910,13.628702163696289
1911,13.667673110961914
1912,13.776610374450684
1913,13.64889144897461
1914,13.710164070129395
1915,14.140124320983887
1916,14.135932922363281
1917,14.289926528930664
1918,14.084358215332031
1919,14.249902725219727
1920,14.346782684326172
1921,14.181242942810059
1922,14.122556686401367
1923,14.139098167419434
1924,14.201311111450195
1925,14.492286682128906
1926,14.571300506591797
1927,14.43735122680664
1928,14.372915267944336
1929,14.55615234375
1930,14.472187042236328
1931,14.367767333984375
1932,14.730712890625
1933,14.776008605957031
1934,14.593875885009766
1935,14.600451469421387
1936,14.650124549865723
1937,14.16165542602539
1938,14.32314682006836
1939,14.227359771728516
1940,14.168719291687012
1941,13.961100578308105
1942,13.717534065246582
1943,13.769360542297363
1944,13.88863468170166
1945,13.94784164428711
1946,13.851815223693848
1947,13.850691795349121
1948,13.907304763793945
1949,13.788619041442871
1950,13.7167329788208
1951,13.716132164001465
1952,13.432113647460938
1953,13.665358543395996
1954,13.583308219909668
1955,13.45923900604248
1956,13.897444725036621
1957,13.968936920166016
1958,13.964073181152344
1959,13.95750617980957
1960,13.986859321594238
1961,14.098756790161133
1962,14.084588050842285
1963,13.972797393798828
1964,13.974690437316895
1965,13.924178123474121
1966,13.727327346801758
1967,13.6461181640625
1968,13.770709037780762
1969,13.761005401611328
1970,13.882353782653809
1971,13.693224906921387
1972,13.330146789550781
1973,13.374035835266113
1974,13.337830543518066
1975,13.669894218444824
1976,13.287186622619629
1977,13.807851791381836
1978,13.824843406677246
1979,14.037811279296875
1980,14.173920631408691
1981,14.008230209350586
1982,13.754526138305664
1983,13.734086990356445
1984,13.673312187194824
1985,14.092097282409668
1986,14.00782585144043
1987,13.79150676727295
1988,13.78014087677002
1989,13.665163040161133
1990,13.614083290100098
1991,13.580110549926758
1992,13.612236976623535
1993,13.681055068969727
1994,13.337564468383789
1995,13.594347953796387
1996,13.501309394836426
1997,13.616820335388184
1998,13.220159530639648
1999,13.339683532714844
2000,12.867135047912598
2001,12.876090049743652
2002,12.876561164855957
2003,12.872003555297852
2004,12.858569145202637
2005,12.893234252929688
2006,12.978370666503906
2007,12.935050964355469
2008,12.899218559265137
2009,13.018739700317383
2010,13.035874366760254
2011,13.085965156555176
2012,13.023237228393555
2013,12.97802734375
2014,12.92961311340332
2015,12.905435562133789
2016,12.903233528137207
2017,12.883183479309082
2018,12.885669708251953
2019,12.888530731201172
2020,12.871026992797852
2021,12.884591102600098
2022,12.880170822143555
2023,12.878096580505371
2024,12.87628173828125
2025,12.86307144165039
2026,12.845377922058105
2027,12.853606224060059
2028,12.849651336669922
2029,12.848067283630371
2030,12.84842586517334
2031,12.854325294494629
2032,12.849784851074219
2033,12.857298851013184
2034,12.87298583984375
2035,12.862347602844238
2036,12.855889320373535
2037,12.867765426635742
2038,12.865249633789062
2039,12.860697746276855
2040,12.852828025817871
2041,12.863973617553711
2042,12.865155220031738
2043,12.860197067260742
2044,12.862576484680176
2045,12.827701568603516
2046,12.838824272155762
2047,12.826626777648926
2048,12.810515403747559
2049,12.834492683410645
2050,12.819107055664062
2051,12.841331481933594
2052,12.836983680725098
2053,12.827648162841797
2054,12.830936431884766
2055,12.833793640136719
2056,12.841901779174805
2057,12.831496238708496
2058,12.834362030029297
2059,12.843437194824219
2060,12.812799453735352
2061,12.787116050720215
2062,12.811295509338379
2063,12.819672584533691
2064,12.850889205932617
2065,12.82337474822998
2066,12.811071395874023
2067,12.816645622253418
2068,12.80843734741211
2069,12.796792984008789
2070,12.801433563232422
2071,12.804665565490723
2072,12.809246063232422
2073,12.814162254333496
2074,12.838357925415039
2075,12.827014923095703
2076,12.82604694366455
2077,12.837185859680176
2078,12.828126907348633
2079,12.835326194763184
2080,12.841264724731445
2081,12.814007759094238
2082,12.847293853759766
2083,12.844986915588379
2084,12.818321228027344
2085,12.835773468017578
2086,12.842092514038086
2087,12.796489715576172
2088,12.80825138092041
2089,12.81066608428955
2090,12.827055931091309
2091,12.833578109741211
2092,12.81590461730957
2093,12.80434513092041
2094,12.80791187286377
2095,12.822155952453613
2096,12.796895980834961
2097,12.802746772766113
2098,12.807292938232422
2099,12.806193351745605
2100,12.812682151794434
2101,12.816902160644531
2102,12.838814735412598
2103,12.824344635009766
2104,12.813851356506348
2105,12.819353103637695
2106,12.829082489013672
2107,12.814149856567383
2108,12.822441101074219
2109,12.811136245727539
2110,12.818928718566895
2111,12.828094482421875
2112,12.838467597961426
2113,12.82976245880127
2114,12.934990882873535
2115,13.196399688720703
2116,13.39970874786377
2117,13.514684677124023
2118,13.72494888305664
2119,13.443355560302734
2120,13.420182228088379
2121,13.560551643371582
2122,13.755404472351074
2123,13.928871154785156
2124,13.631989479064941
2125,13.722421646118164
2126,13.757290840148926
2127,13.964191436767578
2128,13.791154861450195
2129,13.477295875549316
2130,13.332554817199707
2131,13.276278495788574
2132,13.234720230102539
2133,13.21743392944336
2134,13.232145309448242
2135,13.518099784851074
2136,14.334060668945312
2137,13.912178993225098
2138,13.92099380493164
2139,14.171991348266602
2140,13.124794960021973
2141,13.304250717163086
2142,13.186469078063965
2143,13.024158477783203
2144,12.968121528625488
2145,12.942378044128418
2146,12.92995548248291
2147,12.914450645446777
2148,12.912588119506836
2149,12.920123100280762
2150,12.895824432373047
2151,12.903498649597168
2152,12.88775634765625
2153,12.873163223266602
2154,12.878098487854004
2155,12.938589096069336
2156,12.87243366241455
2157,12.872018814086914
2158,12.867265701293945
2159,12.867484092712402
2160,12.860483169555664
2161,12.891600608825684
2162,12.95854663848877
2163,13.14159107208252
2164,13.282309532165527
2165,13.214500427246094
2166,12.876216888427734
2167,12.89307975769043
2168,12.881317138671875
2169,12.873576164245605
2170,12.880871772766113
2171,12.877595901489258
2172,12.870199203491211
2173,12.851503372192383
2174,12.874055862426758
2175,12.861108779907227
2176,12.862772941589355
2177,12.857529640197754
2178,12.869322776794434
2179,12.849623680114746
2180,12.848015785217285
2181,12.839476585388184
2182,12.8496675491333
2183,12.850454330444336
2184,12.857782363891602
2185,12.863359451293945
2186,12.866207122802734
2187,12.867568016052246
2188,12.847247123718262
2189,12.843598365783691
2190,12.857871055603027
2191,12.856101036071777
2192,12.861408233642578
2193,12.831292152404785
2194,12.841752052307129
2195,12.859344482421875
2196,12.90184497833252
2197,12.904653549194336
2198,13.012767791748047
2199,13.048649787902832
2200,12.974605560302734
2201,12.969134330749512
2202,13.131196022033691
2203,13.160812377929688
2204,13.200276374816895
2205,13.27421760559082
2206,13.481115341186523
2207,14.126656532287598
2208,13.830989837646484
2209,13.77507209777832
2210,13.169879913330078
2211,12.954828262329102
2212,12.92363452911377
2213,12.932891845703125
2214,12.922624588012695
2215,12.908111572265625
2216,12.891926765441895
2217,12.89512825012207
2218,12.89782428741455
2219,12.989330291748047
2220,12.95492172241211
2221,12.952909469604492
2222,13.003007888793945
2223,13.113460540771484
2224,13.068543434143066
2225,13.106039047241211
2226,13.226982116699219
2227,13.271228790283203
2228,13.323716163635254
2229,13.166954040527344
2230,13.166171073913574
2231,13.186712265014648
2232,13.38895320892334
2233,13.460561752319336
2234,13.810159683227539
2235,13.489291191101074
2236,13.04540729522705
2237,13.322784423828125
2238,13.248909950256348
2239,13.214587211608887
2240,12.990148544311523
2241,12.979169845581055
2242,12.96436595916748
2243,12.942999839782715
2244,12.964271545410156
2245,12.997865676879883
2246,13.051130294799805
2247,13.48737621307373
2248,13.456073760986328
2249,13.294462203979492
2250,13.262015342712402
2251,13.260454177856445
2252,13.22274112701416
2253,13.236019134521484
2254,13.39026165008545
2255,13.56489086151123
2256,13.379755020141602
2257,13.39802360534668
2258,13.218765258789062
2259,13.181451797485352
2260,13.191916465759277
2261,13.41763973236084
2262,13.24112319946289
2263,13.250377655029297
2264,13.4303560256958
2265,13.37865924835205
2266,13.463393211364746
2267,13.154728889465332
2268,13.40577220916748
2269,14.106819152832031
2270,13.938152313232422
2271,13.417040824890137
2272,13.272960662841797
2273,13.27619743347168
2274,13.180891036987305
2275,13.303921699523926
2276,13.359766006469727
2277,13.114822387695312
2278,12.977911949157715
2279,12.970810890197754
2280,12.999074935913086
2281,12.941620826721191
2282,12.922700881958008
2283,12.92935562133789
2284,12.926445007324219
2285,12.93041706085205
2286,12.93525218963623
2287,12.928951263427734
2288,12.942974090576172
2289,12.95138168334961
2290,12.937759399414062
2291,12.91038703918457
2292,12.916634559631348
2293,12.905881881713867
2294,12.893559455871582
2295,12.901216506958008
2296,12.896681785583496
2297,12.90078067779541
2298,12.906290054321289
2299,12.902392387390137
2300,12.872243881225586
2301,12.863266944885254
2302,12.875286102294922
2303,12.864648818969727
2304,12.859153747558594
2305,12.8573579788208
2306,12.860132217407227
2307,12.860494613647461
2308,12.861294746398926
2309,12.860660552978516
2310,12.81105899810791
2311,12.82534408569336
2312,12.82138729095459
2313,12.814358711242676
2314,12.821828842163086
2315,12.844223022460938
2316,12.904263496398926
2317,12.94936752319336
2318,12.956473350524902
2319,13.551374435424805
2320,13.229755401611328
2321,13.61989974975586
2322,13.240097045898438
2323,13.28054428100586
2324,13.795196533203125
2325,13.982953071594238
2326,14.298694610595703
2327,14.30626106262207
2328,14.285215377807617
2329,14.273798942565918
2330,14.32504940032959
2331,14.346954345703125
2332,14.353958129882812
2333,14.380638122558594
2334,14.404093742370605
2335,14.329998970031738
2336,14.289447784423828
2337,14.28504753112793
2338,14.298036575317383
2339,14.38103199005127
2340,14.498525619506836
2341,14.852078437805176
2342,14.827214241027832
2343,14.833280563354492
2344,14.83635425567627
2345,14.839022636413574
2346,14.686318397521973
2347,14.38856315612793
2348,14.383831024169922
2349,14.496739387512207
2350,14.178285598754883
2351,14.196809768676758
2352,14.172708511352539
2353,13.894610404968262
2354,14.120670318603516
2355,13.782022476196289
2356,13.822208404541016
2357,14.314064979553223
2358,14.335233688354492
2359,14.356203079223633
2360,14.190709114074707
2361,13.893684387207031
2362,13.701103210449219
2363,13.873533248901367
2364,13.489052772521973
2365,13.201775550842285
2366,13.181577682495117
2367,13.141034126281738
2368,13.18851089477539
2369,13.120660781860352
2370,13.108614921569824
2371,13.129939079284668
2372,13.164994239807129
2373,13.140021324157715
2374,13.181204795837402
2375,13.152252197265625
2376,13.35438060760498
2377,14.084681510925293
2378,13.801166534423828
2379,13.887714385986328
2380,13.15073299407959
2381,13.72042179107666
2382,14.10919189453125
2383,14.075010299682617
2384,13.920323371887207
2385,14.107487678527832
2386,14.160755157470703
2387,13.487832069396973
2388,13.51478099822998
2389,13.343708992004395
2390,13.368966102600098
2391,13.306427001953125
2392,13.252263069152832
2393,13.425273895263672
2394,13.415628433227539
2395,13.487518310546875
2396,13.407428741455078
2397,13.274022102355957
2398,13.145525932312012
2399,13.063974380493164
2400,13.054718971252441
2401,12.98786449432373
2402,12.975740432739258
2403,12.978200912475586
2404,12.99713134765625
2405,13.005997657775879
2406,12.992420196533203
2407,13.567822456359863
2408,13.837706565856934
2409,13.948555946350098
2410,13.94720458984375
2411,13.766868591308594
2412,13.615239143371582
2413,13.634530067443848
2414,13.881455421447754
2415,13.995121002197266
2416,13.872693061828613
2417,13.524585723876953
2418,13.443483352661133
2419,13.36562442779541
2420,13.338424682617188
2421,13.307637214660645
2422,13.384394645690918
2423,13.12593936920166
2424,13.053441047668457
2425,13.055120468139648
2426,13.04445743560791
2427,13.17809009552002
2428,13.117083549499512
2429,13.121954917907715
2430,13.171626091003418
2431,13.642168998718262
2432,14.175972938537598
2433,14.151954650878906
2434,13.955656051635742
2435,14.294391632080078
2436,14.320525169372559
2437,14.469771385192871
2438,14.222965240478516
2439,14.212940216064453
2440,14.400368690490723
2441,14.395366668701172
2442,14.345991134643555
2443,14.300836563110352
2444,14.367892265319824
2445,14.30873966217041
2446,14.068926811218262
2447,14.046171188354492
2448,14.100991249084473
2449,13.936840057373047
2450,13.735157012939453
2451,13.697922706604004
2452,13.922296524047852
2453,13.798664093017578
2454,13.671246528625488
2455,13.652632713317871
2456,13.758694648742676
2457,14.074616432189941
2458,14.016374588012695
2459,14.621343612670898
2460,14.650466918945312
2461,14.542016983032227
2462,14.543364524841309
2463,14.5414400100708
2464,14.558164596557617
2465,14.681888580322266
2466,14.746380805969238
2467,14.743341445922852
2468,14.682835578918457
2469,14.750968933105469
2470,14.724705696105957
2471,14.789300918579102
2472,14.856870651245117
2473,14.862360954284668
2474,14.914180755615234
2475,14.89700984954834
2476,14.907689094543457
2477,14.903356552124023
2478,14.900948524475098
2479,14.536231994628906
2480,14.559096336364746
2481,14.778542518615723
2482,14.860942840576172
2483,14.693997383117676
2484,14.48892593383789
2485,14.528453826904297
2486,14.820940017700195
2487,14.806008338928223
2488,14.806517601013184
2489,14.79804515838623
2490,14.811389923095703
2491,14.781493186950684
2492,14.703226089477539
2493,14.629903793334961
2494,14.568757057189941
2495,14.532923698425293
2496,14.468034744262695
2497,14.549090385437012
2498,14.476213455200195
2499,14.517757415771484
2500,15.691143989562988
2501,15.563715934753418
2502,15.529866218566895
2503,15.407421112060547
2504,15.410618782043457
2505,15.279617309570312
2506,15.287784576416016
2507,15.415884971618652
2508,15.754827499389648
2509,15.410419464111328
2510,15.38163948059082
2511,15.354281425476074
2512,15.921834945678711
2513,15.606389999389648
2514,15.389756202697754
2515,16.05042266845703
2516,16.16535186767578
2517,16.15346908569336
2518,16.15036392211914
2519,16.162961959838867
2520,16.0325870513916
2521,16.056516647338867
2522,16.06507110595703
2523,16.032180786132812
2524,16.02384376525879
2525,15.999603271484375
2526,15.963701248168945
2527,15.956719398498535
2528,15.947738647460938
2529,15.87185001373291
2530,15.7210111618042
2531,15.66989803314209
2532,15.627870559692383
2533,15.69123363494873
2534,15.780790328979492
2535,15.757933616638184
2536,15.641221046447754
2537,15.644800186157227
2538,15.439743041992188
2539,15.349340438842773
2540,15.329902648925781
2541,15.257501602172852
2542,15.200403213500977
2543,15.282572746276855
2544,15.339221954345703
2545,15.384262084960938
2546,15.444498062133789
2547,15.421902656555176
2548,15.454699516296387
2549,15.382182121276855
2550,15.390474319458008
2551,15.248443603515625
2552,15.126566886901855
2553,14.91047477722168
2554,14.877511978149414
2555,14.926438331604004
2556,14.927658081054688
2557,15.292384147644043
2558,15.269959449768066
2559,15.363965034484863
2560,15.136977195739746
2561,14.642672538757324
2562,14.795156478881836
2563,15.177557945251465
2564,15.138880729675293
2565,15.67881965637207
2566,15.577428817749023
2567,15.616490364074707
2568,15.624728202819824
2569,15.471704483032227
2570,15.525960922241211
2571,15.518714904785156
2572,15.620302200317383
2573,15.589229583740234
2574,15.479013442993164
2575,15.619952201843262
2576,15.698555946350098
2577,15.636608123779297
2578,15.553622245788574
2579,15.578736305236816
2580,15.513257026672363
2581,15.532452583312988
2582,15.449651718139648
2583,15.459431648254395
2584,15.438834190368652
2585,15.441749572753906
2586,15.295348167419434
2587,15.184531211853027
2588,15.059426307678223
2589,15.023387908935547
2590,14.973235130310059
2591,15.201308250427246
2592,15.362062454223633
2593,15.408702850341797
2594,15.404186248779297
2595,15.387609481811523
2596,15.421826362609863
2597,15.432086944580078
2598,15.441289901733398
2599,15.270807266235352
2600,15.154864311218262
2601,14.867903709411621
2602,15.22999382019043
2603,14.880743026733398
2604,15.198918342590332
2605,15.134089469909668
2606,14.633008003234863
2607,14.849766731262207
2608,14.808516502380371
2609,14.682377815246582
2610,14.963746070861816
2611,15.393112182617188
2612,15.281460762023926
2613,15.020872116088867
2614,15.321467399597168
2615,15.223872184753418
2616,15.100393295288086
2617,14.531307220458984
2618,14.224845886230469
2619,14.058770179748535
2620,13.997316360473633
2621,13.840263366699219
2622,13.752098083496094
2623,13.777809143066406
2624,13.674304008483887
2625,13.54888916015625
2626,13.57767391204834
2627,13.455256462097168
2628,13.406217575073242
2629,13.433625221252441
2630,13.446751594543457
2631,13.472757339477539
2632,13.511356353759766
2633,13.52425479888916
2634,13.593045234680176
2635,13.481800079345703
2636,13.462662696838379
2637,13.493258476257324
2638,13.585497856140137
2639,13.596096992492676
2640,13.62729263305664
2641,13.45126724243164
2642,13.516242027282715
2643,13.549335479736328
2644,13.658707618713379
2645,13.842119216918945
2646,14.06530475616455
2647,13.94242000579834
2648,13.70663070678711
2649,13.54650592803955
2650,13.777511596679688
2651,14.005718231201172
2652,14.43763256072998
2653,14.305315971374512
2654,14.45059871673584
2655,14.73387336730957
2656,14.813543319702148
2657,14.607980728149414
2658,14.753119468688965
2659,14.645313262939453
2660,14.519882202148438
2661,14.267110824584961
2662,14.62278938293457
2663,14.70448112487793
2664,14.55854606628418
2665,14.5147705078125
2666,14.435897827148438
2667,13.830323219299316
2668,13.979053497314453
2669,13.890523910522461
2670,14.753654479980469
2671,14.965069770812988
2672,14.700297355651855
2673,14.772727966308594
2674,14.667378425598145
2675,14.422893524169922
2676,14.393160820007324
2677,14.379439353942871
2678,14.362594604492188
2679,14.273624420166016
2680,14.243175506591797
2681,14.218283653259277
2682,14.215381622314453
2683,14.12635612487793
2684,13.91130542755127
2685,13.790107727050781
2686,13.892934799194336
2687,13.840983390808105
2688,13.602837562561035
2689,13.813248634338379
2690,13.646615028381348
2691,13.754822731018066
2692,13.649555206298828
2693,13.693885803222656
2694,13.657125473022461
2695,13.778315544128418
2696,13.741996765136719
2697,14.007635116577148
2698,13.904900550842285
2699,14.112690925598145
2700,14.29648208618164
2701,14.3515043258667
2702,14.326485633850098
2703,14.726557731628418
2704,14.862274169921875
2705,14.984502792358398
2706,14.788697242736816
2707,14.48604679107666
2708,14.855350494384766
2709,15.030887603759766
2710,14.936092376708984
2711,14.902801513671875
2712,14.628268241882324
2713,14.055971145629883
2714,14.068429946899414
2715,14.053812980651855
2716,14.247958183288574
2717,14.565004348754883
2718,14.567322731018066
2719,14.954495429992676
2720,14.658498764038086
2721,14.589303970336914
2722,14.550506591796875
2723,14.54892635345459
2724,14.576994895935059
2725,14.845312118530273
2726,14.921119689941406
2727,15.041172981262207
2728,15.044344902038574
2729,15.000829696655273
2730,14.837098121643066
2731,14.593457221984863
2732,14.535961151123047
2733,14.500818252563477
2734,14.461872100830078
2735,14.454645156860352
2736,14.401384353637695
2737,14.320146560668945
2738,14.221789360046387
2739,14.119439125061035
2740,13.969975471496582
2741,13.800724029541016
2742,13.667832374572754
2743,13.667057037353516
2744,13.640265464782715
2745,13.663169860839844
2746,13.562993049621582
2747,13.653037071228027
2748,13.774091720581055
2749,13.74559497833252
2750,13.669425964355469
2751,13.620285034179688
2752,14.329622268676758
2753,14.082289695739746
2754,14.547233581542969
2755,14.483845710754395
2756,14.489638328552246
2757,14.50409984588623
2758,14.293309211730957
2759,14.25501537322998
2760,14.14765739440918
2761,14.100525856018066
2762,13.968740463256836
2763,13.735383987426758
2764,13.719633102416992
2765,13.74627685546875
2766,13.688253402709961
2767,13.532063484191895
2768,13.366247177124023
2769,13.360963821411133
2770,13.280623435974121
2771,13.308523178100586
2772,13.278873443603516
2773,13.276716232299805
2774,13.27371883392334
2775,13.265704154968262
2776,13.26309871673584
2777,13.332391738891602
2778,13.216888427734375
2779,12.960237503051758
2780,13.006543159484863
2781,13.152398109436035
2782,13.079626083374023
2783,13.079766273498535
2784,13.135645866394043
2785,13.287144660949707
2786,13.396170616149902
2787,13.338319778442383
2788,13.408000946044922
2789,13.283297538757324
2790,13.150457382202148
2791,13.16110610961914
2792,13.084628105163574
2793,13.208884239196777
2794,12.97762680053711
2795,12.96669864654541
2796,12.869359970092773
2797,12.830242156982422
2798,12.82229232788086
2799,12.859844207763672
2800,12.903459548950195
2801,12.958641052246094
2802,12.897882461547852
2803,12.859108924865723
2804,12.853801727294922
2805,12.81432056427002
2806,12.963212966918945
2807,13.135879516601562
2808,13.186484336853027
2809,13.315492630004883
2810,13.02735424041748
2811,12.981955528259277
2812,13.09315299987793
2813,13.095331192016602
2814,12.949402809143066
2815,12.910372734069824
2816,12.901708602905273
2817,12.825127601623535
2818,12.790614128112793
2819,12.689750671386719
2820,12.767904281616211
2821,12.740377426147461
2822,12.683398246765137
2823,12.596096992492676
2824,12.67849349975586
2825,12.62438678741455
2826,12.571993827819824
2827,12.500018119812012
2828,12.553739547729492
2829,12.493156433105469
2830,12.569910049438477
2831,12.486212730407715
2832,12.12017822265625
2833,12.240553855895996
2834,12.70538330078125
2835,12.703798294067383
2836,12.747762680053711
2837,12.822376251220703
2838,12.813525199890137
2839,13.109162330627441
2840,13.113245010375977
2841,13.031723022460938
2842,12.975974082946777
2843,13.050138473510742
2844,13.084952354431152
2845,13.22766399383545
2846,13.500374794006348
2847,13.512078285217285
2848,13.51579475402832
2849,13.439845085144043
2850,13.350543022155762
2851,13.19679069519043
2852,13.216169357299805
2853,13.145381927490234
2854,13.096510887145996
2855,13.01068115234375
2856,13.086831092834473
2857,13.06168270111084
2858,13.11468505859375
2859,13.403785705566406
2860,13.331997871398926
2861,13.131985664367676
2862,13.218093872070312
2863,13.079266548156738
2864,13.062897682189941
2865,13.512491226196289
2866,13.771114349365234
2867,13.89114761352539
2868,13.827521324157715
2869,13.91041088104248
2870,14.269183158874512
2871,14.340557098388672
2872,14.126279830932617
2873,14.022110939025879
2874,13.905306816101074
2875,13.956295013427734
2876,13.825453758239746
2877,13.913081169128418
2878,13.829771041870117
2879,13.75384521484375
2880,13.579127311706543
2881,13.60416316986084
2882,13.545145034790039
2883,13.57613468170166
2884,13.596773147583008
2885,13.602763175964355
2886,14.323953628540039
2887,13.989625930786133
2888,13.924832344055176
2889,13.894098281860352
2890,14.314370155334473
2891,14.301048278808594
2892,14.069767951965332
2893,14.115818977355957
2894,13.853256225585938
2895,13.733344078063965
2896,14.044697761535645
2897,13.896114349365234
2898,14.656574249267578
2899,14.508788108825684
2900,14.084291458129883
2901,14.28967571258545
2902,14.633810043334961
2903,14.310650825500488
2904,14.240424156188965
2905,14.211929321289062
2906,14.29919719696045
2907,14.168757438659668
2908,14.324006080627441
2909,14.27440071105957
2910,14.029987335205078
2911,13.990899085998535
2912,13.77147388458252
2913,14.72329330444336
2914,14.5167818069458
2915,14.3275728225708
2916,14.517053604125977
2917,14.539205551147461
2918,15.095614433288574
2919,15.270346641540527
2920,14.944952011108398
2921,14.948162078857422
2922,14.769869804382324
2923,14.795907020568848
2924,14.754899024963379
2925,14.769893646240234
2926,14.633745193481445
2927,14.6197509765625
2928,14.461129188537598
2929,14.833174705505371
2930,13.895491600036621
2931,14.04874038696289
2932,14.062552452087402
2933,14.102166175842285
2934,13.971572875976562
2935,13.998527526855469
2936,14.116864204406738
2937,14.038816452026367
2938,14.345730781555176
2939,14.23822021484375
2940,14.882039070129395
2941,14.475610733032227
2942,14.501036643981934
2943,14.47506046295166
2944,14.779553413391113
2945,14.716054916381836
2946,15.200963973999023
2947,15.072921752929688
2948,14.847040176391602
2949,14.650006294250488
2950,14.839677810668945
2951,14.892535209655762
2952,14.938997268676758
2953,15.267206192016602
2954,14.89634895324707
2955,15.17613410949707
2956,15.024275779724121
2957,14.542108535766602
2958,14.641373634338379
2959,14.760802268981934
2960,14.741132736206055
2961,14.893637657165527
2962,15.004026412963867
2963,14.862495422363281
2964,14.643810272216797
2965,14.550875663757324
2966,14.721100807189941
2967,15.305480003356934
2968,15.271947860717773
2969,15.136837005615234
2970,15.14472484588623
2971,15.15614128112793
2972,15.160539627075195
2973,15.235809326171875
2974,15.390344619750977
2975,15.361719131469727
2976,15.246947288513184
2977,15.302937507629395
2978,15.264137268066406
2979,15.396556854248047
2980,15.28917407989502
2981,15.32026481628418
2982,15.170548439025879
2983,15.225679397583008
2984,14.73427677154541
2985,15.11048412322998
2986,15.21843147277832
2987,15.216808319091797
2988,15.065345764160156
2989,14.952652931213379
2990,15.16793441772461
2991,15.046541213989258
2992,14.992644309997559
2993,15.020393371582031
2994,15.117955207824707
2995,15.216245651245117
2996,15.13281536102295
2997,15.377618789672852
2998,15.52540111541748
2999,15.531074523925781
3000,14.590970993041992
3001,14.696854591369629
3002,14.74463939666748
3003,14.681321144104004
3004,14.590465545654297
3005,14.579564094543457
3006,14.61941146850586
3007,14.777039527893066
3008,14.794590950012207
3009,14.849026679992676
3010,14.885738372802734
3011,14.676803588867188
3012,14.83219051361084
3013,14.689513206481934
3014,14.768364906311035
3015,14.90678596496582
3016,14.605635643005371
3017,14.862822532653809
3018,14.905174255371094
3019,14.767565727233887
3020,14.54732608795166
3021,14.648477554321289
3022,14.766531944274902
3023,14.863226890563965
3024,14.777105331420898
3025,14.957155227661133
3026,15.002215385437012
3027,15.014442443847656
3028,15.02827262878418
3029,14.74752426147461
3030,14.694663047790527
3031,15.149868965148926
3032,15.232117652893066
3033,15.224569320678711
3034,15.242057800292969
3035,15.343731880187988
3036,15.366466522216797
3037,15.329028129577637
3038,15.436278343200684
3039,15.391546249389648
3040,15.425675392150879
3041,15.455294609069824
3042,15.398452758789062
3043,14.779356002807617
3044,14.91891098022461
3045,14.876551628112793
3046,15.098389625549316
3047,15.139408111572266
3048,15.146800994873047
3049,15.430900573730469
3050,15.493146896362305
3051,15.371356964111328
3052,15.421907424926758
3053,15.544403076171875
3054,15.584015846252441
3055,15.594940185546875
3056,15.637733459472656
3057,15.636048316955566
3058,15.56998062133789
3059,15.531803131103516
3060,15.503570556640625
3061,15.537338256835938
3062,15.439116477966309
3063,15.434667587280273
3064,15.529753684997559
3065,15.494816780090332
3066,15.545089721679688
3067,15.593201637268066
3068,15.573628425598145
3069,15.591026306152344
3070,15.333968162536621
3071,15.23515510559082
3072,15.194433212280273
3073,15.018827438354492
3074,15.011054992675781
3075,14.995671272277832
3076,14.958152770996094
3077,14.915390014648438
3078,15.047674179077148
3079,14.94970417022705
3080,14.739073753356934
3081,14.68997859954834
3082,14.684925079345703
3083,14.746898651123047
3084,14.642099380493164
3085,14.93282413482666
3086,14.96045207977295
3087,15.002603530883789
3088,14.99640941619873
3089,14.925474166870117
3090,14.860326766967773
3091,14.866796493530273
3092,14.941417694091797
3093,14.909405708312988
3094,14.9603910446167
3095,14.923624992370605
3096,14.925463676452637
3097,14.820836067199707
3098,14.952436447143555
3099,14.90027141571045
3100,14.91369342803955
3101,14.936909675598145
3102,15.107921600341797
3103,15.168091773986816
3104,15.184149742126465
3105,15.088996887207031
3106,15.106829643249512
3107,15.273642539978027
3108,15.221179962158203
3109,15.272130012512207
3110,15.331046104431152
3111,15.319554328918457
3112,15.256644248962402
3113,15.485466957092285
3114,15.226457595825195
3115,15.324277877807617
3116,15.170960426330566
3117,15.452654838562012
3118,15.409772872924805
3119,15.17251968383789
3120,15.26270866394043
3121,15.217412948608398
3122,15.240337371826172
3123,15.276415824890137
3124,15.039641380310059
3125,15.355223655700684
3126,15.421099662780762
3127,15.270415306091309
3128,15.261993408203125
3129,15.173213958740234
3130,15.336931228637695
3131,15.407200813293457
3132,15.442620277404785
3133,15.505659103393555
3134,15.468154907226562
3135,15.538254737854004
3136,15.596919059753418
3137,15.65036392211914
3138,15.552592277526855
3139,15.610392570495605
3140,15.562542915344238
3141,15.506144523620605
3142,15.597044944763184
3143,15.521677017211914
3144,15.502559661865234
3145,15.491401672363281
3146,15.41611099243164
3147,15.351155281066895
3148,15.338582038879395
3149,15.345301628112793
3150,15.253183364868164
3151,14.624423027038574
3152,14.344923973083496
3153,14.237356185913086
3154,14.16791820526123
3155,14.134028434753418
3156,14.12102222442627
3157,14.129714965820312
3158,14.108084678649902
3159,14.092016220092773
3160,14.081710815429688
3161,14.095538139343262
3162,14.108306884765625
3163,14.204689979553223
3164,14.29980182647705
3165,14.317358016967773
3166,14.307510375976562
3167,14.462923049926758
3168,14.53670883178711
3169,14.393196105957031
3170,14.420949935913086
3171,14.354292869567871
3172,14.414909362792969
3173,14.442055702209473
3174,14.391627311706543
3175,14.354731559753418
3176,14.326009750366211
3177,14.463308334350586
3178,14.57119083404541
3179,14.523726463317871
3180,14.449755668640137
3181,14.41452407836914
3182,14.47885799407959
3183,14.557509422302246
3184,14.504129409790039
3185,14.447226524353027
3186,14.424604415893555
3187,14.382284164428711
3188,14.32457447052002
3189,14.269807815551758
3190,14.272778511047363
3191,14.3013334274292
3192,14.358610153198242
3193,14.395604133605957
3194,14.324886322021484
3195,14.38052749633789
3196,14.413021087646484
3197,14.40953540802002
3198,14.406587600708008
3199,14.415909767150879
3200,14.423377990722656
3201,14.50417709350586
3202,14.656681060791016
3203,14.463809967041016
3204,14.537879943847656
3205,14.703476905822754
3206,14.604835510253906
3207,14.560210227966309
3208,14.620051383972168
3209,14.714011192321777
3210,14.70816421508789
3211,14.934550285339355
3212,15.012460708618164
3213,15.028641700744629
3214,14.999981880187988
3215,15.123085021972656
3216,15.226930618286133
3217,15.251331329345703
3218,15.21821403503418
3219,15.165748596191406
3220,14.985916137695312
3221,15.011451721191406
3222,15.036765098571777
3223,15.247492790222168
3224,15.203947067260742
3225,14.9264497756958
3226,14.984850883483887
3227,15.006413459777832
3228,14.826305389404297
3229,14.760828018188477
3230,14.799712181091309
3231,14.81458568572998
3232,14.845946311950684
3233,14.929302215576172
3234,14.830410957336426
3235,14.826094627380371
3236,14.755738258361816
3237,14.68661880493164
3238,14.701400756835938
3239,14.77232837677002
3240,14.774792671203613
3241,14.736394882202148
3242,14.593785285949707
3243,14.756064414978027
3244,14.674304962158203
3245,14.691041946411133
3246,14.637476921081543
3247,14.606249809265137
3248,14.477151870727539
3249,14.499269485473633
3250,14.577592849731445
3251,14.386229515075684
3252,14.404594421386719
3253,14.354177474975586
3254,14.334920883178711
3255,14.416499137878418
3256,14.662135124206543
3257,14.529634475708008
3258,14.43637752532959
3259,14.360794067382812
3260,14.214219093322754
3261,14.22102165222168
3262,14.254244804382324
3263,14.375410079956055
3264,14.488931655883789
3265,14.508294105529785
3266,14.477879524230957
3267,14.555315017700195
3268,14.562686920166016
3269,14.50803279876709
3270,14.384472846984863
3271,14.44179916381836
3272,14.513516426086426
3273,14.756922721862793
3274,14.639595031738281
3275,14.636432647705078
3276,14.589197158813477
3277,14.64087200164795
3278,14.540400505065918
3279,14.636680603027344
3280,14.694896697998047
3281,14.559295654296875
3282,14.82533073425293
3283,14.77908706665039
3284,14.795443534851074
3285,14.96784782409668
3286,14.749469757080078
3287,14.742701530456543
3288,14.965401649475098
3289,14.991642951965332
3290,15.085152626037598
3291,14.865645408630371
3292,15.020302772521973
3293,15.082915306091309
3294,15.082103729248047
3295,15.160601615905762
3296,15.057853698730469
3297,15.14112377166748
3298,15.102574348449707
3299,15.12692928314209
3300,15.198071479797363
3301,15.029025077819824
3302,15.2447509765625
3303,15.104338645935059
3304,15.259995460510254
3305,15.129291534423828
3306,15.216554641723633
3307,15.324602127075195
3308,15.411316871643066
3309,15.16759204864502
3310,15.279974937438965
3311,15.43131160736084
3312,15.338391304016113
3313,15.248870849609375
3314,15.256495475769043
3315,15.27884292602539
3316,15.244977951049805
3317,15.235414505004883
3318,15.471663475036621
3319,15.472699165344238
3320,15.521879196166992
3321,15.465352058410645
3322,15.548383712768555
3323,15.62382698059082
3324,15.666532516479492
3325,15.632131576538086
3326,15.674651145935059
3327,15.659095764160156
3328,15.623631477355957
3329,15.564504623413086
3330,15.50894832611084
3331,15.390227317810059
3332,15.515542030334473
3333,15.528817176818848
3334,15.516511917114258
3335,15.20737075805664
3336,15.172953605651855
3337,15.104961395263672
3338,15.03056526184082
3339,15.063932418823242
3340,15.066610336303711
3341,15.032173156738281
3342,14.979273796081543
3343,15.122194290161133
3344,15.152172088623047
3345,15.059814453125
3346,14.887327194213867
3347,14.849946975708008
3348,14.97673225402832
3349,14.804961204528809
3350,14.806098937988281
3351,14.795401573181152
3352,14.879753112792969
3353,15.05359935760498
3354,15.061367988586426
3355,15.075932502746582
3356,14.86776065826416
3357,15.0615873336792
3358,14.991230010986328
3359,14.943011283874512
3360,14.947876930236816
3361,14.793591499328613
3362,14.176554679870605
3363,14.1370210647583
3364,14.125484466552734
3365,14.103842735290527
3366,14.11467456817627
3367,14.094758033752441
3368,14.089239120483398
3369,14.086690902709961
3370,14.074316024780273
3371,14.057967185974121
3372,13.99074935913086
3373,14.002699851989746
3374,14.011059761047363
3375,13.997824668884277
3376,13.985082626342773
3377,14.000479698181152
3378,14.065380096435547
3379,14.092232704162598
3380,14.12081241607666
3381,14.442756652832031
3382,14.295096397399902
3383,14.309884071350098
3384,14.249883651733398
3385,14.300192832946777
3386,14.309082984924316
3387,14.134016990661621
3388,14.067307472229004
3389,14.064029693603516
3390,14.002553939819336
3391,13.979904174804688
3392,13.986627578735352
3393,13.9889497756958
3394,14.011062622070312
3395,14.02124309539795
3396,14.012914657592773
3397,13.952885627746582
3398,13.953335762023926
3399,13.957545280456543
3400,13.932191848754883
3401,13.924464225769043
3402,13.940665245056152
3403,13.923460960388184
3404,13.952153205871582
3405,13.943891525268555
3406,13.943766593933105
3407,13.940322875976562
3408,13.916933059692383
3409,13.958428382873535
3410,14.001002311706543
3411,14.082647323608398
3412,14.134586334228516
3413,14.058820724487305
3414,14.113227844238281
3415,14.088348388671875
3416,14.0556058883667
3417,14.041860580444336
3418,14.071884155273438
3419,14.083444595336914
3420,14.108163833618164
3421,14.104827880859375
3422,14.127303123474121
3423,14.126873016357422
3424,14.151511192321777
3425,14.118785858154297
3426,14.155080795288086
3427,14.172127723693848
3428,14.240331649780273
3429,14.282333374023438
3430,14.262701988220215
3431,14.328603744506836
3432,14.501619338989258
3433,14.47309684753418
3434,14.537191390991211
3435,14.539149284362793
3436,14.568901062011719
3437,14.63171672821045
3438,14.729907989501953
3439,14.705744743347168
3440,14.721000671386719
3441,14.74203109741211
3442,14.459258079528809
3443,14.707907676696777
3444,14.600797653198242
3445,14.62975025177002
3446,14.549184799194336
3447,14.498181343078613
3448,14.5439453125
3449,14.540794372558594
3450,14.486196517944336
3451,14.3659086227417
3452,14.412529945373535
3453,14.536416053771973
3454,14.52563190460205
3455,14.534024238586426
3456,14.467199325561523
3457,14.555623054504395
3458,14.560951232910156
3459,14.84289836883545
3460,14.672070503234863
3461,14.715251922607422
3462,14.703627586364746
3463,14.705805778503418
3464,14.671303749084473
3465,14.678820610046387
3466,14.752401351928711
3467,14.766993522644043
3468,14.7796049118042
3469,14.86023235321045
3470,15.012804985046387
3471,14.610901832580566
3472,14.500743865966797
3473,14.423842430114746
3474,14.474331855773926
3475,14.416139602661133
3476,14.798946380615234
3477,14.458033561706543
3478,14.49671745300293
3479,14.451992988586426
3480,14.300400733947754
3481,14.291214942932129
3482,14.373735427856445
3483,14.376076698303223
3484,14.533304214477539
3485,14.314512252807617
3486,14.460410118103027
3487,14.514163970947266
3488,14.485919952392578
3489,14.548822402954102
3490,14.509370803833008
3491,14.684710502624512
3492,14.5943021774292
3493,14.702701568603516
3494,14.712394714355469
3495,14.606521606445312
3496,14.727862358093262
3497,14.848383903503418
3498,14.970022201538086
3499,14.92622184753418
3500,15.033106803894043
3501,14.85693073272705
3502,14.749770164489746
3503,14.753430366516113
3504,14.66971206665039
3505,14.675591468811035
3506,14.68997573852539
3507,14.492700576782227
3508,14.452692031860352
3509,14.468459129333496
3510,14.621500968933105
3511,14.705916404724121
3512,14.876227378845215
3513,14.783177375793457
3514,15.021214485168457
3515,14.84658145904541
3516,15.006162643432617
3517,15.018932342529297
3518,15.074026107788086
3519,14.904182434082031
3520,14.8973970413208
3521,14.72960376739502
3522,14.665755271911621
3523,14.496255874633789
3524,14.462477684020996
3525,14.366212844848633
3526,14.327641487121582
3527,14.333327293395996
3528,14.349320411682129
3529,14.351434707641602
3530,14.356118202209473
3531,14.230772018432617
3532,14.21216106414795
3533,14.203498840332031
3534,14.21120834350586
3535,14.21452522277832
3536,14.20126724243164
3537,14.154121398925781
3538,14.122350692749023
3539,14.104818344116211
3540,14.14694881439209
3541,14.137866020202637
3542,14.134523391723633
3543,14.138818740844727
3544,14.140438079833984
3545,14.125113487243652
3546,14.140162467956543
3547,14.406689643859863
3548,14.336647033691406
3549,14.219583511352539
3550,14.142559051513672
3551,14.134854316711426
3552,14.142162322998047
3553,14.162623405456543
3554,14.155567169189453
3555,14.19457721710205
3556,14.204887390136719
3557,14.174612998962402
3558,14.186375617980957
3559,14.17753791809082
3560,14.240621566772461
3561,14.355846405029297
3562,14.499346733093262
3563,14.445438385009766
3564,14.470026016235352
3565,14.385260581970215
3566,14.528121948242188
3567,14.636632919311523
3568,14.475720405578613
3569,14.488892555236816
3570,14.647631645202637
3571,14.565657615661621
3572,14.55830192565918
3573,14.464369773864746
3574,14.213153839111328
3575,14.224587440490723
3576,14.212196350097656
3577,14.31886100769043
3578,14.477123260498047
3579,14.634927749633789
3580,14.806559562683105
3581,14.744982719421387
3582,14.724348068237305
3583,14.662016868591309
3584,14.660727500915527
3585,14.718716621398926
3586,14.775310516357422
3587,15.03442668914795
3588,15.058722496032715
3589,15.241815567016602
3590,15.0911283493042
3591,14.996764183044434
3592,14.94117546081543
3593,14.954866409301758
3594,14.95817756652832
3595,14.883442878723145
3596,14.926586151123047
3597,14.943670272827148
3598,15.017110824584961
3599,14.990201950073242
3600,15.032490730285645
3601,15.084664344787598
3602,15.116623878479004
3603,15.145687103271484
3604,14.872201919555664
3605,14.917533874511719
3606,14.80644416809082
3607,14.69443416595459
3608,14.688298225402832
3609,14.630315780639648
3610,14.616630554199219
3611,14.50964069366455
3612,14.522851943969727
3613,14.364940643310547
3614,14.352725982666016
3615,14.475822448730469
3616,14.465536117553711
3617,14.431377410888672
3618,14.55760669708252
3619,14.598752975463867
3620,14.411657333374023
3621,14.335959434509277
3622,14.342123985290527
3623,14.349597930908203
3624,14.423104286193848
3625,14.416590690612793
3626,14.407512664794922
3627,14.262353897094727
3628,14.349658966064453
3629,14.180394172668457
3630,14.247526168823242
3631,14.387225151062012
3632,14.423707962036133
3633,14.497090339660645
3634,14.493107795715332
3635,14.488859176635742
3636,14.570178031921387
3637,14.73754596710205
3638,14.794323921203613
3639,14.82373332977295
3640,14.6072359085083
3641,14.620969772338867
3642,14.703380584716797
3643,14.855385780334473
3644,14.725565910339355
3645,14.870150566101074
3646,14.882861137390137
3647,14.890357971191406
3648,14.952226638793945
3649,14.774808883666992
3650,14.767474174499512
3651,14.75573444366455
3652,14.771049499511719
3653,14.651047706604004
3654,14.317627906799316
3655,14.744904518127441
3656,14.621411323547363
3657,14.539467811584473
3658,14.523962020874023
3659,14.641059875488281
3660,14.60605525970459
3661,14.597739219665527
3662,14.644444465637207
3663,14.495570182800293
3664,14.502472877502441
3665,14.498786926269531
3666,14.761774063110352
3667,14.827717781066895
3668,14.66729736328125
3669,14.760119438171387
3670,14.747694969177246
3671,14.706697463989258
3672,14.62674331665039
3673,14.711681365966797
3674,14.647054672241211
3675,14.665242195129395
3676,14.619441032409668
3677,14.334371566772461
3678,14.275660514831543
3679,14.287318229675293
3680,14.260727882385254
3681,14.117209434509277
3682,14.084797859191895
3683,14.093894958496094
3684,14.07943058013916
3685,14.08399486541748
3686,14.083220481872559
3687,14.069657325744629
3688,14.060454368591309
3689,14.053803443908691
3690,14.063182830810547
3691,14.075971603393555
3692,14.071808815002441
3693,14.060113906860352
3694,14.06079387664795
3695,14.063400268554688
3696,14.153032302856445
3697,14.17140007019043
3698,14.191905975341797
3699,14.094310760498047
3700,14.089750289916992
3701,14.117935180664062
3702,14.13590145111084
3703,14.130719184875488
3704,14.107410430908203
3705,14.099461555480957
3706,14.163272857666016
3707,14.129426956176758
3708,14.056034088134766
3709,14.036087036132812
3710,14.053070068359375
3711,14.04963207244873
3712,14.045743942260742
3713,14.055633544921875
3714,14.076416969299316
3715,14.090497970581055
3716,14.057641983032227
3717,14.049225807189941
3718,14.049802780151367
3719,14.055423736572266
3720,14.088040351867676
3721,14.103575706481934
3722,14.115554809570312
3723,14.200735092163086
3724,14.301788330078125
3725,14.209148406982422
3726,14.350444793701172
3727,14.233317375183105
3728,14.252612113952637
3729,14.137624740600586
3730,14.171889305114746
3731,14.18824577331543
3732,14.138961791992188
3733,14.098353385925293
3734,14.090840339660645
3735,14.028889656066895
3736,14.028061866760254
3737,14.002934455871582
3738,14.017175674438477
3739,14.012858390808105
3740,14.015547752380371
3741,14.030086517333984
3742,14.099506378173828
3743,14.123651504516602
3744,14.250650405883789
3745,14.305177688598633
3746,14.326773643493652
3747,14.37381649017334
3748,14.405405044555664
3749,14.476761817932129
3750,14.671658515930176
3751,14.711487770080566
3752,14.517276763916016
3753,14.720663070678711
3754,14.79008674621582
3755,14.832932472229004
3756,14.712506294250488
3757,14.809279441833496
3758,14.952521324157715
3759,15.096372604370117
3760,14.92794132232666
3761,14.89223861694336
3762,14.77563190460205
3763,15.032299041748047
3764,15.068259239196777
3765,15.126099586486816
3766,15.160083770751953
3767,15.292778015136719
3768,15.267501831054688
3769,15.291728973388672
3770,15.244256019592285
3771,15.181785583496094
3772,15.250883102416992
3773,15.210646629333496
3774,15.179166793823242
3775,15.15184211730957
3776,15.178300857543945
3777,15.167247772216797
3778,15.145277976989746
3779,14.973848342895508
3780,14.965805053710938
3781,14.980603218078613
3782,15.0083589553833
3783,15.010669708251953
3784,14.697525978088379
3785,14.959092140197754
3786,14.812676429748535
3787,14.986627578735352
3788,14.994632720947266
3789,14.67214584350586
3790,14.416675567626953
3791,14.468476295471191
3792,14.326841354370117
3793,14.533973693847656
3794,14.748248100280762
3795,14.639704704284668
3796,14.596264839172363
3797,14.60170841217041
3798,14.574003219604492
3799,14.345013618469238
3800,14.32861328125
3801,14.247129440307617
3802,14.338458061218262
3803,14.313673973083496
3804,14.410667419433594
3805,14.32419204711914
3806,14.262055397033691
3807,14.203692436218262
3808,14.19497013092041
3809,14.176436424255371
3810,14.184248924255371
3811,14.184017181396484
3812,14.190443992614746
3813,14.251869201660156
3814,14.247823715209961
3815,14.179274559020996
3816,14.087574005126953
3817,14.148000717163086
3818,14.172283172607422
3819,14.203922271728516
3820,14.206657409667969
3821,14.15225601196289
3822,14.139191627502441
3823,14.123337745666504
3824,14.105655670166016
3825,14.09522533416748
3826,14.081509590148926
3827,14.076038360595703
3828,14.088056564331055
3829,14.096762657165527
3830,14.48489761352539
3831,14.512886047363281
3832,14.577247619628906
3833,14.675421714782715
3834,14.686349868774414
3835,14.713956832885742
3836,14.73132610321045
3837,14.68105411529541
3838,14.74528694152832
3839,14.718849182128906
3840,14.960354804992676
3841,14.940927505493164
3842,14.850971221923828
3843,14.850287437438965
3844,14.74887466430664
3845,14.818524360656738
3846,14.838262557983398
3847,14.888964653015137
3848,14.74936580657959
3849,14.7920560836792
3850,14.559942245483398
3851,14.545805931091309
3852,14.6517972946167
3853,14.572148323059082
3854,14.52659797668457
3855,14.812358856201172
3856,14.665104866027832
3857,14.857381820678711
3858,14.836221694946289
3859,14.88388442993164
3860,14.927743911743164
3861,14.779242515563965
3862,14.816011428833008
3863,14.728240966796875
3864,14.708525657653809
3865,14.883255004882812
3866,14.74348258972168
3867,14.90422534942627
3868,14.913524627685547
3869,14.849721908569336
3870,14.739469528198242
3871,14.72768783569336
3872,14.834263801574707
3873,14.724716186523438
3874,14.791906356811523
3875,14.721504211425781
3876,14.702899932861328
3877,14.702262878417969
3878,14.757861137390137
3879,14.823209762573242
3880,14.811954498291016
3881,14.9320707321167
3882,14.83932876586914
3883,14.801448822021484
3884,15.195740699768066
3885,15.207725524902344
3886,15.37794303894043
3887,15.443602561950684
3888,15.38391399383545
3889,15.511448860168457
3890,15.457497596740723
3891,15.438746452331543
3892,15.419361114501953
3893,15.338777542114258
3894,15.397220611572266
3895,15.3751220703125
3896,15.437936782836914
3897,15.49246883392334
3898,15.398536682128906
3899,15.41508960723877
3900,15.402548789978027
3901,15.26679801940918
3902,15.265300750732422
3903,15.25050163269043
3904,15.31673526763916
3905,15.268810272216797
3906,15.252861022949219
3907,15.175561904907227
3908,15.166528701782227
3909,15.34512996673584
3910,15.343682289123535
3911,15.327470779418945
3912,15.449304580688477
3913,15.474052429199219
3914,15.449631690979004
3915,15.399595260620117
3916,15.298471450805664
3917,15.299792289733887
3918,15.163355827331543
3919,15.221122741699219
3920,15.349159240722656
3921,15.340208053588867
3922,15.253936767578125
3923,15.222332000732422
3924,15.113072395324707
3925,15.300728797912598
3926,15.382469177246094
3927,15.537205696105957
3928,15.570796966552734
3929,15.449556350708008
3930,15.414961814880371
3931,15.405067443847656
3932,15.439383506774902
3933,15.40390396118164
3934,15.587071418762207
3935,15.483237266540527
3936,15.602456092834473
3937,15.605315208435059
3938,15.456887245178223
3939,15.509326934814453
3940,15.579078674316406
3941,15.587993621826172
3942,15.574026107788086
3943,15.516719818115234
3944,15.20729923248291
3945,15.238008499145508
3946,15.173896789550781
3947,15.160908699035645
3948,15.208098411560059
3949,15.205456733703613
3950,15.251795768737793
3951,15.299135208129883
3952,15.301475524902344
3953,15.435945510864258
3954,15.440906524658203
3955,15.469615936279297
3956,15.414286613464355
3957,15.443796157836914
3958,15.583757400512695
3959,15.49506664276123
3960,15.489981651306152
3961,15.484199523925781
3962,15.412691116333008
3963,15.33707046508789
3964,15.347590446472168
3965,15.334280967712402
3966,15.39871883392334
3967,15.47551155090332
3968,15.500812530517578
3969,15.513086318969727
3970,15.493912696838379
3971,15.477453231811523
3972,15.46854305267334
3973,15.432791709899902
3974,15.431246757507324
3975,15.437108993530273
3976,15.3738374710083
3977,15.353585243225098
3978,15.344022750854492
3979,15.341419219970703
3980,15.310463905334473
3981,15.285118103027344
3982,15.259567260742188
3983,15.124137878417969
3984,15.215302467346191
3985,15.080079078674316
3986,15.179390907287598
3987,15.027111053466797
3988,15.000554084777832
3989,14.959906578063965
3990,14.961820602416992
3991,14.962684631347656
3992,14.696621894836426
3993,14.7970552444458
3994,14.859885215759277
3995,14.802379608154297
3996,14.60596752166748
3997,14.48452091217041
3998,14.537511825561523
3999,14.508033752441406
