,0
0,19.405088424682617
1,19.4325008392334
2,19.42220687866211
3,19.440208435058594
4,19.431344985961914
5,19.434778213500977
6,19.534914016723633
7,19.535429000854492
8,19.50339698791504
9,19.494003295898438
10,19.486343383789062
11,19.52669334411621
12,19.477672576904297
13,19.4783935546875
14,19.467885971069336
15,19.515254974365234
16,19.614824295043945
17,19.601699829101562
18,19.590862274169922
19,19.595571517944336
20,19.663715362548828
21,19.639781951904297
22,19.603557586669922
23,19.577085494995117
24,19.617921829223633
25,19.65791893005371
26,19.617849349975586
27,19.634933471679688
28,19.60272216796875
29,19.593414306640625
30,19.595731735229492
31,19.57030487060547
32,19.535507202148438
33,19.555585861206055
34,19.56432342529297
35,19.557748794555664
36,19.559349060058594
37,19.629047393798828
38,19.618030548095703
39,19.636363983154297
40,19.613971710205078
41,19.59437370300293
42,19.604738235473633
43,19.59212303161621
44,19.569334030151367
45,19.567642211914062
46,19.557361602783203
47,19.4925594329834
48,19.472179412841797
49,19.47981834411621
50,19.486520767211914
51,19.499988555908203
52,19.417402267456055
53,19.420856475830078
54,19.40057373046875
55,19.634496688842773
56,19.669878005981445
57,19.709178924560547
58,19.69965362548828
59,19.706192016601562
60,19.756227493286133
61,19.731609344482422
62,19.715160369873047
63,19.71833038330078
64,19.719013214111328
65,19.72012710571289
66,19.703231811523438
67,19.678258895874023
68,19.69424819946289
69,19.636741638183594
70,19.649951934814453
71,19.600797653198242
72,19.677383422851562
73,19.655715942382812
74,19.43996238708496
75,19.54857063293457
76,19.547321319580078
77,19.48853302001953
78,19.453248977661133
79,19.414268493652344
80,19.46465301513672
81,19.543975830078125
82,19.482349395751953
83,19.62367057800293
84,19.681650161743164
85,19.693592071533203
86,19.671703338623047
87,19.705358505249023
88,19.70771026611328
89,19.720611572265625
90,19.70778465270996
91,19.71013832092285
92,19.70443344116211
93,19.701330184936523
94,19.724058151245117
95,19.707529067993164
96,19.690399169921875
97,19.726459503173828
98,19.74366569519043
99,19.773582458496094
100,19.75714111328125
101,19.785219192504883
102,19.726778030395508
103,19.656112670898438
104,19.71708106994629
105,19.745302200317383
106,19.757869720458984
107,19.81785774230957
108,19.806550979614258
109,19.855154037475586
110,19.841978073120117
111,19.841583251953125
112,19.863693237304688
113,19.840484619140625
114,19.828880310058594
115,19.80231285095215
116,19.775985717773438
117,19.792268753051758
118,19.786958694458008
119,19.733922958374023
120,19.80602264404297
121,19.80438804626465
122,19.846817016601562
123,19.819923400878906
124,19.811935424804688
125,19.81568145751953
126,19.804235458374023
127,19.798065185546875
128,19.745954513549805
129,19.682645797729492
130,19.696197509765625
131,19.641979217529297
132,19.541973114013672
133,19.48891258239746
134,19.519014358520508
135,19.589855194091797
136,19.565956115722656
137,19.54765510559082
138,19.5776424407959
139,19.516921997070312
140,19.417272567749023
141,19.35152816772461
142,19.293365478515625
143,19.217281341552734
144,19.025575637817383
145,19.00031852722168
146,19.12421989440918
147,19.35637092590332
148,19.29241943359375
149,19.118194580078125
150,19.217187881469727
151,19.327482223510742
152,19.37071418762207
153,19.42377471923828
154,19.431840896606445
155,19.39091682434082
156,19.54397201538086
157,19.177722930908203
158,19.121719360351562
159,19.106964111328125
160,19.068937301635742
161,19.030349731445312
162,18.984479904174805
163,19.001819610595703
164,18.96265411376953
165,18.858089447021484
166,18.857789993286133
167,18.952789306640625
168,18.97120475769043
169,19.046112060546875
170,19.18740463256836
171,18.94500732421875
172,19.151975631713867
173,19.22923469543457
174,19.27495574951172
175,19.248249053955078
176,19.249820709228516
177,19.32647705078125
178,19.31439971923828
179,19.36433982849121
180,19.349191665649414
181,19.32217788696289
182,19.071552276611328
183,19.23571014404297
184,19.278154373168945
185,19.342771530151367
186,19.37122344970703
187,19.40814971923828
188,19.47610092163086
189,19.35296058654785
190,19.396482467651367
191,19.46976661682129
192,19.428667068481445
193,19.45369529724121
194,19.496225357055664
195,19.47374725341797
196,19.428871154785156
197,19.51347541809082
198,19.4302978515625
199,19.46986198425293
200,19.48587417602539
201,19.477264404296875
202,19.451976776123047
203,19.497411727905273
204,19.51246452331543
205,19.626991271972656
206,19.652027130126953
207,19.66228485107422
208,19.613868713378906
209,19.623512268066406
210,19.62935447692871
211,19.652578353881836
212,19.63355255126953
213,19.646835327148438
214,19.68229103088379
215,19.6603946685791
216,19.67668342590332
217,19.6343936920166
218,19.64391326904297
219,19.60390281677246
220,19.66804313659668
221,19.631807327270508
222,19.54266357421875
223,19.512624740600586
224,19.70772933959961
225,19.699861526489258
226,19.735212326049805
227,19.72205352783203
228,19.7541446685791
229,19.732929229736328
230,19.734140396118164
231,19.653156280517578
232,19.675457000732422
233,19.70976448059082
234,19.71132469177246
235,19.698501586914062
236,19.683813095092773
237,19.682109832763672
238,19.603981018066406
239,19.609638214111328
240,19.600326538085938
241,19.616731643676758
242,19.605634689331055
243,19.5953426361084
244,19.576431274414062
245,19.565481185913086
246,19.56386947631836
247,19.60087013244629
248,19.59371566772461
249,19.61437225341797
250,19.59108543395996
251,19.576013565063477
252,19.537395477294922
253,19.653532028198242
254,19.646564483642578
255,19.69261932373047
256,19.735729217529297
257,19.72368621826172
258,19.724750518798828
259,19.726177215576172
260,19.727489471435547
261,19.716020584106445
262,19.73086166381836
263,19.727943420410156
264,19.63947868347168
265,19.740352630615234
266,19.73106575012207
267,19.743146896362305
268,19.73043441772461
269,19.6170654296875
270,19.605304718017578
271,19.59488868713379
272,19.63493537902832
273,19.611740112304688
274,19.653295516967773
275,19.642908096313477
276,19.577728271484375
277,19.576784133911133
278,19.5904483795166
279,19.591543197631836
280,19.651058197021484
281,19.711814880371094
282,19.72986602783203
283,19.70174789428711
284,19.698213577270508
285,19.777732849121094
286,19.767942428588867
287,19.744359970092773
288,19.707494735717773
289,19.69947624206543
290,19.742563247680664
291,19.763835906982422
292,19.73369598388672
293,19.781259536743164
294,19.78241539001465
295,19.804914474487305
296,19.770610809326172
297,19.78567886352539
298,19.78130531311035
299,19.763713836669922
300,19.746145248413086
301,19.630430221557617
302,19.635272979736328
303,19.614219665527344
304,19.477293014526367
305,19.541534423828125
306,19.55136489868164
307,19.709659576416016
308,19.737512588500977
309,19.736103057861328
310,19.66758918762207
311,19.67038345336914
312,19.64064598083496
313,19.580242156982422
314,19.65377426147461
315,19.629762649536133
316,19.6392822265625
317,19.1668643951416
318,19.013687133789062
319,18.466123580932617
320,18.114459991455078
321,17.980365753173828
322,17.945158004760742
323,17.94008445739746
324,17.958131790161133
325,18.004371643066406
326,17.98320770263672
327,18.22032356262207
328,18.274917602539062
329,18.197248458862305
330,18.40863609313965
331,18.410844802856445
332,18.151044845581055
333,18.345975875854492
334,18.28953742980957
335,18.333580017089844
336,18.359678268432617
337,18.209627151489258
338,18.075180053710938
339,18.006118774414062
340,18.028827667236328
341,18.13996124267578
342,18.09005355834961
343,18.017215728759766
344,17.92395782470703
345,17.909765243530273
346,17.763376235961914
347,17.72286605834961
348,17.717744827270508
349,17.955364227294922
350,18.009654998779297
351,17.78754234313965
352,17.735937118530273
353,17.762794494628906
354,17.774246215820312
355,17.779144287109375
356,17.82097816467285
357,17.951763153076172
358,18.101457595825195
359,17.984962463378906
360,18.013893127441406
361,18.18018913269043
362,18.197124481201172
363,18.211652755737305
364,18.213199615478516
365,18.087894439697266
366,18.107954025268555
367,18.2941951751709
368,18.266263961791992
369,18.392126083374023
370,18.4174861907959
371,18.46783447265625
372,18.477886199951172
373,18.637556076049805
374,18.680089950561523
375,18.66319465637207
376,18.689802169799805
377,18.855510711669922
378,18.9255428314209
379,18.957412719726562
380,18.874164581298828
381,18.83486557006836
382,18.829904556274414
383,18.77365493774414
384,18.843286514282227
385,18.842958450317383
386,18.784814834594727
387,18.8526668548584
388,18.759754180908203
389,18.96227264404297
390,19.021329879760742
391,19.051393508911133
392,19.011085510253906
393,18.992210388183594
394,18.974445343017578
395,18.896034240722656
396,19.043132781982422
397,19.03511619567871
398,19.054040908813477
399,18.960840225219727
400,18.721343994140625
401,18.454893112182617
402,18.255535125732422
403,18.294315338134766
404,18.186338424682617
405,18.06258773803711
406,18.019426345825195
407,18.09290885925293
408,18.11253547668457
409,18.081787109375
410,18.187095642089844
411,18.245880126953125
412,18.491954803466797
413,18.58694076538086
414,18.568910598754883
415,18.519386291503906
416,18.363908767700195
417,18.570592880249023
418,18.49709701538086
419,18.614755630493164
420,18.590892791748047
421,18.529298782348633
422,18.47174835205078
423,18.547393798828125
424,18.634668350219727
425,18.535274505615234
426,18.539714813232422
427,18.595565795898438
428,18.790630340576172
429,18.90040397644043
430,18.6395320892334
431,18.376676559448242
432,18.422670364379883
433,18.728727340698242
434,18.75161361694336
435,18.76859474182129
436,18.768951416015625
437,18.647380828857422
438,18.785457611083984
439,18.81689453125
440,18.816463470458984
441,18.757137298583984
442,18.710662841796875
443,18.851913452148438
444,18.720684051513672
445,18.79451560974121
446,18.691654205322266
447,18.87452507019043
448,18.891292572021484
449,18.922719955444336
450,18.81624984741211
451,18.92171287536621
452,18.80325698852539
453,18.842418670654297
454,18.547897338867188
455,18.690763473510742
456,18.780166625976562
457,18.705060958862305
458,18.682889938354492
459,18.8599853515625
460,18.965862274169922
461,18.98110008239746
462,18.985689163208008
463,19.002233505249023
464,18.885156631469727
465,18.935535430908203
466,18.989439010620117
467,18.89302635192871
468,18.962610244750977
469,18.835208892822266
470,18.817480087280273
471,18.795557022094727
472,18.885568618774414
473,18.83260154724121
474,18.924341201782227
475,18.915454864501953
476,18.85637092590332
477,18.885190963745117
478,18.807647705078125
479,19.015695571899414
480,18.907489776611328
481,19.1324462890625
482,19.21696662902832
483,19.31358528137207
484,19.29878044128418
485,19.363121032714844
486,19.30933952331543
487,19.306087493896484
488,19.344715118408203
489,19.34190559387207
490,19.382720947265625
491,19.23851776123047
492,19.26940155029297
493,19.23894691467285
494,19.08462142944336
495,19.03064727783203
496,19.00164794921875
497,18.962783813476562
498,18.96990203857422
499,18.990901947021484
500,18.175010681152344
501,18.022663116455078
502,18.08282470703125
503,17.978639602661133
504,17.770572662353516
505,17.675020217895508
506,17.558795928955078
507,17.507972717285156
508,17.36659049987793
509,17.476242065429688
510,17.861101150512695
511,17.709453582763672
512,17.907487869262695
513,17.678558349609375
514,18.16168975830078
515,17.87004280090332
516,18.126667022705078
517,18.182401657104492
518,18.253341674804688
519,18.113744735717773
520,17.81043243408203
521,17.73402214050293
522,18.36551856994629
523,18.22983741760254
524,18.08587646484375
525,18.120027542114258
526,18.184518814086914
527,18.17168426513672
528,18.249238967895508
529,18.173982620239258
530,17.905895233154297
531,17.9478759765625
532,18.39271354675293
533,18.49591636657715
534,18.35917854309082
535,18.528501510620117
536,18.505876541137695
537,18.604623794555664
538,17.95090675354004
539,18.161794662475586
540,18.939510345458984
541,18.89975929260254
542,18.846527099609375
543,18.79448127746582
544,18.891071319580078
545,18.876211166381836
546,18.117042541503906
547,18.531766891479492
548,18.473787307739258
549,18.13964080810547
550,18.4483642578125
551,18.120908737182617
552,18.576141357421875
553,18.75666618347168
554,19.047056198120117
555,18.414426803588867
556,18.39978790283203
557,18.677946090698242
558,18.79755973815918
559,19.15947723388672
560,19.151731491088867
561,19.079896926879883
562,19.150012969970703
563,18.75816535949707
564,18.824951171875
565,19.125944137573242
566,19.14803123474121
567,19.206974029541016
568,19.22803497314453
569,19.285675048828125
570,19.357481002807617
571,19.456392288208008
572,19.456392288208008
573,19.41599464416504
574,19.40489387512207
575,19.361934661865234
576,19.341617584228516
577,18.903316497802734
578,19.364450454711914
579,19.338808059692383
580,19.29140853881836
581,18.9149227142334
582,19.262222290039062
583,19.200864791870117
584,19.202123641967773
585,19.03382682800293
586,19.364398956298828
587,18.781274795532227
588,18.784870147705078
589,19.28546905517578
590,19.19894790649414
591,19.243650436401367
592,19.317934036254883
593,19.233715057373047
594,19.352224349975586
595,19.329097747802734
596,19.282590866088867
597,19.33496856689453
598,19.336023330688477
599,19.401090621948242
600,19.3996524810791
601,19.413063049316406
602,19.426021575927734
603,19.258533477783203
604,19.53610610961914
605,19.534761428833008
606,19.573022842407227
607,19.54296112060547
608,19.28545570373535
609,19.492534637451172
610,19.28806495666504
611,19.476444244384766
612,19.544845581054688
613,19.28850746154785
614,19.473133087158203
615,19.464580535888672
616,19.273447036743164
617,19.1806697845459
618,19.302045822143555
619,19.12773895263672
620,19.079322814941406
621,19.08832359313965
622,19.016748428344727
623,19.031591415405273
624,19.13538932800293
625,19.10449981689453
626,19.04978370666504
627,19.04044532775879
628,19.01228904724121
629,19.182531356811523
630,19.10865592956543
631,19.00331687927246
632,18.810964584350586
633,18.79000473022461
634,18.524829864501953
635,18.438230514526367
636,18.218820571899414
637,18.058687210083008
638,18.047956466674805
639,18.056102752685547
640,17.94080352783203
641,18.09926986694336
642,18.09246826171875
643,17.95401954650879
644,18.32636070251465
645,18.61039161682129
646,18.926605224609375
647,18.870647430419922
648,18.72421646118164
649,18.53603744506836
650,18.234302520751953
651,18.13180923461914
652,18.30432891845703
653,18.230606079101562
654,18.16025161743164
655,18.104000091552734
656,18.37046241760254
657,18.425609588623047
658,18.534244537353516
659,18.490966796875
660,18.795635223388672
661,18.922998428344727
662,18.988508224487305
663,18.918554306030273
664,18.962312698364258
665,18.982847213745117
666,18.99882698059082
667,18.366519927978516
668,19.019878387451172
669,19.000961303710938
670,18.49999237060547
671,18.512277603149414
672,18.326753616333008
673,18.402315139770508
674,18.52198028564453
675,18.70250701904297
676,18.780614852905273
677,18.663209915161133
678,18.632129669189453
679,18.60280990600586
680,18.774709701538086
681,18.811750411987305
682,18.806129455566406
683,18.774736404418945
684,18.55791664123535
685,18.340030670166016
686,18.12555503845215
687,17.90640640258789
688,17.78435707092285
689,17.614965438842773
690,17.4957275390625
691,17.332176208496094
692,17.198488235473633
693,17.15033721923828
694,17.484621047973633
695,17.440385818481445
696,17.421985626220703
697,17.53151512145996
698,17.808774948120117
699,17.734975814819336
700,17.639196395874023
701,17.4643611907959
702,17.450439453125
703,17.768417358398438
704,17.574378967285156
705,17.429649353027344
706,17.332544326782227
707,17.348033905029297
708,17.28676986694336
709,17.25356101989746
710,17.2762451171875
711,17.444177627563477
712,17.6793270111084
713,17.43022346496582
714,17.382869720458984
715,17.359102249145508
716,17.281057357788086
717,17.244409561157227
718,17.124372482299805
719,17.11808204650879
720,17.12841033935547
721,17.205467224121094
722,17.158267974853516
723,17.153650283813477
724,17.180404663085938
725,17.204174041748047
726,17.764835357666016
727,17.593671798706055
728,17.84219741821289
729,17.839101791381836
730,17.9779109954834
731,17.73747444152832
732,17.805511474609375
733,17.473995208740234
734,17.64371109008789
735,17.34474754333496
736,17.245580673217773
737,17.244722366333008
738,17.67938995361328
739,17.613183975219727
740,18.008039474487305
741,17.737089157104492
742,17.668132781982422
743,17.911705017089844
744,18.145992279052734
745,18.35982322692871
746,18.251949310302734
747,18.174968719482422
748,17.86818504333496
749,17.725915908813477
750,17.58685302734375
751,17.07302474975586
752,16.746789932250977
753,16.71402931213379
754,16.754459381103516
755,16.876338958740234
756,16.985767364501953
757,16.868452072143555
758,16.688688278198242
759,16.670778274536133
760,16.7080078125
761,16.72528076171875
762,16.882444381713867
763,16.66697120666504
764,16.756025314331055
765,16.836721420288086
766,16.89398193359375
767,16.697734832763672
768,16.634990692138672
769,16.626842498779297
770,16.59917449951172
771,16.62297248840332
772,16.628284454345703
773,16.59250259399414
774,16.526782989501953
775,16.662517547607422
776,16.80699920654297
777,16.981081008911133
778,16.424856185913086
779,16.266006469726562
780,16.39836883544922
781,16.423913955688477
782,16.437957763671875
783,16.568254470825195
784,16.56007194519043
785,16.58665657043457
786,16.580097198486328
787,16.57769775390625
788,16.505855560302734
789,16.700925827026367
790,16.75849151611328
791,16.75734519958496
792,16.69477653503418
793,16.978485107421875
794,16.929353713989258
795,16.821552276611328
796,17.09525489807129
797,17.223323822021484
798,17.220943450927734
799,17.285472869873047
800,17.258716583251953
801,17.320554733276367
802,17.258678436279297
803,17.192096710205078
804,17.097867965698242
805,16.713003158569336
806,16.495607376098633
807,16.423555374145508
808,16.446367263793945
809,16.455751419067383
810,16.443479537963867
811,16.409597396850586
812,16.409381866455078
813,16.44225311279297
814,16.493167877197266
815,16.520587921142578
816,16.680171966552734
817,16.781753540039062
818,16.82536506652832
819,16.792997360229492
820,16.690458297729492
821,16.722318649291992
822,16.659578323364258
823,16.805601119995117
824,16.866228103637695
825,16.79263687133789
826,16.919031143188477
827,17.02133560180664
828,16.750051498413086
829,16.87657356262207
830,16.59878158569336
831,16.689125061035156
832,16.81222915649414
833,17.072002410888672
834,16.725643157958984
835,16.565998077392578
836,16.471281051635742
837,16.413087844848633
838,16.405733108520508
839,16.396554946899414
840,16.390579223632812
841,16.364641189575195
842,16.377016067504883
843,16.382658004760742
844,16.573835372924805
845,16.46836280822754
846,16.53173065185547
847,16.438196182250977
848,16.56355094909668
849,16.594045639038086
850,16.63511085510254
851,16.62447166442871
852,16.49711799621582
853,16.694656372070312
854,16.58477210998535
855,16.5314884185791
856,16.744104385375977
857,16.697996139526367
858,16.642358779907227
859,16.705772399902344
860,16.954776763916016
861,17.06847381591797
862,17.510467529296875
863,17.63934326171875
864,17.786544799804688
865,17.780498504638672
866,17.441883087158203
867,17.339570999145508
868,17.284896850585938
869,17.507015228271484
870,17.023212432861328
871,17.456069946289062
872,17.25624656677246
873,17.092132568359375
874,16.965259552001953
875,16.853618621826172
876,16.795915603637695
877,16.72072982788086
878,16.695552825927734
879,16.672256469726562
880,16.6494197845459
881,16.569522857666016
882,16.524364471435547
883,16.47079086303711
884,16.479894638061523
885,16.46004867553711
886,16.365150451660156
887,16.210094451904297
888,16.251144409179688
889,16.326515197753906
890,16.335874557495117
891,16.25804901123047
892,16.221927642822266
893,16.175085067749023
894,16.1876220703125
895,16.184816360473633
896,16.185575485229492
897,16.14055633544922
898,16.198720932006836
899,16.23076820373535
900,16.19853401184082
901,16.29401206970215
902,16.279817581176758
903,16.184328079223633
904,16.23445701599121
905,16.16761589050293
906,16.27423667907715
907,16.366683959960938
908,16.41868782043457
909,16.449888229370117
910,16.61989974975586
911,16.51091957092285
912,16.488142013549805
913,16.566892623901367
914,16.660123825073242
915,16.628820419311523
916,16.727567672729492
917,16.7044677734375
918,16.79414939880371
919,16.770893096923828
920,16.804033279418945
921,16.781633377075195
922,16.6790771484375
923,16.453956604003906
924,16.385631561279297
925,16.35002326965332
926,16.328453063964844
927,16.291275024414062
928,16.280794143676758
929,16.250843048095703
930,16.246246337890625
931,16.195619583129883
932,16.198835372924805
933,16.215085983276367
934,16.143627166748047
935,16.0721492767334
936,16.11531639099121
937,16.044403076171875
938,16.055988311767578
939,16.051424026489258
940,16.11362075805664
941,16.124895095825195
942,16.123401641845703
943,16.158327102661133
944,16.004446029663086
945,16.047399520874023
946,15.95734977722168
947,15.972455024719238
948,16.006683349609375
949,16.018898010253906
950,16.065000534057617
951,16.10321044921875
952,16.06422233581543
953,16.055683135986328
954,16.165203094482422
955,16.158855438232422
956,16.215377807617188
957,16.16742515563965
958,16.18761444091797
959,16.16547203063965
960,16.16698455810547
961,16.125333786010742
962,16.12250328063965
963,16.116289138793945
964,16.092702865600586
965,16.091960906982422
966,16.081960678100586
967,16.03530502319336
968,16.12994384765625
969,16.122604370117188
970,16.1358642578125
971,16.093217849731445
972,16.06769371032715
973,16.06235122680664
974,16.037837982177734
975,15.987139701843262
976,15.988956451416016
977,16.004711151123047
978,16.0368595123291
979,16.0338191986084
980,16.051733016967773
981,16.054584503173828
982,16.07554817199707
983,16.064754486083984
984,16.048181533813477
985,16.056188583374023
986,16.043838500976562
987,16.016389846801758
988,16.00631332397461
989,16.01112937927246
990,15.997920036315918
991,16.002506256103516
992,15.996423721313477
993,15.995199203491211
994,16.073244094848633
995,16.178123474121094
996,16.186071395874023
997,16.27120590209961
998,16.301101684570312
999,16.25326919555664
1000,15.61697769165039
1001,15.636333465576172
1002,15.584754943847656
1003,15.583045959472656
1004,15.57755184173584
1005,15.555435180664062
1006,15.568296432495117
1007,15.570630073547363
1008,15.542033195495605
1009,15.52249813079834
1010,15.319221496582031
1011,15.262028694152832
1012,15.417548179626465
1013,15.538412094116211
1014,15.547378540039062
1015,15.508950233459473
1016,15.530406951904297
1017,15.617801666259766
1018,15.542524337768555
1019,15.52981185913086
1020,15.533469200134277
1021,15.302276611328125
1022,15.459399223327637
1023,15.259472846984863
1024,15.4254150390625
1025,15.517645835876465
1026,15.593177795410156
1027,15.588321685791016
1028,15.591743469238281
1029,15.542095184326172
1030,15.535444259643555
1031,15.608814239501953
1032,15.60700798034668
1033,15.544873237609863
1034,15.53374195098877
1035,15.531351089477539
1036,15.521007537841797
1037,15.505792617797852
1038,15.483161926269531
1039,15.226186752319336
1040,15.152324676513672
1041,15.14388656616211
1042,15.093507766723633
1043,15.09050464630127
1044,15.071027755737305
1045,14.995285987854004
1046,14.954776763916016
1047,14.950027465820312
1048,14.789271354675293
1049,14.729765892028809
1050,14.933463096618652
1051,15.084650993347168
1052,14.897128105163574
1053,15.124918937683105
1054,15.054176330566406
1055,15.393714904785156
1056,15.573603630065918
1057,15.586297035217285
1058,15.621036529541016
1059,15.570697784423828
1060,15.639012336730957
1061,15.64130687713623
1062,15.648885726928711
1063,15.651148796081543
1064,15.637162208557129
1065,15.653797149658203
1066,15.640606880187988
1067,15.594643592834473
1068,15.588245391845703
1069,15.652111053466797
1070,15.658552169799805
1071,15.611135482788086
1072,15.603198051452637
1073,15.608026504516602
1074,15.603582382202148
1075,15.554750442504883
1076,15.581000328063965
1077,15.317373275756836
1078,15.277267456054688
1079,15.26402759552002
1080,15.206380844116211
1081,15.162165641784668
1082,15.160128593444824
1083,15.142721176147461
1084,15.15233325958252
1085,15.160290718078613
1086,15.147734642028809
1087,15.210382461547852
1088,15.155839920043945
1089,15.195480346679688
1090,15.15316390991211
1091,15.278884887695312
1092,15.382805824279785
1093,15.143675804138184
1094,15.320055961608887
1095,15.377588272094727
1096,15.212501525878906
1097,15.044583320617676
1098,14.956761360168457
1099,15.205658912658691
1100,15.236945152282715
1101,15.242682456970215
1102,14.974686622619629
1103,15.069869041442871
1104,14.973978996276855
1105,15.112015724182129
1106,15.145397186279297
1107,15.036422729492188
1108,15.031638145446777
1109,14.86566162109375
1110,14.820651054382324
1111,14.774295806884766
1112,15.090123176574707
1113,14.83696174621582
1114,14.77843189239502
1115,14.603251457214355
1116,14.51357650756836
1117,14.466768264770508
1118,14.610272407531738
1119,14.863982200622559
1120,15.264985084533691
1121,15.48940372467041
1122,15.371831893920898
1123,15.220101356506348
1124,15.467065811157227
1125,15.394206047058105
1126,15.49467658996582
1127,15.501750946044922
1128,15.50565242767334
1129,15.581161499023438
1130,15.321051597595215
1131,15.589792251586914
1132,15.61061954498291
1133,15.553534507751465
1134,15.491195678710938
1135,15.377524375915527
1136,15.426088333129883
1137,15.338790893554688
1138,15.265118598937988
1139,15.335725784301758
1140,15.259008407592773
1141,15.026130676269531
1142,14.972295761108398
1143,14.951894760131836
1144,14.981362342834473
1145,14.971389770507812
1146,14.977267265319824
1147,14.990439414978027
1148,15.319011688232422
1149,15.334060668945312
1150,15.425804138183594
1151,15.346484184265137
1152,15.475199699401855
1153,15.542457580566406
1154,15.573451042175293
1155,15.573258399963379
1156,15.042510986328125
1157,14.833401679992676
1158,14.744536399841309
1159,14.748470306396484
1160,15.017157554626465
1161,15.14129638671875
1162,15.303669929504395
1163,15.55020523071289
1164,15.596418380737305
1165,15.61018180847168
1166,15.615034103393555
1167,15.622154235839844
1168,15.621932029724121
1169,15.618316650390625
1170,15.622802734375
1171,15.627494812011719
1172,15.627433776855469
1173,15.628730773925781
1174,15.625691413879395
1175,15.567752838134766
1176,15.485062599182129
1177,15.536515235900879
1178,15.503037452697754
1179,15.360173225402832
1180,15.265021324157715
1181,15.233988761901855
1182,15.259105682373047
1183,15.596505165100098
1184,15.565710067749023
1185,15.532804489135742
1186,15.583717346191406
1187,15.566488265991211
1188,15.55753231048584
1189,15.574873924255371
1190,15.627967834472656
1191,15.646289825439453
1192,15.597970008850098
1193,15.5888671875
1194,15.578173637390137
1195,15.56908130645752
1196,15.551874160766602
1197,15.516459465026855
1198,15.528100967407227
1199,15.269829750061035
1200,15.401986122131348
1201,15.390534400939941
1202,15.423579216003418
1203,15.419351577758789
1204,15.430119514465332
1205,15.227112770080566
1206,15.224995613098145
1207,15.517318725585938
1208,15.428592681884766
1209,15.482792854309082
1210,15.109416007995605
1211,15.248613357543945
1212,15.597665786743164
1213,15.635525703430176
1214,15.622696876525879
1215,15.580020904541016
1216,15.575129508972168
1217,15.576411247253418
1218,15.573012351989746
1219,15.576339721679688
1220,15.587011337280273
1221,15.624503135681152
1222,15.61652946472168
1223,15.60831356048584
1224,15.605609893798828
1225,15.5632905960083
1226,15.513467788696289
1227,15.51357364654541
1228,15.614373207092285
1229,15.590022087097168
1230,15.608583450317383
1231,15.60677719116211
1232,15.552741050720215
1233,15.529755592346191
1234,15.548322677612305
1235,15.529778480529785
1236,15.522342681884766
1237,15.289881706237793
1238,15.189671516418457
1239,15.193382263183594
1240,15.152491569519043
1241,15.147812843322754
1242,15.089427947998047
1243,15.110003471374512
1244,15.091731071472168
1245,15.082747459411621
1246,15.022465705871582
1247,15.085558891296387
1248,15.137434959411621
1249,15.10208797454834
1250,15.113285064697266
1251,15.154566764831543
1252,15.130029678344727
1253,15.18886661529541
1254,15.103540420532227
1255,15.099493980407715
1256,15.007244110107422
1257,15.200034141540527
1258,15.158230781555176
1259,15.248750686645508
1260,15.498534202575684
1261,15.336627960205078
1262,15.495540618896484
1263,15.49412727355957
1264,15.006698608398438
1265,14.968119621276855
1266,14.857011795043945
1267,14.797090530395508
1268,14.863408088684082
1269,14.875187873840332
1270,14.885973930358887
1271,14.971961975097656
1272,15.123806953430176
1273,15.158424377441406
1274,15.313755989074707
1275,15.329720497131348
1276,15.492572784423828
1277,15.505138397216797
1278,15.523442268371582
1279,15.413993835449219
1280,15.406039237976074
1281,15.39710807800293
1282,15.164145469665527
1283,15.209254264831543
1284,15.12499713897705
1285,15.017867088317871
1286,15.00173282623291
1287,15.01977825164795
1288,15.121987342834473
1289,15.142805099487305
1290,15.147619247436523
1291,15.067654609680176
1292,14.891101837158203
1293,15.05346965789795
1294,15.344480514526367
1295,15.360939979553223
1296,15.353516578674316
1297,15.035866737365723
1298,15.206186294555664
1299,15.131749153137207
1300,15.12893009185791
1301,15.33072280883789
1302,15.450566291809082
1303,15.456591606140137
1304,15.286699295043945
1305,15.54677677154541
1306,15.42884349822998
1307,15.584162712097168
1308,15.568812370300293
1309,15.598672866821289
1310,15.534164428710938
1311,15.579630851745605
1312,15.600570678710938
1313,15.600247383117676
1314,15.526372909545898
1315,15.51522159576416
1316,15.478072166442871
1317,15.461462020874023
1318,15.002750396728516
1319,14.937162399291992
1320,14.831866264343262
1321,14.878459930419922
1322,14.980945587158203
1323,14.864518165588379
1324,14.807132720947266
1325,14.771841049194336
1326,14.828681945800781
1327,14.78821086883545
1328,14.756025314331055
1329,14.767806053161621
1330,14.787398338317871
1331,14.784923553466797
1332,14.773322105407715
1333,14.908592224121094
1334,15.082520484924316
1335,14.991655349731445
1336,14.829340934753418
1337,14.75057601928711
1338,15.056707382202148
1339,15.19493293762207
1340,15.256481170654297
1341,15.448314666748047
1342,15.522869110107422
1343,15.431449890136719
1344,15.426929473876953
1345,14.578527450561523
1346,14.572961807250977
1347,14.529829978942871
1348,14.585063934326172
1349,14.538389205932617
1350,14.475964546203613
1351,14.461624145507812
1352,14.471630096435547
1353,14.456531524658203
1354,14.47368049621582
1355,14.523405075073242
1356,14.540637016296387
1357,14.542357444763184
1358,14.507078170776367
1359,14.518476486206055
1360,14.54316234588623
1361,14.82829761505127
1362,14.652488708496094
1363,14.516875267028809
1364,14.732288360595703
1365,14.944684982299805
1366,14.549325942993164
1367,14.534051895141602
1368,14.918850898742676
1369,14.541972160339355
1370,14.702982902526855
1371,14.61355209350586
1372,14.35893726348877
1373,14.303093910217285
1374,14.49475383758545
1375,14.682112693786621
1376,14.897209167480469
1377,14.6790189743042
1378,14.61291217803955
1379,14.737832069396973
1380,14.680024147033691
1381,14.624115943908691
1382,14.918724060058594
1383,14.916269302368164
1384,14.866134643554688
1385,14.649354934692383
1386,14.505435943603516
1387,14.56520938873291
1388,14.688119888305664
1389,14.467066764831543
1390,14.98919677734375
1391,15.442877769470215
1392,15.448257446289062
1393,15.063262939453125
1394,15.046692848205566
1395,14.788670539855957
1396,14.739391326904297
1397,14.732061386108398
1398,14.540266036987305
1399,14.546906471252441
1400,14.355875968933105
1401,14.4699125289917
1402,14.74995231628418
1403,15.453370094299316
1404,15.486167907714844
1405,15.496578216552734
1406,15.511164665222168
1407,15.468185424804688
1408,15.472299575805664
1409,15.512955665588379
1410,15.511469841003418
1411,15.516472816467285
1412,15.51508617401123
1413,15.471081733703613
1414,15.358355522155762
1415,15.340727806091309
1416,15.08670425415039
1417,14.652414321899414
1418,14.588468551635742
1419,14.681839942932129
1420,14.841483116149902
1421,14.538469314575195
1422,14.488235473632812
1423,14.449116706848145
1424,14.458709716796875
1425,14.437627792358398
1426,14.67530345916748
1427,14.8757905960083
1428,14.784012794494629
1429,14.627145767211914
1430,14.405781745910645
1431,14.371399879455566
1432,14.333829879760742
1433,14.282873153686523
1434,14.279644012451172
1435,14.265947341918945
1436,14.262877464294434
1437,14.252861976623535
1438,14.243829727172852
1439,14.241579055786133
1440,14.220511436462402
1441,14.230246543884277
1442,14.185318946838379
1443,14.179892539978027
1444,14.237871170043945
1445,14.194341659545898
1446,14.187052726745605
1447,14.188227653503418
1448,14.189205169677734
1449,14.182921409606934
1450,14.214177131652832
1451,14.322416305541992
1452,14.209443092346191
1453,14.155546188354492
1454,14.234246253967285
1455,14.359078407287598
1456,14.338993072509766
1457,15.070740699768066
1458,14.71243667602539
1459,14.755290985107422
1460,15.015048027038574
1461,15.046417236328125
1462,14.81762981414795
1463,15.200322151184082
1464,15.157779693603516
1465,15.158531188964844
1466,15.182175636291504
1467,15.163991928100586
1468,15.173202514648438
1469,15.29879093170166
1470,14.878576278686523
1471,14.40512752532959
1472,14.257611274719238
1473,14.221916198730469
1474,14.24083423614502
1475,14.246808052062988
1476,14.418088912963867
1477,14.4808988571167
1478,14.347886085510254
1479,14.309999465942383
1480,14.311081886291504
1481,14.179357528686523
1482,14.152312278747559
1483,14.123956680297852
1484,14.16336727142334
1485,14.13492488861084
1486,14.127466201782227
1487,14.132610321044922
1488,14.163524627685547
1489,14.16977310180664
1490,14.166391372680664
1491,14.311820983886719
1492,14.457374572753906
1493,14.338308334350586
1494,14.222765922546387
1495,14.517855644226074
1496,14.97205638885498
1497,14.690760612487793
1498,14.570671081542969
1499,14.557622909545898
1500,14.461668968200684
1501,14.749258995056152
1502,14.481816291809082
1503,14.288838386535645
1504,14.26850700378418
1505,14.112823486328125
1506,13.876188278198242
1507,14.65662956237793
1508,14.638900756835938
1509,14.651898384094238
1510,14.646954536437988
1511,14.663738250732422
1512,14.647034645080566
1513,14.650115013122559
1514,14.678308486938477
1515,14.673724174499512
1516,14.649998664855957
1517,14.710118293762207
1518,14.62488842010498
1519,14.737627029418945
1520,14.685930252075195
1521,14.490731239318848
1522,14.368542671203613
1523,14.646367073059082
1524,14.663782119750977
1525,14.660232543945312
1526,14.422713279724121
1527,14.685444831848145
1528,14.704935073852539
1529,14.752822875976562
1530,14.72587776184082
1531,14.696906089782715
1532,14.726076126098633
1533,14.750364303588867
1534,14.650443077087402
1535,14.313636779785156
1536,14.256669044494629
1537,14.62680435180664
1538,14.67652416229248
1539,14.69676399230957
1540,14.71524715423584
1541,14.453057289123535
1542,14.3934965133667
1543,14.266392707824707
1544,14.212713241577148
1545,14.19825267791748
1546,14.207819938659668
1547,14.229001998901367
1548,14.209906578063965
1549,14.277305603027344
1550,14.505690574645996
1551,14.352017402648926
1552,14.276472091674805
1553,14.381284713745117
1554,14.67016887664795
1555,14.570497512817383
1556,14.605958938598633
1557,14.183611869812012
1558,14.540842056274414
1559,14.149361610412598
1560,14.097957611083984
1561,14.259895324707031
1562,14.309051513671875
1563,14.462642669677734
1564,14.787522315979004
1565,14.706634521484375
1566,14.497591972351074
1567,14.676302909851074
1568,14.708255767822266
1569,14.70659351348877
1570,14.703956604003906
1571,14.67490291595459
1572,14.665535926818848
1573,14.636547088623047
1574,14.709473609924316
1575,14.654203414916992
1576,14.564695358276367
1577,14.668000221252441
1578,14.64593505859375
1579,14.634981155395508
1580,14.613873481750488
1581,14.688016891479492
1582,14.692436218261719
1583,14.749483108520508
1584,14.736799240112305
1585,14.733085632324219
1586,14.750587463378906
1587,14.734503746032715
1588,14.669632911682129
1589,14.745071411132812
1590,14.735631942749023
1591,14.776237487792969
1592,14.765569686889648
1593,14.748434066772461
1594,14.795755386352539
1595,14.764703750610352
1596,14.770734786987305
1597,14.777552604675293
1598,14.73698902130127
1599,14.779799461364746
1600,14.777949333190918
1601,14.754440307617188
1602,14.733929634094238
1603,14.74128246307373
1604,14.725807189941406
1605,14.71306037902832
1606,14.786881446838379
1607,14.783628463745117
1608,14.791216850280762
1609,14.762473106384277
1610,14.794172286987305
1611,14.803454399108887
1612,14.775854110717773
1613,14.781224250793457
1614,14.78550910949707
1615,14.615022659301758
1616,14.701265335083008
1617,14.671124458312988
1618,14.666792869567871
1619,14.660935401916504
1620,14.647724151611328
1621,14.629997253417969
1622,14.600593566894531
1623,14.660026550292969
1624,14.678404808044434
1625,14.752416610717773
1626,14.763904571533203
1627,14.796332359313965
1628,14.850237846374512
1629,14.8704252243042
1630,14.849447250366211
1631,14.837179183959961
1632,14.812283515930176
1633,14.8528470993042
1634,14.864947319030762
1635,14.819314002990723
1636,14.807435035705566
1637,14.633381843566895
1638,14.662529945373535
1639,14.712186813354492
1640,14.84552001953125
1641,14.838396072387695
1642,14.644068717956543
1643,14.530527114868164
1644,14.547403335571289
1645,14.38922119140625
1646,14.45505142211914
1647,14.592605590820312
1648,14.62547492980957
1649,14.680567741394043
1650,14.655417442321777
1651,14.658555030822754
1652,14.681483268737793
1653,14.749406814575195
1654,14.76220703125
1655,14.791829109191895
1656,14.771516799926758
1657,14.710031509399414
1658,14.683207511901855
1659,14.662394523620605
1660,14.752575874328613
1661,14.753911972045898
1662,14.587459564208984
1663,14.654119491577148
1664,14.487900733947754
1665,14.516883850097656
1666,14.452300071716309
1667,14.440149307250977
1668,14.449738502502441
1669,14.153963088989258
1670,14.068453788757324
1671,13.949054718017578
1672,13.874042510986328
1673,13.917275428771973
1674,14.161844253540039
1675,14.196969985961914
1676,14.336804389953613
1677,14.353617668151855
1678,14.208138465881348
1679,14.383726119995117
1680,14.564305305480957
1681,14.554466247558594
1682,14.576072692871094
1683,14.602446556091309
1684,14.394257545471191
1685,14.578363418579102
1686,14.270426750183105
1687,13.86762523651123
1688,13.831348419189453
1689,13.781268119812012
1690,13.993465423583984
1691,13.956068992614746
1692,13.875335693359375
1693,13.883448600769043
1694,13.855280876159668
1695,13.833006858825684
1696,13.561118125915527
1697,13.987894058227539
1698,14.163591384887695
1699,14.210783958435059
1700,14.244277954101562
1701,14.293623924255371
1702,14.731705665588379
1703,14.768305778503418
1704,14.793578147888184
1705,14.688096046447754
1706,14.691045761108398
1707,14.75896167755127
1708,14.758973121643066
1709,14.735342025756836
1710,14.718290328979492
1711,14.714864730834961
1712,14.750935554504395
1713,14.762086868286133
1714,14.45199966430664
1715,14.475021362304688
1716,14.27949047088623
1717,14.073844909667969
1718,13.974885940551758
1719,13.8768949508667
1720,13.804376602172852
1721,13.851583480834961
1722,13.851836204528809
1723,13.665979385375977
1724,14.157927513122559
1725,13.838815689086914
1726,13.730789184570312
1727,13.696419715881348
1728,14.141469955444336
1729,14.185714721679688
1730,14.399065017700195
1731,14.485886573791504
1732,14.494039535522461
1733,14.483494758605957
1734,14.185845375061035
1735,14.462468147277832
1736,14.41948413848877
1737,14.510382652282715
1738,14.529026985168457
1739,14.747908592224121
1740,14.745173454284668
1741,14.692865371704102
1742,14.661787033081055
1743,14.735559463500977
1744,14.639312744140625
1745,14.629873275756836
1746,14.43834400177002
1747,14.581344604492188
1748,14.394157409667969
1749,14.059284210205078
1750,14.608890533447266
1751,14.61880111694336
1752,14.674795150756836
1753,14.686528205871582
1754,14.654906272888184
1755,14.66975212097168
1756,14.692737579345703
1757,14.695444107055664
1758,14.7101411819458
1759,14.713425636291504
1760,14.62974739074707
1761,14.670464515686035
1762,14.745012283325195
1763,14.704951286315918
1764,14.624902725219727
1765,14.624370574951172
1766,14.705700874328613
1767,14.633358001708984
1768,14.7119722366333
1769,14.618217468261719
1770,14.718025207519531
1771,14.786064147949219
1772,14.721260070800781
1773,14.65961742401123
1774,14.671429634094238
1775,14.674290657043457
1776,14.677409172058105
1777,14.527740478515625
1778,14.503543853759766
1779,14.423908233642578
1780,14.513381958007812
1781,14.549308776855469
1782,14.61904525756836
1783,14.708312034606934
1784,14.698614120483398
1785,14.7738618850708
1786,14.766046524047852
1787,14.811504364013672
1788,14.780855178833008
1789,14.823705673217773
1790,14.809556007385254
1791,14.702327728271484
1792,14.69210433959961
1793,14.667503356933594
1794,14.62186336517334
1795,14.632225036621094
1796,14.673022270202637
1797,14.641092300415039
1798,14.736895561218262
1799,14.667386054992676
1800,14.64284896850586
1801,14.585712432861328
1802,14.536761283874512
1803,14.50122356414795
1804,14.550981521606445
1805,14.797420501708984
1806,14.816717147827148
1807,14.808971405029297
1808,14.587259292602539
1809,14.544391632080078
1810,14.755290031433105
1811,14.823691368103027
1812,14.837265968322754
1813,14.831591606140137
1814,14.832924842834473
1815,14.74041748046875
1816,14.722114562988281
1817,14.806344032287598
1818,14.78731632232666
1819,14.819737434387207
1820,14.800151824951172
1821,14.814454078674316
1822,14.820290565490723
1823,14.86242961883545
1824,14.84389877319336
1825,14.8248291015625
1826,14.83852481842041
1827,14.802440643310547
1828,14.825628280639648
1829,14.820414543151855
1830,14.837861061096191
1831,14.54779052734375
1832,14.402935028076172
1833,14.300222396850586
1834,14.303088188171387
1835,14.293665885925293
1836,14.178054809570312
1837,14.115350723266602
1838,13.044589042663574
1839,12.947744369506836
1840,12.88807487487793
1841,12.835124969482422
1842,12.795421600341797
1843,12.780434608459473
1844,12.78352165222168
1845,12.783626556396484
1846,12.787935256958008
1847,12.798002243041992
1848,12.891621589660645
1849,12.867525100708008
1850,12.855388641357422
1851,13.008831977844238
1852,12.830046653747559
1853,12.878311157226562
1854,12.772904396057129
1855,12.75925350189209
1856,12.758243560791016
1857,12.745749473571777
1858,12.76471996307373
1859,12.766226768493652
1860,12.946584701538086
1861,13.053711891174316
1862,12.912086486816406
1863,12.807173728942871
1864,12.804505348205566
1865,13.060604095458984
1866,13.44035530090332
1867,14.361605644226074
1868,14.3982515335083
1869,14.01431941986084
1870,14.18752670288086
1871,13.922449111938477
1872,14.170907974243164
1873,14.2048978805542
1874,14.216185569763184
1875,14.428834915161133
1876,14.056609153747559
1877,13.751395225524902
1878,13.632550239562988
1879,13.593156814575195
1880,13.437063217163086
1881,13.287550926208496
1882,13.140253067016602
1883,13.364038467407227
1884,13.741131782531738
1885,13.852214813232422
1886,14.00180435180664
1887,13.715489387512207
1888,13.946956634521484
1889,14.05772590637207
1890,14.146105766296387
1891,14.233138084411621
1892,14.489240646362305
1893,14.474808692932129
1894,14.399691581726074
1895,14.366558074951172
1896,14.216409683227539
1897,13.607439994812012
1898,13.614286422729492
1899,13.275415420532227
1900,13.089966773986816
1901,13.004290580749512
1902,13.535431861877441
1903,13.63465404510498
1904,14.023799896240234
1905,14.4321870803833
1906,14.518404006958008
1907,14.405759811401367
1908,14.401389122009277
1909,14.386117935180664
1910,14.381563186645508
1911,14.470702171325684
1912,14.40549373626709
1913,14.500455856323242
1914,14.536887168884277
1915,14.550261497497559
1916,14.56775188446045
1917,14.568280220031738
1918,14.554100036621094
1919,14.58360767364502
1920,14.54192066192627
1921,14.488626480102539
1922,14.458653450012207
1923,14.475566864013672
1924,14.555439949035645
1925,14.558362007141113
1926,14.578055381774902
1927,14.556792259216309
1928,14.532780647277832
1929,14.479779243469238
1930,14.592031478881836
1931,14.552847862243652
1932,14.555057525634766
1933,14.506946563720703
1934,14.155503273010254
1935,14.219943046569824
1936,14.047627449035645
1937,13.952803611755371
1938,14.08508586883545
1939,13.736322402954102
1940,13.635414123535156
1941,13.50100040435791
1942,13.26485824584961
1943,13.378018379211426
1944,13.493599891662598
1945,13.529488563537598
1946,13.54985523223877
1947,13.532593727111816
1948,13.336469650268555
1949,13.242562294006348
1950,13.413643836975098
1951,13.471903800964355
1952,13.63089656829834
1953,13.359960556030273
1954,13.455604553222656
1955,13.471701622009277
1956,14.58178424835205
1957,14.584044456481934
1958,14.497537612915039
1959,14.464883804321289
1960,14.46993350982666
1961,14.41079044342041
1962,13.999734878540039
1963,13.983951568603516
1964,14.336040496826172
1965,14.343287467956543
1966,13.981919288635254
1967,13.978226661682129
1968,14.35759449005127
1969,14.226723670959473
1970,14.195277214050293
1971,14.283212661743164
1972,14.54520320892334
1973,14.536758422851562
1974,14.546022415161133
1975,14.59732437133789
1976,14.42525577545166
1977,14.600944519042969
1978,14.606260299682617
1979,14.60509967803955
1980,14.59107494354248
1981,14.54884147644043
1982,14.141059875488281
1983,13.773333549499512
1984,13.969429969787598
1985,14.592028617858887
1986,14.461394309997559
1987,14.458637237548828
1988,14.007795333862305
1989,13.968385696411133
1990,13.924808502197266
1991,13.710325241088867
1992,13.761767387390137
1993,13.254714012145996
1994,13.164972305297852
1995,13.053352355957031
1996,12.990547180175781
1997,13.002053260803223
1998,13.01424503326416
1999,13.051613807678223
2000,12.405536651611328
2001,12.443111419677734
2002,12.43354606628418
2003,12.436395645141602
2004,12.3804349899292
2005,12.463842391967773
2006,12.513347625732422
2007,12.472882270812988
2008,12.42982006072998
2009,12.77273941040039
2010,12.596915245056152
2011,12.808775901794434
2012,12.659842491149902
2013,12.615031242370605
2014,12.576042175292969
2015,12.495282173156738
2016,12.499868392944336
2017,12.422677993774414
2018,12.454987525939941
2019,12.46139907836914
2020,12.439094543457031
2021,12.478328704833984
2022,12.474799156188965
2023,12.481269836425781
2024,12.483948707580566
2025,12.407100677490234
2026,12.348877906799316
2027,12.376803398132324
2028,12.362079620361328
2029,12.351229667663574
2030,12.344975471496582
2031,12.356653213500977
2032,12.392430305480957
2033,12.36600112915039
2034,12.365081787109375
2035,12.489001274108887
2036,12.437838554382324
2037,12.501575469970703
2038,12.497949600219727
2039,12.4680814743042
2040,12.419581413269043
2041,12.466328620910645
2042,12.478911399841309
2043,12.443605422973633
2044,12.45101547241211
2045,12.348052978515625
2046,12.382473945617676
2047,12.36622428894043
2048,12.328438758850098
2049,12.398447036743164
2050,12.324030876159668
2051,12.396409034729004
2052,12.383707046508789
2053,12.34315299987793
2054,12.349729537963867
2055,12.362894058227539
2056,12.403733253479004
2057,12.367911338806152
2058,12.376690864562988
2059,12.425600051879883
2060,12.286656379699707
2061,12.241469383239746
2062,12.271764755249023
2063,12.241930961608887
2064,12.345907211303711
2065,12.266782760620117
2066,12.245987892150879
2067,12.286023139953613
2068,12.278584480285645
2069,12.22488784790039
2070,12.215405464172363
2071,12.223808288574219
2072,12.245687484741211
2073,12.270658493041992
2074,12.320631980895996
2075,12.288460731506348
2076,12.28933334350586
2077,12.346327781677246
2078,12.306183815002441
2079,12.339759826660156
2080,12.370819091796875
2081,12.270934104919434
2082,12.385835647583008
2083,12.396313667297363
2084,12.294571876525879
2085,12.34890079498291
2086,12.373090744018555
2087,12.200035095214844
2088,12.215075492858887
2089,12.239692687988281
2090,12.270042419433594
2091,12.299155235290527
2092,12.281646728515625
2093,12.227522850036621
2094,12.247385025024414
2095,12.3119478225708
2096,12.246020317077637
2097,12.236939430236816
2098,12.232089042663574
2099,12.244985580444336
2100,12.240174293518066
2101,12.236963272094727
2102,12.263980865478516
2103,12.27762508392334
2104,12.274169921875
2105,12.251913070678711
2106,12.284440040588379
2107,12.249601364135742
2108,12.285103797912598
2109,12.244189262390137
2110,12.258543014526367
2111,12.288454055786133
2112,12.328930854797363
2113,12.301830291748047
2114,12.459076881408691
2115,12.5983247756958
2116,12.78652286529541
2117,12.890685081481934
2118,13.02178955078125
2119,12.90687370300293
2120,12.82034969329834
2121,12.820006370544434
2122,13.082833290100098
2123,13.331305503845215
2124,13.268107414245605
2125,13.278928756713867
2126,13.445759773254395
2127,13.240360260009766
2128,12.813912391662598
2129,12.982382774353027
2130,12.890290260314941
2131,12.679605484008789
2132,12.652139663696289
2133,12.5966796875
2134,12.61068058013916
2135,12.76076602935791
2136,13.042715072631836
2137,13.005583763122559
2138,12.932561874389648
2139,13.124359130859375
2140,12.93582534790039
2141,13.009665489196777
2142,12.952193260192871
2143,12.869982719421387
2144,12.629538536071777
2145,12.557868957519531
2146,12.528182983398438
2147,12.486486434936523
2148,12.474089622497559
2149,12.51738166809082
2150,12.477375984191895
2151,12.506202697753906
2152,12.451590538024902
2153,12.393977165222168
2154,12.4046049118042
2155,12.511910438537598
2156,12.418916702270508
2157,12.456799507141113
2158,12.393385887145996
2159,12.406150817871094
2160,12.422408103942871
2161,12.486900329589844
2162,12.553023338317871
2163,12.74256706237793
2164,12.726314544677734
2165,12.607939720153809
2166,12.447965621948242
2167,12.462789535522461
2168,12.466177940368652
2169,12.43063735961914
2170,12.446627616882324
2171,12.446345329284668
2172,12.417352676391602
2173,12.35079288482666
2174,12.408930778503418
2175,12.373272895812988
2176,12.387042045593262
2177,12.371658325195312
2178,12.408324241638184
2179,12.375786781311035
2180,12.395182609558105
2181,12.364748001098633
2182,12.368045806884766
2183,12.34970760345459
2184,12.377696990966797
2185,12.397161483764648
2186,12.411657333374023
2187,12.45056438446045
2188,12.388171195983887
2189,12.351552963256836
2190,12.420214653015137
2191,12.401077270507812
2192,12.480386734008789
2193,12.336127281188965
2194,12.360251426696777
2195,12.459348678588867
2196,12.570199012756348
2197,12.441967010498047
2198,12.626712799072266
2199,12.732451438903809
2200,12.56411075592041
2201,12.546090126037598
2202,12.676187515258789
2203,12.759376525878906
2204,12.771018028259277
2205,12.888258934020996
2206,12.882487297058105
2207,12.90903377532959
2208,12.922595024108887
2209,12.943202018737793
2210,12.729103088378906
2211,12.722780227661133
2212,12.536102294921875
2213,12.677014350891113
2214,12.556119918823242
2215,12.512496948242188
2216,12.50794792175293
2217,12.503311157226562
2218,12.51229476928711
2219,12.69315242767334
2220,12.719979286193848
2221,12.692717552185059
2222,12.72081470489502
2223,12.902414321899414
2224,12.756495475769043
2225,12.733355522155762
2226,13.011564254760742
2227,13.03715705871582
2228,13.064118385314941
2229,13.110725402832031
2230,13.121356964111328
2231,13.112534523010254
2232,13.075105667114258
2233,13.19345474243164
2234,13.102866172790527
2235,12.860716819763184
2236,12.877017974853516
2237,12.852947235107422
2238,12.875544548034668
2239,12.892585754394531
2240,12.677796363830566
2241,12.65798568725586
2242,12.645174980163574
2243,12.616765975952148
2244,12.597518920898438
2245,12.8109769821167
2246,12.708017349243164
2247,13.31868839263916
2248,13.334380149841309
2249,13.156338691711426
2250,13.090353012084961
2251,13.087739944458008
2252,13.057762145996094
2253,13.050691604614258
2254,13.274201393127441
2255,13.451444625854492
2256,13.380526542663574
2257,13.408956527709961
2258,13.31933307647705
2259,13.238297462463379
2260,13.213452339172363
2261,13.253448486328125
2262,13.258062362670898
2263,13.254570960998535
2264,13.161613464355469
2265,13.214775085449219
2266,13.218321800231934
2267,12.978551864624023
2268,13.231040000915527
2269,13.298462867736816
2270,13.130729675292969
2271,13.39699935913086
2272,13.27463150024414
2273,13.396038055419922
2274,13.36193561553955
2275,13.390053749084473
2276,13.350653648376465
2277,12.998064994812012
2278,12.785152435302734
2279,12.713019371032715
2280,12.72633171081543
2281,12.679664611816406
2282,12.655928611755371
2283,12.621319770812988
2284,12.616409301757812
2285,12.618525505065918
2286,12.632406234741211
2287,12.632476806640625
2288,12.614768028259277
2289,12.604775428771973
2290,12.6067533493042
2291,12.591597557067871
2292,12.601457595825195
2293,12.571650505065918
2294,12.51865005493164
2295,12.548077583312988
2296,12.529295921325684
2297,12.498336791992188
2298,12.508953094482422
2299,12.504061698913574
2300,12.509299278259277
2301,12.44253921508789
2302,12.48401165008545
2303,12.456833839416504
2304,12.433945655822754
2305,12.429533004760742
2306,12.4426908493042
2307,12.438145637512207
2308,12.441594123840332
2309,12.435385704040527
2310,12.367083549499512
2311,12.364558219909668
2312,12.353796005249023
2313,12.361123085021973
2314,12.36660385131836
2315,12.4031982421875
2316,12.448735237121582
2317,12.435188293457031
2318,12.65434741973877
2319,12.648042678833008
2320,12.476696968078613
2321,12.553203582763672
2322,12.506390571594238
2323,12.495729446411133
2324,12.716202735900879
2325,12.744866371154785
2326,14.02479076385498
2327,14.381141662597656
2328,14.246464729309082
2329,14.297735214233398
2330,14.352306365966797
2331,14.411761283874512
2332,14.411694526672363
2333,14.561226844787598
2334,14.623571395874023
2335,14.666560173034668
2336,14.529097557067871
2337,14.728678703308105
2338,14.69044303894043
2339,14.734512329101562
2340,14.690142631530762
2341,14.716922760009766
2342,14.696476936340332
2343,14.679461479187012
2344,14.6177978515625
2345,14.549155235290527
2346,14.589412689208984
2347,14.508068084716797
2348,14.253030776977539
2349,13.976157188415527
2350,13.841172218322754
2351,13.934098243713379
2352,13.911652565002441
2353,13.72891902923584
2354,13.848379135131836
2355,13.914104461669922
2356,13.97337818145752
2357,14.19526481628418
2358,14.222437858581543
2359,14.20267105102539
2360,14.238931655883789
2361,14.101064682006836
2362,13.78624153137207
2363,13.982812881469727
2364,13.650215148925781
2365,13.480772018432617
2366,13.3311185836792
2367,13.281668663024902
2368,13.251699447631836
2369,13.154492378234863
2370,13.035907745361328
2371,13.165842056274414
2372,13.137722969055176
2373,13.225029945373535
2374,13.313364028930664
2375,13.269503593444824
2376,13.59019660949707
2377,13.470056533813477
2378,13.528182029724121
2379,13.526633262634277
2380,13.392937660217285
2381,13.613479614257812
2382,13.88400650024414
2383,13.962797164916992
2384,14.019157409667969
2385,13.941679954528809
2386,14.05876636505127
2387,13.710362434387207
2388,13.68429183959961
2389,13.428868293762207
2390,13.552865028381348
2391,13.436113357543945
2392,13.232060432434082
2393,13.453826904296875
2394,13.552003860473633
2395,13.32832145690918
2396,13.252754211425781
2397,13.213469505310059
2398,13.11513614654541
2399,13.029519081115723
2400,12.926542282104492
2401,12.865056991577148
2402,12.785419464111328
2403,12.801072120666504
2404,12.865434646606445
2405,12.940084457397461
2406,12.813892364501953
2407,13.31677532196045
2408,13.387055397033691
2409,13.686180114746094
2410,13.722301483154297
2411,13.813185691833496
2412,13.6573486328125
2413,13.66560173034668
2414,13.687080383300781
2415,13.545363426208496
2416,13.805620193481445
2417,13.653217315673828
2418,13.572751998901367
2419,13.494351387023926
2420,13.371770858764648
2421,13.75680160522461
2422,13.476768493652344
2423,13.079996109008789
2424,12.942939758300781
2425,12.919854164123535
2426,12.918037414550781
2427,13.204487800598145
2428,13.244142532348633
2429,13.212970733642578
2430,13.264802932739258
2431,13.484477996826172
2432,13.70241928100586
2433,14.081942558288574
2434,13.934643745422363
2435,14.106890678405762
2436,14.166950225830078
2437,14.358294486999512
2438,14.069911003112793
2439,14.054346084594727
2440,14.317086219787598
2441,14.291796684265137
2442,14.299886703491211
2443,14.306739807128906
2444,14.406991958618164
2445,14.345220565795898
2446,14.247699737548828
2447,14.095710754394531
2448,14.118579864501953
2449,14.052411079406738
2450,14.178759574890137
2451,14.074896812438965
2452,14.183653831481934
2453,14.102071762084961
2454,14.049675941467285
2455,14.026433944702148
2456,14.110690116882324
2457,14.202205657958984
2458,14.238919258117676
2459,14.724610328674316
2460,14.795660018920898
2461,14.808273315429688
2462,14.814672470092773
2463,14.6583251953125
2464,14.787623405456543
2465,14.921799659729004
2466,14.965312957763672
2467,14.88065242767334
2468,14.831803321838379
2469,14.814737319946289
2470,14.770029067993164
2471,14.888675689697266
2472,14.906756401062012
2473,14.90895938873291
2474,14.927759170532227
2475,14.852787017822266
2476,14.767746925354004
2477,14.873045921325684
2478,14.70938491821289
2479,14.811967849731445
2480,14.800293922424316
2481,14.690876960754395
2482,14.817237854003906
2483,14.771201133728027
2484,14.666007041931152
2485,14.427998542785645
2486,14.873247146606445
2487,14.849379539489746
2488,14.85348129272461
2489,14.829586029052734
2490,14.857444763183594
2491,14.808671951293945
2492,14.773775100708008
2493,14.754985809326172
2494,14.71644401550293
2495,14.679404258728027
2496,14.61905288696289
2497,14.650413513183594
2498,14.547947883605957
2499,14.580559730529785
2500,14.511139869689941
2501,14.678695678710938
2502,14.655106544494629
2503,14.792895317077637
2504,14.804561614990234
2505,14.80643367767334
2506,14.873065948486328
2507,14.831010818481445
2508,14.551337242126465
2509,14.783568382263184
2510,14.793673515319824
2511,14.804142951965332
2512,14.710538864135742
2513,14.857442855834961
2514,14.83838176727295
2515,14.87852954864502
2516,14.843111991882324
2517,14.83836555480957
2518,14.79967975616455
2519,14.544652938842773
2520,14.814233779907227
2521,14.838455200195312
2522,14.806825637817383
2523,14.69896411895752
2524,14.754449844360352
2525,14.77505874633789
2526,14.780381202697754
2527,14.84091567993164
2528,14.802303314208984
2529,14.709243774414062
2530,14.512165069580078
2531,14.58092212677002
2532,14.664529800415039
2533,14.70804214477539
2534,14.369789123535156
2535,14.364314079284668
2536,14.35622501373291
2537,14.358240127563477
2538,14.024500846862793
2539,13.946327209472656
2540,13.918723106384277
2541,13.884241104125977
2542,13.83487319946289
2543,13.890887260437012
2544,14.162446975708008
2545,14.342365264892578
2546,14.375948905944824
2547,14.407475471496582
2548,14.54920768737793
2549,14.53999137878418
2550,14.540182113647461
2551,14.533738136291504
2552,14.572050094604492
2553,14.601093292236328
2554,14.60202693939209
2555,14.479580879211426
2556,14.507871627807617
2557,14.095650672912598
2558,14.427130699157715
2559,14.174046516418457
2560,14.59054946899414
2561,14.839967727661133
2562,14.807315826416016
2563,14.665483474731445
2564,14.663108825683594
2565,14.596214294433594
2566,14.628628730773926
2567,14.647726058959961
2568,14.648462295532227
2569,14.737504005432129
2570,14.760436058044434
2571,14.845584869384766
2572,14.794132232666016
2573,14.776348114013672
2574,14.77851676940918
2575,14.723869323730469
2576,14.658984184265137
2577,14.432951927185059
2578,14.496288299560547
2579,14.448023796081543
2580,14.256247520446777
2581,14.130861282348633
2582,14.164579391479492
2583,14.178787231445312
2584,14.183610916137695
2585,14.105452537536621
2586,14.015496253967285
2587,13.957563400268555
2588,13.812047958374023
2589,13.853498458862305
2590,13.840879440307617
2591,13.965435981750488
2592,14.233577728271484
2593,14.160653114318848
2594,14.256839752197266
2595,14.26589298248291
2596,14.00760555267334
2597,14.42115306854248
2598,14.36190414428711
2599,14.532646179199219
2600,14.749991416931152
2601,14.79915714263916
2602,14.7312650680542
2603,14.805448532104492
2604,14.73727798461914
2605,14.736366271972656
2606,14.758035659790039
2607,14.73627758026123
2608,14.721305847167969
2609,14.730951309204102
2610,14.641300201416016
2611,14.161147117614746
2612,14.25747299194336
2613,14.55793571472168
2614,14.290105819702148
2615,13.957777976989746
2616,13.748583793640137
2617,13.289179801940918
2618,13.137141227722168
2619,13.07186508178711
2620,13.05860424041748
2621,12.992441177368164
2622,12.980303764343262
2623,12.9719820022583
2624,12.912102699279785
2625,12.942768096923828
2626,12.95192813873291
2627,12.914571762084961
2628,12.95275592803955
2629,13.034195899963379
2630,13.635422706604004
2631,13.754217147827148
2632,13.53012466430664
2633,13.751886367797852
2634,13.04509449005127
2635,13.08716106414795
2636,13.728736877441406
2637,13.759521484375
2638,13.381302833557129
2639,13.27565860748291
2640,13.05663776397705
2641,13.670251846313477
2642,13.950520515441895
2643,13.97356128692627
2644,14.1880521774292
2645,14.301716804504395
2646,14.033679008483887
2647,14.156630516052246
2648,14.544243812561035
2649,14.57709789276123
2650,14.58176326751709
2651,14.540273666381836
2652,14.482734680175781
2653,14.448494911193848
2654,14.405380249023438
2655,14.272441864013672
2656,14.183332443237305
2657,14.152312278747559
2658,14.03199577331543
2659,13.558732986450195
2660,13.775585174560547
2661,14.042526245117188
2662,13.620877265930176
2663,13.498947143554688
2664,13.483343124389648
2665,13.454691886901855
2666,13.914023399353027
2667,14.393790245056152
2668,14.432817459106445
2669,14.430821418762207
2670,14.286826133728027
2671,13.440488815307617
2672,13.336714744567871
2673,13.844440460205078
2674,13.301576614379883
2675,13.201515197753906
2676,13.192072868347168
2677,13.203723907470703
2678,13.199186325073242
2679,13.18539047241211
2680,13.160666465759277
2681,13.228936195373535
2682,13.169652938842773
2683,13.1423978805542
2684,13.059052467346191
2685,13.501113891601562
2686,13.192892074584961
2687,13.378921508789062
2688,13.715824127197266
2689,14.266818046569824
2690,14.163698196411133
2691,14.475393295288086
2692,14.514764785766602
2693,14.531563758850098
2694,14.539030075073242
2695,14.568557739257812
2696,14.564959526062012
2697,14.550301551818848
2698,14.627827644348145
2699,14.604909896850586
2700,14.554452896118164
2701,14.545038223266602
2702,14.681241035461426
2703,14.596649169921875
2704,14.585396766662598
2705,14.586021423339844
2706,14.568343162536621
2707,14.595362663269043
2708,14.477006912231445
2709,14.344249725341797
2710,14.460922241210938
2711,14.488786697387695
2712,14.337397575378418
2713,14.583510398864746
2714,14.711423873901367
2715,14.718153953552246
2716,14.586688995361328
2717,14.374911308288574
2718,14.32941722869873
2719,13.757365226745605
2720,13.619399070739746
2721,13.534789085388184
2722,13.453238487243652
2723,13.485163688659668
2724,14.27342414855957
2725,14.215047836303711
2726,14.178326606750488
2727,13.968301773071289
2728,13.593868255615234
2729,13.52971076965332
2730,13.408636093139648
2731,13.28999137878418
2732,13.3521728515625
2733,13.404824256896973
2734,13.271377563476562
2735,13.266636848449707
2736,13.242262840270996
2737,13.195804595947266
2738,13.136930465698242
2739,13.104583740234375
2740,13.026928901672363
2741,12.928374290466309
2742,12.90709114074707
2743,12.945724487304688
2744,13.186684608459473
2745,13.253378868103027
2746,13.679238319396973
2747,13.922978401184082
2748,13.686038970947266
2749,13.633865356445312
2750,13.831721305847168
2751,14.502578735351562
2752,14.322853088378906
2753,14.325016021728516
2754,13.992090225219727
2755,13.927118301391602
2756,13.921080589294434
2757,13.258013725280762
2758,13.2576904296875
2759,13.243579864501953
2760,13.19560718536377
2761,13.055612564086914
2762,13.029335975646973
2763,12.948447227478027
2764,12.949302673339844
2765,12.955573081970215
2766,12.916166305541992
2767,12.832324981689453
2768,12.825309753417969
2769,12.75851058959961
2770,12.818981170654297
2771,12.82668399810791
2772,12.816434860229492
2773,12.831578254699707
2774,12.876379013061523
2775,13.258687973022461
2776,13.670353889465332
2777,13.82076358795166
2778,12.814010620117188
2779,12.766191482543945
2780,12.865043640136719
2781,13.110075950622559
2782,12.913023948669434
2783,12.811554908752441
2784,13.082337379455566
2785,13.185307502746582
2786,13.210067749023438
2787,13.157617568969727
2788,13.40709400177002
2789,13.083977699279785
2790,13.159811019897461
2791,12.820243835449219
2792,12.829849243164062
2793,12.779443740844727
2794,12.756065368652344
2795,12.768829345703125
2796,12.722382545471191
2797,12.719381332397461
2798,12.70803451538086
2799,12.772217750549316
2800,12.983760833740234
2801,12.815388679504395
2802,12.94920539855957
2803,12.738618850708008
2804,12.72583293914795
2805,13.545616149902344
2806,12.851455688476562
2807,14.04326343536377
2808,14.186345100402832
2809,13.205022811889648
2810,12.87661075592041
2811,12.911116600036621
2812,13.093770980834961
2813,12.980130195617676
2814,12.821578025817871
2815,12.73221492767334
2816,12.78083610534668
2817,12.679370880126953
2818,12.620071411132812
2819,12.597329139709473
2820,12.576327323913574
2821,12.533574104309082
2822,12.516312599182129
2823,12.54233455657959
2824,12.53454875946045
2825,12.506500244140625
2826,12.482987403869629
2827,12.50390338897705
2828,12.48851490020752
2829,12.498151779174805
2830,12.487353324890137
2831,12.466516494750977
2832,12.458072662353516
2833,12.627639770507812
2834,13.526947021484375
2835,13.500653266906738
2836,14.074734687805176
2837,14.218840599060059
2838,14.277173042297363
2839,14.08828353881836
2840,14.041664123535156
2841,14.056775093078613
2842,14.303046226501465
2843,14.261051177978516
2844,14.356908798217773
2845,14.361129760742188
2846,14.087583541870117
2847,13.471610069274902
2848,13.23177433013916
2849,12.977686882019043
2850,12.844545364379883
2851,12.79853630065918
2852,12.793390274047852
2853,12.72001838684082
2854,12.703798294067383
2855,13.357047080993652
2856,13.981517791748047
2857,14.32394790649414
2858,14.380518913269043
2859,14.289088249206543
2860,14.291659355163574
2861,14.40429973602295
2862,14.385096549987793
2863,14.456099510192871
2864,14.517868041992188
2865,14.532094955444336
2866,14.459114074707031
2867,14.550126075744629
2868,14.45637321472168
2869,14.441408157348633
2870,14.240104675292969
2871,14.170401573181152
2872,14.153650283813477
2873,13.9647216796875
2874,14.143054008483887
2875,14.085646629333496
2876,14.337002754211426
2877,14.333355903625488
2878,14.340592384338379
2879,14.365973472595215
2880,14.548910140991211
2881,14.546541213989258
2882,14.494439125061035
2883,14.55366039276123
2884,14.498995780944824
2885,14.494733810424805
2886,14.417954444885254
2887,14.493331909179688
2888,14.617351531982422
2889,14.620170593261719
2890,14.516752243041992
2891,14.509881973266602
2892,14.660920143127441
2893,14.668313026428223
2894,14.661578178405762
2895,14.67366886138916
2896,14.636923789978027
2897,14.661620140075684
2898,14.550957679748535
2899,14.401376724243164
2900,14.540386199951172
2901,14.46080207824707
2902,13.802241325378418
2903,13.877217292785645
2904,14.232991218566895
2905,14.30849838256836
2906,14.247976303100586
2907,14.297717094421387
2908,14.227205276489258
2909,14.036948204040527
2910,14.459518432617188
2911,14.648537635803223
2912,14.655475616455078
2913,14.413485527038574
2914,14.560503959655762
2915,14.624161720275879
2916,14.659340858459473
2917,14.665614128112793
2918,14.45835018157959
2919,14.307371139526367
2920,14.343182563781738
2921,14.187374114990234
2922,14.3445463180542
2923,14.394512176513672
2924,14.385246276855469
2925,14.235260963439941
2926,14.173487663269043
2927,14.182718276977539
2928,14.223740577697754
2929,13.957413673400879
2930,14.506628036499023
2931,14.591411590576172
2932,14.599189758300781
2933,14.5895414352417
2934,14.675827026367188
2935,14.673481941223145
2936,14.68350601196289
2937,14.713972091674805
2938,14.59829044342041
2939,14.60128116607666
2940,14.684615135192871
2941,14.729944229125977
2942,14.744211196899414
2943,14.738896369934082
2944,14.77541732788086
2945,14.744441032409668
2946,14.705455780029297
2947,14.750242233276367
2948,14.763172149658203
2949,14.776134490966797
2950,14.774513244628906
2951,14.76032829284668
2952,14.793844223022461
2953,14.59510326385498
2954,14.697931289672852
2955,14.628722190856934
2956,14.610982894897461
2957,14.680463790893555
2958,14.680570602416992
2959,14.65924072265625
2960,14.66124153137207
2961,14.603348731994629
2962,14.195138931274414
2963,14.414612770080566
2964,14.482072830200195
2965,14.76319694519043
2966,14.765422821044922
2967,14.418524742126465
2968,14.593579292297363
2969,14.636022567749023
2970,14.76250171661377
2971,14.73391342163086
2972,14.756303787231445
2973,14.747340202331543
2974,14.639376640319824
2975,14.611869812011719
2976,14.611361503601074
2977,14.592496871948242
2978,14.571495056152344
2979,14.25937271118164
2980,14.144882202148438
2981,14.049610137939453
2982,14.045917510986328
2983,14.041675567626953
2984,14.441971778869629
2985,14.282676696777344
2986,14.059415817260742
2987,14.029474258422852
2988,14.109142303466797
2989,14.3073091506958
2990,14.009804725646973
2991,14.043283462524414
2992,13.959153175354004
2993,13.98596477508545
2994,14.721268653869629
2995,14.656166076660156
2996,14.755688667297363
2997,14.636659622192383
2998,14.586466789245605
2999,14.16093921661377
3000,14.763494491577148
3001,14.748018264770508
3002,14.77275276184082
3003,14.814523696899414
3004,14.704174041748047
3005,14.725626945495605
3006,14.698521614074707
3007,14.696038246154785
3008,14.932499885559082
3009,14.913514137268066
3010,14.925614356994629
3011,14.89379596710205
3012,14.899353981018066
3013,14.907886505126953
3014,14.974958419799805
3015,15.016813278198242
3016,14.883049964904785
3017,14.945711135864258
3018,14.958836555480957
3019,14.645051002502441
3020,14.555387496948242
3021,14.637493133544922
3022,14.715211868286133
3023,14.718961715698242
3024,14.72590446472168
3025,14.852953910827637
3026,14.898377418518066
3027,14.914502143859863
3028,14.923129081726074
3029,14.76152515411377
3030,14.799751281738281
3031,15.094301223754883
3032,15.136514663696289
3033,15.060394287109375
3034,15.100321769714355
3035,15.11994457244873
3036,15.162840843200684
3037,15.160755157470703
3038,15.358728408813477
3039,15.373748779296875
3040,15.292889595031738
3041,15.147173881530762
3042,15.17404842376709
3043,14.714781761169434
3044,14.834098815917969
3045,14.82876968383789
3046,15.03320026397705
3047,15.03828239440918
3048,15.11345386505127
3049,15.418794631958008
3050,15.546001434326172
3051,15.50049114227295
3052,15.451921463012695
3053,15.580045700073242
3054,15.556623458862305
3055,15.619385719299316
3056,15.5728759765625
3057,15.599254608154297
3058,15.578283309936523
3059,15.6103515625
3060,15.483138084411621
3061,15.514769554138184
3062,15.43596076965332
3063,15.50169849395752
3064,15.464179992675781
3065,15.586712837219238
3066,15.526479721069336
3067,15.513751983642578
3068,15.424782752990723
3069,15.445771217346191
3070,15.549922943115234
3071,15.481430053710938
3072,15.423008918762207
3073,15.384839057922363
3074,15.311182022094727
3075,15.286614418029785
3076,15.22419548034668
3077,15.181334495544434
3078,15.22938060760498
3079,15.207586288452148
3080,15.041984558105469
3081,15.008228302001953
3082,15.000045776367188
3083,14.908930778503418
3084,14.877018928527832
3085,14.885770797729492
3086,14.912725448608398
3087,14.91390609741211
3088,14.913630485534668
3089,14.87490463256836
3090,14.782149314880371
3091,14.758563041687012
3092,14.821599960327148
3093,15.032548904418945
3094,14.99433708190918
3095,14.806879997253418
3096,14.879423141479492
3097,14.870280265808105
3098,14.846928596496582
3099,14.79176139831543
3100,14.816776275634766
3101,14.863264083862305
3102,15.037619590759277
3103,15.108681678771973
3104,15.141037940979004
3105,14.889838218688965
3106,15.016508102416992
3107,15.195180892944336
3108,15.196697235107422
3109,15.277493476867676
3110,15.289616584777832
3111,15.281317710876465
3112,15.415031433105469
3113,15.431640625
3114,15.45192813873291
3115,15.363106727600098
3116,15.352346420288086
3117,15.41043758392334
3118,15.488799095153809
3119,15.374688148498535
3120,15.445959091186523
3121,15.380539894104004
3122,15.294787406921387
3123,15.334662437438965
3124,15.111406326293945
3125,15.327652931213379
3126,15.327640533447266
3127,15.140423774719238
3128,15.135083198547363
3129,15.119951248168945
3130,15.275049209594727
3131,15.36821460723877
3132,15.407992362976074
3133,15.523378372192383
3134,15.538159370422363
3135,15.507744789123535
3136,15.558202743530273
3137,15.586824417114258
3138,15.601320266723633
3139,15.650894165039062
3140,15.542241096496582
3141,15.56914234161377
3142,15.582110404968262
3143,15.446488380432129
3144,15.376293182373047
3145,15.401565551757812
3146,15.304646492004395
3147,15.263072967529297
3148,15.229042053222656
3149,15.214237213134766
3150,15.194550514221191
3151,14.743244171142578
3152,14.498796463012695
3153,14.400497436523438
3154,14.316600799560547
3155,14.303258895874023
3156,14.290729522705078
3157,14.308389663696289
3158,14.267154693603516
3159,14.241459846496582
3160,14.23499584197998
3161,14.226136207580566
3162,14.262242317199707
3163,14.397002220153809
3164,14.419809341430664
3165,14.541001319885254
3166,14.455283164978027
3167,14.592313766479492
3168,14.509697914123535
3169,14.49887466430664
3170,14.479778289794922
3171,14.484143257141113
3172,14.487154006958008
3173,14.508325576782227
3174,14.477462768554688
3175,14.444633483886719
3176,14.492339134216309
3177,14.465171813964844
3178,14.625661849975586
3179,14.616048812866211
3180,14.509485244750977
3181,14.518123626708984
3182,14.550435066223145
3183,14.595824241638184
3184,14.514901161193848
3185,14.421069145202637
3186,14.410407066345215
3187,14.373636245727539
3188,14.29505443572998
3189,14.2886962890625
3190,14.279834747314453
3191,14.272778511047363
3192,14.409049987792969
3193,14.409802436828613
3194,14.489925384521484
3195,14.544880867004395
3196,14.523035049438477
3197,14.516955375671387
3198,14.508169174194336
3199,14.638619422912598
3200,14.629179000854492
3201,14.456056594848633
3202,14.528861999511719
3203,14.56129264831543
3204,14.588207244873047
3205,14.600889205932617
3206,14.665127754211426
3207,14.633291244506836
3208,14.644124984741211
3209,14.7227144241333
3210,14.75861930847168
3211,15.018427848815918
3212,15.093818664550781
3213,15.262068748474121
3214,15.176610946655273
3215,15.259406089782715
3216,15.35790729522705
3217,15.25255298614502
3218,15.235780715942383
3219,15.243973731994629
3220,15.1600980758667
3221,15.172738075256348
3222,15.199152946472168
3223,15.154864311218262
3224,15.061368942260742
3225,15.139629364013672
3226,15.139513969421387
3227,15.304444313049316
3228,14.773478507995605
3229,14.678690910339355
3230,14.703418731689453
3231,14.72644329071045
3232,14.730523109436035
3233,14.771109580993652
3234,14.72832202911377
3235,14.729676246643066
3236,14.618612289428711
3237,14.550178527832031
3238,14.669846534729004
3239,14.725810050964355
3240,14.63485336303711
3241,14.578056335449219
3242,14.633655548095703
3243,14.65938949584961
3244,14.653282165527344
3245,14.729888916015625
3246,14.505443572998047
3247,14.454649925231934
3248,14.40144157409668
3249,14.46745491027832
3250,14.459019660949707
3251,14.393139839172363
3252,14.337093353271484
3253,14.348381042480469
3254,14.334488868713379
3255,14.590126037597656
3256,14.579680442810059
3257,14.443126678466797
3258,14.371825218200684
3259,14.376872062683105
3260,14.2675199508667
3261,14.218493461608887
3262,14.275084495544434
3263,14.43027114868164
3264,14.46959114074707
3265,14.470231056213379
3266,14.488548278808594
3267,14.570123672485352
3268,14.578926086425781
3269,14.531169891357422
3270,14.447269439697266
3271,14.570691108703613
3272,14.594429969787598
3273,14.677410125732422
3274,14.65349006652832
3275,14.62938117980957
3276,14.564472198486328
3277,14.64699935913086
3278,14.626880645751953
3279,14.608223915100098
3280,14.683871269226074
3281,14.721796989440918
3282,14.708919525146484
3283,14.69847297668457
3284,14.687620162963867
3285,14.796504020690918
3286,14.676826477050781
3287,14.645581245422363
3288,14.869101524353027
3289,14.901674270629883
3290,14.962759017944336
3291,14.820261001586914
3292,14.977794647216797
3293,15.030211448669434
3294,15.004080772399902
3295,15.144364356994629
3296,15.082858085632324
3297,15.190471649169922
3298,15.085959434509277
3299,15.028029441833496
3300,15.117356300354004
3301,15.182012557983398
3302,15.253276824951172
3303,15.288715362548828
3304,15.302642822265625
3305,15.193770408630371
3306,15.281867980957031
3307,15.453495979309082
3308,15.458442687988281
3309,15.056446075439453
3310,15.121332168579102
3311,15.296770095825195
3312,15.186638832092285
3313,15.121747970581055
3314,15.13680648803711
3315,15.228300094604492
3316,15.13764476776123
3317,15.1676607131958
3318,15.368875503540039
3319,15.353621482849121
3320,15.422935485839844
3321,15.443548202514648
3322,15.338570594787598
3323,15.637746810913086
3324,15.50471019744873
3325,15.490588188171387
3326,15.599827766418457
3327,15.574238777160645
3328,15.616683006286621
3329,15.639154434204102
3330,15.6200590133667
3331,15.540522575378418
3332,15.536992073059082
3333,15.409811973571777
3334,15.563166618347168
3335,15.230896949768066
3336,15.160735130310059
3337,15.06883716583252
3338,15.002182006835938
3339,15.014116287231445
3340,15.002551078796387
3341,14.953091621398926
3342,14.883307456970215
3343,14.984471321105957
3344,14.965611457824707
3345,14.85617733001709
3346,14.804238319396973
3347,14.778155326843262
3348,14.887463569641113
3349,14.862703323364258
3350,14.795809745788574
3351,14.888031005859375
3352,14.896383285522461
3353,14.9546480178833
3354,14.9083890914917
3355,14.810578346252441
3356,14.966443061828613
3357,14.815868377685547
3358,14.727587699890137
3359,14.79850959777832
3360,14.722750663757324
3361,14.658812522888184
3362,14.257184028625488
3363,14.201026916503906
3364,14.17343807220459
3365,14.146480560302734
3366,14.1611909866333
3367,14.138249397277832
3368,14.129170417785645
3369,14.12551498413086
3370,14.118921279907227
3371,14.0895357131958
3372,14.051758766174316
3373,14.065994262695312
3374,14.087336540222168
3375,14.054048538208008
3376,14.058099746704102
3377,14.144397735595703
3378,14.26481819152832
3379,14.227298736572266
3380,14.318914413452148
3381,14.55439281463623
3382,14.500081062316895
3383,14.367193222045898
3384,14.340875625610352
3385,14.335055351257324
3386,14.357025146484375
3387,14.211507797241211
3388,14.20384407043457
3389,14.165976524353027
3390,14.083605766296387
3391,14.035892486572266
3392,14.05146598815918
3393,14.05507755279541
3394,14.087285995483398
3395,14.071412086486816
3396,14.053826332092285
3397,14.08197021484375
3398,14.060033798217773
3399,14.064433097839355
3400,14.042837142944336
3401,14.027517318725586
3402,14.019429206848145
3403,13.976303100585938
3404,13.982884407043457
3405,13.96505355834961
3406,13.955509185791016
3407,13.960661888122559
3408,13.986090660095215
3409,14.027307510375977
3410,14.093585014343262
3411,14.175641059875488
3412,14.21456241607666
3413,14.223118782043457
3414,14.252862930297852
3415,14.219568252563477
3416,14.168818473815918
3417,14.160224914550781
3418,14.215505599975586
3419,14.41763973236084
3420,14.347291946411133
3421,14.388835906982422
3422,14.33092975616455
3423,14.365596771240234
3424,14.376925468444824
3425,14.379993438720703
3426,14.337371826171875
3427,14.391250610351562
3428,14.384541511535645
3429,14.387406349182129
3430,14.408957481384277
3431,14.436932563781738
3432,14.456778526306152
3433,14.475823402404785
3434,14.458480834960938
3435,14.467717170715332
3436,14.521132469177246
3437,14.489925384521484
3438,14.525211334228516
3439,14.596409797668457
3440,14.612144470214844
3441,14.663358688354492
3442,14.649840354919434
3443,14.715977668762207
3444,14.684698104858398
3445,14.629202842712402
3446,14.627267837524414
3447,14.585470199584961
3448,14.587389945983887
3449,14.568978309631348
3450,14.558993339538574
3451,14.559120178222656
3452,14.576360702514648
3453,14.594995498657227
3454,14.588111877441406
3455,14.558968544006348
3456,14.582931518554688
3457,14.660578727722168
3458,14.654383659362793
3459,14.744587898254395
3460,14.780807495117188
3461,14.758017539978027
3462,14.848600387573242
3463,14.81481647491455
3464,14.889973640441895
3465,14.849560737609863
3466,14.897843360900879
3467,14.859189987182617
3468,14.881400108337402
3469,14.819833755493164
3470,15.004129409790039
3471,14.707180976867676
3472,14.65359878540039
3473,14.577780723571777
3474,14.608819961547852
3475,14.654480934143066
3476,14.640666007995605
3477,14.565807342529297
3478,14.582926750183105
3479,14.585633277893066
3480,14.513012886047363
3481,14.44618034362793
3482,14.600768089294434
3483,14.515135765075684
3484,14.628015518188477
3485,14.442901611328125
3486,14.546448707580566
3487,14.546814918518066
3488,14.686644554138184
3489,14.659428596496582
3490,14.63422966003418
3491,14.701913833618164
3492,14.749536514282227
3493,14.750532150268555
3494,14.736177444458008
3495,14.564830780029297
3496,14.655268669128418
3497,14.73551082611084
3498,14.866371154785156
3499,14.822439193725586
3500,14.926600456237793
3501,14.836423873901367
3502,14.747285842895508
3503,14.747005462646484
3504,14.716262817382812
3505,14.629651069641113
3506,14.64229965209961
3507,14.627608299255371
3508,14.57395076751709
3509,14.611709594726562
3510,14.764716148376465
3511,14.80544662475586
3512,14.972858428955078
3513,14.943925857543945
3514,15.002471923828125
3515,14.964590072631836
3516,15.018589973449707
3517,15.041045188903809
3518,15.078147888183594
3519,15.065255165100098
3520,14.988109588623047
3521,14.609621047973633
3522,14.640753746032715
3523,14.45612621307373
3524,14.419195175170898
3525,14.34250545501709
3526,14.325610160827637
3527,14.301180839538574
3528,14.317694664001465
3529,14.3098783493042
3530,14.317645072937012
3531,14.293316841125488
3532,14.28181266784668
3533,14.255850791931152
3534,14.241881370544434
3535,14.330927848815918
3536,14.20429801940918
3537,14.187664985656738
3538,14.125812530517578
3539,14.083979606628418
3540,14.085383415222168
3541,14.06893539428711
3542,14.052849769592285
3543,14.056205749511719
3544,14.066739082336426
3545,14.068156242370605
3546,14.037824630737305
3547,14.325369834899902
3548,14.249139785766602
3549,14.154460906982422
3550,14.063126564025879
3551,14.001533508300781
3552,13.996459007263184
3553,14.025314331054688
3554,14.005903244018555
3555,14.081212997436523
3556,14.109701156616211
3557,14.096298217773438
3558,14.063526153564453
3559,14.057829856872559
3560,14.103655815124512
3561,14.263052940368652
3562,14.636799812316895
3563,14.502610206604004
3564,14.346786499023438
3565,14.29920768737793
3566,14.346506118774414
3567,14.397966384887695
3568,14.321898460388184
3569,14.356635093688965
3570,14.579924583435059
3571,14.483512878417969
3572,14.337736129760742
3573,14.362241744995117
3574,14.131875038146973
3575,14.100912094116211
3576,14.087691307067871
3577,14.18234920501709
3578,14.333662986755371
3579,14.46945858001709
3580,14.664682388305664
3581,14.617586135864258
3582,14.677244186401367
3583,14.864246368408203
3584,14.881065368652344
3585,14.920690536499023
3586,14.864707946777344
3587,15.018916130065918
3588,14.956245422363281
3589,15.051063537597656
3590,15.059969902038574
3591,15.024893760681152
3592,14.997488021850586
3593,15.013988494873047
3594,14.991483688354492
3595,14.800833702087402
3596,14.807453155517578
3597,14.851597785949707
3598,14.987350463867188
3599,14.888862609863281
3600,14.955322265625
3601,15.00683879852295
3602,15.010109901428223
3603,15.054241180419922
3604,14.84566879272461
3605,14.897979736328125
3606,14.677962303161621
3607,14.63016414642334
3608,14.63551139831543
3609,14.553786277770996
3610,14.544258117675781
3611,14.468537330627441
3612,14.451592445373535
3613,14.441115379333496
3614,14.42947769165039
3615,14.419370651245117
3616,14.500186920166016
3617,14.441976547241211
3618,14.481925010681152
3619,14.425335884094238
3620,14.374224662780762
3621,14.314146995544434
3622,14.293191909790039
3623,14.2901611328125
3624,14.359579086303711
3625,14.306612968444824
3626,14.301671028137207
3627,14.286524772644043
3628,14.364849090576172
3629,14.281013488769531
3630,14.331788063049316
3631,14.424369812011719
3632,14.359513282775879
3633,14.481117248535156
3634,14.366822242736816
3635,14.430757522583008
3636,14.527314186096191
3637,14.785087585449219
3638,14.837198257446289
3639,14.877470970153809
3640,14.724531173706055
3641,14.780024528503418
3642,14.734910011291504
3643,14.848773002624512
3644,14.781425476074219
3645,14.794732093811035
3646,14.800423622131348
3647,14.886221885681152
3648,14.914628982543945
3649,14.878332138061523
3650,14.843193054199219
3651,14.859026908874512
3652,14.805048942565918
3653,14.643139839172363
3654,14.390475273132324
3655,14.678577423095703
3656,14.774239540100098
3657,14.5922212600708
3658,14.581878662109375
3659,14.721385955810547
3660,14.64242935180664
3661,14.765408515930176
3662,14.767194747924805
3663,14.561036109924316
3664,14.641754150390625
3665,14.601715087890625
3666,14.913398742675781
3667,14.918801307678223
3668,14.873918533325195
3669,14.843180656433105
3670,14.8412446975708
3671,14.645030975341797
3672,14.538351058959961
3673,14.695745468139648
3674,14.75782585144043
3675,14.572989463806152
3676,14.48898983001709
3677,14.380851745605469
3678,14.266094207763672
3679,14.25583553314209
3680,14.224841117858887
3681,14.147270202636719
3682,14.07221794128418
3683,14.091185569763184
3684,14.063925743103027
3685,14.069388389587402
3686,14.068657875061035
3687,14.033551216125488
3688,14.006307601928711
3689,13.985634803771973
3690,14.004268646240234
3691,13.969764709472656
3692,13.963611602783203
3693,13.911142349243164
3694,13.892829895019531
3695,13.893465995788574
3696,13.898188591003418
3697,13.9098482131958
3698,13.91162109375
3699,13.937484741210938
3700,13.91750431060791
3701,13.954629898071289
3702,13.97246265411377
3703,13.962287902832031
3704,13.963502883911133
3705,13.905284881591797
3706,13.91296672821045
3707,13.929876327514648
3708,13.906607627868652
3709,13.852317810058594
3710,13.857440948486328
3711,13.891329765319824
3712,13.897315979003906
3713,13.855731964111328
3714,13.870672225952148
3715,13.867465019226074
3716,13.891470909118652
3717,13.896751403808594
3718,13.898369789123535
3719,13.923482894897461
3720,13.9364652633667
3721,13.933554649353027
3722,13.920547485351562
3723,14.037213325500488
3724,14.11774730682373
3725,13.941228866577148
3726,14.331317901611328
3727,13.988733291625977
3728,13.964898109436035
3729,13.972541809082031
3730,13.96613597869873
3731,13.965559005737305
3732,13.979214668273926
3733,13.93140697479248
3734,13.926992416381836
3735,13.90236759185791
3736,13.906107902526855
3737,13.841322898864746
3738,13.88650131225586
3739,13.872005462646484
3740,13.879471778869629
3741,13.810393333435059
3742,13.87382698059082
3743,13.8983154296875
3744,14.282760620117188
3745,14.357993125915527
3746,14.38595199584961
3747,14.413987159729004
3748,14.299445152282715
3749,14.379652976989746
3750,14.465840339660645
3751,14.432540893554688
3752,14.265976905822754
3753,14.506912231445312
3754,14.606207847595215
3755,14.650443077087402
3756,14.619756698608398
3757,14.654976844787598
3758,14.777101516723633
3759,14.793420791625977
3760,14.698124885559082
3761,14.646533012390137
3762,14.897557258605957
3763,15.068867683410645
3764,14.90667724609375
3765,15.116667747497559
3766,14.954852104187012
3767,15.059486389160156
3768,15.037459373474121
3769,15.043635368347168
3770,14.988065719604492
3771,14.966324806213379
3772,14.978266716003418
3773,14.948186874389648
3774,14.90850830078125
3775,14.871886253356934
3776,15.061856269836426
3777,15.081729888916016
3778,15.03775691986084
3779,14.856465339660645
3780,14.950579643249512
3781,14.968949317932129
3782,14.989094734191895
3783,14.995428085327148
3784,14.990190505981445
3785,15.05632495880127
3786,15.081979751586914
3787,15.01884937286377
3788,15.016739845275879
3789,14.92652416229248
3790,14.65880298614502
3791,14.525293350219727
3792,14.444257736206055
3793,14.49623966217041
3794,14.62036418914795
3795,14.595964431762695
3796,14.549986839294434
3797,14.548266410827637
3798,14.539634704589844
3799,14.466914176940918
3800,14.424735069274902
3801,14.371246337890625
3802,14.442877769470215
3803,14.37355899810791
3804,14.391965866088867
3805,14.326000213623047
3806,14.24256420135498
3807,14.20646858215332
3808,14.167463302612305
3809,14.160652160644531
3810,14.148283004760742
3811,14.116026878356934
3812,14.150511741638184
3813,14.17148494720459
3814,14.183404922485352
3815,14.127294540405273
3816,14.046442985534668
3817,14.069724082946777
3818,14.059629440307617
3819,14.102273941040039
3820,14.061866760253906
3821,14.07025146484375
3822,14.04018783569336
3823,14.052572250366211
3824,14.01883602142334
3825,13.990681648254395
3826,13.979841232299805
3827,13.93410587310791
3828,13.958806037902832
3829,13.975259780883789
3830,14.584770202636719
3831,14.673754692077637
3832,14.727227210998535
3833,14.764928817749023
3834,14.78173542022705
3835,14.835573196411133
3836,14.841120719909668
3837,14.840156555175781
3838,14.902196884155273
3839,14.932331085205078
3840,15.027955055236816
3841,14.89995002746582
3842,14.778485298156738
3843,14.682624816894531
3844,14.574501991271973
3845,14.627365112304688
3846,14.681774139404297
3847,14.584736824035645
3848,14.603910446166992
3849,14.649307250976562
3850,14.649068832397461
3851,14.625273704528809
3852,14.527066230773926
3853,14.475496292114258
3854,14.563798904418945
3855,14.714770317077637
3856,14.77103328704834
3857,14.798653602600098
3858,14.733657836914062
3859,14.757857322692871
3860,14.861348152160645
3861,14.745611190795898
3862,14.842061996459961
3863,14.786946296691895
3864,14.768967628479004
3865,14.774638175964355
3866,14.799596786499023
3867,15.000185012817383
3868,15.032508850097656
3869,14.981853485107422
3870,14.922754287719727
3871,14.776168823242188
3872,14.873408317565918
3873,14.876171112060547
3874,14.834500312805176
3875,14.68796157836914
3876,14.837714195251465
3877,14.763504028320312
3878,14.799715042114258
3879,14.94377613067627
3880,14.949406623840332
3881,14.818195343017578
3882,14.634512901306152
3883,14.592717170715332
3884,15.171611785888672
3885,15.298590660095215
3886,15.180002212524414
3887,15.298441886901855
3888,15.346383094787598
3889,15.392998695373535
3890,15.395068168640137
3891,15.397761344909668
3892,15.407544136047363
3893,15.40739631652832
3894,15.46492862701416
3895,15.476753234863281
3896,15.490059852600098
3897,15.537225723266602
3898,15.52174186706543
3899,15.510939598083496
3900,15.452345848083496
3901,15.267291069030762
3902,15.425520896911621
3903,15.282563209533691
3904,15.208388328552246
3905,15.118271827697754
3906,15.138434410095215
3907,15.131867408752441
3908,15.209481239318848
3909,15.438295364379883
3910,15.403118133544922
3911,15.375268936157227
3912,15.450798988342285
3913,15.486481666564941
3914,15.460437774658203
3915,15.437643051147461
3916,15.377546310424805
3917,15.391666412353516
3918,15.276826858520508
3919,15.255001068115234
3920,15.382946968078613
3921,15.385581970214844
3922,15.27450180053711
3923,15.24312686920166
3924,15.13952922821045
3925,15.355040550231934
3926,15.431235313415527
3927,15.476985931396484
3928,15.500286102294922
3929,15.505997657775879
3930,15.460990905761719
3931,15.454887390136719
3932,15.500299453735352
3933,15.486899375915527
3934,15.523914337158203
3935,15.51560115814209
3936,15.49642276763916
3937,15.502145767211914
3938,15.422253608703613
3939,15.506285667419434
3940,15.581398010253906
3941,15.59065055847168
3942,15.594449043273926
3943,15.5494966506958
3944,15.26223087310791
3945,15.220647811889648
3946,15.189057350158691
3947,15.124100685119629
3948,15.219344139099121
3949,15.232120513916016
3950,15.2492036819458
3951,15.252689361572266
3952,15.294835090637207
3953,15.325695037841797
3954,15.448690414428711
3955,15.471728324890137
3956,15.424853324890137
3957,15.475439071655273
3958,15.478596687316895
3959,15.480642318725586
3960,15.478538513183594
3961,15.484286308288574
3962,15.358263969421387
3963,15.08702278137207
3964,15.077771186828613
3965,15.210956573486328
3966,15.393404960632324
3967,15.467500686645508
3968,15.486578941345215
3969,15.51028060913086
3970,15.513155937194824
3971,15.504321098327637
3972,15.487804412841797
3973,15.463038444519043
3974,15.450284004211426
3975,15.472773551940918
3976,15.338812828063965
3977,15.330460548400879
3978,15.27412223815918
3979,15.307012557983398
3980,15.155220985412598
3981,15.060774803161621
3982,14.967732429504395
3983,14.878764152526855
3984,14.917929649353027
3985,14.853056907653809
3986,14.8701810836792
3987,14.772302627563477
3988,14.675254821777344
3989,14.639871597290039
3990,14.688783645629883
3991,14.722393035888672
3992,14.6926851272583
3993,14.837584495544434
3994,14.784954071044922
3995,14.816780090332031
3996,14.694725036621094
3997,14.644018173217773
3998,14.629859924316406
3999,14.59963321685791
