,0
0,19.64
1,19.7
2,19.71
3,19.669
4,19.71
5,19.65
6,19.7
7,19.71
8,19.81
9,19.825
10,19.78
11,19.78
12,19.82
13,19.48
14,19.44
15,19.39
16,19.34
17,19.37
18,19.38
19,19.47
20,19.39
21,19.46
22,19.5
23,19.54
24,19.48
25,19.42
26,19.47
27,19.46
28,19.44
29,19.41
30,19.37
31,19.44
32,19.42
33,19.32
34,19.3
35,19.295
36,19.22
37,19.21
38,19.205
39,19.155
40,19.06
41,18.97
42,19.02
43,19.13
44,19.265
45,19.37
46,19.34
47,19.4247
48,19.42
49,19.4222
50,19.45
51,19.5
52,19.4
53,19.42
54,19.47
55,19.355
56,19.3
57,19.4
58,19.5
59,19.465
60,19.4
61,19.495
62,19.525
63,19.66
64,19.615
65,19.62
66,20.07
67,20.129
68,19.9699
69,20.025
70,19.9
71,19.8
72,19.79
73,19.885
74,19.94
75,19.9
76,19.9
77,19.88
78,19.89
79,19.89
80,19.88
81,19.92
82,19.93
83,19.96
84,19.94
85,19.91
86,19.94
87,19.965
88,20.0
89,20.07
90,20.08
91,20.1175
92,20.11
93,20.27
94,20.09
95,20.000999999999998
96,20.0601
97,20.12
98,20.07
99,20.1645
100,20.19
101,20.22
102,20.23
103,20.25
104,20.18
105,20.115
106,20.175
107,20.175
108,20.213
109,20.22
110,20.21
111,20.19
112,20.22
113,20.26
114,20.27
115,20.31
116,20.3599
117,20.24
118,20.17
119,20.16
120,20.33
121,20.27
122,20.2
123,20.28
124,20.3
125,20.32
126,20.355
127,20.3023
128,20.275
129,20.35
130,20.345
131,20.345
132,20.36
133,20.32
134,20.37
135,20.41
136,20.39
137,20.37
138,20.38
139,20.38
140,20.37
141,20.38
142,20.38
143,20.44
144,20.485
145,20.49
146,20.485
147,20.48
148,20.48
149,20.45
150,20.445
151,20.53
152,20.64
153,20.71
154,20.7
155,20.664
156,20.64
157,20.64
158,20.63
159,20.5125
160,20.5701
161,20.47
162,20.46
163,20.48
164,20.45
165,20.48
166,20.47
167,20.5
168,20.479
169,20.41
170,20.34
171,20.325
172,20.4
173,20.41
174,20.17
175,20.25
176,20.25
177,20.28
178,20.22
179,20.26
180,20.31
181,20.29
182,20.29
183,20.325
184,20.3
185,20.305
186,20.35
187,20.4
188,20.38
189,20.39
190,20.3877
191,20.33
192,20.345
193,20.36
194,20.34
195,20.36
196,20.405
197,20.42
198,20.4199
199,20.39
200,20.38
201,20.5
202,20.41
203,20.44
204,20.35
205,20.43
206,20.45
207,20.39
208,20.465
209,20.55
210,20.56
211,20.63
212,20.666999999999998
213,20.72
214,20.653000000000002
215,20.675
216,20.65
217,20.67
218,20.65
219,20.69
220,20.72
221,20.79
222,20.88
223,20.875
224,20.885
225,20.895
226,20.94
227,20.95
228,20.85
229,20.905
230,20.88
231,20.91
232,20.93
233,20.9
234,20.855
235,20.89
236,20.895
237,20.91
238,20.905
239,20.87
240,20.87
241,20.8
242,20.72
243,20.73
244,20.82
245,20.8
246,20.755
247,20.71
248,20.82
249,20.82
250,20.77
251,20.865
252,20.83
253,20.81
254,20.81
255,22.29
256,22.4
257,22.391
258,22.37
259,22.41
260,22.19
261,22.275
262,22.314
263,22.36
264,22.31
265,22.34
266,22.27
267,22.315
268,22.24
269,22.3
270,22.25
271,22.28
272,22.235
273,22.26
274,22.24
275,22.25
276,22.27
277,22.165
278,22.26
279,22.21
280,22.3
281,22.3
282,22.19
283,22.21
284,22.14
285,22.03
286,22.061
287,22.035
288,22.065
289,21.98
290,21.99
291,22.0624
292,22.13
293,22.1
294,22.065
295,22.0745
296,22.12
297,22.1
298,22.13
299,22.159000000000002
300,22.2
301,22.185
302,22.11
303,22.12
304,22.21
305,22.2299
306,22.235
307,22.3
308,22.305
309,22.38
310,22.45
311,22.391
312,22.3
313,22.265
314,22.26
315,22.27
316,22.35
317,22.33
318,22.33
319,22.29
320,22.25
321,22.22
322,22.22
323,22.26
324,22.35
325,22.37
326,22.34
327,22.34
328,22.359
329,22.37
330,22.38
331,22.37
332,22.38
333,22.36
334,22.38
335,22.375
336,22.34
337,22.29
338,22.2
339,22.2
340,22.235
341,22.18
342,22.205
343,22.23
344,22.185
345,22.21
346,22.235
347,22.205
348,22.13
349,22.16
350,22.165
351,22.18
352,22.18
353,22.17
354,22.25
355,22.165
356,22.19
357,22.15
358,22.2
359,22.185
360,22.08
361,22.115
362,22.12
363,22.2
364,22.2677
365,22.26
366,22.19
367,22.24
368,22.18
369,22.18
370,22.215
371,22.2364
372,22.24
373,22.19
374,22.15
375,22.19
376,22.22
377,22.2099
378,22.2
379,22.225
380,22.19
381,22.13
382,22.1199
383,22.125
384,22.125
385,22.165
386,22.135
387,22.12
388,22.18
389,22.18
390,22.11
391,22.08
392,22.1
393,22.11
394,22.2
395,22.16
396,22.11
397,22.151
398,22.15
399,22.12
400,22.1139
401,22.13
402,22.14
403,22.15
404,22.1615
405,22.17
406,22.2
407,22.21
408,22.2
409,22.21
410,22.25
411,22.29
412,22.3
413,22.305
414,22.315
415,22.33
416,22.335
417,22.125
418,22.14
419,22.11
420,22.11
421,22.22
422,22.175
423,22.13
424,22.149
425,22.13
426,22.13
427,22.12
428,22.1
429,22.07
430,22.12
431,22.13
432,22.13
433,22.11
434,22.13
435,22.13
436,22.14
437,22.14
438,22.15
439,22.12
440,22.105
441,22.13
442,22.16
443,22.15
444,22.13
445,22.0
446,22.015
447,22.15
448,22.115
449,22.08
450,22.13
451,22.16
452,22.145
453,22.18
454,22.21
455,22.195
456,22.18
457,22.22
458,22.22
459,22.25
460,22.27
461,22.295
462,22.2669
463,22.255
464,22.245
465,22.24
466,22.2725
467,22.29
468,22.28
469,22.31
470,22.31
471,22.24
472,22.24
473,22.31
474,22.3
475,22.23
476,22.16
477,22.08
478,22.1975
479,22.18
480,22.1734
481,22.2
482,22.145
483,22.15
484,22.165
485,22.17
486,22.2
487,22.2
488,22.26
489,22.25
490,22.21
491,22.165
492,22.13
493,22.09
494,22.05
495,22.115
496,22.14
497,22.14
498,22.25
499,22.19
500,22.28
501,22.31
502,22.3166
503,22.29
504,22.2979
505,22.26
506,22.215
507,22.17
508,22.15
509,22.12
510,22.09
511,22.1101
512,22.1
513,22.12
514,22.11
515,22.12
516,22.12
517,22.0599
518,22.04
519,22.13
520,22.16
521,22.16
522,22.169
523,22.2
524,22.2
525,22.000999999999998
526,22.07
527,22.085
528,22.115
529,22.13
530,22.08
531,22.11
532,22.1
533,22.13
534,22.11
535,22.125
536,22.15
537,22.16
538,22.15
539,22.136
540,22.105
541,22.02
542,22.05
543,22.055
544,22.07
545,22.045
546,22.06
547,22.06
548,22.11
549,22.09
550,22.0501
551,22.06
552,22.2
553,22.345
554,22.365
555,22.401999999999997
556,22.43
557,22.53
558,22.62
559,22.615
560,22.68
561,22.655
562,22.6076
563,22.57
564,22.595
565,22.5901
566,22.57
567,22.54
568,22.56
569,22.56
570,22.535
571,22.485
572,22.53
573,22.53
574,22.505
575,22.545
576,22.572
577,22.6
578,22.595
579,22.425
580,22.38
581,22.43
582,22.35
583,22.4077
584,22.39
585,22.35
586,22.26
587,22.12
588,22.2
589,22.17
590,22.18
591,22.18
592,22.21
593,22.245
594,22.25
595,22.2201
596,22.22
597,22.29
598,22.3
599,22.1677
600,22.18
601,22.195
602,22.26
603,22.1401
604,22.18
605,22.18
606,22.09
607,22.06
608,22.11
609,22.06
610,22.14
611,22.12
612,22.2501
613,22.2601
614,22.3028
615,22.32
616,22.37
617,22.33
618,22.335
619,22.33
620,22.34
621,22.335
622,22.3
623,22.265
624,22.28
625,22.34
626,22.36
627,22.4
628,22.44
629,22.435
630,22.445
631,22.445
632,22.43
633,22.39
634,22.475
635,22.56
636,22.59
637,22.685
638,22.65
639,22.67
640,22.67
641,22.7199
642,22.74
643,22.795
644,22.71
645,22.67
646,22.63
647,22.72
648,22.74
649,22.75
650,22.79
651,22.82
652,22.84
653,22.85
654,22.885
655,22.89
656,22.89
657,22.87
658,22.865
659,22.86
660,22.6
661,22.735
662,22.73
663,22.77
664,22.81
665,22.7
666,22.68
667,22.67
668,22.65
669,22.69
670,22.665
671,22.59
672,22.65
673,22.615
674,22.65
675,22.64
676,22.59
677,22.629
678,22.6
679,22.56
680,22.565
681,22.57
682,22.6001
683,22.585
684,22.54
685,22.56
686,22.55
687,22.75
688,22.715
689,22.58
690,22.54
691,22.545
692,22.585
693,22.575
694,22.715
695,22.615
696,22.5799
697,22.59
698,22.58
699,22.6147
700,22.639
701,22.64
702,22.65
703,22.66
704,22.685
705,22.7
706,22.705
707,22.7
708,22.7
709,22.67
710,22.66
711,22.645
712,22.61
713,22.61
714,22.91
715,22.95
716,23.0101
717,23.0
718,22.93
719,23.0
720,23.02
721,22.95
722,22.875
723,22.85
724,22.94
725,23.02
726,23.0
727,22.995
728,22.91
729,22.925
730,22.88
731,22.87
732,22.89
733,22.865
734,22.92
735,22.97
736,22.985
737,23.045
738,23.085
739,22.99
740,23.01
741,23.2
742,23.29
743,23.235
744,23.255
745,23.0999
746,23.04
747,22.885
748,23.01
749,22.98
750,22.99
751,22.96
752,22.95
753,22.93
754,22.87
755,22.8601
756,22.875
757,22.87
758,22.895
759,22.955
760,22.96
761,22.925
762,22.95
763,22.89
764,22.895
765,22.905
766,22.875
767,22.88
768,22.45
769,22.62
770,22.55
771,22.52
772,22.38
773,22.56
774,22.545
775,22.545
776,22.56
777,22.665
778,22.7
779,22.75
780,22.7372
781,22.79
782,22.79
783,22.75
784,22.79
785,22.71
786,22.635
787,22.62
788,22.58
789,22.54
790,22.6
791,22.64
792,22.69
793,22.66
794,22.67
795,22.545
796,22.47
797,22.46
798,22.3866
799,22.44
800,22.2804
801,22.32
802,22.32
803,22.33
804,22.36
805,22.43
806,22.51
807,22.58
808,22.59
809,22.535
810,22.49
811,22.55
812,22.61
813,22.54
814,22.61
815,22.555
816,22.53
817,22.55
818,22.63
819,22.65
820,22.7
821,22.7
822,22.865
823,22.95
824,23.02
825,23.046
826,22.97
827,22.985
828,22.9
829,22.91
830,22.9399
831,22.93
832,22.88
833,22.875
834,22.85
835,22.84
836,22.85
837,22.85
838,22.91
839,22.9201
840,22.92
841,22.965
842,22.945
843,22.9075
844,22.965
845,22.98
846,22.995
847,22.97
848,22.965
849,22.875
850,22.8
851,22.8
852,22.8
853,22.82
854,22.86
855,22.92
856,23.0
857,22.98
858,22.875
859,22.87
860,22.89
861,22.96
862,22.98
863,23.06
864,23.06
865,23.0676
866,23.11
867,23.14
868,23.14
869,23.16
870,23.22
871,23.1938
872,23.19
873,23.18
874,23.25
875,23.33
876,23.35
877,23.35
878,23.29
879,23.2
880,23.13
881,23.14
882,22.92
883,22.83
884,22.88
885,22.95
886,22.97
887,22.95
888,22.9
889,22.85
890,22.8
891,22.71
892,22.82
893,23.1
894,23.09
895,22.995
896,23.0
897,23.075
898,22.9825
899,22.91
900,22.88
901,22.87
902,22.86
903,22.955
904,23.03
905,23.1
906,23.22
907,23.18
908,23.1
909,23.14
910,23.15
911,23.1801
912,23.15
913,23.1956
914,23.195
915,23.195
916,23.195
917,23.21
918,23.22
919,23.21
920,23.3
921,23.28
922,23.27
923,23.24
924,23.1975
925,23.13
926,23.19
927,23.21
928,23.215
929,23.27
930,23.37
931,23.255
932,23.39
933,23.45
934,23.39
935,23.4078
936,23.41
937,23.4099
938,23.41
939,23.385
940,23.32
941,23.36
942,23.38
943,23.37
944,23.3999
945,23.4
946,23.3935
947,23.415
948,23.48
949,23.52
950,23.58
951,23.54
952,23.52
953,23.495
954,23.47
955,22.85
956,22.73
957,22.91
958,22.8901
959,22.9
960,22.95
961,22.92
962,22.845
963,22.83
964,22.83
965,22.79
966,22.795
967,22.81
968,22.79
969,22.79
970,22.815
971,22.865
972,22.87
973,22.8801
974,22.825
975,22.77
976,22.78
977,22.79
978,22.77
979,22.755
980,22.705
981,22.71
982,22.64
983,22.593000000000004
984,22.6
985,22.61
986,22.55
987,22.545
988,22.555
989,22.56
990,22.55
991,22.515
992,22.4899
993,22.3904
994,22.49
995,22.42
996,22.46
997,22.44
998,22.4001
999,22.41
1000,22.3999
1001,22.32
1002,22.33
1003,22.3301
1004,22.39
1005,22.36
1006,22.365
1007,22.3999
1008,22.400000000000002
1009,22.06
1010,21.76
1011,21.78
1012,21.719999999999995
1013,21.575
1014,21.63
1015,21.58
1016,21.4301
1017,21.221
1018,21.295
1019,21.25
1020,21.245
1021,21.17
1022,21.23
1023,21.09
1024,21.15
1025,21.249000000000006
1026,21.185
1027,21.125
1028,21.2141
1029,21.174999999999997
1030,21.17
1031,21.16
1032,21.13
1033,21.075
1034,21.05
1035,21.04
1036,20.855
1037,20.72
1038,20.61
1039,20.72
1040,20.805
1041,20.9
1042,20.79
1043,20.8464
1044,20.929999999999996
1045,21.035
1046,20.955
1047,20.89
1048,20.79
1049,20.929999999999996
1050,20.87
1051,20.9375
1052,21.010000000000005
1053,20.965
1054,20.915
1055,20.94
1056,20.96
1057,20.935
1058,20.925
1059,20.955
1060,21.010000000000005
1061,20.97
1062,20.965
1063,21.09
1064,21.015
1065,20.88
1066,20.83
1067,20.929999999999996
1068,20.92
1069,20.9262
1070,20.84
1071,20.89
1072,20.84
1073,20.865
1074,20.88
1075,20.92
1076,20.95
1077,20.91
1078,20.92
1079,20.92
1080,20.929999999999996
1081,20.92
1082,20.929999999999996
1083,20.955
1084,20.94
1085,20.97
1086,20.97
1087,21.43
1088,21.4
1089,21.38
1090,21.48
1091,21.46
1092,21.32
1093,21.28
1094,21.38
1095,21.36
1096,21.44
1097,21.429000000000002
1098,21.38
1099,21.35
1100,21.32
1101,21.331999999999997
1102,21.345
1103,21.415
1104,21.46
1105,21.39
1106,21.45
1107,21.46
1108,21.4701
1109,21.465
1110,21.455
1111,21.48
1112,21.46
1113,21.47
1114,21.51
1115,21.47
1116,21.47
1117,21.27
1118,21.16
1119,21.13
1120,21.085
1121,21.119999999999997
1122,21.105
1123,21.2
1124,21.14
1125,21.1441
1126,21.165
1127,21.08
1128,21.105
1129,21.095
1130,21.09
1131,21.095
1132,21.1001
1133,21.13
1134,21.13
1135,21.105
1136,21.1
1137,21.095
1138,21.119999999999997
1139,21.04
1140,20.955
1141,20.97
1142,20.925
1143,20.925
1144,20.73
1145,20.75
1146,20.86
1147,20.99
1148,20.92
1149,20.874999999999996
1150,20.975
1151,20.865
1152,20.9
1153,20.89
1154,20.915
1155,20.96
1156,20.9562
1157,20.99
1158,21.03
1159,21.0
1160,20.98
1161,20.965
1162,20.905
1163,20.92
1164,20.95
1165,21.0
1166,20.96
1167,20.97
1168,20.965
1169,21.010000000000005
1170,21.010000000000005
1171,21.005
1172,21.010000000000005
1173,21.055499999999995
1174,20.929999999999996
1175,20.91
1176,21.010000000000005
1177,21.04
1178,21.0
1179,21.03
1180,20.92
1181,20.89
1182,20.97
1183,21.015
1184,21.04
1185,21.08
1186,21.151
1187,21.13
1188,21.17
1189,21.165
1190,21.15
1191,21.08
1192,21.1
1193,21.099899999999998
1194,21.08
1195,21.1239
1196,21.064999999999998
1197,21.06
1198,20.87
1199,20.94
1200,20.935
1201,21.04
1202,21.105
1203,21.09
1204,21.15
1205,21.27
1206,21.26
1207,21.275
1208,21.33
1209,21.393
1210,21.38
1211,21.39
1212,21.4
1213,21.42
1214,21.42
1215,21.465
1216,21.41
1217,21.43
1218,21.525
1219,21.47
1220,21.55
1221,21.6001
1222,21.719999999999995
1223,21.67
1224,21.665000000000003
1225,21.71
1226,21.85
1227,21.9599
1228,22.099999999999998
1229,22.0
1230,21.98
1231,21.95
1232,21.95
1233,21.94
1234,21.98
1235,22.01
1236,21.985
1237,21.995
1238,21.980999999999998
1239,21.94
1240,21.915
1241,21.87
1242,21.87
1243,21.87
1244,21.89
1245,21.84
1246,21.8522
1247,21.8648
1248,21.925
1249,21.86
1250,21.86
1251,21.86
1252,21.719999999999995
1253,21.76
1254,21.7139
1255,21.785
1256,21.715
1257,21.78
1258,21.83
1259,21.825
1260,21.84
1261,21.83
1262,21.83
1263,21.83
1264,21.845
1265,21.88
1266,21.909999999999997
1267,21.875
1268,21.9
1269,21.89
1270,22.02
1271,21.96
1272,21.925
1273,21.935
1274,21.93
1275,21.964999999999996
1276,22.06
1277,22.03
1278,22.02
1279,21.95
1280,22.03
1281,22.14
1282,22.195
1283,22.29
1284,22.29
1285,22.32
1286,22.3
1287,22.3
1288,22.34
1289,22.34
1290,22.425
1291,22.435
1292,22.45
1293,22.49
1294,22.475
1295,22.47
1296,22.49
1297,22.48
1298,22.49
1299,22.52
1300,22.5599
1301,22.58
1302,22.595
1303,22.56
1304,22.52
1305,22.525
1306,22.56
1307,22.56
1308,22.62
1309,22.63
1310,22.6
1311,22.55
1312,22.52
1313,22.51
1314,22.55
1315,22.58
1316,22.63
1317,22.625
1318,22.590000000000003
1319,22.55
1320,22.62
1321,22.57
1322,22.5562
1323,22.575
1324,22.56
1325,22.590000000000003
1326,22.55
1327,22.615
1328,22.685
1329,22.666
1330,22.72
1331,22.76
1332,22.76
1333,22.76
1334,22.52
1335,22.5
1336,22.526200000000003
1337,22.590000000000003
1338,22.585
1339,22.61
1340,22.63
1341,22.62
1342,22.61
1343,22.6199
1344,22.55
1345,22.53
1346,22.495
1347,22.48
1348,22.52
1349,22.535
1350,22.6
1351,22.605
1352,22.585
1353,22.585
1354,22.55
1355,22.55
1356,22.455000000000002
1357,22.29
1358,22.28
1359,22.3
1360,22.29
1361,22.28
1362,22.33
1363,22.28
1364,22.34
1365,22.400000000000002
1366,22.39
1367,22.39
1368,22.395
1369,22.345
1370,22.33
1371,22.340999999999998
1372,22.39
1373,22.35
1374,22.32
1375,22.32
1376,22.3396
1377,22.37
1378,22.36
1379,22.406000000000002
1380,22.400000000000002
1381,22.36
1382,22.36
1383,22.58
1384,22.44
1385,22.39
1386,22.405
1387,22.46
1388,22.56
1389,22.49
1390,22.5
1391,22.500999999999998
1392,22.55
1393,22.555
1394,22.565
1395,22.5464
1396,22.6
1397,22.6262
1398,22.75
1399,22.68
1400,22.6573
1401,22.71
1402,22.65
1403,22.685
1404,22.69
1405,22.68
1406,22.685
1407,22.655
1408,22.62
1409,22.63
1410,22.590000000000003
1411,22.5979
1412,22.6
1413,22.49
1414,22.56
1415,22.529
1416,22.49
1417,22.44
1418,22.38
1419,22.44
1420,22.445
1421,22.475
1422,22.43
1423,22.39
1424,22.405
1425,22.36
1426,22.42
1427,22.4601
1428,22.465
1429,22.471
1430,22.46
1431,22.445
1432,22.4828
1433,22.4872
1434,22.495
1435,22.5
1436,22.49
1437,22.21
1438,22.36
1439,22.345
1440,22.38
1441,22.41
1442,22.405
1443,22.33
1444,22.255
1445,22.245
1446,22.28
1447,22.305
1448,22.3
1449,22.3
1450,22.25
1451,22.25
1452,22.245
1453,22.19
1454,22.145
1455,22.085
1456,22.08
1457,22.14
1458,22.11
1459,22.099999999999998
1460,22.135
1461,22.185
1462,22.195
1463,22.2
1464,22.35
1465,22.28
1466,22.33
1467,22.32
1468,22.345
1469,22.3822
1470,22.400000000000002
1471,22.4176
1472,22.4199
1473,22.4071
1474,22.385
1475,22.34
1476,22.28
1477,22.26
1478,22.25
1479,22.1899
1480,22.17
1481,22.099999999999998
1482,22.14
1483,22.19
1484,22.16
1485,22.165
1486,22.195
1487,22.1608
1488,22.12
1489,22.09
1490,22.09
1491,22.23
1492,22.16
1493,22.11
1494,22.095
1495,22.11
1496,22.09
1497,22.16
1498,22.11
1499,22.05
1500,22.005
1501,22.09
1502,22.080000000000002
1503,22.03
1504,22.07
1505,22.065
1506,22.06
1507,22.0162
1508,22.07
1509,22.07
1510,22.145
1511,22.13
1512,22.12
1513,22.09
1514,22.080000000000002
1515,22.095
1516,22.055
1517,22.055
1518,22.15
1519,22.12
1520,22.01
1521,21.88
1522,21.96
1523,22.1
1524,22.16
1525,22.17
1526,22.21
1527,22.09
1528,22.1
1529,22.115
1530,22.155
1531,22.18
1532,22.2
1533,22.21
1534,22.27
1535,22.27
1536,22.25
1537,22.24
1538,22.2
1539,22.25
1540,22.3
1541,22.315
1542,22.27
1543,22.31
1544,22.31
1545,21.9102
1546,22.055
1547,21.97
1548,21.98
1549,21.965
1550,21.92
1551,22.01
1552,22.01
1553,22.02
1554,22.12
1555,22.155
1556,22.22
1557,22.25
1558,22.28
1559,22.28
1560,22.28
1561,22.28
1562,22.33
1563,22.39
1564,22.4
1565,22.37
1566,22.355
1567,22.335
1568,22.315
1569,22.265000000000004
1570,22.23
1571,22.22
1572,22.22
1573,21.96
1574,21.97
1575,21.96
1576,22.000000000000004
1577,22.01
1578,22.095
1579,22.06
1580,22.055
1581,21.991
1582,21.9501
1583,21.910000000000004
1584,21.8601
1585,21.85
1586,21.83
1587,21.820000000000004
1588,21.88
1589,21.95
1590,21.95
1591,21.955
1592,22.05
1593,22.080000000000002
1594,22.04
1595,22.03
1596,21.96
1597,22.0204
1598,22.02
1599,22.03
1600,22.22
1601,22.48
1602,22.519999999999996
1603,22.5
1604,22.49
1605,22.335
1606,22.349999999999998
1607,22.29
1608,22.3
1609,22.259999999999998
1610,22.21
1611,22.18
1612,22.2
1613,22.23
1614,22.25
1615,22.25
1616,22.2
1617,22.19
1618,22.16
1619,22.23
1620,22.215
1621,22.22
1622,22.16
1623,22.185
1624,22.17
1625,22.18
1626,22.2
1627,22.02
1628,22.03
1629,21.990000000000002
1630,21.96
1631,22.02
1632,22.11
1633,22.11
1634,22.080000000000002
1635,22.105
1636,22.080000000000002
1637,22.07
1638,22.095
1639,22.1928
1640,22.259999999999998
1641,22.3
1642,22.32
1643,22.385
1644,22.325
1645,22.25
1646,22.225
1647,22.235
1648,22.21
1649,22.21
1650,22.225
1651,22.28
1652,22.3
1653,22.305
1654,22.36
1655,22.27
1656,22.259999999999998
1657,22.22
1658,22.28
1659,22.285
1660,22.3
1661,22.32
1662,22.315
1663,22.340999999999998
1664,22.27
1665,22.19
1666,22.164999999999996
1667,22.21
1668,22.24
1669,22.19
1670,22.22
1671,22.275
1672,22.1
1673,22.215
1674,22.27
1675,22.25
1676,22.19
1677,22.18
1678,22.13
1679,22.135
1680,22.14
1681,22.09
1682,22.02
1683,22.03
1684,22.04
1685,22.134
1686,22.15
1687,22.23
1688,22.2
1689,22.175000000000004
1690,22.13
1691,22.24
1692,22.29
1693,22.23
1694,22.2
1695,22.205
1696,22.259999999999998
1697,22.22
1698,22.22
1699,22.23
1700,22.155
1701,22.15
1702,22.1
1703,22.07
1704,22.0901
1705,22.14
1706,22.2
1707,22.195
1708,22.349999999999998
1709,22.34
1710,22.39
1711,22.5
1712,22.535
1713,22.67
1714,22.615
1715,22.71
1716,22.715
1717,22.74
1718,22.65
1719,22.56
1720,22.59
1721,22.6
1722,22.575
1723,22.615
1724,22.6301
1725,22.735
1726,22.72
1727,22.82
1728,22.73
1729,22.72
1730,22.705
1731,22.73
1732,22.72
1733,22.74
1734,22.75
1735,22.71
1736,22.69
1737,22.69
1738,22.65
1739,22.65
1740,22.56
1741,22.57
1742,22.635
1743,22.665
1744,22.679000000000002
1745,22.63
1746,22.66
1747,22.59
1748,22.610000000000003
1749,22.610000000000003
1750,22.605
1751,22.6301
1752,22.610000000000003
1753,22.63
1754,22.73
1755,22.7001
1756,22.69
1757,22.700000000000003
1758,22.6941
1759,22.66
1760,22.615
1761,22.610000000000003
1762,22.5
1763,22.3177
1764,22.32
1765,22.37
1766,22.429999999999996
1767,22.42
1768,22.34
1769,22.28
1770,22.21
1771,22.2172
1772,22.2
1773,22.095
1774,22.080000000000002
1775,22.074999999999996
1776,22.01
1777,22.01
1778,21.94
1779,22.02
1780,22.03
1781,22.03
1782,21.955
1783,22.015
1784,22.06
1785,22.05
1786,22.1
1787,22.03
1788,22.03
1789,22.04
1790,21.98
1791,21.83
1792,21.93
1793,21.9447
1794,21.910000000000004
1795,21.9601
1796,21.86
1797,21.86
1798,21.93
1799,21.899999999999995
1800,21.93
1801,21.945
1802,21.97
1803,21.994999999999997
1804,21.96
1805,21.935
1806,21.92
1807,21.92
1808,21.915
1809,21.897800000000004
1810,21.925
1811,21.925
1812,21.96
1813,21.994999999999997
1814,22.084999999999997
1815,22.1
1816,22.19
1817,22.09
1818,22.15
1819,22.22
1820,22.164999999999996
1821,22.1799
1822,22.16
1823,22.164999999999996
1824,22.12
1825,22.2
1826,22.19
1827,22.355
1828,22.4099
1829,22.4
1830,22.349999999999998
1831,22.349999999999998
1832,22.378
1833,22.33
1834,22.429999999999996
1835,22.45
1836,22.42
1837,22.4
1838,22.4373
1839,22.42
1840,22.39
1841,22.54
1842,22.49
1843,21.345
1844,21.185
1845,21.25
1846,21.21
1847,21.05
1848,21.095
1849,21.24
1850,21.155
1851,21.01
1852,20.77
1853,20.62
1854,20.645
1855,20.62
1856,20.65
1857,20.589799999999997
1858,20.645
1859,20.75
1860,20.93
1861,20.705
1862,20.849999999999998
1863,20.855000000000004
1864,20.95
1865,20.84
1866,20.79
1867,20.79
1868,20.82
1869,20.825
1870,20.53
1871,20.5249
1872,20.605
1873,20.535
1874,20.6
1875,20.6
1876,20.561
1877,20.580000000000002
1878,20.64
1879,20.643
1880,20.615
1881,20.67
1882,20.73
1883,20.79
1884,20.8
1885,20.8
1886,20.795
1887,20.715
1888,20.67
1889,20.7
1890,20.65
1891,20.71
1892,20.664999999999996
1893,20.7
1894,20.6
1895,20.63
1896,20.63
1897,20.63
1898,20.705
1899,20.63
1900,20.63
1901,20.72
1902,20.78
1903,20.82
1904,20.86
1905,20.8
1906,20.8099
1907,20.86
1908,20.895
1909,20.939999999999998
1910,20.97
1911,20.9412
1912,20.95
1913,20.939999999999998
1914,20.97
1915,20.91
1916,20.895
1917,20.8799
1918,20.84
1919,20.875
1920,20.855000000000004
1921,20.88
1922,20.825
1923,20.83
1924,21.06
1925,21.1
1926,21.07
1927,20.97
1928,20.86
1929,20.81
1930,20.795
1931,20.8178
1932,20.825
1933,20.845000000000002
1934,20.83
1935,20.77
1936,20.8
1937,20.83
1938,20.84
1939,20.86
1940,20.885
1941,20.965
1942,20.945
1943,20.95
1944,20.963
1945,20.95
1946,20.965
1947,20.93
1948,20.92
1949,20.96
1950,21.15
1951,21.200000000000003
1952,21.37
1953,21.3
1954,21.23
1955,21.21
1956,21.200000000000003
1957,21.205
1958,21.200000000000003
1959,21.21
1960,21.22
1961,21.290000000000003
1962,21.31
1963,21.31
1964,21.28
1965,21.26
1966,21.32
1967,21.28
1968,21.3
1969,21.3
1970,21.22
1971,21.2401
1972,21.22
1973,21.34
1974,21.3
1975,21.290000000000003
1976,21.31
1977,21.315
1978,21.212200000000003
1979,21.23
1980,21.297199999999997
1981,21.339000000000002
1982,21.37
1983,21.35
1984,21.3701
1985,21.37
1986,21.37
1987,21.365
1988,21.34
1989,21.34
1990,21.31
1991,21.3185
1992,21.32
1993,21.32
1994,21.3221
1995,21.32
1996,21.36
1997,21.32
1998,21.32
1999,21.31
2000,21.305
2001,21.29
2002,21.28
2003,21.33
2004,21.31
2005,21.32
2006,21.33
2007,21.315
2008,21.31
2009,21.31
2010,21.32
2011,21.35
2012,21.33
2013,21.3
2014,21.325
2015,21.32
2016,21.315
2017,21.3
2018,21.27
2019,21.245
2020,21.24
2021,21.24
2022,21.24
2023,21.215999999999998
2024,21.22
2025,21.23
2026,21.27
2027,21.265
2028,21.27
2029,21.2
2030,21.215
2031,21.1476
2032,21.12
2033,21.0505
2034,21.1
2035,21.115
2036,21.105
2037,21.125
2038,21.1
2039,21.16
2040,21.17
2041,21.17
2042,21.18
2043,21.145
2044,21.14
2045,21.16
2046,21.145
2047,21.165
2048,21.15
2049,21.125
2050,21.09
2051,21.0301
2052,21.015
2053,21.05
2054,21.035
2055,21.2
2056,21.1924
2057,21.3
2058,21.25
2059,21.21
2060,21.21
2061,21.155
2062,21.11
2063,21.12
2064,21.156
2065,21.18
2066,21.15
2067,21.09
2068,21.06
2069,21.045
2070,21.04
2071,21.04
2072,21.055
2073,21.11
2074,21.21
2075,21.145
2076,21.15
2077,21.13
2078,21.09
2079,21.08
2080,21.04
2081,21.04
2082,21.04
2083,21.0
2084,21.101
2085,21.04
2086,21.035
2087,21.025
2088,20.99
2089,21.05
2090,21.04
2091,21.05
2092,21.02
2093,20.995
2094,20.995
2095,20.98
2096,21.02
2097,20.99
2098,20.98
2099,20.99
2100,21.01
2101,21.04
2102,21.0
2103,20.995
2104,20.95
2105,20.92
2106,20.93
2107,20.9
2108,20.89
2109,20.92
2110,20.99
2111,20.99
2112,20.96
2113,20.95
2114,20.935
2115,20.9
2116,20.905
2117,20.88
2118,20.93
2119,20.94
2120,20.925
2121,20.9
2122,20.88
2123,20.93
2124,20.935
2125,20.9
2126,20.885
2127,20.875
2128,20.89
2129,20.895
2130,20.87
2131,20.895
2132,20.89
2133,20.885
2134,20.855
2135,20.86
2136,20.73
2137,20.61
2138,20.725
2139,20.76
2140,20.705
2141,20.63
2142,20.6499
2143,20.71
2144,20.72
2145,20.7067
2146,20.68
2147,20.69
2148,20.67
2149,20.6499
2150,20.64
2151,20.67
2152,20.63
2153,20.6199
2154,20.629
2155,20.62
2156,20.61
2157,20.605
2158,20.67
2159,20.71
2160,20.745
2161,20.73
2162,20.73
2163,20.95
2164,21.0999
2165,21.09
2166,21.1
2167,21.07
2168,21.075
2169,21.2
2170,21.17
2171,21.31
2172,21.28
2173,21.2399
2174,21.22
2175,21.21
2176,21.25
2177,21.24
2178,21.28
2179,21.28
2180,21.39
2181,21.43
2182,21.745
2183,21.755
2184,21.7916
2185,21.84
2186,21.849
2187,21.8701
2188,21.84
2189,21.84
2190,22.05
2191,22.02
2192,22.0
2193,22.03
2194,22.11
2195,22.14
2196,22.2
2197,22.12
2198,22.08
2199,22.0156
2200,22.005
2201,22.03
2202,22.02
2203,22.0
2204,22.03
2205,22.035
2206,22.095
2207,22.08
2208,22.0735
2209,22.15
2210,22.15
2211,22.12
2212,22.12
2213,22.16
2214,22.13
2215,22.15
2216,22.14
2217,22.19
2218,22.18
2219,22.145
2220,22.23
2221,22.19
2222,22.160999999999998
2223,22.165
2224,22.13
2225,22.18
2226,22.25
2227,22.23
2228,22.215
2229,22.23
2230,22.2
2231,22.25
2232,22.24
2233,22.22
2234,22.19
2235,22.22
2236,22.205
2237,22.175
2238,22.205
2239,22.25
2240,22.23
2241,22.235
2242,22.14
2243,22.13
2244,22.47
2245,22.36
2246,22.21
2247,22.22
2248,22.23
2249,22.18
2250,22.18
2251,22.15
2252,22.2
2253,22.235
2254,22.34
2255,22.42
2256,22.44
2257,22.57
2258,22.511
2259,22.53
2260,22.51
2261,22.545
2262,22.54
2263,22.53
2264,22.5
2265,22.46
2266,22.485
2267,22.47
2268,22.415
2269,22.38
2270,22.38
2271,22.36
2272,22.1301
2273,22.255
2274,22.22
2275,22.22
2276,22.1748
2277,22.205
2278,22.18
2279,22.1799
2280,22.19
2281,22.22
2282,22.2
2283,22.18
2284,22.2
2285,22.17
2286,22.185
2287,22.16
2288,22.215
2289,22.11
2290,22.12
2291,22.03
2292,22.04
2293,21.9643
2294,21.935
2295,21.975
2296,21.93
2297,21.94
2298,21.935
2299,22.11
2300,22.05
2301,22.09
2302,22.105
2303,22.035
2304,22.06
2305,21.98
2306,21.97
2307,21.97
2308,21.9001
2309,21.87
2310,21.82
2311,21.771
2312,21.74
2313,21.75
2314,21.76
2315,21.74
2316,21.745
2317,21.78
2318,21.77
2319,21.74
2320,21.71
2321,21.725
2322,21.675
2323,21.765
2324,21.7
2325,21.7
2326,21.85
2327,21.91
2328,21.9
2329,21.92
2330,22.01
2331,22.0125
2332,22.02
2333,22.08
2334,22.0401
2335,22.12
2336,22.11
2337,22.125
2338,22.11
2339,22.11
2340,22.0901
2341,22.04
2342,22.01
2343,22.0
2344,22.03
2345,22.02
2346,22.03
2347,22.045
2348,22.05
2349,22.005
2350,22.01
2351,22.085
2352,21.89
2353,22.09
2354,22.11
2355,22.1
2356,22.0999
2357,22.1401
2358,22.32
2359,22.33
2360,22.3
2361,22.32
2362,22.3257
2363,22.31
2364,22.345
2365,22.315
2366,22.305
2367,22.31
2368,22.31
2369,22.3
2370,22.31
2371,22.315
2372,22.305
2373,22.3
2374,22.3
2375,22.285
2376,22.295
2377,22.265
2378,22.26
2379,22.29
2380,22.11
2381,21.99
2382,22.0
2383,21.9955
2384,21.96
2385,21.895
2386,21.84
2387,21.79
2388,21.72
2389,21.76
2390,21.75
2391,21.7
2392,21.625
2393,21.61
2394,21.535
2395,21.54
2396,21.59
2397,21.55
2398,21.56
2399,21.645
2400,21.67
2401,21.75
2402,21.7685
2403,21.805
2404,21.75
2405,21.75
2406,21.755
2407,21.81
2408,21.8681
2409,21.8025
2410,21.865
2411,21.975
2412,21.98
2413,21.965
2414,21.98
2415,21.93
2416,21.955
2417,21.96
2418,21.97
2419,22.0
2420,21.96
2421,21.94
2422,21.9
2423,21.9299
2424,21.92
2425,21.93
2426,21.93
2427,21.87
2428,21.86
2429,21.855
2430,21.854
2431,21.85
2432,21.86
2433,21.64
2434,21.485
2435,21.49
2436,21.44
2437,21.5
2438,21.46
2439,21.4943
2440,21.5
2441,21.49
2442,21.59
2443,21.66
2444,21.656
2445,21.6
2446,21.68
2447,21.56
2448,21.55
2449,21.52
2450,21.53
2451,21.52
2452,21.51
2453,21.49
2454,21.485
2455,21.46
2456,21.48
2457,21.5
2458,21.455
2459,21.47
2460,21.6101
2461,21.75
2462,21.83
2463,21.8328
2464,21.79
2465,21.76
2466,21.75
2467,21.735
2468,21.8
2469,21.8
2470,21.7699
2471,21.705
2472,21.73
2473,21.74
2474,21.72
2475,21.71
2476,21.705
2477,21.72
2478,21.72
2479,21.7
2480,21.75
2481,21.72
2482,21.74
2483,21.73
2484,21.72
2485,21.7
2486,21.7
2487,21.5
2488,21.54
2489,21.41
2490,21.375
2491,21.41
2492,21.39
2493,21.34
2494,21.3999
2495,21.39
2496,21.42
2497,21.32
2498,21.335
2499,21.3106
2500,21.28
2501,21.23
2502,21.2
2503,21.21
2504,21.26
2505,21.24
2506,21.27
2507,21.2
2508,21.17
2509,21.145
2510,21.15
2511,21.06
2512,21.1
2513,21.11
2514,20.95
2515,20.87
2516,20.9022
2517,20.89
2518,20.9
2519,20.91
2520,21.0927
2521,21.0867
2522,21.07
2523,21.08
2524,21.12
2525,21.09
2526,21.09
2527,21.16
2528,21.15
2529,21.1199
2530,21.0432
2531,21.01
2532,21.06
2533,21.045
2534,21.025
2535,20.99
2536,21.0
2537,21.0
2538,21.045
2539,21.065
2540,21.07
2541,21.12
2542,21.09
2543,21.09
2544,21.15
2545,21.12
2546,21.13
2547,21.15
2548,21.1641
2549,21.19
2550,21.21
2551,21.24
2552,21.22
2553,21.29
2554,21.33
2555,21.3
2556,21.26
2557,21.25
2558,21.26
2559,21.28
2560,21.27
2561,21.275
2562,21.31
2563,21.3
2564,21.334
2565,21.345
2566,21.325
2567,21.33
2568,21.4701
2569,21.415
2570,21.44
2571,21.41
2572,21.49
2573,21.49
2574,21.5
2575,21.53
2576,21.5135
2577,21.52
2578,21.485
2579,21.485
2580,21.48
2581,21.485
2582,21.48
2583,21.5
2584,21.495
2585,21.525
2586,21.61
2587,21.55
2588,21.66
2589,21.685
2590,21.63
2591,21.67
2592,21.6099
2593,21.58
2594,21.58
2595,21.8
2596,21.795
2597,21.81
2598,21.885
2599,21.94
2600,21.935
2601,21.98
2602,21.99
2603,21.99
2604,21.975
2605,21.985
2606,22.02
2607,22.0
2608,21.95
2609,21.96
2610,21.92
2611,21.92
2612,21.91
2613,21.945
2614,21.93
2615,21.965
2616,21.95
2617,21.94
2618,21.93
2619,21.97
2620,21.93
2621,21.94
2622,22.0
2623,21.89
2624,21.86
2625,21.84
2626,21.75
2627,21.79
2628,21.76
2629,21.79
2630,21.72
2631,21.73
2632,21.7
2633,21.74
2634,21.72
2635,21.71
2636,21.7
2637,21.68
2638,21.71
2639,21.715
2640,21.72
2641,21.755
2642,21.753
2643,21.74
2644,21.83
2645,21.815
2646,21.82
2647,21.865
2648,21.965
2649,22.0
2650,21.9861
2651,21.97
2652,21.99
2653,21.99
2654,21.995
2655,22.02
2656,21.965
2657,21.95
2658,21.88
2659,21.82
2660,21.8
2661,21.83
2662,21.905
2663,21.97
2664,21.98
2665,21.99
2666,21.495
2667,21.55
2668,21.71
2669,21.75
2670,21.75
2671,21.81
2672,21.8
2673,21.77
2674,21.775
2675,21.7001
2676,21.44
2677,21.38
2678,21.32
2679,21.34
2680,21.26
2681,21.165
2682,21.18
2683,21.19
2684,21.24
2685,21.18
2686,21.18
2687,21.17
2688,21.145
2689,21.13
2690,21.129
2691,21.12
2692,21.1
2693,21.13
2694,21.15
2695,21.16
2696,21.215
2697,21.245
2698,21.31
2699,21.17
2700,21.215
2701,21.22
2702,21.269000000000002
2703,21.28
2704,21.25
2705,21.23
2706,21.17
2707,21.18
2708,21.145
2709,21.14
2710,21.16
2711,21.125
2712,21.13
2713,21.1
2714,21.07
2715,21.065
2716,21.06
2717,20.985
2718,20.975
2719,20.96
2720,20.965
2721,20.965
2722,20.985
2723,20.98
2724,20.93
2725,20.97
2726,20.945
2727,21.01
2728,21.01
2729,21.17
2730,21.24
2731,21.29
2732,21.25
2733,21.225
2734,21.18
2735,21.225
2736,21.2
2737,21.23
2738,21.249000000000002
2739,21.249000000000002
2740,21.22
2741,21.205
2742,21.19
2743,21.17
2744,21.17
2745,21.16
2746,21.15
2747,21.095
2748,21.065
2749,21.08
2750,21.125
2751,21.19
2752,21.195
2753,21.17
2754,21.17
2755,21.17
2756,20.84
2757,20.84
2758,20.89
2759,20.89
2760,20.91
2761,20.81
2762,20.84
2763,20.88
2764,20.79
2765,20.815
2766,20.87
2767,20.82
2768,20.795
2769,20.73
2770,20.679000000000002
2771,20.71
2772,20.715
2773,20.74
2774,20.72
2775,20.755
2776,20.72
2777,20.7562
2778,20.84
2779,20.83
2780,20.775
2781,20.74
2782,20.745
2783,20.65
2784,20.62
2785,20.64
2786,20.6
2787,20.52
2788,20.44
2789,20.315
2790,20.26
2791,20.2
2792,20.2235
2793,20.32
2794,20.38
2795,20.425
2796,20.46
2797,20.355
2798,20.36
2799,20.35
2800,20.335
2801,20.255
2802,20.21
2803,20.27
2804,20.19
2805,20.145
2806,20.15
2807,20.125
2808,20.13
2809,20.22
2810,20.195
2811,20.2
2812,20.22
2813,20.05
2814,20.01
2815,20.05
2816,20.1
2817,20.085
2818,20.12
2819,20.12
2820,20.035
2821,20.075
2822,20.095
2823,20.085
2824,20.12
2825,20.18
2826,20.255
2827,20.3
2828,20.215
2829,20.215
2830,20.22
2831,20.16
2832,20.16
2833,20.145
2834,20.145
2835,20.83
2836,20.73
2837,20.63
2838,20.64
2839,20.6
2840,20.49
2841,20.495
2842,20.5
2843,20.47
2844,20.445
2845,20.41
2846,20.37
2847,20.31
2848,20.3
2849,20.285
2850,20.32
2851,20.33
2852,20.28
2853,20.27
2854,20.25
2855,20.27
2856,20.28
2857,20.29
2858,20.34
2859,20.34
2860,20.4
2861,20.44
2862,20.43
2863,20.45
2864,20.51
2865,20.52
2866,20.52
2867,20.4
2868,20.4
2869,20.39
2870,20.43
2871,20.41
2872,20.375
2873,20.35
2874,20.38
2875,20.34
2876,20.38
2877,20.395
2878,20.3801
2879,20.355
2880,20.37
2881,20.335
2882,20.34
2883,20.35
2884,20.39
2885,20.41
2886,20.425
2887,20.42
2888,20.46
2889,20.46
2890,20.46
2891,20.39
2892,20.476
2893,20.42
2894,20.34
2895,20.275
2896,20.31
2897,20.32
2898,20.28
2899,20.295
2900,20.21
2901,20.21
2902,20.185
2903,20.15
2904,20.105
2905,20.07
2906,20.085
2907,20.035
2908,20.02
2909,20.02
2910,20.08
2911,20.12
2912,20.195
2913,20.1699
2914,19.57
2915,19.23
2916,19.419
2917,19.48
2918,19.58
2919,19.455
2920,19.525
2921,19.505
2922,19.52
2923,19.63
2924,19.71
2925,19.705
2926,19.685
2927,19.7
2928,19.71
2929,19.76
2930,19.68
2931,19.840999999999998
2932,19.845
2933,19.835
2934,19.84
2935,19.73
2936,19.785
2937,19.79
2938,19.739
2939,19.62
2940,19.63
2941,19.67
2942,19.605
2943,19.68
2944,19.54
2945,19.56
2946,19.59
2947,19.59
2948,19.605
2949,19.635
2950,19.6
2951,19.68
2952,19.664
2953,19.74
2954,19.77
2955,19.77
2956,19.76
2957,19.69
2958,19.72
2959,19.69
2960,19.75
2961,19.62
2962,19.69
2963,19.64
2964,19.615
2965,19.62
2966,19.565
2967,19.4499
2968,19.505
2969,19.505
2970,19.4
2971,19.37
2972,19.39
2973,19.31
2974,19.335
2975,19.41
2976,19.427
2977,19.45
2978,19.45
2979,19.47
2980,19.49
2981,19.54
2982,19.49
2983,19.44
2984,19.49
2985,19.545
2986,19.5
2987,19.48
2988,19.4499
2989,19.41
2990,19.814
2991,19.89
2992,19.86
2993,19.81
2994,19.79
2995,19.84
2996,19.83
2997,19.815
2998,19.8425
2999,19.84
3000,19.815
3001,19.8
3002,19.815
3003,19.82
3004,19.82
3005,19.8
3006,19.815
3007,19.79
3008,19.815
3009,19.83
3010,19.865
3011,19.8
3012,19.805
3013,19.75
3014,19.785
3015,19.745
3016,19.8
3017,19.8735
3018,19.9038
3019,19.9
3020,19.87
3021,19.77
3022,19.8
3023,19.84
3024,19.8199
3025,19.81
3026,19.81
3027,19.835
3028,19.835
3029,19.836
3030,19.81
3031,19.83
3032,19.835
3033,19.834
3034,19.845
3035,19.845
3036,19.8201
3037,19.86
3038,19.88
3039,19.885
3040,19.875
3041,19.855
3042,19.79
3043,19.85
3044,19.749000000000002
3045,19.8
3046,19.83
3047,19.87
3048,19.855
3049,19.879
3050,19.875
3051,19.88
3052,19.86
3053,19.825
3054,19.83
3055,19.805
3056,19.805
3057,19.81
3058,19.815
3059,19.82
3060,19.84
3061,19.85
3062,19.89
3063,19.895
3064,19.915
3065,19.9
3066,19.86
3067,19.845
3068,19.93
3069,19.87
3070,19.9
3071,19.895
3072,19.845
3073,19.8099
3074,19.75
3075,19.72
3076,19.765
3077,19.73
3078,19.71
3079,19.705
3080,19.73
3081,19.73
3082,19.69
3083,19.7
3084,19.665
3085,19.66
3086,19.62
3087,19.6399
3088,19.645
3089,19.7
3090,19.735
3091,19.75
3092,19.75
3093,20.03
3094,20.05
3095,20.08
3096,20.15
3097,20.105
3098,20.11
3099,20.105
3100,20.11
3101,20.1501
3102,20.155
3103,20.145
3104,20.13
3105,20.1
3106,20.08
3107,20.07
3108,20.05
3109,20.02
3110,20.035
3111,20.05
3112,20.07
3113,20.07
3114,20.07
3115,20.0943
3116,20.15
3117,20.15
3118,20.17
3119,19.9183
3120,19.945
3121,19.885
3122,19.85
3123,19.895
3124,19.905
3125,19.865
3126,19.85
3127,19.92
3128,19.98
3129,19.975
3130,20.015
3131,19.92
3132,19.93
3133,19.965
3134,19.98
3135,19.97
3136,19.9626
3137,19.95
3138,19.97
3139,20.01
3140,20.07
3141,20.095
3142,20.1
3143,20.05
3144,20.08
3145,20.1
3146,20.025
3147,20.0
3148,19.97
3149,19.99
3150,20.01
3151,19.985
3152,19.93
3153,19.88
3154,19.83
3155,19.83
3156,19.8149
3157,19.79
3158,19.8
3159,19.76
3160,19.775
3161,19.76
3162,19.69
3163,19.6601
3164,19.7201
3165,19.7101
3166,19.725
3167,19.75
3168,19.705
3169,19.65
3170,19.7
3171,19.95
3172,19.99
3173,19.97
3174,20.03
3175,19.98
3176,19.94
3177,19.86
3178,19.91
3179,19.9201
3180,19.94
3181,19.92
3182,19.92
3183,19.92
3184,19.91
3185,19.86
3186,19.86
3187,19.83
3188,19.815
3189,19.79
3190,19.81
3191,19.81
3192,19.78
3193,19.7499
3194,19.7799
3195,19.775
3196,19.79
3197,19.79
3198,19.39
3199,19.35
3200,19.351
3201,19.34
3202,19.33
3203,19.24
3204,19.18
3205,19.22
3206,19.36
3207,19.359
3208,19.43
3209,19.49
3210,19.5
3211,19.53
3212,19.5399
3213,19.485
3214,19.49
3215,19.4712
3216,19.41
3217,19.525
3218,19.485
3219,19.535
3220,19.445
3221,19.44
3222,19.415
3223,19.41
3224,19.6
3225,19.79
3226,19.76
3227,19.86
3228,19.89
3229,19.91
3230,19.910999999999998
3231,19.74
3232,19.63
3233,19.5599
3234,19.53
3235,19.55
3236,19.565
3237,19.63
3238,19.6
3239,19.6
3240,19.6
3241,19.7
3242,19.635
3243,19.665
3244,19.695
3245,19.6
3246,19.589000000000002
3247,19.58
3248,19.62
3249,19.66
3250,19.66
3251,19.625
3252,19.5
3253,19.43
3254,19.44
3255,19.37
3256,19.4523
3257,19.49
3258,19.485
3259,19.52
3260,19.451
3261,19.4201
3262,19.34
3263,19.42
3264,19.377
3265,19.39
3266,19.37
3267,19.45
3268,19.465
3269,19.4636
3270,19.47
3271,19.44
3272,19.49
3273,19.44
3274,19.43
3275,19.415
3276,19.1498
3277,19.3601
3278,19.41
3279,19.45
3280,19.480999999999998
3281,19.38
3282,19.38
3283,19.39
3284,19.385
3285,19.38
3286,19.34
3287,19.37
3288,19.395
3289,19.38
3290,19.43
3291,19.3974
3292,19.4
3293,19.415
3294,19.4
3295,19.39
3296,19.375
3297,19.4
3298,19.345
3299,19.2901
3300,19.26
3301,19.315
3302,19.25
3303,19.27
3304,19.3
3305,19.23
3306,19.34
3307,19.4
3308,19.5
3309,19.53
3310,19.58
3311,19.57
3312,19.56
3313,19.61
3314,19.6
3315,19.585
3316,19.68
3317,19.71
3318,19.7
3319,19.74
3320,19.84
3321,19.825
3322,19.765
3323,19.805
3324,19.76
3325,19.78
3326,19.75
3327,19.735
3328,19.73
3329,19.67
3330,19.785
3331,19.745
3332,19.69
3333,19.865
3334,19.85
3335,19.9
3336,19.94
3337,19.915
3338,19.935
3339,19.8943
3340,19.885
3341,19.885
3342,19.93
3343,19.96
3344,19.95
3345,20.025
3346,20.03
3347,20.05
3348,20.022000000000002
3349,20.01
3350,20.01
3351,19.98
3352,19.971
3353,19.99
3354,19.98
3355,20.04
3356,20.04
3357,20.19
3358,20.16
3359,20.07
3360,20.0
3361,20.045
3362,20.12
3363,20.04
3364,20.05
3365,20.05
3366,20.04
3367,20.01
3368,20.05
3369,20.011
3370,20.02
3371,20.011
3372,20.02
3373,20.02
3374,20.04
3375,20.02
3376,20.08
3377,20.08
3378,20.08
3379,20.055
3380,20.02
3381,20.05
3382,20.0
3383,19.98
3384,19.93
3385,19.96
3386,19.94
3387,19.87
3388,19.87
3389,19.88
3390,19.84
3391,19.9
3392,19.985
3393,19.98
3394,19.97
3395,19.995
3396,19.98
3397,19.91
3398,19.88
3399,19.96
3400,19.92
3401,19.93
3402,19.935
3403,19.91
3404,19.89
3405,19.94
3406,19.945
3407,20.0
3408,20.025
3409,20.02
3410,19.92
3411,20.0
3412,20.095
3413,20.11
3414,20.1
3415,20.135
3416,20.07
3417,20.145
3418,20.1338
3419,20.14
3420,20.15
3421,20.145
3422,20.155
3423,20.14
3424,20.21
3425,20.18
3426,20.205
3427,20.24
3428,20.26
3429,20.235
3430,20.22
3431,20.295
3432,20.29
3433,20.29
3434,20.31
3435,20.245
3436,20.31
3437,20.38
3438,20.36
3439,20.19
3440,20.28
3441,20.235
3442,20.23
3443,20.235
3444,20.26
3445,20.18
3446,20.215
3447,20.21
3448,20.215
3449,20.2799
3450,20.32
3451,20.3
3452,20.29
3453,20.295
3454,20.36
3455,20.395
3456,20.39
3457,20.38
3458,20.375
3459,20.39
3460,20.79
3461,20.72
3462,20.76
3463,20.74
3464,20.73
3465,20.67
3466,20.66
3467,20.69
3468,20.76
3469,20.67
3470,20.66
3471,20.5586
3472,20.6
3473,20.64
3474,20.6
3475,20.57
3476,20.7
3477,20.645
3478,20.64
3479,20.68
3480,20.66
3481,20.59
3482,20.635
3483,20.61
3484,20.5887
3485,20.58
3486,20.309
3487,20.1999
3488,20.21
3489,20.32
3490,20.47
3491,20.355
3492,20.34
3493,20.33
3494,20.32
3495,20.28
3496,20.29
3497,20.28
3498,20.17
3499,20.14
3500,20.28
3501,20.42
3502,20.37
3503,20.46
3504,20.465
3505,20.59
3506,20.655
3507,20.58
3508,20.595
3509,20.51
3510,20.47
3511,20.49
3512,22.54
3513,22.465
3514,22.32
3515,22.5399
3516,22.64
3517,22.45
3518,22.47
3519,22.455
3520,22.36
3521,22.45
3522,22.455
3523,22.46
3524,22.465
3525,22.51
3526,22.54
3527,22.56
3528,22.755
3529,22.81
3530,23.055
3531,23.105
3532,23.25
3533,23.155
3534,23.115
3535,23.24
3536,23.03
3537,23.01
3538,22.8798
3539,22.98
3540,23.21
3541,23.2636
3542,23.23
3543,23.44
3544,23.49
3545,23.675
3546,23.53
3547,23.67
3548,23.76
3549,23.81
3550,23.89
3551,23.8251
3552,23.755
3553,23.79
3554,23.79
3555,23.78
3556,23.79
3557,23.78
3558,23.71
3559,23.72
3560,23.74
3561,23.69
3562,23.72
3563,23.79
3564,23.66
3565,23.58
3566,23.73
3567,23.7628
3568,23.79
3569,23.81
3570,23.8
3571,23.66
3572,23.77
3573,23.74
3574,23.79
3575,23.82
3576,23.805
3577,23.8
3578,23.82
3579,23.8
3580,23.81
3581,23.7
3582,23.63
3583,23.6301
3584,23.57
3585,23.59
3586,23.64
3587,23.67
3588,23.67
3589,23.68
3590,23.61
3591,23.59
3592,23.57
3593,23.5701
3594,23.61
3595,23.71
3596,23.69
3597,23.7
3598,23.71
3599,23.705
3600,23.82
3601,23.86
3602,23.81
3603,23.81
3604,23.8449
3605,23.81
3606,23.86
3607,23.82
3608,23.72
3609,23.72
3610,23.68
3611,23.705
3612,23.705
3613,23.765
3614,23.71
3615,23.64
3616,23.605
3617,23.6
3618,23.64
3619,23.660999999999998
3620,23.68
3621,23.75
3622,23.725
3623,23.735
3624,23.7699
3625,23.743000000000002
3626,23.71
3627,23.66
3628,23.685
3629,23.69
3630,23.68
3631,23.66
3632,23.63
3633,23.545
3634,23.56
3635,23.51
3636,23.595
3637,23.55
3638,23.52
3639,23.53
3640,23.515
3641,23.42
3642,23.46
3643,23.56
3644,23.5201
3645,23.53
3646,23.49
3647,23.51
3648,23.48
3649,23.51
3650,23.5401
3651,23.57
3652,23.58
3653,23.54
3654,23.515
3655,23.56
3656,23.575
3657,23.57
3658,23.5942
3659,23.61
3660,23.545
3661,23.55
3662,23.27
3663,23.2
3664,23.3
3665,23.265
3666,23.21
3667,23.275
3668,23.33
3669,23.285
3670,23.32
3671,23.285
3672,23.285
3673,23.335
3674,23.32
3675,23.38
3676,23.365
3677,23.435
3678,23.31
3679,23.31
3680,23.331
3681,23.32
3682,23.345
3683,23.35
3684,23.33
3685,23.31
3686,23.34
3687,23.39
3688,23.39
3689,23.25
3690,23.065
3691,23.02
3692,23.02
3693,23.04
3694,23.059
3695,23.015
3696,23.04
3697,23.01
3698,23.0
3699,23.045
3700,22.95
3701,22.96
3702,22.96
3703,23.0173
3704,23.01
3705,23.01
3706,22.935
3707,22.995
3708,23.0199
3709,23.05
3710,23.055
3711,23.1
3712,23.1
3713,23.13
3714,23.08
3715,22.86
3716,22.85
3717,22.89
3718,22.84
3719,22.79
3720,22.87
3721,22.87
3722,22.8
3723,22.81
3724,22.785
3725,22.82
3726,22.845
3727,22.895
3728,22.885
3729,22.98
3730,23.02
3731,23.08
3732,23.08
3733,23.27
3734,23.26
3735,23.16
3736,23.045
3737,23.035
3738,23.03
3739,23.085
3740,22.995
3741,22.615
3742,22.51
3743,22.45
3744,22.25
3745,22.54
3746,22.4901
3747,22.44
3748,22.48
3749,22.45
3750,22.475
3751,22.48
3752,22.46
3753,22.39
3754,22.3999
3755,22.345
3756,22.27
3757,22.255
3758,22.23
3759,22.25
3760,22.215
3761,22.1
3762,22.07
3763,22.225
3764,22.36
3765,22.265
3766,22.155
3767,22.25
3768,22.25
3769,22.06
3770,22.09
3771,21.985
3772,21.89
3773,21.81
3774,21.72
3775,21.71
3776,20.889
3777,20.93
3778,21.05
3779,21.05
3780,21.14
3781,21.255
3782,21.11
3783,21.09
3784,21.28
3785,21.53
3786,21.61
3787,21.76
3788,21.74
3789,21.67
3790,21.76
3791,21.59
3792,21.439
3793,21.39
3794,21.22
3795,21.31
3796,21.19
3797,20.83
3798,20.83
3799,20.616999999999997
3800,21.07
3801,20.86
3802,20.98
3803,20.925
3804,21.04
3805,20.9299
3806,21.03
3807,20.985
3808,20.93
3809,21.04
3810,20.97
3811,21.04
3812,21.08
3813,20.99
3814,20.92
3815,21.08
3816,21.1
3817,21.28
3818,21.36
3819,21.4
3820,21.46
3821,21.43
3822,21.6
3823,21.56
3824,21.68
3825,21.65
3826,21.78
3827,21.82
3828,21.81
3829,22.2
3830,22.05
3831,22.14
3832,22.07
3833,22.15
3834,22.25
3835,22.29
3836,22.295
3837,22.21
3838,22.235
3839,22.315
3840,22.36
3841,22.32
3842,22.439
3843,22.52
3844,22.445
3845,22.465
3846,22.54
3847,22.555
3848,22.475
3849,22.5
3850,22.31
3851,22.29
3852,22.46
3853,22.53
3854,22.56
3855,22.63
3856,22.84
3857,22.78
3858,22.53
3859,22.66
3860,22.52
3861,22.53
3862,22.64
3863,22.69
3864,22.63
3865,22.56
3866,22.6365
3867,22.67
3868,22.67
3869,22.68
3870,22.71
3871,22.62
3872,22.61
3873,22.67
3874,22.66
3875,22.65
3876,22.63
3877,22.737
3878,22.69
3879,22.735
3880,22.68
3881,22.73
3882,22.73
3883,22.55
3884,22.52
3885,22.44
3886,22.48
3887,22.53
3888,22.53
3889,22.51
3890,22.66
3891,22.74
3892,22.72
3893,22.73
3894,22.75
3895,22.71
3896,22.69
3897,22.69
3898,22.65
3899,22.62
3900,22.6
3901,22.53
3902,22.573
3903,22.58
3904,22.49
3905,22.585
3906,22.55
3907,22.57
3908,22.475
3909,22.12
3910,22.13
3911,22.05
3912,22.04
3913,21.98
3914,21.97
3915,22.04
3916,21.9501
3917,21.9501
3918,21.945
3919,21.85
3920,21.8
3921,21.77
3922,21.66
3923,21.62
3924,21.72
3925,21.785
3926,21.78
3927,21.6701
3928,21.65
3929,21.68
3930,21.61
3931,21.625
3932,21.53
3933,21.455
3934,21.565
3935,21.56
3936,21.875
3937,22.0
3938,22.045
3939,21.915
3940,21.89
3941,21.92
3942,21.89
3943,21.93
3944,21.95
3945,21.94
3946,21.89
3947,21.95
3948,22.02
3949,22.07
3950,22.085
3951,22.11
3952,22.05
3953,22.045
3954,22.09
3955,22.105
3956,22.03
3957,22.09
3958,21.95
3959,22.07
3960,22.06
3961,22.2
3962,22.41
3963,22.5
3964,22.57
3965,22.64
3966,22.605
3967,22.61
3968,22.59
3969,22.6
3970,22.575
3971,22.5
3972,22.52
3973,22.435
3974,22.38
3975,22.355
3976,22.3
3977,22.39
3978,22.34
3979,22.305
3980,22.31
3981,22.3759
3982,22.41
3983,22.35
3984,22.32
3985,22.29
3986,22.29
3987,22.285
3988,22.19
3989,22.05
3990,21.98
3991,22.1
3992,22.12
3993,22.135
3994,22.05
3995,22.155
3996,22.12
3997,22.18
3998,22.11
3999,22.03
4000,22.035
4001,21.98
4002,21.96
4003,21.991
4004,21.9543
4005,21.9
4006,21.86
4007,21.825
4008,21.885
4009,21.92
4010,21.885
4011,21.865
4012,21.8345
4013,21.75
4014,22.37
4015,22.38
4016,22.32
4017,22.3899
4018,22.32
4019,22.52
4020,22.54
4021,22.46
4022,22.54
4023,22.5842
4024,22.59
4025,22.525
4026,22.56
4027,22.53
4028,22.56
4029,22.62
4030,22.62
4031,22.65
4032,22.72
4033,22.72
4034,22.7
4035,22.7099
4036,22.73
4037,22.69
4038,22.68
4039,22.77
4040,22.78
4041,22.55
4042,22.42
4043,22.41
4044,22.48
4045,22.469
4046,22.46
4047,22.5
4048,22.54
4049,22.54
4050,22.5846
4051,22.53
4052,22.59
4053,22.549
4054,22.52
4055,22.44
4056,22.51
4057,22.5
4058,22.45
4059,22.5
4060,22.43
4061,22.37
4062,22.29
4063,22.23
4064,22.23
4065,22.3
4066,22.04
4067,22.17
4068,22.38
4069,22.57
4070,22.65
4071,22.4901
4072,22.48
4073,22.63
4074,22.62
4075,22.7
4076,22.64
4077,22.66
4078,22.62
4079,22.67
4080,22.81
4081,22.78
4082,22.785
4083,22.78
4084,22.66
4085,22.71
4086,22.585
4087,22.57
4088,22.53
4089,22.5
4090,22.565
4091,22.455
4092,22.32
4093,22.28
4094,22.33
4095,22.285
4096,22.32
4097,22.385
4098,22.39
4099,22.505
4100,22.53
4101,22.64
4102,22.59
4103,22.61
4104,22.7
4105,22.715
4106,22.59
4107,22.68
4108,22.67
4109,22.705
4110,22.72
4111,22.735
4112,22.705
4113,22.68
4114,22.655
4115,22.65
4116,22.655
4117,22.74
4118,22.59
4119,22.72
4120,22.71
4121,22.79
4122,22.76
4123,22.755
4124,22.7
4125,22.645
4126,22.655
4127,22.63
4128,22.67
4129,22.654
4130,22.64
4131,22.625
4132,22.66
4133,22.73
4134,22.68
4135,22.65
4136,22.64
4137,22.67
4138,22.675
4139,22.69
4140,22.645
4141,22.635
4142,22.69
4143,22.69
4144,22.79
4145,22.805
4146,22.75
4147,22.82
4148,22.87
4149,23.0
4150,23.01
4151,22.99
4152,23.0
4153,23.01
4154,23.025
4155,23.01
4156,22.95
4157,22.85
4158,22.89
4159,22.91
4160,22.95
4161,22.96
4162,22.985
4163,23.0
4164,22.98
4165,22.99
4166,23.01
4167,23.02
4168,23.005
4169,22.94
4170,22.94
4171,22.85
4172,22.77
4173,22.84
4174,22.84
4175,22.87
4176,22.93
4177,22.99
4178,23.08
4179,23.075
4180,23.175
4181,23.13
4182,23.19
4183,23.19
4184,23.209999999999997
4185,23.14
4186,23.07
4187,23.1
4188,23.13
4189,23.04
4190,23.015
4191,23.045
4192,23.1
4193,23.095
4194,23.11
4195,23.12
4196,23.11
4197,23.1
4198,23.520000000000003
4199,23.575
4200,23.395
4201,23.449999999999996
4202,23.434
4203,23.38
4204,23.42
4205,23.425
4206,23.43
4207,23.445
4208,23.449999999999996
4209,23.449999999999996
4210,23.455000000000002
4211,23.490000000000002
4212,23.449999999999996
4213,23.505000000000003
4214,23.54
4215,23.520000000000003
4216,23.550000000000004
4217,23.522000000000002
4218,23.61
4219,23.69
4220,23.445
4221,23.43
4222,23.37
4223,23.46
4224,23.36
4225,23.3172
4226,23.280000000000005
4227,23.24
4228,23.276600000000002
4229,23.27
4230,23.209999999999997
4231,23.209999999999997
4232,23.160999999999998
4233,23.250000000000004
4234,23.260000000000005
4235,23.275
4236,23.295
4237,23.260000000000005
4238,23.250000000000004
4239,23.230000000000004
4240,23.32
4241,23.29
4242,23.3
4243,23.224999999999998
4244,23.415
4245,23.4
4246,23.479999999999997
4247,23.545000000000005
4248,23.545000000000005
4249,23.490000000000002
4250,23.385
4251,23.4
4252,23.3
4253,23.31
4254,23.365
4255,23.3
4256,23.305
4257,23.34
4258,23.39
4259,23.35
4260,23.425
4261,23.449999999999996
4262,23.43
4263,23.545000000000005
4264,23.551
4265,23.530000000000005
4266,23.43
4267,23.530000000000005
4268,23.530000000000005
4269,23.075
4270,23.09
4271,23.035
4272,22.94
4273,22.87
4274,22.935
4275,23.022
4276,22.98
4277,22.98
4278,22.97
4279,23.05
4280,23.015
4281,22.94
4282,22.875
4283,22.88
4284,22.801
4285,22.88
4286,22.831999999999997
4287,22.81
4288,22.81
4289,22.81
4290,22.85
4291,22.8
4292,22.895
4293,22.92
4294,22.9
4295,22.89
4296,22.855
4297,22.995
4298,22.945
4299,22.98
4300,22.95
4301,23.1
4302,23.065
4303,23.03
4304,22.96
4305,22.94
4306,22.873
4307,22.91
4308,22.94
4309,22.97
4310,23.02
4311,22.98
4312,23.08
4313,23.03
4314,23.07
4315,23.04
4316,22.9801
4317,22.96
4318,22.97
4319,22.99
4320,23.01
4321,23.0
4322,23.0
4323,22.7
4324,22.67
4325,22.605
4326,22.51
4327,22.61
4328,22.64
4329,22.69
4330,22.78
4331,22.91
4332,22.995
4333,23.01
4334,23.03
4335,23.155
4336,23.05
4337,23.13
4338,23.05
4339,23.13
4340,23.209999999999997
4341,23.29
4342,23.46
4343,23.43
4344,23.62
4345,23.470000000000002
4346,23.550000000000004
4347,23.425
4348,23.44
4349,23.84
4350,24.004999999999995
4351,23.87
4352,23.704999999999995
4353,23.88
4354,23.928
4355,24.0001
4356,24.0
4357,23.95
4358,24.060000000000002
4359,23.955
4360,23.89
4361,23.89
4362,23.87
4363,23.9999
4364,23.91
4365,23.865
4366,23.86
4367,23.87
4368,23.66
4369,23.509999999999998
4370,23.57
4371,23.405
4372,23.520000000000003
4373,23.64
4374,23.61
4375,23.62
4376,23.68
4377,23.590099999999996
4378,23.515000000000004
4379,23.515000000000004
4380,23.464999999999996
4381,23.509999999999998
4382,23.479999999999997
4383,23.39
4384,23.44
4385,23.31
4386,23.31
4387,23.3837
4388,23.295
4389,23.335
4390,23.409000000000006
4391,23.345
4392,23.434999999999995
4393,23.27
4394,23.200000000000003
4395,23.260000000000005
4396,23.29
4397,23.250000000000004
4398,23.235000000000003
4399,23.32
4400,23.434999999999995
4401,23.605
4402,23.71
4403,23.6
4404,23.57
4405,23.54
4406,23.500000000000004
4407,23.494999999999997
4408,23.65
4409,23.56
4410,23.66
4411,23.63
4412,23.385
4413,23.509999999999998
4414,23.54
4415,23.56
4416,23.530000000000005
4417,23.46
4418,23.520000000000003
4419,23.509999999999998
4420,23.46
4421,23.479999999999997
4422,23.43
4423,23.520000000000003
4424,23.71
4425,24.049999999999997
4426,24.219900000000003
4427,24.47
4428,24.48
4429,24.455
4430,24.330000000000002
4431,24.29
4432,24.44
4433,24.420000000000005
4434,24.43
4435,24.4
4436,24.415
4437,24.41
4438,24.369999999999997
4439,24.44
4440,24.495
4441,24.54
4442,24.55
4443,24.49
4444,24.5
4445,24.525
4446,24.579999999999995
4447,24.6
4448,24.55
4449,24.62
4450,24.639999999999997
4451,24.639999999999997
4452,24.08
4453,23.835000000000004
4454,23.95
4455,23.94
4456,23.799999999999997
4457,23.83
4458,23.779999999999998
4459,23.754999999999995
4460,23.68
4461,23.61
4462,23.479999999999997
4463,23.494999999999997
4464,23.625
4465,23.799999999999997
4466,23.745
4467,23.754999999999995
4468,23.92
4469,24.054999999999996
4470,24.060000000000002
4471,24.004999999999995
4472,23.95
4473,23.9902
4474,24.03
4475,24.095
4476,24.090000000000003
4477,24.18
4478,24.024999999999995
4479,23.9363
4480,23.9
4481,23.885
4482,24.019999999999996
4483,24.19
4484,24.18
4485,24.13
4486,24.16
4487,24.24
4488,24.3427
4489,24.339999999999996
4490,24.397600000000004
4491,24.45
4492,24.59
4493,24.51
4494,24.420000000000005
4495,24.45
4496,24.51
4497,24.5
4498,24.62
4499,24.54
4500,24.625
4501,24.71
4502,24.67
4503,24.8
4504,24.8
4505,25.19
4506,25.21
4507,25.26
4508,25.265
4509,25.25
4510,25.325
4511,25.39
4512,25.4
4513,25.44
4514,25.495
4515,25.4972
4516,25.555
4517,25.7
4518,25.675
4519,25.6601
4520,25.56
4521,25.4945
4522,25.55
4523,25.56
4524,25.5992
4525,25.57
4526,25.55
4527,25.47
4528,25.455
4529,25.46
4530,25.41
4531,25.535
4532,25.79
4533,25.67
4534,25.43
4535,25.48
4536,25.55
4537,25.67
4538,25.72
4539,25.51
4540,25.5531
4541,25.6132
4542,25.53
4543,25.44
4544,25.395
4545,25.43
4546,25.53
4547,25.58
4548,25.58
4549,25.735
4550,25.775
4551,25.71
4552,25.67
4553,25.685
4554,25.83
4555,25.73
4556,25.75
4557,26.1
4558,26.06
4559,25.92
4560,25.88
4561,25.76
4562,25.645
4563,25.555
4564,25.48
4565,25.565
4566,25.75
4567,25.71
4568,25.58
4569,25.7
4570,25.675
4571,25.78
4572,25.79
4573,25.875
4574,25.91
4575,25.88
4576,25.88
4577,25.935
4578,25.93
4579,25.96
4580,25.95
4581,25.99
4582,26.01
4583,25.69
4584,25.835
4585,25.96
4586,25.75
4587,25.77
4588,25.7447
4589,25.74
4590,25.64
4591,25.58
4592,25.66
4593,25.65
4594,25.5
4595,25.64
4596,25.715
4597,25.76
4598,25.85
4599,25.85
4600,25.869999999999997
4601,25.98
4602,25.95
4603,26.06
4604,26.06
4605,26.19
4606,26.165
4607,26.18
4608,26.18
4609,26.045000000000005
4610,26.15
4611,26.02
4612,26.08
4613,26.165
4614,26.25
4615,26.19
4616,26.175
4617,26.235
4618,26.239
4619,26.235
4620,26.255
4621,26.22
4622,26.2199
4623,26.095
4624,25.94
4625,25.925
4626,25.82
4627,25.95
4628,25.93
4629,25.94
4630,25.88
4631,25.83
4632,25.84
4633,26.025
4634,26.07
4635,25.93
4636,26.02
4637,26.095
4638,26.215
4639,26.24
4640,26.36
4641,26.29
4642,26.26
4643,26.28
4644,26.25
4645,26.31
4646,26.3
4647,26.31
4648,26.37
4649,26.346
4650,26.405
4651,26.41
4652,26.455
4653,26.47
4654,26.435
4655,26.38
4656,26.3677
4657,26.36
4658,26.315
4659,26.335
4660,26.345
4661,26.38
4662,26.37
4663,26.39
4664,26.445
4665,26.415
4666,26.505
4667,26.465
4668,26.52
4669,26.48
4670,26.45
4671,26.47
4672,26.4861
4673,26.5
4674,26.42
4675,26.41
4676,26.435
4677,26.36
4678,26.359
4679,26.42
4680,26.36
4681,26.425
4682,26.46
4683,26.44
4684,26.43
4685,26.36
4686,26.41
4687,26.82
4688,26.8135
4689,26.885
4690,26.89
4691,26.85
4692,26.84
4693,27.035
4694,26.995
4695,27.1799
4696,27.34
4697,27.18
4698,27.38
4699,27.5909
4700,27.69
4701,27.67
4702,27.38
4703,27.3
4704,27.24
4705,27.195
4706,27.19
4707,27.19
4708,27.22
4709,27.235
4710,27.45
4711,27.375
4712,27.37
4713,27.51
4714,27.881
4715,27.8
4716,27.74
4717,27.69
4718,27.73
4719,27.62
4720,27.55
4721,27.4525
4722,27.31
4723,27.22
4724,27.24
4725,27.265
4726,27.19
4727,27.23
4728,27.29
4729,27.24
4730,27.285
4731,27.335
4732,27.32
4733,27.345
4734,27.365
4735,27.345
4736,27.43
4737,27.34
4738,27.43
4739,27.49
4740,27.56
4741,27.49
4742,27.68
4743,27.845
4744,27.869999999999997
4745,27.86
4746,27.98
4747,27.945
4748,28.0
4749,27.9599
4750,27.95
4751,27.935
4752,27.9938
4753,27.95
4754,28.0
4755,28.045000000000005
4756,27.875
4757,27.825
4758,27.869999999999997
4759,27.77
4760,27.7
4761,27.694999999999997
4762,27.7
4763,27.8
4764,27.86
4765,27.89
4766,27.8463
4767,27.839899999999997
4768,27.69
4769,27.805
4770,27.8
4771,27.805
4772,27.78
4773,27.79
4774,27.805
4775,27.765
4776,27.785
4777,27.7889
4778,27.78
4779,27.69
4780,27.576
4781,27.5268
4782,27.495
4783,27.56
4784,27.5664
4785,27.72
4786,27.76
4787,27.78
4788,27.845
4789,27.865
4790,27.82
4791,27.8
4792,27.775
4793,27.795
4794,27.755
4795,27.73
4796,27.8
4797,27.735
4798,27.8135
4799,27.77
4800,27.68
4801,27.72
4802,27.59
4803,27.615
4804,27.65
4805,27.58
4806,27.585
4807,27.55
4808,27.51
4809,27.555
4810,27.54
4811,27.59
4812,27.67
4813,27.69
4814,27.72
4815,27.76
4816,27.77
4817,27.869999999999997
4818,27.98
4819,27.94
4820,27.89
4821,27.92
4822,27.895
4823,27.869999999999997
4824,28.04
4825,27.995
4826,28.005
4827,28.01
4828,28.01
4829,28.0299
4830,27.865
4831,27.801
4832,27.6
4833,27.7163
4834,27.67
4835,27.62
4836,27.645
4837,27.679000000000002
4838,27.62
4839,27.5399
4840,27.52
4841,27.45
4842,27.41
4843,28.105999999999998
4844,28.06
4845,28.07
4846,28.04
4847,28.09
4848,28.154
4849,28.23
4850,28.26
4851,28.29
4852,28.2468
4853,28.33
4854,28.36
4855,28.38
4856,28.365
4857,28.486200000000004
4858,28.43
4859,28.31
4860,28.255
4861,28.196100000000005
4862,28.22
4863,28.31
4864,28.3
4865,28.33
4866,28.45
4867,28.4
4868,28.39
4869,28.66
4870,28.715
4871,28.62
4872,28.51
4873,28.56
4874,28.39
4875,28.38
4876,28.375
4877,28.395
4878,28.5
4879,28.56
4880,28.56
4881,28.555
4882,28.58
4883,28.53
4884,28.56
4885,28.59
4886,28.575
4887,28.505
4888,28.525
4889,28.52
4890,28.57
4891,28.525
4892,28.495
4893,28.59
4894,28.59
4895,28.2999
4896,28.38
4897,28.33
4898,28.37
4899,28.4
4900,28.32
4901,28.285
4902,28.21
4903,28.29
4904,28.38
4905,28.415
4906,28.54
4907,28.58
4908,28.53
4909,28.55
4910,28.5022
4911,28.57
4912,28.42
4913,28.34
4914,28.34
4915,28.41
4916,28.5
4917,28.465
4918,28.51
4919,28.48
4920,28.47
4921,28.5
4922,28.45
4923,28.48
4924,28.42
4925,28.445
4926,28.4251
4927,28.49
4928,28.53
4929,28.54
4930,28.485
4931,28.46
4932,28.47
4933,28.525
4934,28.54
4935,28.5
4936,28.49
4937,28.485
4938,28.435
4939,28.475
4940,28.44
4941,28.375
4942,28.395
4943,28.44
4944,28.425
4945,28.39
4946,28.44
4947,28.46
4948,28.551
4949,28.59
4950,28.61
4951,28.6
4952,28.53
4953,28.45
4954,28.4
4955,28.51
4956,28.485
4957,28.46
4958,28.43
4959,28.44
4960,28.483
4961,28.495
4962,28.48
4963,28.52
4964,28.56900000000001
4965,28.26
4966,28.274
4967,28.31
4968,28.38
4969,28.47
4970,28.535
4971,28.635
4972,28.67
4973,28.2
4974,28.07
4975,28.12
4976,27.98
4977,27.97
4978,27.869999999999997
4979,27.954999999999995
4980,27.895
4981,27.93
4982,28.0
4983,28.0
4984,28.03
4985,28.075
4986,28.08
4987,28.09
4988,27.98
4989,27.975
4990,27.954999999999995
4991,27.92
4992,27.92
4993,27.85
4994,27.78
4995,27.73
4996,27.74
4997,27.78
4998,27.68
4999,28.130000000000003
5000,28.4
5001,28.45
5002,28.355
5003,28.375
5004,28.23
5005,28.255
5006,28.27
5007,28.26
5008,28.32
5009,28.36
5010,28.34
5011,28.355
5012,28.35
5013,28.37
5014,28.34
5015,28.335
5016,28.365
5017,28.31
5018,28.2899
5019,28.27
5020,28.24
5021,28.230999999999998
5022,28.28
5023,28.36
5024,28.37
5025,28.45
5026,28.6
5027,28.54
5028,28.58
5029,28.57
5030,28.57
5031,28.65
5032,28.595
5033,28.56
5034,28.54
5035,28.495
5036,28.515
5037,28.57
5038,28.58
5039,28.62
5040,28.68
5041,28.68
5042,28.68
5043,28.67
5044,28.655
5045,28.67
5046,28.72
5047,28.66
5048,28.68
5049,28.685
5050,28.7
5051,28.33
5052,28.285
5053,28.2
5054,28.35
5055,28.325
5056,28.3
5057,28.37
5058,28.37
5059,28.3598
5060,28.31
5061,28.26
5062,28.275
5063,28.29
5064,28.33
5065,28.32
5066,28.315
5067,28.4025
5068,28.445
5069,28.55
5070,28.53
5071,28.57
5072,28.54
5073,28.56
5074,28.565
5075,28.52
5076,28.49
5077,28.415
5078,28.3
5079,28.1
5080,28.24
5081,28.29
5082,28.2
5083,28.2
5084,28.28
5085,28.285
5086,28.2825
5087,28.365
5088,28.31
5089,28.385
5090,28.37
5091,28.25
5092,28.22
5093,28.23
5094,28.27
5095,28.32
5096,28.26
5097,28.28
5098,28.245
5099,28.155
5100,28.09
5101,28.045
5102,28.03
5103,28.03
5104,28.12
5105,28.03
5106,27.990000000000002
5107,27.88
5108,27.84
5109,27.905
5110,27.86
5111,27.965
5112,28.0
5113,28.05
5114,28.02
5115,27.71
5116,27.875
5117,27.945
5118,27.94
5119,27.889
5120,27.98
5121,27.990000000000002
5122,27.75
5123,27.755
5124,27.75
5125,27.96
5126,27.965
5127,27.905
5128,27.7
5129,31.24
5130,31.26
5131,31.38
5132,31.8439
5133,31.8
5134,31.7
5135,31.8
5136,31.79
5137,31.56
5138,31.4
5139,31.554000000000002
5140,31.6438
5141,31.73
5142,31.8
5143,31.685
5144,31.62
5145,31.54
5146,31.505
5147,31.5664
5148,31.44
5149,31.41
5150,31.4899
5151,31.575
5152,31.590000000000003
5153,31.63
5154,31.54
5155,31.035
5156,31.21
5157,31.28
5158,30.99
5159,31.17
5160,31.19
5161,31.07
5162,31.16
5163,31.17
5164,31.1
5165,31.1335
5166,31.18
5167,31.16
5168,31.27
5169,31.19
5170,31.2399
5171,31.284999999999997
5172,31.27
5173,31.18
5174,31.265
5175,31.26
5176,31.29
5177,31.33
5178,31.34
5179,31.47
5180,31.41
5181,30.74
5182,30.55
5183,30.24
5184,30.38
5185,30.455
5186,30.38
5187,30.201
5188,30.21
5189,30.284000000000002
5190,30.34
5191,30.5265
5192,30.62
5193,30.56
5194,30.57
5195,30.6
5196,30.63
5197,30.74
5198,30.7499
5199,30.745
5200,30.68
5201,30.75
5202,30.79
5203,30.7537
5204,30.66
5205,30.795
5206,30.8
5207,30.7
5208,30.79
5209,30.65
5210,30.615
5211,30.6199
5212,30.695
5213,30.59
5214,30.695
5215,30.76
5216,30.785
5217,30.8
5218,30.98
5219,30.995
5220,30.995
5221,30.945
5222,30.8
5223,30.62
5224,30.5
5225,30.49
5226,30.5
5227,30.6
5228,30.545000000000005
5229,30.71
5230,30.57
5231,30.53
5232,30.51
5233,30.38
5234,30.52
5235,30.51
5236,30.525
5237,30.535
5238,30.63
5239,30.6
5240,30.55
5241,30.54
5242,30.58
5243,30.45
5244,30.46
5245,30.515
5246,30.5
5247,30.5
5248,30.395
5249,30.46
5250,30.485
5251,30.485
5252,30.52
5253,30.48
5254,30.46
5255,30.49
5256,30.5
5257,30.488000000000003
5258,30.41
5259,30.42
5260,30.25
5261,29.965
5262,29.9
5263,29.895
5264,29.790000000000003
5265,29.735
5266,29.89
5267,29.885
5268,30.05
5269,30.11
5270,30.07
5271,30.02
5272,30.04
5273,30.03
5274,30.01
5275,29.97
5276,30.04
5277,29.95
5278,29.945
5279,29.894000000000002
5280,29.84
5281,29.94
5282,29.84
5283,29.85
5284,29.805
5285,30.16
5286,30.18
5287,30.03
5288,29.99
5289,30.12
5290,30.11
5291,30.186999999999998
5292,30.13
5293,30.11
5294,30.13
5295,30.17
5296,30.25
5297,30.27
5298,30.2
5299,30.13
5300,30.12
5301,30.09
5302,30.1295
5303,30.15
5304,30.19
5305,30.29
5306,30.28
5307,30.315
5308,30.29
5309,30.295
5310,30.4
5311,30.52
5312,30.39
5313,30.42
5314,30.43
5315,30.48
5316,30.49
5317,30.495
5318,30.57
5319,30.53
5320,30.56
5321,30.6
5322,30.58
5323,30.44
5324,30.415
5325,30.52
5326,30.3659
5327,30.42
5328,30.45
5329,30.51
5330,30.47
5331,30.33
5332,30.42
5333,30.335
5334,30.38
5335,30.44
5336,30.39
5337,30.31
5338,30.19
5339,30.23
5340,30.1
5341,30.23
5342,30.3448
5343,30.4
5344,30.385
5345,30.4038
5346,30.56
5347,30.5
5348,30.56
5349,30.53
5350,30.63
5351,30.689999999999998
5352,30.689999999999998
5353,30.7301
5354,30.67
5355,30.81
5356,30.805
5357,30.83
5358,30.925
5359,30.941999999999997
5360,30.98
5361,30.98
5362,31.03
5363,31.19
5364,31.11
5365,31.08
5366,31.05
5367,30.96
5368,31.03
5369,30.98
5370,30.965
5371,30.98
5372,30.93
5373,31.05
5374,31.15
5375,31.1456
5376,31.31
5377,31.35
5378,31.325
5379,31.28
5380,31.19
5381,31.08
5382,31.13
5383,31.13
5384,31.22
5385,31.185
5386,31.225
5387,31.12
5388,31.12
5389,31.28
5390,31.39
5391,31.39
5392,31.43
5393,31.4799
5394,31.51
5395,31.52
5396,31.51
5397,31.51
5398,31.51
5399,31.52
5400,31.5
5401,31.51
5402,31.52
5403,31.53
5404,31.51
5405,31.52
5406,31.4727
5407,31.5
5408,31.52
5409,31.504
5410,31.415
5411,31.37
5412,31.355
5413,31.355
5414,31.39
5415,31.1675
5416,31.02
5417,31.11
5418,31.11
5419,31.039
5420,31.01
5421,30.93
5422,30.98
5423,30.98
5424,31.04
5425,31.03
5426,31.035
5427,31.12
5428,31.105
5429,31.03
5430,31.07
5431,31.04
5432,31.08
5433,30.935
5434,30.86
5435,30.82
5436,30.87
5437,30.98
5438,30.98
5439,30.93
5440,30.92
5441,30.89
5442,31.025
5443,31.11
5444,30.96
5445,30.835
5446,30.96
5447,31.09
5448,31.245
5449,31.3
5450,31.3547
5451,31.3
5452,31.3
5453,31.295
5454,31.33
5455,31.343000000000004
5456,31.42
5457,31.4
5458,31.39
5459,31.36
5460,31.3
5461,31.256
5462,31.26
5463,31.265999999999995
5464,31.19
5465,31.15
5466,31.16
5467,31.065
5468,31.26
5469,31.25
5470,31.36
5471,31.46
5472,31.37
5473,31.31
5474,31.27
5475,31.24
5476,31.32
5477,31.2898
5478,31.284999999999997
5479,31.32
5480,31.259
5481,31.215
5482,31.2
5483,31.22
5484,31.2
5485,31.17
5486,31.16
5487,31.19
5488,31.19
5489,31.12
5490,31.140000000000004
5491,31.125
5492,31.140000000000004
5493,31.140000000000004
5494,31.2702
5495,31.235
5496,31.345
5497,31.38
5498,31.36
5499,31.43
5500,31.39
5501,31.35
5502,31.309999999999995
5503,31.33
5504,31.379999999999995
5505,31.300000000000004
5506,31.39
5507,31.39
5508,31.53
5509,31.545
5510,31.55
5511,31.595
5512,31.69
5513,31.625
5514,31.725000000000005
5515,31.68
5516,31.68
5517,31.59
5518,31.66
5519,31.700000000000003
5520,31.6516
5521,31.63
5522,31.6638
5523,31.700000000000003
5524,31.700000000000003
5525,31.78
5526,31.75
5527,31.724
5528,31.73
5529,31.69
5530,31.665
5531,31.68
5532,31.61
5533,31.715
5534,32.3896
5535,32.64
5536,32.46
5537,32.399
5538,32.49
5539,32.525
5540,32.365
5541,32.49
5542,32.47
5543,32.53
5544,32.535
5545,32.51
5546,32.485
5547,32.52
5548,32.49
5549,32.44
5550,32.47
5551,32.55
5552,32.63
5553,32.7
5554,32.7
5555,32.69
5556,32.685
5557,32.74
5558,32.695
5559,32.75
5560,32.93
5561,33.056999999999995
5562,33.07
5563,33.01
5564,33.02
5565,32.82
5566,32.789
5567,32.74
5568,32.77
5569,32.705
5570,32.7
5571,32.67
5572,32.725
5573,32.8
5574,32.8
5575,32.7901
5576,32.75
5577,32.755
5578,32.59
5579,32.525
5580,32.57
5581,32.56
5582,32.59
5583,32.51
5584,32.48
5585,32.5
5586,33.03
5587,32.945
5588,32.73
5589,32.76
5590,32.75
5591,32.71
5592,32.87
5593,32.849000000000004
5594,32.6701
5595,32.72
5596,32.54
5597,32.41
5598,32.59
5599,32.5301
5600,32.555
5601,32.605
5602,32.59
5603,32.505
5604,32.5
5605,32.34
5606,32.379
5607,32.38
5608,32.38
5609,32.325
5610,32.39
5611,32.435
5612,33.03
5613,33.2
5614,33.19
5615,33.225
5616,33.41
5617,33.53
5618,33.41
5619,33.375
5620,33.3615
5621,33.22
5622,33.35
5623,33.42
5624,33.52
5625,33.54
5626,33.51
5627,33.4899
5628,33.45
5629,33.46
5630,33.46
5631,33.64
5632,33.735
5633,33.74
5634,33.75
5635,33.8065
5636,33.72
5637,33.74
5638,33.3163
5639,33.43
5640,33.43
5641,33.3875
5642,33.35
5643,33.315
5644,33.2
5645,33.2
5646,33.3
5647,33.385
5648,33.29
5649,33.3
5650,33.215
5651,33.15
5652,33.115
5653,33.075
5654,33.06
5655,33.2
5656,33.205
5657,33.165
5658,33.0825
5659,33.09
5660,33.085
5661,33.1205
5662,33.075
5663,33.11
5664,32.77
5665,33.0
5666,32.92
5667,32.74
5668,33.065
5669,33.105
5670,33.1899
5671,33.22
5672,33.28
5673,33.36
5674,33.3
5675,33.35
5676,33.43
5677,33.49
5678,33.495
5679,33.465
5680,33.59
5681,33.62
5682,33.6701
5683,33.6
5684,33.61
5685,33.61
5686,33.6
5687,33.56
5688,33.57
5689,33.55
5690,33.485
5691,33.255
5692,33.3
5693,33.22
5694,33.215
5695,33.195
5696,33.09
5697,32.99
5698,32.93
5699,32.84
5700,32.8
5701,32.565
5702,32.4556
5703,32.4942
5704,32.5899
5705,32.56
5706,32.5398
5707,32.6
5708,32.63
5709,32.57
5710,32.58
5711,32.55
5712,32.585
5713,32.625
5714,32.72
5715,32.71
5716,33.06
5717,33.02
5718,32.81
5719,32.89
5720,32.9
5721,32.78
5722,32.79
5723,32.73
5724,32.72
5725,32.81
5726,32.77
5727,32.8
5728,32.8
5729,32.8
5730,32.8099
5731,32.85
5732,32.895
5733,32.945
5734,33.055
5735,33.12
5736,33.12
5737,33.11
5738,33.045
5739,33.06
5740,33.045
5741,32.99
5742,32.734
5743,32.66
5744,32.69
5745,32.77
5746,32.83
5747,32.6226
5748,32.73
5749,32.61
5750,32.68
5751,32.61
5752,32.55
5753,32.49
5754,32.58
5755,32.6
5756,32.6299
5757,32.59
5758,32.675
5759,32.689
5760,32.72
5761,32.62
5762,32.59
5763,32.51
5764,32.5
5765,32.52
5766,32.45
5767,32.48
5768,32.36
5769,32.54
5770,32.49
5771,32.39
5772,32.4
5773,32.335
5774,32.27
5775,32.36
5776,32.29
5777,32.4
5778,32.4025
5779,32.48
5780,32.46
5781,32.549
5782,32.38
5783,32.36
5784,32.349000000000004
5785,32.42
5786,32.47
5787,32.42
5788,32.371
5789,32.51
5790,32.3635
5791,32.44
5792,32.335
5793,32.575
5794,33.05
5795,33.14
5796,33.15
5797,33.1
5798,33.07
5799,33.09
5800,33.02
5801,33.02
5802,32.855
5803,32.92
5804,32.93
5805,32.94
5806,33.03
5807,33.03
5808,33.01
5809,33.1
5810,33.07
5811,33.06
5812,33.03
5813,33.0201
5814,33.045
5815,33.0301
5816,33.0
5817,32.98
5818,33.005
5819,32.97
5820,33.0688
5821,32.99
5822,32.96
5823,32.95
5824,32.96
5825,32.79
5826,32.87
5827,32.81
5828,32.94
5829,32.98
5830,32.98
5831,32.94
5832,32.915
5833,32.82
5834,32.83
5835,32.865
5836,32.82
5837,32.96
5838,32.9
5839,32.88
5840,32.94
5841,33.1
5842,33.075
5843,33.13
5844,33.195
5845,33.16
5846,33.36
5847,33.34
5848,33.28
5849,33.25
5850,33.18
5851,32.99
5852,32.97
5853,32.84
5854,32.865
5855,32.88
5856,32.9
5857,32.88
5858,32.795
5859,32.86
5860,32.87
5861,32.845
5862,32.99
5863,32.95
5864,32.88
5865,32.9201
5866,32.85
5867,32.8195
5868,32.795
5869,32.81
5870,32.785
5871,32.66
5872,32.5
5873,32.41
5874,32.21
5875,32.21
5876,32.18
5877,32.35
5878,32.42
5879,32.41
5880,32.31
5881,32.24
5882,32.29
5883,32.19
5884,32.16
5885,32.18
5886,32.27
5887,32.305
5888,32.42
5889,32.44
5890,32.45
5891,32.47
5892,32.39
5893,32.405
5894,32.34
5895,32.315
5896,32.36
5897,32.16
5898,32.53
5899,32.48
5900,32.43
5901,32.4
5902,32.445
5903,32.32
5904,32.305
5905,32.295
5906,32.25
5907,32.25
5908,32.255
5909,32.27
5910,32.32
5911,32.38
5912,32.336
5913,32.49
5914,32.59
5915,32.6
5916,32.65
5917,32.615
5918,32.5499
5919,32.6
5920,32.54
5921,32.595
5922,32.6499
5923,32.89
5924,33.185
5925,33.07
5926,33.115
5927,33.21
5928,33.11
5929,32.94
5930,32.93
5931,32.885
5932,32.95
5933,32.865
5934,32.81
5935,32.81
5936,32.87
5937,32.88
5938,32.84
5939,32.8
5940,32.77
5941,32.85
5942,32.89
5943,32.8899
5944,32.88
5945,32.91
5946,32.96
5947,32.925
5948,32.8633
5949,32.93
5950,33.04
5951,33.145
5952,33.13
5953,33.059
5954,33.14
5955,33.13
5956,33.075
5957,33.041
5958,33.01
5959,33.1
5960,33.045
5961,33.02
5962,33.045
5963,33.06
5964,33.02
5965,33.02
5966,33.046
5967,33.065
5968,33.07
5969,33.065
5970,33.09
5971,33.0763
5972,33.03
5973,33.03
5974,33.035
5975,33.06
5976,33.09
5977,33.079
5978,33.09
5979,33.16
5980,33.23
5981,33.19
5982,33.2
5983,33.185
5984,33.145
5985,33.22
5986,33.17
5987,33.19
5988,33.2199
5989,33.17
5990,33.17
5991,32.625
5992,32.655
5993,32.475
5994,32.475
5995,32.45
5996,32.405
5997,32.42
5998,32.6
5999,32.65
