,0
0,81.26
1,81.175
2,81.31999999999998
3,81.27
4,81.245
5,81.19
6,81.37999999999998
7,81.63000000000001
8,81.64999999999999
9,81.5564
10,81.37
11,81.49999999999999
12,81.63000000000001
13,81.90000000000002
14,81.93000000000002
15,81.965
16,82.01
17,81.965
18,81.87000000000002
19,81.84000000000002
20,81.88
21,81.87000000000002
22,81.82
23,81.7599
24,81.6099
25,81.55999999999999
26,81.60999999999999
27,81.54999999999998
28,81.55999999999999
29,81.64999999999999
30,81.48
31,81.45999999999998
32,81.50499999999998
33,81.48999999999998
34,81.51999999999998
35,81.54999999999998
36,81.69000000000001
37,81.60000000000001
38,81.60999999999999
39,81.71
40,81.72999999999999
41,81.72000000000001
42,81.93000000000002
43,81.9486
44,82.18
45,82.1
46,82.13
47,82.16
48,82.09
49,82.0837
50,82.13
51,82.16
52,82.1525
53,82.1848
54,82.11109999999998
55,82.14200000000002
56,82.16
57,82.19
58,82.1
59,82.085
60,82.0
61,81.97
62,81.94
63,82.09
64,82.0
65,81.98
66,81.78000000000002
67,81.67999999999999
68,81.6888
69,81.7125
70,81.63000000000001
71,81.69000000000001
72,81.66999999999999
73,81.51999999999998
74,81.61999999999999
75,81.57999999999998
76,81.5307
77,81.54999999999998
78,81.57499999999999
79,81.5554
80,81.60999999999999
81,81.63999999999999
82,81.58999999999999
83,81.63999999999999
84,81.55999999999999
85,81.60000000000001
86,81.66000000000001
87,81.75999999999999
88,81.75999999999999
89,81.74
90,82.12
91,82.19
92,82.11
93,82.148
94,82.07
95,82.19200000000002
96,82.23
97,82.31
98,82.2275
99,82.32
100,82.26
101,82.35
102,82.37
103,82.47
104,82.48
105,82.65899999999998
106,82.59
107,82.49
108,82.31200000000003
109,82.3807
110,82.3163
111,82.19
112,82.23
113,82.22
114,82.33
115,82.3
116,82.27
117,81.75000000000001
118,81.93000000000002
119,81.95
120,81.69000000000001
121,81.96
122,82.13
123,82.23
124,82.33
125,82.1
126,82.15
127,82.22
128,82.1987
129,82.27
130,82.27
131,82.4299
132,82.71
133,82.7168
134,82.615
135,82.43
136,82.51
137,82.3415
138,82.3
139,82.355
140,82.307
141,82.39
142,82.25
143,82.29
144,81.8
145,81.34
146,81.48
147,81.75000000000001
148,81.90000000000002
149,82.0899
150,81.908
151,81.8599
152,81.60999999999999
153,81.82
154,81.83
155,81.83
156,81.92
157,81.8999
158,81.91
159,81.8985
160,81.91
161,81.9301
162,82.0
163,82.16
164,82.1
165,82.16
166,82.27
167,82.26
168,82.2
169,82.19
170,82.17
171,82.43
172,82.56
173,82.6
174,82.54
175,82.6
176,82.8499
177,82.75
178,82.762
179,82.75
180,82.74
181,82.75
182,82.8288
183,82.8108
184,82.95
185,82.98
186,82.9
187,82.8999
188,82.9878
189,82.98
190,83.01
191,83.01
192,83.02
193,83.03
194,83.06
195,83.0
196,83.04
197,83.02
198,82.69
199,82.7165
200,82.71
201,82.75
202,82.82
203,82.8725
204,82.95
205,83.0
206,83.09
207,83.07
208,83.005
209,83.05
210,83.1276
211,83.11
212,83.13
213,83.1663
214,83.12
215,83.191
216,83.18
217,83.19
218,83.25
219,83.2405
220,83.3
221,83.22
222,83.18
223,83.12
224,83.1
225,83.22
226,83.38
227,83.4
228,83.43
229,83.55
230,83.545
231,83.67
232,83.63
233,83.51
234,83.55
235,83.48
236,83.435
237,83.37
238,83.62
239,83.634
240,83.73
241,83.7
242,83.75
243,83.7645
244,83.79
245,83.85
246,83.8899
247,83.7822
248,83.87
249,83.82
250,83.87
251,83.86
252,84.16
253,84.085
254,84.045
255,84.0
256,84.02
257,84.03
258,84.21
259,83.8115
260,83.93
261,83.9
262,83.8
263,83.83
264,83.83
265,83.6852
266,83.74
267,83.7
268,83.77
269,83.78249999999998
270,83.76
271,83.65
272,83.7006
273,83.76
274,83.84
275,83.78
276,83.64
277,83.57
278,83.52
279,83.23
280,83.35
281,83.01
282,83.22
283,83.46
284,83.88
285,83.81
286,83.98
287,83.97
288,84.14
289,84.05
290,83.93249999999999
291,83.9102
292,84.07
293,84.03
294,84.1996
295,84.26
296,84.25
297,84.25
298,84.1125
299,84.1438
300,84.1501
301,84.07799999999997
302,84.0101
303,83.955
304,84.23
305,84.23
306,83.81
307,83.81
308,83.95
309,83.99750000000002
310,83.92
311,84.02
312,84.05
313,84.105
314,84.17
315,84.28
316,84.205
317,84.3
318,84.23
319,84.35990000000001
320,84.325
321,84.35
322,84.3
323,84.3177
324,84.3606
325,84.46
326,84.375
327,84.56
328,84.57
329,84.7
330,84.545
331,84.57
332,84.55
333,84.8
334,84.62
335,84.74
336,84.55
337,84.495
338,84.52
339,84.52
340,84.589
341,84.59
342,84.7201
343,84.825
344,84.76
345,84.81
346,84.82
347,84.85
348,84.89229999999999
349,85.05
350,85.12
351,85.0386
352,85.16
353,85.275
354,85.25
355,85.24
356,85.34
357,85.38
358,85.39
359,85.42
360,85.19
361,85.06
362,84.56
363,84.6
364,84.55
365,84.37
366,84.39
367,84.24
368,84.12
369,84.0544
370,84.07
371,84.26
372,84.2414
373,84.1747
374,84.1223
375,84.17
376,84.15
377,84.1309
378,84.12
379,84.10700000000001
380,83.98
381,83.97
382,84.03
383,84.16
384,84.061
385,84.03
386,84.06
387,83.94
388,83.68
389,83.35
390,83.54
391,83.68
392,83.53
393,83.78
394,83.66
395,83.65
396,83.61
397,83.815
398,83.81
399,83.85
400,83.945
401,83.98
402,83.96
403,84.01
404,83.92
405,84.12
406,84.065
407,84.15
408,84.29
409,84.24
410,84.25
411,84.25
412,84.1
413,84.07
414,84.8278
415,84.7875
416,84.82
417,84.8
418,84.88
419,84.92
420,84.8701
421,84.92
422,85.01
423,84.96
424,84.97
425,85.14
426,84.96
427,84.94
428,84.94
429,84.8
430,84.85
431,84.63
432,84.67
433,84.693
434,84.69
435,84.6937
436,84.735
437,84.685
438,84.6
439,84.63
440,84.62
441,84.86
442,84.749
443,84.82
444,84.82
445,85.06
446,85.21
447,85.1099
448,85.05
449,85.05
450,85.07
451,85.05
452,85.01
453,84.99
454,85.0
455,84.9701
456,84.97
457,84.93
458,84.895
459,84.875
460,84.895
461,84.89
462,84.75
463,84.81
464,84.76
465,84.78
466,84.64
467,84.61
468,85.13
469,85.13
470,84.95
471,85.05
472,85.13
473,85.39
474,85.55
475,85.505
476,85.425
477,85.245
478,85.24
479,85.355
480,84.3
481,84.6975
482,84.58
483,84.445
484,84.58
485,84.58
486,84.72
487,84.43
488,84.585
489,84.69
490,84.63
491,84.59
492,84.58
493,84.55
494,84.54
495,84.79
496,85.05
497,85.02
498,85.06
499,85.08
500,85.0
501,85.2
502,85.02500000000002
503,84.94
504,85.12
505,84.95
506,84.95499999999998
507,84.98
508,85.01499999999999
509,85.105
510,85.09299999999998
511,85.10000000000001
512,85.14
513,85.16
514,85.13
515,85.0894
516,84.97
517,85.46
518,85.47
519,85.60000000000001
520,85.73
521,85.70999999999998
522,85.4
523,85.39
524,85.46
525,85.54
526,85.69
527,85.65
528,85.5
529,85.31
530,85.26
531,85.1235
532,84.98
533,85.05
534,85.0779
535,85.149
536,85.21000000000001
537,85.16
538,85.01
539,84.98
540,85.0202
541,85.12
542,85.12499999999999
543,85.2896
544,85.27000000000001
545,85.20989999999999
546,85.455
547,85.47
548,85.45
549,85.69
550,85.3
551,85.38000000000001
552,85.61
553,85.55000000000001
554,85.64
555,85.52
556,85.42
557,85.42
558,85.53
559,85.59
560,85.78
561,85.7819
562,85.63
563,85.78
564,85.73
565,85.7549
566,85.609
567,85.7
568,85.7
569,85.77199999999999
570,85.74
571,85.7
572,85.8
573,85.8
574,85.87
575,85.9
576,86.07
577,85.62
578,85.81
579,85.9
580,85.97
581,86.04
582,85.818
583,85.914
584,85.86
585,85.7999
586,85.95
587,85.9099
588,86.01
589,86.0385
590,85.91
591,86.0299
592,86.08
593,85.93
594,86.0214
595,86.05000000000001
596,86.039
597,86.04899999999998
598,85.98999999999998
599,86.02
600,86.02
601,85.8
602,85.57
603,85.61
604,85.88000000000001
605,86.0941
606,86.04
607,86.22000000000001
608,86.15
609,86.12
610,86.09
611,86.1672
612,86.15
613,86.19
614,86.36
615,86.439
616,86.34
617,86.41
618,86.4
619,86.47
620,86.4244
621,86.399
622,86.3101
623,86.31
624,86.48
625,86.56000000000002
626,86.39000000000001
627,86.37
628,86.34
629,86.16000000000001
630,86.63
631,86.28000000000002
632,86.2
633,86.205
634,86.285
635,86.355
636,86.34700000000002
637,86.33000000000001
638,86.42
639,86.37
640,86.42
641,86.41499999999999
642,86.54990000000001
643,86.45000000000002
644,86.3484
645,86.3875
646,86.275
647,86.25
648,86.23
649,86.23
650,86.24
651,86.24
652,86.36
653,86.46
654,86.53
655,86.54
656,86.52
657,86.465
658,86.31999999999998
659,86.26999999999998
660,86.3
661,86.26
662,86.18
663,86.09999999999998
664,86.1174
665,86.095
666,86.1872
667,86.19
668,86.23
669,86.31
670,86.318
671,86.24
672,86.20730000000002
673,86.18
674,86.14
675,86.2466
676,86.2525
677,86.24499999999999
678,86.39000000000001
679,86.51
680,86.45000000000002
681,86.14
682,86.12
683,86.47
684,86.59999999999998
685,86.64
686,86.64
687,86.655
688,86.65
689,86.65999999999998
690,86.71999999999998
691,86.87999999999998
692,86.87
693,86.96
694,86.97
695,87.007
696,87.07
697,86.99
698,86.93999999999998
699,86.89000000000001
700,86.82799999999996
701,86.84000000000002
702,86.94600000000001
703,86.915
704,86.91
705,86.98
706,86.91
707,86.98
708,86.85
709,86.84000000000002
710,86.81
711,86.805
712,86.54999999999998
713,86.51
714,86.54999999999998
715,86.58
716,86.65999999999998
717,86.65
718,86.69
719,86.766
720,86.71
721,86.64
722,86.69
723,86.76
724,86.8
725,86.87
726,86.78000000000002
727,86.79899999999998
728,86.76
729,86.835
730,86.78000000000002
731,86.78000000000002
732,86.865
733,86.87999999999998
734,86.93
735,86.84000000000002
736,86.82999999999998
737,88.05
738,87.8
739,88.28
740,88.25500000000001
741,88.345
742,88.33999999999999
743,88.32
744,88.2
745,88.05
746,88.01299999999996
747,87.86
748,87.81
749,87.72999999999999
750,87.64
751,87.63
752,87.69
753,87.75
754,87.68000000000002
755,87.7057
756,87.779
757,87.72999999999999
758,87.69
759,87.88
760,87.94
761,87.97
762,88.117
763,88.15
764,88.04
765,88.16
766,87.86500000000001
767,87.805
768,87.82
769,87.885
770,88.07
771,87.99
772,88.0157
773,88.09
774,88.09
775,87.99
776,87.92710000000001
777,87.89399999999998
778,87.83999999999999
779,87.98
780,87.96
781,87.995
782,87.9286
783,87.90000000000002
784,87.905
785,87.81
786,87.7601
787,87.68000000000002
788,87.63
789,87.53
790,87.52
791,86.96
792,87.1
793,86.945
794,86.86
795,86.86
796,86.92
797,86.96
798,86.95000000000002
799,86.85
800,86.8575
801,86.79
802,86.78000000000002
803,86.7
804,86.65
805,86.65
806,86.67000000000002
807,86.7696
808,86.76999999999998
809,86.7017
810,86.87
811,86.84850000000002
812,86.93
813,86.9885
814,86.92
815,86.97
816,86.98
817,86.97
818,86.59999999999998
819,86.33000000000001
820,86.31
821,86.2101
822,86.19
823,86.26999999999998
824,86.41
825,86.385
826,86.4
827,86.42
828,86.47
829,86.54700000000004
830,86.59
831,86.615
832,86.53
833,86.51
834,86.505
835,86.45000000000002
836,86.495
837,86.59
838,86.59
839,86.57
840,86.715
841,86.67000000000002
842,86.63
843,86.65999999999998
844,86.65
845,88.17
846,87.88999999999999
847,88.24
848,88.6
849,88.22999999999999
850,88.38
851,88.46
852,88.685
853,88.617
854,88.50999999999999
855,88.5275
856,88.5885
857,88.56
858,88.58
859,88.74
860,88.73
861,88.75499999999998
862,88.805
863,88.78999999999999
864,88.78999999999999
865,88.7
866,88.58
867,88.75
868,88.77
869,88.61149999999999
870,88.61999999999999
871,88.61
872,89.11989999999999
873,89.22
874,89.08
875,88.95
876,89.27
877,89.44
878,89.28
879,89.28
880,89.25
881,89.28
882,89.57000000000001
883,89.4695
884,89.61
885,89.56
886,89.55500000000002
887,89.49
888,89.45
889,89.461
890,89.42
891,89.4015
892,89.44
893,89.41
894,89.41
895,89.4
896,89.41
897,89.34
898,89.38
899,88.947
900,88.6
901,88.50999999999999
902,88.6206
903,88.61999999999999
904,88.57
905,88.57
906,88.48
907,88.565
908,88.59
909,88.37
910,88.45
911,88.5655
912,88.6055
913,88.615
914,88.59
915,88.66
916,88.9
917,88.65740000000001
918,88.7725
919,88.76
920,88.75
921,88.76
922,88.77740000000001
923,88.785
924,88.97
925,88.98
926,89.06
927,89.1
928,89.0
929,89.01
930,89.16
931,89.31
932,89.47
933,89.66
934,90.03
935,89.96000000000001
936,89.75
937,89.58
938,89.56
939,89.6
940,89.54
941,89.35
942,89.405
943,89.31499999999998
944,89.41
945,89.41019999999999
946,89.33
947,89.3702
948,89.4899
949,89.5999
950,89.55
951,89.47
952,89.49
953,88.6276
954,88.6
955,88.6
956,88.36
957,88.329
958,88.36
959,88.35
960,88.28999999999999
961,88.22
962,88.17999999999999
963,88.28999999999999
964,88.37
965,88.3513
966,88.32
967,88.31
968,88.28
969,88.31
970,88.25
971,88.37
972,88.5
973,88.44
974,88.4989
975,88.55
976,88.53
977,88.61999999999999
978,88.61999999999999
979,88.64
980,88.42
981,88.38
982,88.31
983,88.16
984,88.15
985,88.17
986,88.35
987,88.2225
988,88.28999999999999
989,88.28999999999999
990,88.2975
991,88.4637
992,88.58
993,88.58499999999998
994,88.59
995,88.46
996,88.6385
997,88.59
998,88.5
999,88.52
1000,88.53499999999998
1001,88.64
1002,88.51
1003,88.59
1004,88.52999999999999
1005,88.37
1006,88.37
1007,88.10300000000001
1008,88.16999999999999
1009,87.90999999999998
1010,87.89000000000001
1011,87.86
1012,87.68
1013,87.6825
1014,87.67
1015,87.615
1016,87.54999999999998
1017,87.54
1018,87.44
1019,87.26000000000002
1020,87.07
1021,86.925
1022,87.0026
1023,87.185
1024,87.21
1025,87.12
1026,87.21
1027,87.13
1028,87.065
1029,87.11
1030,87.225
1031,87.17000000000002
1032,87.05
1033,87.05
1034,87.94
1035,87.94
1036,87.74
1037,87.90999999999998
1038,87.66
1039,87.58
1040,87.54999999999998
1041,87.44999999999999
1042,87.33
1043,87.37
1044,87.45499999999998
1045,87.5
1046,87.45999999999998
1047,87.56
1048,87.44999999999999
1049,87.33
1050,87.52
1051,87.45999999999998
1052,87.44999999999999
1053,87.3366
1054,87.4555
1055,87.5225
1056,87.38
1057,87.43
1058,87.54
1059,87.53000000000002
1060,87.52
1061,86.79
1062,86.87
1063,87.12799999999997
1064,87.14
1065,87.35
1066,87.4155
1067,87.23279999999998
1068,87.33
1069,87.465
1070,87.32
1071,87.24
1072,87.14
1073,87.21
1074,87.35999999999999
1075,87.415
1076,87.33
1077,87.348
1078,87.3899
1079,87.405
1080,87.38
1081,87.45999999999998
1082,87.345
1083,87.21
1084,87.22
1085,87.145
1086,87.24
1087,87.26000000000002
1088,87.85
1089,87.44
1090,87.77
1091,87.59
1092,87.635
1093,87.64
1094,87.89000000000001
1095,87.925
1096,88.21
1097,88.36
1098,88.44000000000001
1099,88.5571
1100,88.70000000000002
1101,88.71000000000001
1102,88.62999999999998
1103,88.67
1104,88.67
1105,88.47
1106,88.4
1107,88.38
1108,88.38
1109,88.47
1110,88.51
1111,88.49
1112,88.1829
1113,87.84
1114,87.84
1115,87.67
1116,87.35
1117,87.27000000000001
1118,86.72
1119,86.58
1120,86.76
1121,86.8518
1122,86.99
1123,87.04
1124,86.94
1125,87.03
1126,87.08200000000002
1127,86.91000000000001
1128,87.11
1129,87.06
1130,86.9599
1131,87.18
1132,87.215
1133,87.35
1134,87.353
1135,87.34
1136,87.2999
1137,87.37
1138,87.2
1139,87.2
1140,87.04
1141,87.04
1142,87.26000000000002
1143,86.91000000000001
1144,87.04
1145,87.35
1146,87.104
1147,87.275
1148,87.44999999999999
1149,87.37
1150,87.2499
1151,87.35
1152,87.465
1153,87.57
1154,87.5931
1155,87.53000000000002
1156,87.44999999999999
1157,87.39
1158,87.24
1159,87.24
1160,87.25
1161,87.38
1162,87.29
1163,87.39
1164,87.298
1165,87.475
1166,87.5101
1167,87.44
1168,87.44999999999999
1169,86.7
1170,86.76
1171,86.915
1172,86.98
1173,87.18
1174,87.15
1175,86.99999999999999
1176,87.14
1177,87.385
1178,87.766
1179,87.745
1180,87.56
1181,87.6199
1182,87.66
1183,87.68
1184,87.62500000000001
1185,87.5907
1186,87.69
1187,87.85
1188,87.95
1189,87.89000000000001
1190,87.99000000000001
1191,88.0305
1192,87.88
1193,87.89999999999999
1194,87.77
1195,87.74
1196,87.27000000000001
1197,87.24
1198,86.7
1199,86.55000000000001
1200,86.83
1201,86.98
1202,87.06
1203,86.91000000000001
1204,86.92
1205,86.83
1206,86.5647
1207,86.58
1208,86.47
1209,86.61
1210,86.46000000000001
1211,86.43
1212,86.531
1213,86.4
1214,86.47
1215,86.34
1216,86.34
1217,86.3
1218,86.14
1219,86.35
1220,86.58
1221,86.73899999999998
1222,86.75
1223,86.69
1224,87.015
1225,87.32
1226,87.45999999999998
1227,87.83
1228,87.89999999999999
1229,87.98000000000002
1230,88.02
1231,88.06
1232,88.02
1233,88.14
1234,88.11
1235,88.08000000000001
1236,88.11
1237,88.2
1238,87.9095
1239,88.12
1240,88.31
1241,88.01
1242,87.99000000000001
1243,87.98000000000002
1244,87.99000000000001
1245,87.88
1246,87.89999999999999
1247,88.03
1248,87.78
1249,87.80999999999999
1250,87.4
1251,87.415
1252,87.44
1253,87.21
1254,87.25
1255,87.12
1256,86.71
1257,86.72999999999999
1258,86.8
1259,86.73200000000001
1260,86.84
1261,86.79
1262,86.75
1263,86.71
1264,86.7
1265,86.63
1266,86.755
1267,86.795
1268,86.725
1269,86.845
1270,86.90000000000002
1271,86.95
1272,86.925
1273,87.00499999999998
1274,87.055
1275,86.94
1276,86.94
1277,87.06
1278,86.89
1279,86.87
1280,86.83
1281,86.86
1282,86.8
1283,86.8
1284,86.76
1285,86.52
1286,86.39
1287,86.4
1288,86.32
1289,86.27999999999999
1290,86.31
1291,86.33
1292,86.41
1293,86.3201
1294,86.305
1295,86.26
1296,86.215
1297,86.2575
1298,86.2002
1299,86.2808
1300,86.21
1301,86.29
1302,86.18000000000002
1303,86.17
1304,86.3
1305,86.57799999999996
1306,86.88
1307,86.85
1308,87.15
1309,87.32
1310,87.37
1311,87.34
1312,87.45299999999996
1313,87.48
1314,87.44999999999999
1315,87.43
1316,87.5
1317,87.58
1318,87.685
1319,87.58
1320,87.49
1321,87.4
1322,87.4605
1323,87.75
1324,87.47
1325,87.76
1326,87.5924
1327,87.44
1328,87.53000000000002
1329,87.67
1330,87.64
1331,87.53000000000002
1332,87.51
1333,87.685
1334,87.6
1335,87.52
1336,87.62000000000002
1337,87.77
1338,87.80499999999999
1339,87.81999999999998
1340,87.8475
1341,87.89000000000001
1342,87.86
1343,87.965
1344,87.98000000000002
1345,88.115
1346,88.225
1347,88.3
1348,88.28
1349,88.35000000000001
1350,88.465
1351,88.42
1352,88.4
1353,88.51
1354,88.72
1355,88.54
1356,88.57
1357,88.55
1358,89.41
1359,89.6
1360,89.618
1361,89.725
1362,89.77
1363,89.81
1364,89.99
1365,90.13
1366,90.08
1367,90.13
1368,90.14999999999999
1369,90.14999999999999
1370,90.14
1371,90.34
1372,90.285
1373,90.34
1374,90.605
1375,90.505
1376,90.45
1377,90.31
1378,90.1211
1379,89.995
1380,90.021
1381,90.0
1382,90.01
1383,89.82
1384,89.81
1385,89.60999999999999
1386,89.53
1387,89.62
1388,89.44
1389,89.55850000000001
1390,89.5501
1391,89.62100000000001
1392,89.72
1393,89.54
1394,89.46
1395,89.37
1396,89.24999999999999
1397,89.17
1398,89.04
1399,89.215
1400,89.295
1401,89.23
1402,89.33999999999999
1403,89.24999999999999
1404,89.3075
1405,89.37
1406,89.4
1407,89.43
1408,89.49
1409,89.54
1410,89.51000000000002
1411,89.51000000000002
1412,90.32
1413,89.98
1414,90.5
1415,90.7
1416,90.81
1417,90.86
1418,90.89
1419,90.87999999999998
1420,90.77870000000001
1421,90.96000000000001
1422,91.01
1423,91.023
1424,90.885
1425,90.84
1426,90.92
1427,90.935
1428,90.81
1429,90.7001
1430,90.55
1431,90.34
1432,90.19
1433,90.1831
1434,90.41
1435,90.32
1436,90.2
1437,90.15999999999998
1438,90.0
1439,90.23000000000002
1440,89.94
1441,89.9
1442,90.24000000000001
1443,90.25
1444,90.56
1445,90.465
1446,90.375
1447,90.46
1448,90.4
1449,90.4
1450,90.53
1451,90.5738
1452,90.66
1453,90.5948
1454,90.545
1455,90.50999999999999
1456,90.45
1457,90.48
1458,90.5111
1459,90.49
1460,90.59500000000001
1461,90.47
1462,90.37
1463,90.36
1464,90.32
1465,90.31
1466,90.46
1467,90.19
1468,90.14
1469,90.32
1470,90.03
1471,90.12
1472,90.0
1473,90.0
1474,90.02
1475,89.9
1476,89.8028
1477,89.99
1478,89.928
1479,89.88000000000001
1480,89.72
1481,89.79999999999998
1482,89.53
1483,89.575
1484,89.625
1485,89.6499
1486,89.58
1487,89.73
1488,89.74
1489,89.88000000000001
1490,89.95
1491,89.94
1492,89.96
1493,89.9
1494,89.82
1495,89.68
1496,89.81
1497,89.65
1498,89.68
1499,89.52000000000001
1500,89.56
1501,89.40999999999998
1502,89.4
1503,89.4
1504,89.21
1505,89.1215
1506,89.07
1507,89.05
1508,89.04
1509,89.16
1510,89.1109
1511,89.15
1512,89.22
1513,89.04
1514,89.2199
1515,89.1801
1516,89.2
1517,89.36
1518,89.14
1519,89.13
1520,88.91
1521,88.7
1522,88.65
1523,88.46
1524,88.488
1525,88.44
1526,88.4415
1527,88.505
1528,88.47
1529,88.265
1530,88.25200000000002
1531,88.25
1532,88.28
1533,88.31
1534,88.33200000000002
1535,88.404
1536,88.5272
1537,88.485
1538,88.49
1539,88.3801
1540,88.47200000000002
1541,88.39
1542,88.295
1543,88.322
1544,88.38
1545,88.3
1546,88.28
1547,87.99
1548,88.0
1549,87.65
1550,87.46
1551,87.505
1552,87.5498
1553,87.45
1554,87.34
1555,87.325
1556,87.21
1557,87.35
1558,87.28
1559,87.25
1560,87.28
1561,87.32
1562,87.61
1563,87.5
1564,87.44
1565,87.44
1566,87.67
1567,87.63
1568,87.6275
1569,87.6927
1570,87.71
1571,87.71
1572,87.73
1573,87.72
1574,86.6
1575,86.38
1576,86.19
1577,86.01
1578,85.93
1579,86.0
1580,86.3399
1581,86.34299999999998
1582,86.39
1583,86.3
1584,86.1401
1585,85.91
1586,86.0
1587,86.22
1588,86.2
1589,86.24
1590,86.305
1591,86.2
1592,86.0
1593,85.83
1594,85.88
1595,85.83
1596,85.82
1597,85.8101
1598,85.86
1599,85.66
1600,85.64
1601,86.36
1602,86.27
1603,86.24
1604,86.24
1605,86.225
1606,86.124
1607,86.33
1608,86.49
1609,86.37
1610,86.39
1611,86.33
1612,86.55
1613,86.54
1614,86.5662
1615,86.55
1616,86.58
1617,86.61
1618,86.49
1619,86.5
1620,86.52
1621,86.47
1622,86.4125
1623,86.54899999999998
1624,86.41
1625,86.34
1626,86.19
1627,86.16
1628,85.82
1629,85.85
1630,85.89
1631,85.955
1632,86.0
1633,86.0
1634,86.06
1635,86.21
1636,86.07
1637,86.29899999999998
1638,86.36
1639,86.36
1640,86.44
1641,86.45
1642,86.2
1643,86.24
1644,86.169
1645,86.23
1646,86.26
1647,86.24
1648,86.2853
1649,86.2974
1650,86.26
1651,86.25
1652,86.18
1653,86.18
1654,86.15
1655,85.57
1656,85.52
1657,85.4
1658,85.18
1659,85.61
1660,85.55
1661,85.758
1662,85.57
1663,85.51
1664,85.445
1665,85.44
1666,85.35
1667,85.48
1668,85.51
1669,85.4725
1670,85.49
1671,85.55
1672,85.75
1673,85.67
1674,85.57
1675,85.6
1676,85.59
1677,85.5191
1678,85.47
1679,85.485
1680,85.37
1681,85.39
1682,85.45
1683,85.44
1684,85.45
1685,85.64
1686,85.51
1687,85.33
1688,85.1211
1689,85.2
1690,85.36
1691,85.45
1692,85.49
1693,85.27
1694,85.4
1695,85.14
1696,85.26
1697,85.17
1698,85.01
1699,84.79
1700,84.95
1701,84.91
1702,84.93
1703,84.92
1704,84.5928
1705,84.57
1706,84.75
1707,84.71
1708,84.72
1709,84.65
1710,84.93
1711,85.05
1712,85.07
1713,85.08
1714,85.07
1715,84.98
1716,84.79
1717,85.01
1718,85.15
1719,85.13
1720,85.16
1721,85.22
1722,85.19
1723,85.145
1724,85.236
1725,85.365
1726,85.58
1727,85.31
1728,85.4005
1729,85.29
1730,85.32
1731,85.28
1732,85.38
1733,85.43
1734,85.25
1735,85.24
1736,84.93
1737,85.0
1738,84.86
1739,84.71
1740,84.9295
1741,84.87
1742,84.65
1743,84.5401
1744,84.37
1745,84.54
1746,84.4
1747,84.65
1748,84.64
1749,84.67
1750,84.6743
1751,84.65
1752,84.435
1753,84.6185
1754,84.54
1755,84.5
1756,84.52
1757,84.6467
1758,84.68
1759,84.57
1760,84.52
1761,84.2
1762,84.2
1763,84.72
1764,84.95
1765,85.07
1766,85.12
1767,84.9855
1768,85.05
1769,85.24700000000001
1770,85.21
1771,85.0
1772,84.89
1773,84.77
1774,84.92
1775,84.89
1776,84.77
1777,84.7127
1778,84.7003
1779,84.67
1780,84.58
1781,84.325
1782,84.45
1783,84.68
1784,84.34
1785,84.21
1786,84.3
1787,84.3
1788,84.16
1789,84.16
1790,84.17
1791,84.08
1792,84.08
1793,84.19
1794,84.04
1795,83.98
1796,84.065
1797,84.18
1798,84.23
1799,84.35
1800,84.3101
1801,84.39
1802,84.45
1803,84.5
1804,84.48
1805,84.51
1806,84.65
1807,84.5347
1808,84.6
1809,84.74
1810,84.71
1811,84.735
1812,84.74
1813,84.74
1814,84.74
1815,85.13
1816,85.12
1817,85.31
1818,85.26
1819,85.309
1820,85.48
1821,85.43
1822,85.539
1823,85.6
1824,85.66
1825,85.42
1826,85.55
1827,85.7
1828,85.66
1829,85.75
1830,85.62
1831,85.49
1832,85.46
1833,85.3784
1834,85.4599
1835,85.445
1836,85.38
1837,85.23
1838,85.13
1839,84.84
1840,85.06
1841,85.06
1842,84.855
1843,84.73
1844,84.595
1845,84.3501
1846,84.215
1847,84.28
1848,84.34
1849,84.21
1850,84.2
1851,84.21
1852,84.2
1853,84.13
1854,84.18799999999997
1855,84.22
1856,84.25
1857,84.24
1858,84.22
1859,84.23700000000002
1860,84.11
1861,84.02
1862,84.23
1863,84.19
1864,84.145
1865,84.1475
1866,84.3
1867,84.35
1868,84.33
1869,84.55
1870,84.59
1871,84.63
1872,84.68
1873,84.65
1874,84.65
1875,84.95
1876,85.15
1877,85.13
1878,85.2
1879,85.08
1880,85.13
1881,85.03
1882,85.06
1883,85.1699
1884,85.15
1885,85.22
1886,85.0797
1887,85.19
1888,85.2201
1889,85.11
1890,85.23
1891,85.15
1892,85.35
1893,85.31
1894,85.34
1895,85.34
1896,85.51
1897,85.6
1898,85.62
1899,85.59
1900,85.675
1901,85.57
1902,85.62299999999998
1903,85.57600000000002
1904,85.5999
1905,85.79
1906,85.6
1907,85.64
1908,85.7399
1909,85.72
1910,85.605
1911,85.65
1912,85.48
1913,85.48
1914,85.5638
1915,85.595
1916,85.5
1917,85.5
1918,85.41
1919,85.31
1920,85.4615
1921,85.39
1922,85.38
1923,85.456
1924,85.36
1925,85.47
1926,85.43
1927,85.58
1928,85.53
1929,85.48
1930,85.53
1931,85.34
1932,85.36
1933,85.23
1934,85.15
1935,85.09
1936,84.945
1937,84.99
1938,85.06
1939,85.24
1940,85.4
1941,85.51
1942,85.52
1943,85.55
1944,85.53
1945,85.58
1946,85.54
1947,85.725
1948,85.6
1949,85.59
1950,85.32
1951,85.26
1952,85.36
1953,85.32
1954,85.24
1955,85.16
1956,85.29
1957,85.3
1958,85.27
1959,85.1799
1960,85.04
1961,85.01
1962,85.1099
1963,85.1831
1964,85.07
1965,85.17
1966,85.205
1967,85.18
1968,85.1085
1969,85.0
1970,84.98
1971,84.89
1972,84.74
1973,84.91
1974,84.82
1975,84.84
1976,84.88
1977,85.04
1978,85.07
1979,84.94
1980,84.89
1981,84.89
1982,84.69
1983,84.55
1984,84.74
1985,84.83
1986,84.7624
1987,84.9228
1988,84.91
1989,84.82
1990,84.94
1991,84.97
1992,84.79799999999999
1993,84.91
1994,84.75
1995,84.85
1996,84.74
1997,84.89
1998,84.95
1999,84.91
2000,85.1
2001,85.0
2002,84.59
2003,84.51
2004,83.51
2005,83.4
2006,83.1651
2007,83.09
2008,83.12
2009,82.95
2010,82.91
2011,82.9
2012,82.8101
2013,83.22
2014,83.29
2015,82.85
2016,82.8
2017,82.81
2018,82.9
2019,82.809
2020,82.64
2021,82.5802
2022,82.5
2023,82.68
2024,82.685
2025,82.5241
2026,82.69
2027,82.7401
2028,82.7529
2029,82.78
2030,82.79
2031,82.09
2032,82.1601
2033,82.19
2034,81.99
2035,81.97
2036,81.84
2037,81.66
2038,81.78
2039,81.73
2040,81.84
2041,81.68
2042,81.45
2043,81.59
2044,81.45
2045,81.4529
2046,81.42
2047,81.649
2048,81.5501
2049,81.51
2050,81.86
2051,81.77
2052,81.78
2053,81.79
2054,81.81
2055,81.89
2056,81.91
2057,81.91
2058,81.25
2059,81.27
2060,81.4
2061,81.28
2062,81.23
2063,81.4298
2064,81.4225
2065,81.4771
2066,81.41
2067,81.53
2068,81.686
2069,81.7
2070,81.68
2071,81.86
2072,81.71
2073,81.94
2074,82.07
2075,82.03
2076,81.9349
2077,82.06
2078,81.92
2079,81.93299999999998
2080,81.84
2081,81.89
2082,82.05
2083,81.91
2084,81.91
2085,82.13
2086,82.02
2087,81.9401
2088,82.06
2089,82.03
2090,82.059
2091,82.14
2092,82.44
2093,82.13
2094,82.04
2095,82.1801
2096,82.195
2097,82.12200000000001
2098,82.06
2099,82.0492
2100,82.29
2101,82.33
2102,82.39
2103,82.2433
2104,82.37
2105,82.4
2106,82.47
2107,82.45
2108,82.522
2109,82.69
2110,83.05
2111,83.07
2112,83.54
2113,83.52
2114,83.624
2115,83.71
2116,83.56
2117,83.71
2118,83.63
2119,83.56
2120,83.59
2121,83.59
2122,83.64
2123,83.55
2124,83.5
2125,83.57
2126,83.55
2127,83.72
2128,83.83
2129,83.84
2130,83.836
2131,83.9
2132,83.87
2133,83.845
2134,83.8
2135,83.71
2136,83.63
2137,83.6
2138,83.6
2139,83.48
2140,83.61
2141,83.43
2142,83.54
2143,83.67
2144,83.84
2145,83.47
2146,83.475
2147,83.55
2148,83.56
2149,83.55
2150,83.545
2151,83.64
2152,83.66
2153,83.77
2154,83.86
2155,83.94
2156,83.9393
2157,83.94
2158,83.945
2159,84.08
2160,84.03
2161,84.02
2162,83.79
2163,83.82
2164,83.97
2165,83.97
2166,84.4
2167,84.59
2168,84.81
2169,84.69
2170,84.58
2171,84.6002
2172,84.65
2173,84.5549
2174,84.55
2175,84.656
2176,84.67
2177,84.68
2178,84.84
2179,84.9199
2180,85.05
2181,84.98
2182,85.15
2183,85.0201
2184,84.9
2185,84.79
2186,84.95
2187,84.844
2188,84.85
2189,84.75
2190,84.82
2191,84.38
2192,84.38
2193,84.45
2194,84.99
2195,84.46
2196,84.4949
2197,84.55
2198,84.65
2199,85.1
2200,85.36
2201,85.38
2202,85.17
2203,85.2448
2204,85.3701
2205,85.35
2206,84.9962
2207,85.06
2208,84.96
2209,84.9701
2210,84.98
2211,84.9
2212,84.95
2213,85.057
2214,85.02
2215,84.98
2216,85.08
2217,85.165
2218,85.75
2219,85.82
2220,86.162
2221,86.0
2222,86.18
2223,86.65
2224,86.43
2225,86.5
2226,86.79
2227,86.65
2228,86.71
2229,86.619
2230,86.6
2231,86.46
2232,86.49
2233,86.54
2234,86.429
2235,86.3
2236,86.12
2237,86.11
2238,85.98
2239,85.92
2240,85.84
2241,85.65
2242,85.6481
2243,85.7
2244,85.7
2245,86.05
2246,86.57
2247,86.74
2248,86.7
2249,86.49
2250,86.39
2251,86.41
2252,86.59
2253,86.67
2254,86.59
2255,86.61
2256,86.69
2257,86.78
2258,86.9
2259,86.89
2260,86.96
2261,86.9801
2262,87.02
2263,87.09
2264,87.0
2265,87.06
2266,87.25
2267,87.77
2268,87.26
2269,87.29
2270,87.33
2271,87.34
2272,87.56
2273,87.9
2274,87.94
2275,87.91
2276,87.81
2277,87.77
2278,87.72
2279,87.58
2280,87.57
2281,87.38
2282,87.32
2283,87.34
2284,87.34
2285,87.38
2286,87.47
2287,87.37
2288,87.26
2289,87.2985
2290,87.365
2291,87.42
2292,87.32
2293,87.245
2294,87.35
2295,87.51
2296,87.53
2297,87.67
2298,87.73
2299,88.12
2300,88.21
2301,88.29
2302,88.07
2303,88.321
2304,88.44
2305,88.48
2306,88.625
2307,88.53
2308,88.55
2309,88.47
2310,88.44
2311,88.52
2312,88.5
2313,88.47
2314,88.54
2315,88.41
2316,88.46
2317,88.3501
2318,88.411
2319,88.445
2320,88.39
2321,88.16
2322,88.2
2323,88.21
2324,88.13
2325,88.13
2326,88.71
2327,88.63
2328,88.6
2329,88.46
2330,88.52
2331,88.89
2332,88.83
2333,88.74
2334,88.6482
2335,88.5
2336,88.62
2337,88.65
2338,88.5873
2339,88.495
2340,88.52
2341,88.64
2342,88.67
2343,88.65
2344,88.49
2345,88.33
2346,88.22
2347,88.2799
2348,88.39
2349,88.48
2350,88.425
2351,88.51
2352,88.52
2353,88.39
2354,88.42
2355,88.56
2356,88.635
2357,88.78
2358,88.71
2359,88.65
2360,88.57
2361,88.66
2362,88.52
2363,88.5
2364,88.48
2365,88.29
2366,88.37
2367,88.56
2368,88.5612
2369,88.49
2370,88.33
2371,88.3355
2372,87.99
2373,87.975
2374,88.1
2375,88.25
2376,88.28
2377,88.39
2378,88.5
2379,88.51
2380,87.38
2381,87.44200000000002
2382,87.43
2383,87.42200000000004
2384,87.2173
2385,87.02
2386,86.705
2387,86.75
2388,86.7
2389,86.5015
2390,86.43
2391,86.3
2392,86.24
2393,86.295
2394,86.53
2395,86.4
2396,86.35
2397,85.9723
2398,85.65
2399,85.66
2400,85.67
2401,85.71
2402,85.705
2403,85.8997
2404,85.845
2405,85.56
2406,85.6
2407,85.79
2408,86.14
2409,86.12
2410,86.31
2411,86.33
2412,86.46
2413,86.56
2414,86.38
2415,86.44
2416,86.5
2417,86.5701
2418,86.375
2419,86.26
2420,86.1
2421,86.06
2422,86.1153
2423,86.095
2424,86.045
2425,85.92
2426,86.0
2427,85.9801
2428,86.09
2429,86.25
2430,86.1
2431,86.19
2432,86.0399
2433,86.01
2434,84.12
2435,84.22
2436,84.1118
2437,84.14
2438,84.3
2439,84.52
2440,84.38
2441,84.36
2442,84.31
2443,84.14
2444,84.1199
2445,83.98
2446,83.98
2447,84.1
2448,83.95
2449,84.1467
2450,84.07
2451,84.0
2452,84.08
2453,84.06
2454,84.0676
2455,84.02
2456,84.28
2457,84.32
2458,84.29
2459,83.99
2460,83.99
2461,84.24
2462,84.115
2463,84.05
2464,84.04
2465,84.19
2466,84.02
2467,83.92
2468,83.88
2469,84.08
2470,84.1047
2471,84.13
2472,84.235
2473,84.29
2474,84.33
2475,84.33
2476,84.2799
2477,84.24
2478,84.21
2479,84.35
2480,84.23
2481,84.18
2482,84.115
2483,84.031
2484,84.21
2485,84.36
2486,84.03
2487,84.03
2488,84.6401
2489,84.84
2490,85.02
2491,84.96
2492,84.95
2493,84.92
2494,84.91
2495,84.91
2496,85.17
2497,85.01
2498,85.09
2499,85.05
2500,85.09
2501,85.08
2502,85.1686
2503,85.135
2504,85.0128
2505,85.15
2506,85.1502
2507,85.1902
2508,85.2
2509,85.05
2510,85.2
2511,84.95
2512,84.95
2513,84.9
2514,84.9
2515,84.78
2516,84.66
2517,84.58
2518,84.51
2519,84.23
2520,84.26
2521,84.42
2522,84.71
2523,84.72
2524,84.7
2525,84.7
2526,84.69
2527,84.85
2528,84.88
2529,84.85
2530,84.87
2531,84.82
2532,85.04
2533,84.81
2534,84.84
2535,84.8799
2536,84.995
2537,85.13
2538,85.13
2539,85.4099
2540,85.63
2541,85.62
2542,86.63
2543,87.09
2544,87.05
2545,87.39
2546,87.41
2547,87.34
2548,87.355
2549,87.48
2550,87.6
2551,87.56
2552,87.434
2553,87.22
2554,87.13
2555,87.09
2556,87.1
2557,87.15
2558,87.1775
2559,87.12
2560,86.99
2561,87.03
2562,87.13
2563,87.2475
2564,87.18
2565,87.165
2566,87.14
2567,87.21
2568,87.26
2569,88.0
2570,87.64
2571,87.95
2572,88.04
2573,87.94
2574,87.995
2575,88.05
2576,88.115
2577,88.35
2578,88.51
2579,88.45
2580,88.5
2581,88.57
2582,88.62
2583,88.65
2584,88.75
2585,88.77
2586,88.83
2587,88.8627
2588,88.91
2589,88.84
2590,88.95
2591,88.83
2592,88.91
2593,88.97
2594,88.95
2595,89.0
2596,88.86
2597,88.85
2598,88.77
2599,88.77
2600,88.99
2601,88.89
2602,89.025
2603,89.12
2604,89.14
2605,89.2
2606,89.15
2607,89.25
2608,89.31
2609,89.52
2610,89.49
2611,89.17
2612,89.09
2613,89.001
2614,89.0
2615,89.11
2616,89.055
2617,89.1
2618,89.18
2619,89.16
2620,89.0001
2621,89.0397
2622,88.9962
2623,89.05
2624,89.1
2625,89.1
2626,88.93
2627,88.8
2628,88.98
2629,89.029
2630,89.18
2631,89.245
2632,89.18
2633,89.25
2634,89.26
2635,89.19
2636,89.01
2637,88.98
2638,88.68
2639,88.74
2640,88.77
2641,88.95
2642,88.89
2643,88.97
2644,89.16
2645,89.36
2646,89.49
2647,89.34
2648,89.12
2649,89.095
2650,89.21
2651,89.45
2652,89.508
2653,89.5231
2654,89.51
2655,89.553
2656,89.4635
2657,89.35
2658,89.32
2659,89.4
2660,89.35
2661,89.48
2662,89.41
2663,89.41
2664,89.45
2665,89.94
2666,90.02
2667,90.36
2668,90.14
2669,90.2
2670,90.2608
2671,90.29
2672,90.361
2673,90.33
2674,90.5
2675,90.4501
2676,90.495
2677,90.56
2678,90.77
2679,90.92
2680,90.91
2681,90.97
2682,90.7501
2683,90.74
2684,90.745
2685,90.6565
2686,90.4901
2687,90.555
2688,90.6871
2689,90.59
2690,90.62
2691,90.61
2692,91.21
2693,90.9
2694,91.318
2695,91.22
2696,90.96
2697,91.031
2698,90.63
2699,90.62
2700,91.05
2701,91.07
2702,90.94
2703,90.94
2704,90.9
2705,90.805
2706,90.89
2707,90.775
2708,90.71
2709,90.71
2710,90.84
2711,90.6401
2712,90.64
2713,90.63
2714,90.55
2715,90.45
2716,90.57
2717,90.69
2718,90.7
2719,90.93
2720,90.86
2721,90.82
2722,90.74
2723,90.77
2724,90.66
2725,90.71
2726,90.76
2727,90.77
2728,90.72
2729,90.75
2730,90.74
2731,90.775
2732,90.729
2733,90.6325
2734,90.66
2735,90.64299999999999
2736,90.73
2737,90.49
2738,90.29
2739,90.49
2740,90.38
2741,90.42
2742,90.36
2743,90.53
2744,90.54
2745,90.54
2746,90.35
2747,90.235
2748,90.3
2749,90.4
2750,90.46
2751,90.6
2752,90.4998
2753,90.495
2754,90.47
2755,90.42
2756,90.33
2757,90.29
2758,90.28
2759,90.44
2760,90.42
2761,90.37
2762,90.35
2763,90.24
2764,90.21
2765,90.3
2766,90.3001
2767,90.18
2768,90.155
2769,90.185
2770,90.15
2771,89.89
2772,89.9
2773,90.06
2774,90.0
2775,90.43
2776,90.2899
2777,90.22
2778,90.23
2779,90.29
2780,90.185
2781,90.235
2782,90.205
2783,90.23
2784,90.15
2785,90.155
2786,90.14
2787,90.185
2788,90.1
2789,90.18
2790,90.11
2791,89.992
2792,90.01
2793,90.05
2794,90.05
2795,90.06
2796,90.04
2797,90.2
2798,90.22
2799,90.21
2800,90.84
2801,90.85
2802,90.48
2803,90.5484
2804,90.83
2805,90.86
2806,90.98
2807,90.73
2808,90.87
2809,90.945
2810,90.92
2811,90.96600000000001
2812,90.86
2813,90.91
2814,90.71
2815,90.69
2816,90.69
2817,90.68
2818,90.72
2819,90.86
2820,90.8358
2821,90.92
2822,90.95
2823,90.83
2824,90.73
2825,90.79
2826,90.84
2827,90.463
2828,90.802
2829,90.25
2830,90.0
2831,89.62
2832,89.3
2833,89.64
2834,89.81
2835,89.8738
2836,89.84
2837,90.01
2838,90.0
2839,89.9
2840,89.846
2841,89.82
2842,89.945
2843,90.1
2844,89.98
2845,90.07
2846,90.01
2847,89.9618
2848,89.86
2849,89.99
2850,89.97
2851,90.04
2852,90.0
2853,89.99
2854,89.67
2855,89.1418
2856,89.25
2857,89.26899999999998
2858,89.5
2859,89.38
2860,89.13
2861,89.13
2862,89.12
2863,88.973
2864,89.11
2865,89.19
2866,89.115
2867,89.3556
2868,89.48
2869,89.4996
2870,89.45
2871,89.5
2872,89.445
2873,89.56
2874,89.565
2875,89.36
2876,89.36
2877,89.35
2878,89.405
2879,89.41
2880,89.41
2881,89.995
2882,90.04
2883,89.98
2884,90.24
2885,90.2
2886,90.1201
2887,90.2
2888,90.27
2889,90.44
2890,90.48
2891,90.584
2892,90.55
2893,90.4004
2894,90.28
2895,90.31
2896,89.84
2897,89.89
2898,89.9
2899,89.94
2900,89.87
2901,89.67
2902,89.6101
2903,89.725
2904,89.41
2905,89.58
2906,89.52
2907,89.55
2908,88.78
2909,88.83
2910,88.69
2911,88.84
2912,88.834
2913,89.1
2914,88.98
2915,89.06
2916,89.13
2917,89.0
2918,88.89
2919,88.94
2920,88.97
2921,89.01
2922,88.81
2923,88.83
2924,89.04
2925,88.98
2926,88.85
2927,88.74
2928,88.5899
2929,88.7
2930,88.6245
2931,88.785
2932,88.88
2933,88.8918
2934,88.89
2935,88.5
2936,88.37
2937,88.2
2938,88.33
2939,88.19
2940,88.2
2941,88.13
2942,88.06
2943,87.91
2944,88.11
2945,88.065
2946,87.85
2947,87.807
2948,87.93
2949,88.02
2950,87.99
2951,88.0
2952,87.9931
2953,88.04
2954,87.92
2955,87.81
2956,87.81
2957,87.91
2958,88.22
2959,88.11
2960,88.0
2961,87.99
2962,88.29
2963,88.17
2964,88.19
2965,87.98
2966,87.98
2967,88.12
2968,87.8
2969,87.68
2970,87.4
2971,87.48
2972,87.4
2973,87.21
2974,87.29
2975,87.382
2976,87.35
2977,87.29
2978,87.38
2979,87.4
2980,87.37899999999998
2981,87.14
2982,87.25
2983,87.26
2984,87.38
2985,87.6
2986,87.685
2987,87.7
2988,87.69
2989,87.3186
2990,86.9902
2991,87.37
2992,87.26
2993,87.29
2994,87.32
2995,87.235
2996,87.1
2997,87.12
2998,87.12
2999,87.0998
3000,87.01
3001,87.13
3002,87.07
3003,87.1899
3004,87.15
3005,87.21
3006,87.175
3007,87.15
3008,87.13
3009,87.09700000000002
3010,87.03
3011,87.0
3012,87.03
3013,86.9
3014,86.9
3015,86.89
3016,88.509
3017,88.79
3018,88.835
3019,88.87
3020,88.751
3021,88.64
3022,88.59
3023,88.59
3024,88.44
3025,88.63
3026,88.555
3027,88.5528
3028,88.6
3029,88.71
3030,88.67
3031,88.78
3032,88.7
3033,88.59
3034,88.56
3035,88.637
3036,88.65
3037,88.695
3038,88.66
3039,88.58
3040,88.8
3041,88.59700000000002
3042,88.6
3043,89.14
3044,89.285
3045,89.465
3046,89.65
3047,89.86399999999998
3048,89.93
3049,90.12
3050,90.19
3051,90.21
3052,90.21
3053,90.38
3054,90.27
3055,90.305
3056,90.35
3057,90.2308
3058,90.76
3059,90.75
3060,90.63
3061,90.5
3062,90.06
3063,90.17
3064,90.24
3065,90.365
3066,90.3
3067,90.3
3068,90.3
3069,90.3
3070,90.07
3071,90.63
3072,90.88
3073,91.15
3074,91.21
3075,91.1699
3076,91.32
3077,91.17
3078,90.87
3079,90.81
3080,90.81
3081,90.98
3082,91.085
3083,91.1
3084,91.04
3085,91.01
3086,91.06
3087,91.05
3088,91.11
3089,91.17
3090,91.2
3091,91.1809
3092,91.24
3093,91.34
3094,91.27
3095,91.21
3096,91.18
3097,91.39
3098,91.32
3099,91.39
3100,91.57
3101,91.57
3102,91.4
3103,91.52
3104,91.44
3105,91.65
3106,91.46
3107,91.51
3108,91.55
3109,91.6
3110,91.68
3111,91.74
3112,91.73
3113,91.7
3114,91.6
3115,91.6898
3116,91.71
3117,91.59
3118,91.59
3119,91.74
3120,91.77
3121,91.61
3122,91.39
3123,91.44
3124,90.86
3125,91.1
3126,91.155
3127,91.185
3128,90.895
3129,91.14
3130,91.0125
3131,91.01
3132,91.2
3133,91.29
3134,91.25
3135,91.11
3136,91.0025
3137,90.92
3138,90.99
3139,91.02
3140,90.87
3141,90.77
3142,90.63
3143,90.92
3144,90.75
3145,90.82
3146,90.7099
3147,90.96
3148,90.86
3149,90.63
3150,90.64
3151,89.61
3152,89.92
3153,90.15
3154,90.33
3155,90.63
3156,90.33
3157,90.12
3158,90.19
3159,89.9
3160,89.9199
3161,89.82
3162,89.81
3163,89.7225
3164,90.05
3165,90.05
3166,90.18
3167,90.185
3168,90.0398
3169,90.21
3170,90.19
3171,90.11
3172,90.07
3173,90.11
3174,89.91
3175,90.09
3176,90.08
3177,90.07
3178,90.815
3179,90.89
3180,91.09
3181,91.37
3182,91.21
3183,91.0677
3184,91.0
3185,91.06
3186,91.17
3187,91.29
3188,91.45
3189,91.44
3190,91.45
3191,91.465
3192,91.62
3193,91.54
3194,91.57
3195,91.66
3196,91.69
3197,91.87
3198,91.8
3199,91.84
3200,91.83
3201,91.85
3202,91.72
3203,91.93
3204,91.93
3205,92.3
3206,93.0201
3207,92.84
3208,92.76
3209,92.7
3210,92.95
3211,93.012
3212,92.9
3213,92.97
3214,92.89
3215,93.0259
3216,92.84
3217,92.74700000000001
3218,92.76
3219,92.73
3220,92.68
3221,92.79
3222,92.59
3223,92.53
3224,92.47
3225,92.53
3226,92.5
3227,92.55
3228,92.52
3229,92.44
3230,92.25
3231,92.23
3232,92.79
3233,92.46
3234,92.22
3235,91.87
3236,91.97
3237,91.99
3238,91.76
3239,91.67
3240,91.8
3241,91.85
3242,91.93
3243,91.85
3244,91.8431
3245,91.71
3246,91.85
3247,91.88
3248,91.77
3249,91.82
3250,91.66
3251,91.62
3252,91.51
3253,91.48
3254,91.33
3255,91.32
3256,91.38
3257,91.27
3258,91.32
3259,91.04
3260,91.02
3261,91.11
3262,91.1
3263,91.03
3264,91.07
3265,91.3752
3266,91.46
3267,91.55
3268,91.5222
3269,91.5031
3270,91.556
3271,91.41
3272,91.5
3273,91.8
3274,91.825
3275,91.84
3276,91.92
3277,91.729
3278,91.76
3279,91.8
3280,91.8255
3281,91.91
3282,91.9
3283,91.775
3284,91.79
3285,91.77
3286,91.89
3287,91.74
3288,91.74
3289,91.6
3290,91.405
3291,91.67
3292,91.72
3293,91.55
3294,91.47
3295,91.2
3296,91.1799
3297,91.09299999999999
3298,91.26
3299,91.36
3300,91.35
3301,91.35
3302,91.48
3303,91.5
3304,91.48
3305,91.49
3306,91.51799999999999
3307,91.54
3308,91.47
3309,91.49
3310,91.45
3311,91.37
3312,91.38
3313,91.24
3314,91.55
3315,91.57
3316,91.65
3317,91.7
3318,91.83
3319,91.885
3320,92.13
3321,92.1
3322,92.18
3323,92.19
3324,92.37
3325,92.25
3326,92.23
3327,92.1699
3328,92.1411
3329,92.2375
3330,92.1
3331,92.08
3332,92.1338
3333,92.0945
3334,92.08
3335,92.07
3336,92.15
3337,92.18
3338,92.22
3339,92.21
3340,92.19
3341,92.07
3342,92.135
3343,92.02
3344,92.09
3345,92.15
3346,92.19
3347,92.19
3348,92.25
3349,92.35
3350,92.28
3351,92.26
3352,92.165
3353,92.21
3354,92.14
3355,92.1
3356,92.1
3357,92.264
3358,92.22
3359,92.3372
3360,92.2845
3361,92.31
3362,92.34
3363,92.25
3364,92.44
3365,92.44
3366,92.43
3367,92.53
3368,92.675
3369,92.8999
3370,92.95
3371,93.02
3372,93.07
3373,93.13
3374,93.08
3375,93.24
3376,93.2831
3377,93.23
3378,93.23
3379,93.205
3380,93.2
3381,93.2401
3382,93.24
3383,93.29
3384,93.3893
3385,93.445
3386,93.2901
3387,93.35
3388,93.4
3389,93.256
3390,93.16
3391,92.94
3392,93.14
3393,93.14
3394,93.12
3395,93.1
3396,93.07
3397,93.02
3398,93.0
3399,92.89
3400,92.85
3401,92.79
3402,92.56
3403,92.5011
3404,92.35
3405,92.42
3406,92.35
3407,92.36
3408,92.31
3409,92.37
3410,92.385
3411,92.35
3412,92.365
3413,92.52
3414,92.68
3415,92.7
3416,92.665
3417,92.7589
3418,92.89
3419,92.94
3420,92.97
3421,92.39
3422,92.221
3423,92.26
3424,92.28
3425,92.44
3426,92.38
3427,92.49
3428,92.61
3429,92.74
3430,92.75
3431,92.78
3432,92.75
3433,92.64
3434,92.78
3435,92.8286
3436,92.84
3437,92.94
3438,92.99
3439,93.165
3440,93.2
3441,93.46
3442,93.27
3443,93.105
3444,93.18
3445,93.27
3446,93.31
3447,93.29
3448,92.94
3449,92.99
3450,93.03
3451,93.09
3452,93.11
3453,93.205
3454,93.2
3455,93.225
3456,93.24
3457,93.23
3458,93.24
3459,93.2
3460,93.18
3461,93.14
3462,93.16
3463,93.2
3464,93.21
3465,93.22
3466,93.2
3467,93.3374
3468,93.32
3469,93.287
3470,93.28
3471,93.27
3472,93.29
3473,93.37
3474,93.38
3475,93.49
3476,93.04
3477,93.095
3478,93.07
3479,93.146
3480,93.18
3481,93.21
3482,93.23
3483,93.32
3484,93.365
3485,93.48
3486,93.33
3487,93.37
3488,93.2966
3489,93.185
3490,93.12
3491,93.08
3492,93.19
3493,93.21
3494,93.24
3495,93.17
3496,93.08
3497,93.025
3498,93.0867
3499,93.08
3500,93.14
3501,93.17
3502,93.105
3503,92.79
3504,92.85
3505,92.8788
3506,93.0185
3507,92.98
3508,93.17
3509,92.9599
3510,92.78
3511,92.56
3512,92.61399999999999
3513,92.66
3514,92.48
3515,92.46
3516,92.55
3517,92.34
3518,92.43
3519,92.29
3520,92.3245
3521,92.25
3522,91.99
3523,91.92
3524,91.77
3525,91.75
3526,91.75
3527,91.72
3528,91.71
3529,91.4
3530,91.36
3531,91.5
3532,91.12
3533,91.2
3534,91.1
3535,91.15
3536,91.052
3537,91.11
3538,91.17
3539,91.15
3540,91.22
3541,91.19
3542,91.22
3543,91.32
3544,91.4003
3545,91.23
3546,91.05
3547,91.15
3548,91.13
3549,91.17
3550,91.2
3551,91.14
3552,91.03
3553,90.9889
3554,90.9
3555,90.87
3556,90.03
3557,89.74
3558,89.56
3559,89.67200000000004
3560,89.48
3561,89.398
3562,89.28
3563,89.19
3564,89.04
3565,89.0575
3566,88.905
3567,88.84
3568,88.98
3569,88.96
3570,88.9314
3571,88.95
3572,88.96
3573,89.03
3574,89.04
3575,88.935
3576,89.005
3577,88.97
3578,88.78
3579,88.74
3580,88.7
3581,88.73
3582,88.69
3583,88.505
3584,88.49
3585,88.5
3586,88.41
3587,88.5
3588,88.56
3589,88.56
3590,88.6
3591,88.585
3592,88.61
3593,88.71
3594,88.885
3595,89.1
3596,88.98
3597,88.97
3598,89.0
3599,89.03
3600,89.36
3601,89.34
3602,89.35
3603,89.39
3604,89.41
3605,89.45
3606,89.58
3607,89.82
3608,89.75
3609,89.76
3610,90.08
3611,89.77
3612,89.76
3613,89.74
3614,89.95
3615,90.11
3616,90.24
3617,90.271
3618,90.36
3619,90.46
3620,90.41
3621,90.28
3622,90.26
3623,90.18
3624,90.3
3625,90.36
3626,90.135
3627,90.22
3628,90.17
3629,90.1
3630,89.99
3631,90.1635
3632,90.26
3633,90.2
3634,90.15
3635,90.12
3636,90.09
3637,90.1
3638,90.06
3639,90.09
3640,90.64
3641,90.38
3642,90.641
3643,90.43
3644,90.66
3645,90.671
3646,90.83
3647,90.85
3648,90.92
3649,90.98
3650,91.03
3651,90.9
3652,91.0105
3653,90.98
3654,90.905
3655,90.8911
3656,91.02
3657,91.01
3658,91.025
3659,91.09
3660,91.05
3661,91.02
3662,90.89
3663,90.88
3664,91.76
3665,91.76
3666,91.7685
3667,91.66
3668,91.67
3669,91.47
3670,91.3635
3671,91.19
3672,91.57
3673,91.4899
3674,91.35
3675,91.145
3676,91.2499
3677,91.23
3678,91.29
3679,91.14
3680,91.29
3681,91.12
3682,91.1199
3683,91.09
3684,90.94
3685,90.84
3686,90.81
3687,90.81
3688,90.88
3689,90.83
3690,90.78
3691,90.88
3692,90.68
3693,90.85
3694,90.87
3695,90.58
3696,90.73
3697,90.6898
3698,90.71
3699,90.55
3700,90.5551
3701,90.36
3702,90.34700000000001
3703,90.52
3704,90.6
3705,90.51
3706,90.59
3707,90.59
3708,90.56
3709,90.51
3710,90.5383
3711,90.67
3712,90.7
3713,90.73
3714,90.78
3715,90.8899
3716,90.55
3717,90.55
3718,91.41
3719,91.26
3720,90.8945
3721,91.04
3722,91.05
3723,91.17399999999999
3724,91.2466
3725,91.12
3726,91.23899999999999
3727,91.23700000000001
3728,90.79
3729,90.8099
3730,90.765
3731,90.75
3732,90.5
3733,90.56
3734,90.56
3735,90.69
3736,90.71
3737,90.83
3738,90.69
3739,90.7
3740,90.55
3741,90.41
3742,90.1
3743,89.53
3744,89.3
3745,89.72
3746,89.845
3747,89.57
3748,89.46
3749,89.36
3750,89.405
3751,89.323
3752,89.325
3753,89.34
3754,89.49
3755,89.39
3756,89.405
3757,89.425
3758,89.3886
3759,89.405
3760,89.495
3761,89.585
3762,89.47
3763,89.52
3764,89.54
3765,89.815
3766,89.68
3767,89.86
3768,89.85
3769,89.69
3770,89.635
3771,89.63
3772,89.5
3773,89.262
3774,89.36
3775,89.5
3776,89.6
3777,89.45
3778,89.43
3779,89.44
3780,89.51
3781,89.445
3782,89.44
3783,89.325
3784,89.225
3785,89.22
3786,89.19
3787,89.15
3788,89.11
3789,89.08
3790,89.04
3791,89.07
3792,89.115
3793,89.1785
3794,89.055
3795,89.09
3796,89.04
3797,89.07
3798,89.09
3799,89.75
3800,89.77
3801,89.73
3802,89.49
3803,89.99
3804,89.98
3805,90.04
3806,89.64
3807,89.45
3808,89.415
3809,89.475
3810,89.37
3811,89.39
3812,89.385
3813,89.11
3814,89.0548
3815,89.09
3816,89.06
3817,89.03
3818,89.07
3819,89.12
3820,89.16
3821,89.09
3822,89.09
3823,89.31
3824,89.46
3825,89.48
3826,89.62
3827,89.4
3828,89.22
3829,89.18
3830,89.11
3831,89.0201
3832,88.86
3833,88.93
3834,89.02
3835,89.03
3836,89.0
3837,89.03
3838,88.98
3839,89.03
3840,89.0577
3841,88.961
3842,89.0
3843,88.905
3844,88.86
3845,88.85
3846,88.85
3847,88.7035
3848,88.7615
3849,88.74
3850,88.77
3851,88.859
3852,88.83
3853,88.071
3854,88.04
3855,88.14
3856,88.245
3857,88.43
3858,88.49
3859,88.6
3860,88.6
3861,88.67
3862,88.61
3863,88.655
3864,88.705
3865,88.73
3866,88.67
3867,88.78
3868,88.7556
3869,88.7453
3870,88.65
3871,88.64
3872,88.69
3873,88.7
3874,88.75
3875,88.821
3876,88.82
3877,88.57
3878,88.62
3879,88.62
3880,88.8
3881,88.75
3882,88.8
3883,88.815
3884,88.92
3885,88.8
3886,88.9811
3887,88.99
3888,88.9901
3889,89.0
3890,89.03
3891,88.965
3892,88.97
3893,88.91
3894,88.866
3895,88.9374
3896,88.98
3897,88.96
3898,88.86
3899,88.95
3900,88.78
3901,88.73
3902,88.66
3903,88.6215
3904,88.56
3905,88.38
3906,88.38
3907,87.9
3908,87.81
3909,87.63
3910,87.73
3911,87.84
3912,87.67
3913,87.7889
3914,87.65
3915,87.62
3916,87.6088
3917,87.495
3918,87.66
3919,87.545
3920,87.52
3921,87.72
3922,87.7634
3923,87.4
3924,87.03
3925,86.94
3926,87.12
3927,87.0
3928,86.98
3929,86.8
3930,86.8
3931,86.72
3932,86.68
3933,86.67
3934,88.11
3935,88.3
3936,88.58
3937,88.87
3938,88.98899999999998
3939,89.0
3940,88.965
3941,89.0899
3942,88.81
3943,88.74
3944,88.77
3945,88.605
3946,89.06
3947,89.2
3948,88.85
3949,89.245
3950,89.3601
3951,89.35
3952,89.63
3953,89.915
3954,90.16
3955,90.11
3956,90.32
3957,90.4
3958,90.53
3959,90.14
3960,90.15
3961,89.47
3962,89.02
3963,89.45
3964,89.5567
3965,89.3
3966,89.4899
3967,89.74
3968,89.74
3969,89.4
3970,89.3811
3971,89.41799999999998
3972,89.3065
3973,89.37
3974,89.2367
3975,89.04
3976,88.92
3977,88.99
3978,89.1225
3979,89.19
3980,89.17
3981,89.2
3982,89.212
3983,89.19
3984,89.24
3985,89.33
3986,89.49
3987,89.48
3988,90.02
3989,90.41
3990,90.4986
3991,90.65
3992,90.73
3993,90.69
3994,90.72
3995,90.62
3996,90.4799
3997,90.4
3998,90.39
3999,90.35
4000,90.29
4001,90.17
4002,90.28
4003,90.45999999999998
4004,90.4
4005,90.5266
4006,90.52
4007,90.5
4008,90.53999999999999
4009,90.7
4010,90.68
4011,90.56
4012,90.61
4013,90.68
4014,90.69
4015,90.855
4016,91.04
4017,91.25
4018,91.45
4019,91.3589
4020,91.53
4021,91.615
4022,91.71
4023,91.5
4024,91.63
4025,91.5
4026,91.41
4027,91.35
4028,91.48000000000002
4029,91.6
4030,91.5813
4031,91.58
4032,91.645
4033,91.535
4034,91.55
4035,91.57000000000001
4036,91.5199
4037,91.53
4038,91.56
4039,91.565
4040,91.54
4041,91.51
4042,90.97000000000001
4043,91.0
4044,91.2
4045,91.1
4046,91.19
4047,91.18
4048,91.26
4049,91.3899
4050,91.4359
4051,91.62
4052,91.55
4053,91.695
4054,91.42
4055,91.59
4056,91.745
4057,91.8
4058,91.76
4059,91.89
4060,91.8599
4061,91.85
4062,91.8
4063,91.8783
4064,91.86
4065,91.8801
4066,91.74000000000001
4067,91.64
4068,91.64
4069,91.9799
4070,91.8
4071,91.8205
4072,91.834
4073,91.81
4074,91.87
4075,91.86
4076,91.97
4077,91.88
4078,91.93
4079,91.84
4080,91.82600000000001
4081,91.85
4082,91.72
4083,91.88
4084,91.89
4085,91.85
4086,91.85
4087,91.83
4088,91.81
4089,91.92
4090,91.89
4091,92.07
4092,92.21
4093,92.135
4094,92.16999999999999
4095,92.13
4096,92.19
4097,92.33999999999999
4098,92.295
4099,92.258
4100,92.25
4101,92.215
4102,92.2602
4103,92.44
4104,92.475
4105,92.4
4106,92.4
4107,92.36
4108,92.4
4109,92.3983
4110,92.37
4111,92.345
4112,92.48
4113,92.38
4114,92.44
4115,92.46
4116,92.47
4117,92.47
4118,92.49
4119,92.4
4120,92.31
4121,92.141
4122,92.14
4123,92.09
4124,91.97
4125,92.02
4126,92.054
4127,92.04
4128,92.07
4129,91.99999999999999
4130,91.97
4131,91.86
4132,91.85
4133,91.65000000000002
4134,91.63
4135,91.58
4136,91.64
4137,91.82
4138,91.76
4139,91.81700000000001
4140,91.95
4141,92.04
4142,92.07
4143,92.0723
4144,92.175
4145,92.18
4146,92.28
4147,92.27
4148,92.14
4149,92.13
4150,91.45
4151,91.59
4152,91.75
4153,91.705
4154,91.6
4155,91.66
4156,91.61
4157,91.63
4158,91.58
4159,91.32
4160,91.17
4161,91.255
4162,91.07
4163,91.1
4164,91.03
4165,90.95
4166,90.97000000000001
4167,91.22
4168,90.99
4169,90.74
4170,90.55
4171,90.53
4172,90.35
4173,90.365
4174,90.31
4175,90.0801
4176,90.08
4177,90.29
4178,90.12
4179,90.3001
4180,90.19999999999999
4181,90.17
4182,90.39
4183,90.39
4184,90.53
4185,90.55
4186,90.49
4187,90.43
4188,90.4
4189,90.55
4190,90.83
4191,90.79999999999998
4192,90.875
4193,90.83
4194,90.78
4195,90.87
4196,90.75
4197,90.71
4198,90.75200000000001
4199,90.62999999999998
4200,90.66
4201,90.5
4202,90.44
4203,90.41
4204,90.1799
4205,90.06
4206,90.39149999999998
4207,90.23
4208,90.1407
4209,90.145
4210,90.16
4211,90.0999
4212,90.02
4213,90.125
4214,90.38
4215,90.56
4216,90.6
4217,90.73
4218,90.67
4219,90.69
4220,90.89
4221,90.81
4222,91.0
4223,90.95
4224,90.9
4225,90.89900000000002
4226,90.7
4227,90.62999999999998
4228,90.71
4229,90.67
4230,90.66
4231,89.85
4232,90.0
4233,90.0134
4234,90.01
4235,90.08
4236,89.95
4237,89.9275
4238,89.87
4239,89.8853
4240,89.87
4241,89.99
4242,89.92
4243,89.99
4244,89.99
4245,89.905
4246,89.96
4247,90.02
4248,89.9901
4249,89.985
4250,90.02
4251,90.07
4252,90.05
4253,90.05
4254,89.98
4255,89.8
4256,89.93
4257,89.94
4258,90.4
4259,90.45
4260,91.04
4261,90.917
4262,90.85
4263,90.88
4264,90.945
4265,90.72
4266,90.78
4267,90.7064
4268,90.7
4269,90.775
4270,90.69
4271,90.3701
4272,90.23
4273,90.33
4274,90.3275
4275,90.59
4276,90.47
4277,90.55
4278,90.76
4279,90.693
4280,90.65989999999998
4281,90.58
4282,90.62
4283,90.71
4284,90.71
4285,91.73
4286,91.6602
4287,91.58
4288,91.67
4289,91.76
4290,91.8
4291,91.74000000000001
4292,91.68
4293,91.4001
4294,91.2
4295,91.43
4296,91.53
4297,91.49
4298,91.55
4299,91.58
4300,91.51
4301,91.62
4302,91.36
4303,91.4917
4304,91.555
4305,91.43
4306,91.25
4307,91.39
4308,91.57000000000001
4309,91.62
4310,91.85
4311,91.85
4312,92.2
4313,92.13
4314,92.06
4315,92.26
4316,92.265
4317,92.315
4318,92.59
4319,92.52
4320,92.6625
4321,92.75
4322,92.67
4323,92.83
4324,92.7475
4325,92.71
4326,92.87
4327,92.92
4328,92.69
4329,92.744
4330,92.78
4331,92.78
4332,92.87
4333,92.84
4334,92.8
4335,92.845
4336,92.86
4337,92.76999999999998
4338,92.76999999999998
4339,93.22
4340,93.44
4341,93.73
4342,93.66
4343,93.58
4344,93.52100000000002
4345,93.32
4346,93.42
4347,93.48
4348,93.44
4349,93.5
4350,93.48
4351,93.46
4352,93.46
4353,93.43
4354,93.46
4355,93.4264
4356,93.44
4357,93.2699
4358,93.25
4359,93.22
4360,93.155
4361,93.17
4362,93.11000000000001
4363,93.33
4364,93.31
4365,93.31
4366,93.58
4367,93.6395
4368,93.874
4369,94.08
4370,93.99
4371,93.93
4372,93.8
4373,93.78399999999999
4374,93.7
4375,93.85
4376,93.96
4377,93.9
4378,93.8837
4379,93.65
4380,93.74
4381,93.8
4382,93.72
4383,93.85
4384,93.9
4385,93.84
4386,93.81
4387,93.685
4388,93.66
4389,93.67
4390,93.49
4391,93.74
4392,93.74
4393,93.31
4394,93.31
4395,93.26
4396,93.24
4397,93.35
4398,93.41
4399,93.44
4400,93.43
4401,93.43
4402,93.359
4403,93.38
4404,93.43
4405,93.5665
4406,93.52
4407,93.49
4408,93.55
4409,93.555
4410,93.5
4411,93.46
4412,93.4
4413,93.33
4414,93.355
4415,93.4
4416,93.4
4417,93.31
4418,93.34
4419,93.35
4420,92.96
4421,92.946
4422,92.86
4423,93.03
4424,92.9124
4425,92.61
4426,92.64
4427,92.52
4428,92.289
4429,92.11
4430,92.28
4431,92.06
4432,91.99
4433,92.04
4434,92.03
4435,91.95
4436,91.94
4437,91.9
4438,92.01
4439,91.97
4440,91.78
4441,91.82
4442,91.67990000000002
4443,91.63
4444,91.66
4445,91.5
4446,91.5
4447,91.83
4448,91.84
4449,91.81
4450,91.75
4451,91.785
4452,91.7801
4453,91.81
4454,91.81
4455,91.71
4456,91.64
4457,91.675
4458,91.51
4459,91.54
4460,91.32
4461,91.27
4462,91.26
4463,91.03
4464,90.962
4465,90.95
4466,90.91
4467,90.79
4468,90.865
4469,90.93
4470,90.79999999999998
4471,90.8725
4472,90.79
4473,90.78
4474,91.18
4475,90.87
4476,91.06
4477,91.01
4478,90.84
4479,90.78
4480,90.995
4481,90.83
4482,90.86
4483,90.91
4484,90.95
4485,90.925
4486,90.79
4487,90.92
4488,90.97000000000001
4489,90.97000000000001
4490,90.88
4491,91.02
4492,90.97000000000001
4493,90.9499
4494,90.92
4495,90.915
4496,90.99
4497,91.135
4498,91.045
4499,90.84
4500,90.84
4501,92.05
4502,92.3535
4503,92.54
4504,92.18
4505,92.38
4506,92.18
4507,92.145
4508,92.09
4509,91.87
4510,91.8
4511,91.75
4512,91.84
4513,91.6967
4514,91.65
4515,91.75
4516,91.78
4517,91.565
4518,91.67
4519,91.62
4520,91.68
4521,91.61
4522,91.685
4523,91.7848
4524,91.9124
4525,91.67
4526,91.68
4527,91.7
4528,91.77
4529,91.6
4530,91.69
4531,91.725
4532,91.85
4533,91.74
4534,91.63
4535,91.8625
4536,92.2817
4537,92.04
4538,92.06
4539,92.07
4540,92.255
4541,92.1
4542,92.2
4543,92.0766
4544,92.1201
4545,92.1
4546,91.93
4547,91.91
4548,91.57
4549,91.69
4550,91.79
4551,91.85
4552,91.93
4553,92.0567
4554,92.06
4555,92.5669
4556,92.57
4557,92.435
4558,92.55
4559,92.43
4560,92.43
4561,92.5
4562,92.435
4563,92.196
4564,92.23
4565,92.31
4566,92.3133
4567,92.13
4568,91.9801
4569,92.11
4570,92.0867
4571,92.08
4572,92.32
4573,92.24
4574,92.2516
4575,92.24
4576,92.2401
4577,92.15
4578,92.18
4579,92.38
4580,92.52
4581,92.52
4582,92.3
4583,92.33
4584,92.19
4585,92.27
4586,92.43
4587,92.4
4588,92.39
4589,92.31
4590,92.32
4591,92.17
4592,92.25
4593,92.32
4594,92.07
4595,92.0
4596,91.96
4597,92.06
4598,92.09
4599,92.05
4600,92.0
4601,92.095
4602,92.04
4603,92.0
4604,92.0
4605,92.05
4606,92.08
4607,91.84
4608,91.85
4609,89.99
4610,89.825
4611,89.685
4612,89.2
4613,89.24
4614,89.04
4615,89.14
4616,88.95
4617,89.3
4618,89.15
4619,89.395
4620,89.06
4621,89.02
4622,89.04
4623,89.05
4624,88.945
4625,88.95
4626,88.74
4627,88.71
4628,88.56
4629,88.465
4630,88.47
4631,88.41
4632,88.29
4633,88.09
4634,87.99
4635,88.0
4636,88.36
4637,88.845
4638,88.98
4639,89.36
4640,89.53
4641,89.43
4642,89.35
4643,89.295
4644,89.37
4645,89.45
4646,89.24
4647,89.09
4648,89.13
4649,88.98
4650,88.85
4651,88.594
4652,88.48
4653,88.06
4654,88.33
4655,88.05
4656,88.07
4657,88.23899999999998
4658,88.16
4659,88.31
4660,88.27
4661,88.12
4662,88.12
4663,88.95
4664,89.02
4665,89.3
4666,89.25
4667,88.88
4668,88.91
4669,88.95
4670,88.82
4671,88.95
4672,88.9175
4673,88.8501
4674,88.92
4675,88.8
4676,88.83
4677,88.6532
4678,88.59
4679,88.49
4680,88.5
4681,88.58
4682,88.64
4683,88.69
4684,88.63
4685,88.62
4686,88.8669
4687,88.795
4688,89.19
4689,89.2
4690,87.97
4691,88.1699
4692,88.0
4693,87.925
4694,87.74
4695,87.5383
4696,87.47
4697,87.57
4698,87.459
4699,87.64
4700,87.76
4701,87.71
4702,87.69
4703,87.75
4704,87.76
4705,87.935
4706,87.9
4707,87.988
4708,87.89
4709,88.02
4710,88.12
4711,88.18
4712,88.1
4713,88.0892
4714,87.86
4715,87.92
4716,87.91
4717,88.1599
4718,88.17
4719,87.89
4720,88.03
4721,88.26
4722,88.305
4723,88.1
4724,88.135
4725,88.0701
4726,87.82
4727,87.98
4728,88.025
4729,88.08
4730,88.12
4731,88.09
4732,88.04
4733,88.06
4734,88.06
4735,88.13
4736,88.07600000000002
4737,88.06
4738,88.04
4739,87.76
4740,87.83
4741,87.64
4742,87.75
4743,87.73
4744,88.12
4745,88.47
4746,88.47
4747,88.15299999999998
4748,88.07
4749,88.06
4750,88.04
4751,87.73700000000002
4752,87.7
4753,87.67
4754,87.79
4755,87.82
4756,87.74
4757,87.8436
4758,87.84
4759,87.99
4760,87.89
4761,87.93
4762,88.01
4763,88.0
4764,88.07
4765,87.8805
4766,87.68
4767,87.77
4768,87.56
4769,87.74
4770,87.73
4771,87.76
4772,87.68
4773,87.76
4774,87.6062
4775,87.8
4776,87.63
4777,87.8
4778,87.88
4779,88.14
4780,88.24
4781,88.19
4782,88.28
4783,88.22399999999998
4784,88.23
4785,88.29
4786,88.41
4787,88.72
4788,88.6729
4789,88.68
4790,88.81
4791,88.75
4792,88.66
4793,88.79
4794,88.74
4795,88.51
4796,88.29
4797,88.28
4798,89.295
4799,89.34
4800,89.245
4801,89.11
4802,88.6982
4803,88.81
4804,88.65
4805,88.77
4806,88.69
4807,88.72
4808,88.73
4809,88.37
4810,88.36
4811,88.38
4812,88.384
4813,88.465
4814,88.5
4815,88.66
4816,88.65
4817,88.54
4818,88.4376
4819,88.36
4820,88.9
4821,89.06
4822,88.8
4823,88.56
4824,88.56
4825,89.08
4826,88.51
4827,88.68
4828,88.58
4829,88.66
4830,88.65
4831,88.51
4832,88.52
4833,88.405
4834,88.24
4835,88.2413
4836,87.95
4837,87.75200000000002
4838,87.75
4839,87.655
4840,87.8
4841,87.65
4842,87.65
4843,87.58
4844,87.7107
4845,87.881
4846,87.91
4847,87.8
4848,87.725
4849,87.76
4850,87.58
4851,87.59
4852,88.23
4853,88.41
4854,88.21
4855,88.2899
4856,88.28
4857,88.28
4858,88.26
4859,88.05
4860,88.0
4861,87.99
4862,87.69
4863,87.6
4864,87.72
4865,87.59
4866,87.6261
4867,87.59
4868,87.669
4869,87.54
4870,87.52
4871,87.74
4872,87.385
4873,87.3401
4874,87.265
4875,87.2
4876,87.245
4877,86.93
4878,86.93
4879,86.31
4880,86.05
4881,85.68299999999998
4882,85.76
4883,86.04
4884,85.94
4885,86.1
4886,86.01
4887,85.93
4888,86.0299
4889,86.051
4890,86.0
4891,85.84
4892,85.8
4893,85.88
4894,86.05
4895,86.19
4896,86.045
4897,86.18
4898,86.2
4899,86.42
4900,86.44
4901,86.37
4902,86.6438
4903,86.79
4904,86.79
4905,86.79
4906,87.13
4907,87.39
4908,87.37
4909,87.485
4910,87.4247
4911,87.28
4912,87.33
4913,87.26
4914,87.5
4915,87.79
4916,87.77
4917,87.74
4918,87.59
4919,87.5
4920,87.6797
4921,87.61
4922,87.56
4923,87.44
4924,87.43
4925,87.445
4926,87.485
4927,87.35
4928,87.42
4929,87.45
4930,87.47
4931,87.38
4932,87.39
4933,87.25
4934,87.07
4935,87.025
4936,87.025
4937,87.02
4938,86.78
4939,86.8325
4940,86.54
4941,86.65
4942,86.75
4943,86.66
4944,86.6
4945,86.7
4946,86.84
4947,86.99
4948,86.83
4949,86.88
4950,86.98
4951,86.98
4952,86.99
4953,86.74
4954,86.95
4955,86.8
4956,87.05
4957,86.9605
4958,86.35
4959,86.35
4960,86.96
4961,87.01
4962,87.01
4963,86.65
4964,86.59
4965,86.67
4966,86.78
4967,86.76
4968,86.83
4969,86.8261
4970,86.56
4971,86.61
4972,86.52
4973,86.67
4974,86.4699
4975,86.13
4976,86.24
4977,86.41
4978,86.16
4979,86.29
4980,86.14
4981,86.15
4982,86.31
4983,86.29
4984,86.0
4985,85.54
4986,85.55
4987,85.42
4988,85.43
4989,85.55
4990,85.47
4991,85.73
4992,85.75
4993,85.81
4994,85.82
4995,85.97
4996,86.15
4997,86.29
4998,86.3
4999,86.272
5000,86.26
5001,85.92999999999999
5002,85.69
5003,85.46
5004,85.6134
5005,85.45
5006,85.65
5007,85.7
5008,85.6385
5009,85.63
5010,85.7828
5011,85.69
5012,85.41999999999999
5013,85.41999999999999
5014,85.63
5015,86.0
5016,85.68
5017,85.52
5018,85.47
5019,85.22
5020,85.14
5021,85.2397
5022,85.04
5023,85.065
5024,85.04
5025,85.16
5026,85.19
5027,85.06
5028,85.27
5029,85.185
5030,85.1662
5031,85.31
5032,85.235
5033,85.21
5034,85.06
5035,84.92
5036,84.94
5037,85.08
5038,85.0575
5039,84.97
5040,84.98
5041,84.75
5042,84.99600000000002
5043,85.29
5044,85.096
5045,85.0699
5046,85.1
5047,85.34
5048,85.35
5049,85.26
5050,85.11
5051,85.28
5052,85.0602
5053,84.83
5054,84.71
5055,85.07
5056,85.08
5057,85.11
5058,85.275
5059,85.29
5060,85.17
5061,84.89999999999999
5062,84.92399999999998
5063,84.86
5064,84.69
5065,84.58
5066,84.47
5067,84.42
5068,85.0
5069,84.86
5070,84.51
5071,83.93
5072,83.78
5073,83.6861
5074,84.02
5075,83.86999999999999
5076,83.8161
5077,83.74
5078,83.538
5079,83.64
5080,83.5
5081,83.65
5082,83.66
5083,83.63
5084,83.43
5085,83.645
5086,83.37
5087,83.4
5088,83.24
5089,83.09
5090,82.83999999999999
5091,82.83
5092,82.6815
5093,82.4
5094,82.39
5095,82.93
5096,82.75
5097,82.775
5098,82.96
5099,82.9245
5100,82.93
5101,82.82
5102,82.88
5103,82.9269
5104,83.15
5105,83.06
5106,83.2
5107,83.23299999999998
5108,83.19
5109,83.14
5110,83.44
5111,83.59
5112,83.71
5113,83.611
5114,83.56
5115,83.65
5116,83.62
5117,83.54
5118,83.62
5119,83.85
5120,83.96
5121,83.97
5122,84.34
5123,84.25
5124,84.31
5125,84.28
5126,84.23
5127,84.18
5128,84.25
5129,84.05
5130,84.47200000000002
5131,84.84
5132,84.72
5133,84.75
5134,84.64
5135,84.45
5136,84.47
5137,84.49
5138,84.47
5139,84.77
5140,84.61
5141,84.4599
5142,84.53
5143,84.57
5144,84.73
5145,84.98
5146,85.15
5147,84.96
5148,84.93
5149,85.9935
5150,85.98
5151,85.95100000000002
5152,85.993
5153,86.18
5154,86.0
5155,86.1
5156,86.215
5157,86.18
5158,86.2
5159,86.184
5160,86.15
5161,86.17
5162,86.08
5163,86.085
5164,86.105
5165,86.0875
5166,86.1
5167,86.14
5168,86.13
5169,86.15
5170,86.31
5171,86.45999999999998
5172,86.58
5173,86.485
5174,86.86
5175,86.86
5176,87.07
5177,87.26
5178,87.26
5179,87.32
5180,87.47
5181,87.5299
5182,87.60799999999998
5183,87.59
5184,87.5333
5185,87.92
5186,87.92
5187,87.85
5188,87.815
5189,87.89
5190,87.55
5191,87.32
5192,87.44
5193,87.66
5194,87.86
5195,87.79
5196,87.5501
5197,87.73
5198,87.93
5199,87.93
5200,87.94
5201,88.0808
5202,88.1
5203,88.39
5204,88.31
5205,88.34
5206,88.3
5207,88.33
5208,88.33
5209,88.36
5210,88.3
5211,88.33
5212,88.32
5213,88.34310000000002
5214,88.3833
5215,88.41
5216,88.5
5217,88.54
5218,88.64
5219,88.69
5220,88.78
5221,88.82
5222,88.63
5223,88.7
5224,88.83
5225,88.8
5226,88.72
5227,88.7456
5228,88.71
5229,88.72
5230,89.66
5231,89.85
5232,89.71
5233,89.88
5234,89.74
5235,89.86
5236,89.91
5237,89.92
5238,89.916
5239,89.79
5240,89.71
5241,89.72
5242,90.08
5243,90.41
5244,90.41
5245,89.72
5246,89.74
5247,89.7
5248,89.71
5249,89.68
5250,89.5132
5251,89.5268
5252,89.4831
5253,89.45
5254,89.62
5255,89.53
5256,89.58
5257,89.6736
5258,89.6
5259,89.6301
5260,89.69
5261,89.5301
5262,89.5432
5263,89.59
5264,89.61
5265,89.7031
5266,89.755
5267,89.74
5268,89.74
5269,89.725
5270,89.85
5271,89.87
5272,90.18
5273,90.33
5274,90.12
5275,89.7
5276,89.7075
5277,89.735
5278,89.54000000000002
5279,89.515
5280,89.82
5281,90.0
5282,89.73
5283,89.8
5284,89.795
5285,89.79
5286,89.7
5287,89.67
5288,89.6099
5289,89.56
5290,89.64
5291,89.26
5292,89.19
5293,89.19
5294,89.21
5295,89.24
5296,89.19
5297,89.15
5298,89.13
5299,88.86
5300,88.77
5301,88.27
5302,88.63
5303,88.93
5304,88.91
5305,89.01
5306,89.01
5307,88.94
5308,88.97
5309,88.94
5310,89.39
5311,89.62
5312,89.64
5313,89.58
5314,89.6
5315,89.69
5316,89.45
5317,89.49
5318,89.39
5319,89.46
5320,89.58
5321,89.59
5322,89.74
5323,89.8924
5324,89.92
5325,89.91
5326,90.23
5327,90.17
5328,89.875
5329,89.68
5330,89.944
5331,89.7931
5332,89.94
5333,90.11200000000001
5334,89.74
5335,89.92
5336,90.21
5337,90.14
5338,90.28
5339,90.32
5340,90.47
5341,90.58000000000001
5342,90.64
5343,90.6225
5344,90.55
5345,90.55
5346,90.56
5347,90.43
5348,90.22
5349,90.221
5350,90.4
5351,90.35
5352,90.33
5353,90.23
5354,89.85
5355,89.765
5356,89.89
5357,89.945
5358,89.765
5359,89.85
5360,89.82
5361,89.83
5362,89.78
5363,89.87
5364,89.8901
5365,89.76
5366,89.72
5367,89.82
5368,89.87
5369,89.89
5370,89.895
5371,89.9301
5372,89.89
5373,89.895
5374,89.915
5375,89.89
5376,89.89
5377,89.87
5378,89.92
5379,89.88
5380,89.9799
5381,90.38
5382,90.28
5383,90.23
5384,90.14
5385,90.15
5386,90.20010000000002
5387,90.25
5388,90.27
5389,90.48
5390,90.37
5391,90.3701
5392,90.24
5393,90.205
5394,90.24
5395,90.33
5396,90.07000000000001
5397,90.02
5398,90.02
5399,89.93
5400,89.98
5401,90.2009
5402,90.01
5403,89.83
5404,90.13
5405,89.85
5406,89.8
5407,89.8
5408,89.68
5409,89.755
5410,89.75
5411,89.8
5412,89.58
5413,89.67299999999999
5414,89.45
5415,89.66
5416,89.75
5417,89.6075
5418,89.59
5419,89.61
5420,89.51
5421,89.3301
5422,89.05
5423,89.11
5424,89.08
5425,89.2715
5426,89.17
5427,89.16
5428,89.1531
5429,89.2
5430,89.17
5431,89.1501
5432,88.96
5433,88.95
5434,89.11
5435,88.9901
5436,88.898
5437,88.82
5438,88.73
5439,88.28
5440,88.42
5441,88.71
5442,88.92299999999999
5443,88.91
5444,88.97
5445,88.81
5446,89.301
5447,89.17
5448,89.1
5449,88.92
5450,88.75
5451,88.83
5452,88.83
5453,88.8099
5454,88.77
5455,88.52000000000001
5456,88.74
5457,88.58
5458,88.585
5459,88.52000000000001
5460,88.53
5461,89.0
5462,89.18
5463,89.21
5464,89.34
5465,89.43
5466,89.53
5467,89.4801
5468,89.48
5469,89.37
5470,89.27
5471,89.22
5472,89.1426
5473,88.97
5474,88.97
5475,89.0
5476,88.97
5477,88.97
5478,88.86
5479,88.81
5480,88.7
5481,88.63
5482,88.43
5483,88.45
5484,88.46700000000001
5485,88.65
5486,88.65
5487,88.67
5488,89.33
5489,89.42
5490,89.6
5491,89.36
5492,89.47
5493,89.09
5494,89.11
5495,89.41
5496,89.33
5497,89.2048
5498,89.42
5499,89.4
