,0
0,96.12
1,96.16
2,96.14
3,96.22
4,96.14
5,96.24
6,96.27
7,96.27
8,96.29
9,96.26
10,96.16
11,96.0
12,96.08
13,96.135
14,96.14
15,96.06
16,96.02
17,96.035
18,96.13
19,95.86
20,96.19
21,96.11
22,96.26
23,96.28
24,95.95
25,96.0425
26,96.25
27,96.12
28,96.31
29,96.35
30,96.5
31,96.405
32,96.42
33,96.55
34,96.585
35,96.63
36,96.6
37,96.745
38,96.95
39,96.95
40,96.87
41,96.77
42,96.81
43,96.7413
44,95.97
45,97.85
46,98.69
47,98.4399
48,98.62
49,98.63
50,99.09
51,98.8856
52,98.83
53,98.92
54,98.65
55,98.77
56,98.96
57,99.0
58,98.97
59,98.95
60,98.73
61,98.93
62,98.9884
63,98.91
64,98.8599
65,99.06
66,99.11
67,99.125
68,99.14
69,99.29
70,98.83
71,99.94
72,100.395
73,100.66
74,100.67
75,100.78
76,100.9
77,100.92
78,101.0055
79,100.93
80,100.95
81,100.975
82,101.065
83,101.18
84,101.156
85,101.255
86,101.425
87,101.415
88,101.26
89,101.305
90,101.31
91,101.2103
92,101.16
93,101.12
94,101.025
95,101.04
96,101.1
97,100.3862
98,100.27
99,100.24
100,100.1
101,99.995
102,100.19
103,100.2
104,100.24
105,100.31
106,100.32
107,100.285
108,100.4
109,100.44
110,100.48
111,100.46
112,100.36
113,100.4
114,100.445
115,100.595
116,100.39
117,100.305
118,100.27
119,100.21
120,100.08
121,100.16
122,99.99
123,100.0
124,100.04
125,100.26
126,100.325
127,100.3743
128,100.42
129,100.4999
130,100.54
131,100.78
132,100.9345
133,101.05
134,101.09
135,101.185
136,101.36
137,101.675
138,101.42
139,101.2477
140,101.02
141,101.05
142,101.1899
143,101.27
144,101.274
145,101.36
146,101.365
147,101.37
148,101.62
149,102.02
150,102.72
151,102.75
152,102.55
153,102.39
154,102.355
155,102.235
156,102.35
157,102.16
158,102.245
159,102.51
160,102.48
161,102.545
162,102.7
163,102.77
164,102.7
165,102.795
166,102.79
167,102.665
168,102.66
169,102.595
170,102.7
171,102.665
172,102.685
173,102.545
174,102.63
175,102.45
176,102.54
177,102.23
178,102.36
179,102.28
180,102.35
181,102.33
182,102.57
183,102.381
184,102.355
185,102.27
186,102.32
187,102.43
188,102.4531
189,102.52
190,102.59
191,102.601
192,102.54
193,102.6056
194,102.695
195,102.75
196,102.76
197,102.88
198,102.82
199,102.785
200,102.77
201,102.28
202,102.32
203,102.19
204,102.25
205,102.43
206,102.315
207,102.4
208,102.57
209,102.73
210,102.72
211,102.73
212,102.72
213,102.7733
214,102.76
215,102.61
216,102.58
217,102.54
218,102.4699
219,102.67
220,102.5631
221,102.555
222,102.46
223,102.7
224,102.625
225,102.68
226,102.65
227,102.5175
228,102.61
229,102.77
230,102.92
231,102.92
232,102.76
233,102.745
234,102.775
235,102.8139
236,102.8
237,102.85
238,102.93
239,102.97
240,103.03
241,102.96
242,102.94
243,102.9369
244,102.88
245,102.905
246,102.92
247,102.86
248,102.809
249,102.86
250,102.7714
251,102.775
252,102.73
253,102.5
254,102.67
255,102.27
256,102.45
257,102.245
258,101.97
259,101.8
260,102.0
261,102.12
262,102.3
263,102.25
264,102.37
265,102.38
266,102.48
267,102.49
268,102.5753
269,102.565
270,102.63
271,102.71
272,102.7899
273,102.72
274,102.7
275,102.63
276,102.585
277,102.55
278,102.56
279,102.12
280,102.36
281,102.62
282,102.65
283,102.67
284,102.56
285,102.73
286,102.655
287,102.65
288,102.72
289,102.64299999999999
290,102.59
291,102.575
292,102.66
293,102.7131
294,102.71
295,102.6923
296,102.56
297,102.725
298,102.69
299,102.62
300,102.71
301,102.77
302,102.95
303,102.98
304,102.93
305,102.66
306,102.49
307,102.4801
308,102.44
309,102.54
310,102.465
311,102.545
312,102.53
313,102.57
314,102.535
315,102.55
316,102.47
317,102.53
318,102.63
319,102.75
320,102.77
321,102.68
322,102.685
323,102.72
324,102.55
325,102.64
326,102.67
327,102.735
328,102.7435
329,102.92
330,102.99
331,103.3101
332,103.23
333,103.45
334,103.4
335,103.425
336,103.39
337,103.39
338,103.34
339,103.15
340,103.17
341,103.16
342,103.37
343,103.39
344,103.45
345,103.31
346,103.33
347,103.34100000000001
348,103.335
349,103.47
350,103.63
351,103.46
352,103.475
353,103.4552
354,103.62
355,103.63
356,103.63
357,103.22
358,103.53
359,103.85
360,103.95
361,104.08
362,104.1
363,104.08
364,104.0385
365,103.96
366,104.0499
367,104.145
368,104.18
369,104.22
370,104.19
371,104.33
372,104.41
373,104.3
374,104.31
375,104.266
376,104.27
377,104.35
378,104.44
379,104.55
380,104.615
381,104.695
382,104.5
383,104.06
384,104.18
385,104.39
386,104.265
387,104.41
388,104.25
389,104.245
390,104.19
391,104.09899999999999
392,104.07
393,104.21
394,104.225
395,104.19
396,104.2165
397,104.315
398,104.345
399,104.39
400,104.39
401,104.27
402,104.36
403,104.2699
404,104.37
405,104.43
406,104.5531
407,104.56
408,104.51
409,105.23
410,105.15
411,105.22
412,105.15
413,105.199
414,105.4
415,105.58
416,105.87
417,106.13
418,106.12
419,106.065
420,106.095
421,106.215
422,106.26
423,106.38
424,106.475
425,106.495
426,106.44
427,106.52
428,106.441
429,106.48
430,106.53
431,106.5
432,106.55
433,106.59
434,106.505
435,105.805
436,106.28
437,106.69
438,107.0139
439,107.07
440,107.34
441,107.165
442,107.14
443,106.971
444,106.97
445,107.06
446,106.9666
447,107.05
448,107.08
449,107.01
450,107.105
451,107.04
452,106.9577
453,106.97
454,107.015
455,107.075
456,107.06
457,107.16
458,107.2
459,107.37
460,107.7
461,107.7
462,107.87
463,107.8581
464,107.9
465,108.22
466,108.27
467,108.56
468,108.6607
469,108.5
470,108.53
471,108.465
472,108.6
473,108.5899
474,108.5999
475,108.447
476,108.51
477,108.66
478,108.6799
479,108.5853
480,108.655
481,108.7331
482,108.84
483,108.75
484,108.69
485,108.67
486,108.75
487,109.32
488,109.74
489,109.9699
490,109.8999
491,109.63
492,109.44
493,109.51
494,109.54
495,109.545
496,109.35
497,109.3857
498,109.4
499,109.38
500,109.53
501,109.495
502,109.49
503,109.50000000000001
504,109.63
505,109.51999999999998
506,109.68
507,109.6146
508,109.58
509,109.605
510,109.27
511,109.27
512,109.47
513,109.16
514,109.55
515,109.66999999999999
516,109.47
517,109.44
518,109.6
519,109.75
520,110.04499999999999
521,110.09
522,110.08
523,110.15
524,109.965
525,109.915
526,109.86
527,110.04899999999998
528,109.97000000000001
529,109.925
530,109.88499999999999
531,109.71500000000002
532,110.02
533,109.94
534,110.1438
535,110.09
536,110.0901
537,110.13999999999999
538,110.22
539,109.655
540,109.73
541,109.84380000000002
542,109.9
543,109.92
544,109.955
545,109.92
546,109.97000000000001
547,109.8499
548,109.96
549,109.93000000000002
550,110.07
551,110.06
552,110.2678
553,110.26000000000002
554,110.09
555,110.05
556,110.0
557,109.90499999999999
558,109.9
559,109.8
560,109.93000000000002
561,109.92
562,109.775
563,109.64000000000001
564,109.78
565,109.35999999999999
566,109.62
567,109.57499999999999
568,109.56
569,109.71
570,109.79000000000002
571,110.02009999999999
572,109.995
573,110.1
574,109.995
575,110.06
576,110.05
577,110.0137
578,109.95000000000002
579,109.93000000000002
580,109.82000000000001
581,109.86
582,109.93000000000002
583,109.97000000000001
584,110.02
585,110.04
586,110.01
587,109.98
588,110.15
589,110.18
590,110.22
591,109.78
592,109.86
593,109.80999999999999
594,109.6101
595,109.59499999999998
596,109.72
597,109.80999999999999
598,109.78
599,109.73
600,109.92
601,110.0
602,109.9
603,109.9331
604,110.02
605,110.05
606,110.0
607,110.08
608,109.98999999999998
609,109.9
610,109.87
611,109.87
612,109.9
613,109.97000000000001
614,109.91
615,109.96
616,109.88
617,110.04
618,110.08
619,110.16
620,110.13999999999999
621,109.96
622,109.9862
623,110.04
624,110.1
625,110.22
626,110.15
627,110.1078
628,110.16
629,110.18
630,110.285
631,110.47
632,110.60000000000001
633,110.53499999999998
634,110.44999999999999
635,110.5661
636,110.44999999999999
637,110.51500000000001
638,110.56
639,110.5
640,110.44999999999999
641,110.33
642,110.54
643,109.91
644,109.91
645,109.72
646,109.64000000000001
647,109.861
648,109.95000000000002
649,109.84
650,109.77
651,109.82000000000001
652,109.80999999999999
653,109.80999999999999
654,109.8
655,109.78
656,109.81589999999998
657,109.87
658,109.82999999999998
659,109.84999999999998
660,109.865
661,109.75
662,109.45
663,109.55
664,109.785
665,109.8
666,109.801
667,109.685
668,109.73
669,109.84999999999998
670,110.0
671,109.98999999999998
672,110.01
673,110.34
674,110.47
675,110.36
676,110.26000000000002
677,110.302
678,110.26000000000002
679,110.38
680,110.44999999999999
681,110.4
682,110.49
683,110.425
684,110.35
685,110.27
686,110.29
687,110.2
688,110.04499999999999
689,110.11999999999999
690,110.18500000000002
691,110.2
692,110.19
693,110.265
694,110.29999999999998
695,110.4
696,110.26000000000002
697,110.17
698,110.2
699,110.19
700,110.2
701,110.27
702,110.36
703,110.37250000000002
704,110.34
705,110.44000000000001
706,110.505
707,110.56
708,110.51
709,110.47
710,110.5
711,110.45999999999998
712,110.47010000000002
713,110.44999999999999
714,110.35
715,110.33
716,110.44999999999999
717,110.41
718,110.455
719,110.47
720,110.58000000000001
721,110.85
722,110.63
723,110.60999999999999
724,110.48
725,110.68
726,110.69499999999998
727,110.64
728,110.63
729,110.76999999999998
730,111.00990000000002
731,110.78
732,110.78
733,110.76
734,110.63
735,110.62
736,110.66499999999999
737,110.715
738,110.821
739,110.87
740,110.95
741,110.885
742,110.97
743,110.98
744,110.9599
745,111.02
746,111.03
747,111.04000000000002
748,111.29
749,110.935
750,110.72
751,110.81
752,110.7
753,110.76
754,110.91999999999999
755,110.935
756,110.991
757,110.83
758,110.755
759,110.72
760,110.775
761,110.67
762,110.67
763,110.66
764,110.625
765,110.65
766,110.55
767,110.5899
768,110.5
769,110.47
770,110.65
771,110.67
772,110.74
773,111.45
774,111.3605
775,111.45
776,111.27
777,111.18000000000002
778,111.21
779,111.47
780,111.66
781,111.6745
782,111.69000000000001
783,111.61
784,111.5501
785,111.52999999999999
786,111.63
787,111.52
788,111.52
789,111.54
790,111.5049
791,112.34
792,112.34
793,112.285
794,112.51
795,112.69
796,112.55
797,112.6
798,112.39
799,112.30000000000001
800,112.1
801,112.19
802,112.38
803,112.45000000000002
804,112.32999999999998
805,112.35
806,112.335
807,112.265
808,112.23
809,112.3734
810,112.63000000000001
811,112.57
812,112.6002
813,112.58
814,112.485
815,112.46
816,112.48999999999998
817,112.68
818,112.91
819,112.5837
820,112.48999999999998
821,112.44
822,112.58499999999998
823,112.645
824,112.7
825,113.18
826,113.49
827,113.79
828,113.86999999999999
829,113.96910000000001
830,113.65
831,113.7441
832,113.79
833,114.085
834,114.325
835,114.17999999999999
836,114.23
837,114.15000000000002
838,114.10499999999999
839,114.195
840,114.3737
841,114.33000000000001
842,114.35999999999999
843,114.25
844,114.13
845,114.1
846,113.95
847,113.84
848,113.805
849,113.57999999999998
850,112.81999999999998
851,113.44080000000001
852,113.54000000000002
853,113.70000000000002
854,113.84
855,113.96
856,113.9099
857,113.75
858,113.81
859,113.76
860,113.76
861,113.79
862,113.73999999999998
863,113.745
864,113.77
865,113.86999999999999
866,114.1
867,113.8857
868,113.86999999999999
869,113.94569999999999
870,113.95
871,113.85
872,113.70000000000002
873,113.77
874,113.865
875,113.86000000000001
876,114.02
877,113.82
878,114.06999999999998
879,114.16
880,114.15000000000002
881,114.44
882,114.16
883,114.33999999999999
884,114.2837
885,114.27
886,114.25
887,114.44
888,114.63
889,114.4
890,114.4501
891,114.40500000000002
892,114.465
893,114.37
894,114.27
895,114.3
896,114.29
897,114.23
898,114.025
899,113.98
900,113.98
901,113.595
902,113.49
903,113.24999999999999
904,113.16
905,113.07
906,113.10999999999999
907,113.05
908,113.21
909,113.1614
910,113.41999999999999
911,113.375
912,113.23000000000002
913,113.245
914,113.13
915,113.22
916,113.13
917,113.24
918,113.26
919,113.15
920,112.90000000000002
921,113.02
922,112.97
923,113.04
924,112.94000000000001
925,113.0
926,113.19499999999998
927,113.05
928,113.0
929,113.36
930,113.49
931,113.5758
932,113.43
933,113.35
934,113.47
935,113.49
936,113.48
937,113.415
938,113.24999999999999
939,113.10999999999999
940,113.3
941,113.3337
942,113.34
943,113.24
944,113.0
945,113.08999999999999
946,113.05
947,113.13
948,113.0968
949,113.05
950,112.95999999999998
951,112.87499999999999
952,112.81
953,112.75
954,112.95999999999998
955,111.865
956,111.73
957,111.445
958,111.23
959,111.63
960,111.8321
961,112.01
962,111.975
963,112.13
964,112.01999999999998
965,111.99
966,112.015
967,112.0064
968,111.99999999999999
969,111.91
970,111.895
971,111.94
972,111.79
973,111.865
974,111.96
975,111.96
976,111.81
977,111.63
978,111.63
979,111.93499999999999
980,111.8
981,111.82
982,111.82370000000002
983,111.46
984,111.74
985,111.93
986,111.99999999999999
987,111.85999999999999
988,112.03
989,112.06
990,112.1248
991,112.16999999999999
992,112.16000000000001
993,112.2
994,112.28
995,112.26279999999998
996,112.3075
997,112.28
998,112.2199
999,112.16000000000001
1000,112.21
1001,112.215
1002,112.53999999999999
1003,112.5
1004,112.46500000000002
1005,112.48129999999999
1006,112.39
1007,112.26
1008,112.38500000000002
1009,112.44
1010,112.37
1011,112.48499999999999
1012,112.45
1013,112.42
1014,112.47
1015,112.43
1016,112.63
1017,112.57
1018,112.35000000000001
1019,112.38500000000002
1020,112.395
1021,112.525
1022,112.48499999999999
1023,112.51
1024,112.55
1025,112.64
1026,112.71999999999998
1027,112.7325
1028,112.755
1029,112.795
1030,112.74999999999999
1031,112.73000000000002
1032,112.78000000000002
1033,113.02500000000002
1034,113.05
1035,112.975
1036,112.9603
1037,113.005
1038,113.04
1039,113.05
1040,112.99000000000001
1041,112.8699
1042,113.0
1043,113.15500000000002
1044,113.2
1045,113.2
1046,113.15
1047,113.22
1048,113.22999999999999
1049,113.25999999999999
1050,113.24
1051,113.29000000000002
1052,113.369
1053,113.46
1054,113.45000000000002
1055,113.42000000000002
1056,113.465
1057,113.35999999999999
1058,113.41
1059,113.43
1060,113.51999999999998
1061,113.64
1062,113.71000000000001
1063,113.78
1064,113.86
1065,114.04259999999998
1066,113.91
1067,113.89999999999999
1068,113.91
1069,113.76
1070,113.75
1071,113.72
1072,113.66000000000001
1073,113.65
1074,113.65
1075,113.63000000000001
1076,113.59999999999998
1077,113.67
1078,113.63000000000001
1079,113.53000000000002
1080,113.5924
1081,113.5732
1082,113.56
1083,113.56999999999998
1084,113.51999999999998
1085,113.35
1086,113.43
1087,113.46999999999998
1088,113.41
1089,113.42000000000002
1090,113.41
1091,113.56
1092,113.40000000000002
1093,113.25
1094,113.32
1095,113.42000000000002
1096,113.535
1097,113.56999999999998
1098,113.56
1099,113.53000000000002
1100,113.5621
1101,113.56
1102,113.53000000000002
1103,113.33999999999999
1104,113.40000000000002
1105,113.33
1106,113.24
1107,113.2
1108,113.16
1109,113.35
1110,112.91000000000001
1111,112.9
1112,113.06
1113,112.84999999999998
1114,112.97
1115,113.035
1116,112.87700000000001
1117,112.9101
1118,112.95
1119,112.82
1120,112.73000000000002
1121,112.655
1122,112.56500000000001
1123,112.66999999999999
1124,112.69
1125,112.66
1126,112.61
1127,112.605
1128,112.63
1129,112.74999999999999
1130,112.82
1131,112.87999999999998
1132,112.79
1133,112.89000000000001
1134,112.95
1135,113.0
1136,112.92
1137,113.32
1138,113.38
1139,113.32
1140,113.48
1141,113.38
1142,113.405
1143,113.22
1144,113.3
1145,113.33
1146,113.15
1147,113.17
1148,113.1753
1149,113.12
1150,113.22
1151,113.3952
1152,113.3
1153,113.35999999999999
1154,113.4367
1155,113.35
1156,113.45000000000002
1157,113.65
1158,113.51999999999998
1159,113.48999999999998
1160,113.40000000000002
1161,113.51999999999998
1162,113.46
1163,113.46
1164,113.48
1165,113.89
1166,113.85
1167,113.93000000000002
1168,113.91
1169,113.99999999999999
1170,113.97
1171,113.91
1172,113.8863
1173,113.92429999999999
1174,113.96
1175,113.96750000000002
1176,113.94
1177,113.86999999999999
1178,113.825
1179,113.76
1180,113.72
1181,113.54
1182,113.6475
1183,113.565
1184,113.46999999999998
1185,113.50000000000001
1186,113.32
1187,113.28500000000001
1188,113.19
1189,113.17
1190,113.08
1191,112.55
1192,112.525
1193,112.48499999999999
1194,112.44
1195,112.69999999999999
1196,112.65000000000002
1197,112.57
1198,112.52
1199,112.66
1200,112.63
1201,112.66
1202,112.61
1203,112.445
1204,112.46500000000002
1205,112.6
1206,112.475
1207,112.53499999999998
1208,112.57
1209,112.58
1210,112.53
1211,112.69
1212,112.6
1213,112.715
1214,112.58999999999999
1215,113.41
1216,113.63000000000001
1217,113.85
1218,114.0025
1219,113.71000000000001
1220,113.72
1221,113.7825
1222,113.84
1223,113.89500000000001
1224,113.73
1225,113.86
1226,113.74
1227,113.75
1228,113.6699
1229,113.64
1230,113.89
1231,113.84349999999999
1232,113.71000000000001
1233,113.59999999999998
1234,113.50000000000001
1235,113.62
1236,113.71500000000002
1237,113.74
1238,113.8
1239,113.65
1240,113.59999999999998
1241,113.67200000000001
1242,113.77
1243,113.72
1244,113.67
1245,113.66000000000001
1246,113.64
1247,113.6354
1248,113.59
1249,113.22999999999999
1250,113.11310000000002
1251,112.87999999999998
1252,113.12
1253,113.18740000000001
1254,113.29000000000002
1255,113.30999999999999
1256,113.2487
1257,113.24
1258,113.25
1259,113.3
1260,113.17999999999999
1261,113.15500000000002
1262,113.16099999999999
1263,113.14
1264,113.13
1265,113.08
1266,113.07000000000001
1267,113.40000000000002
1268,113.31500000000001
1269,113.48
1270,113.50000000000001
1271,113.37299999999999
1272,113.50000000000001
1273,113.42000000000002
1274,113.32
1275,113.12
1276,113.09
1277,113.09
1278,113.20780000000002
1279,113.22999999999999
1280,113.22999999999999
1281,113.35
1282,113.33
1283,113.22
1284,113.195
1285,113.29000000000002
1286,113.40000000000002
1287,113.43
1288,113.35999999999999
1289,113.28
1290,113.40000000000002
1291,113.28
1292,113.43999999999998
1293,113.50000000000001
1294,113.38
1295,113.43999999999998
1296,113.2972
1297,113.33
1298,113.48
1299,113.4799
1300,113.53000000000002
1301,113.48
1302,113.55000000000001
1303,113.54
1304,113.67
1305,113.75
1306,113.62
1307,113.50000000000001
1308,113.45000000000002
1309,113.51
1310,113.48
1311,113.43999999999998
1312,113.43999999999998
1313,113.40000000000002
1314,113.46999999999998
1315,113.53000000000002
1316,113.73
1317,113.61200000000001
1318,113.77
1319,113.33999999999999
1320,113.25
1321,113.1
1322,113.25999999999999
1323,113.30799999999998
1324,113.38999999999999
1325,113.415
1326,113.3
1327,113.3639
1328,113.35
1329,113.28
1330,113.30999999999999
1331,113.25
1332,113.259
1333,113.10500000000002
1334,113.1075
1335,113.09
1336,113.1
1337,113.15
1338,113.17499999999998
1339,113.2
1340,113.25
1341,113.15
1342,113.21
1343,113.0
1344,113.06
1345,114.18
1346,114.15
1347,114.35000000000001
1348,114.30000000000001
1349,114.26
1350,114.43
1351,114.44
1352,114.45
1353,114.53500000000001
1354,114.55
1355,114.57
1356,114.58
1357,114.5
1358,114.5
1359,114.55
1360,114.60989999999998
1361,114.78000000000002
1362,114.78000000000002
1363,114.69
1364,114.58
1365,114.57
1366,114.50999999999999
1367,114.56
1368,114.58999999999999
1369,114.79
1370,114.79999999999998
1371,114.92
1372,115.08
1373,115.4
1374,115.25
1375,115.27999999999999
1376,115.42000000000002
1377,115.47000000000001
1378,115.32999999999998
1379,115.17999999999999
1380,115.325
1381,115.24
1382,115.19
1383,115.17999999999999
1384,115.04
1385,115.14
1386,115.02
1387,115.22999999999999
1388,115.14
1389,115.07500000000002
1390,115.105
1391,115.16
1392,115.24
1393,115.26000000000002
1394,115.19999999999999
1395,115.26000000000002
1396,115.22999999999999
1397,114.95
1398,114.7556
1399,114.76
1400,114.595
1401,114.70000000000002
1402,114.58999999999999
1403,114.53
1404,114.48
1405,114.49
1406,114.44
1407,114.3638
1408,114.43
1409,114.44
1410,114.39
1411,114.27000000000001
1412,114.15
1413,114.065
1414,114.04000000000002
1415,113.985
1416,114.02999999999999
1417,113.99999999999999
1418,113.94999999999999
1419,114.01000000000002
1420,113.82
1421,113.73
1422,113.91
1423,109.85000000000001
1424,110.455
1425,110.33959999999999
1426,109.8097
1427,109.6
1428,110.08999999999999
1429,110.00269999999999
1430,110.29999999999998
1431,109.90220000000001
1432,109.64000000000001
1433,109.64000000000001
1434,109.555
1435,109.51319999999998
1436,109.13000000000001
1437,109.05000000000001
1438,109.13000000000001
1439,109.255
1440,109.54
1441,109.44
1442,109.72000000000001
1443,109.49
1444,109.57
1445,109.78
1446,109.72249999999998
1447,109.78
1448,110.0
1449,109.77000000000001
1450,109.83
1451,109.7
1452,109.54
1453,109.6801
1454,109.8
1455,109.92999999999999
1456,109.79499999999999
1457,109.84
1458,110.0
1459,109.83
1460,109.7156
1461,109.802
1462,109.81
1463,109.80500000000002
1464,109.84499999999998
1465,109.87
1466,109.92999999999999
1467,109.89
1468,109.9
1469,109.88
1470,109.9047
1471,109.75
1472,109.75200000000001
1473,109.83
1474,109.62
1475,111.03
1476,110.85999999999999
1477,111.02000000000001
1478,111.18
1479,111.09
1480,111.11
1481,111.32
1482,111.41999999999999
1483,111.43000000000002
1484,111.25999999999999
1485,111.49
1486,111.51
1487,111.59249999999999
1488,111.54
1489,111.68
1490,111.69000000000001
1491,111.83010000000002
1492,111.9899
1493,112.05999999999999
1494,112.17000000000002
1495,112.32499999999999
1496,112.47
1497,112.69500000000001
1498,112.66
1499,112.51
1500,112.38
1501,112.31299999999997
1502,112.10999999999999
1503,112.45
1504,112.51499999999999
1505,112.63
1506,112.63
1507,112.66
1508,112.77
1509,112.9825
1510,113.115
1511,113.15
1512,113.23000000000002
1513,113.1589
1514,113.05000000000001
1515,113.05000000000001
1516,113.07
1517,113.12
1518,113.2
1519,112.92000000000002
1520,113.06
1521,113.15
1522,113.16
1523,113.4
1524,113.39500000000001
1525,113.17000000000002
1526,113.1
1527,112.74000000000001
1528,112.4
1529,112.53
1530,112.565
1531,112.51
1532,112.72
1533,112.69
1534,112.63
1535,112.2902
1536,112.1696
1537,112.22999999999999
1538,112.185
1539,111.9598
1540,112.02
1541,112.03000000000002
1542,112.00200000000001
1543,112.04999999999998
1544,111.895
1545,111.90000000000002
1546,111.87
1547,111.81
1548,111.53000000000002
1549,111.61
1550,111.53200000000001
1551,111.35000000000001
1552,111.15999999999998
1553,111.21999999999998
1554,111.17009999999999
1555,111.27999999999999
1556,111.26
1557,111.29
1558,111.00499999999998
1559,110.81499999999998
1560,110.56499999999998
1561,110.44
1562,110.49
1563,110.65999999999998
1564,110.61
1565,110.89999999999999
1566,111.15999999999998
1567,110.89
1568,110.83
1569,110.75
1570,110.58999999999999
1571,110.5601
1572,110.55
1573,110.45000000000002
1574,110.445
1575,110.13
1576,110.11
1577,110.20000000000002
1578,110.1997
1579,110.20000000000002
1580,110.09
1581,110.25
1582,110.22
1583,110.48500000000001
1584,110.48
1585,110.57
1586,110.49
1587,110.34
1588,110.335
1589,110.345
1590,110.37700000000002
1591,110.43
1592,110.42
1593,110.35
1594,110.48
1595,110.47
1596,110.47
1597,110.4404
1598,110.53
1599,110.68
1600,110.8
1601,110.77999999999999
1602,110.76
1603,110.67
1604,110.83999999999999
1605,110.98
1606,110.96
1607,110.83
1608,110.89999999999999
1609,110.75
1610,110.96999999999998
1611,110.87
1612,110.75
1613,110.83
1614,110.81
1615,110.87499999999999
1616,110.86
1617,110.83
1618,110.7499
1619,110.64999999999999
1620,110.6838
1621,110.62
1622,110.67
1623,110.7791
1624,110.7343
1625,110.64999999999999
1626,110.79
1627,110.88
1628,110.889
1629,110.88
1630,110.58000000000001
1631,110.63
1632,110.65999999999998
1633,110.52000000000001
1634,110.8162
1635,110.45000000000002
1636,110.41
1637,110.45000000000002
1638,110.34
1639,110.43
1640,110.45000000000002
1641,110.525
1642,110.64000000000001
1643,110.63
1644,110.575
1645,110.62
1646,110.5
1647,110.4456
1648,110.42
1649,110.40709999999999
1650,110.52000000000001
1651,110.34
1652,110.305
1653,110.32
1654,110.37
1655,110.47
1656,110.44
1657,110.21000000000001
1658,110.055
1659,110.12
1660,110.2821
1661,110.36
1662,110.26000000000002
1663,110.35
1664,110.43
1665,110.45000000000002
1666,110.575
1667,110.64999999999999
1668,110.64999999999999
1669,110.52000000000001
1670,110.74
1671,110.60500000000002
1672,110.59999999999998
1673,110.675
1674,110.84999999999998
1675,110.73
1676,110.65999999999998
1677,110.67379999999999
1678,110.74
1679,110.71999999999998
1680,110.71999999999998
1681,110.71
1682,110.58000000000001
1683,110.98
1684,110.66500000000002
1685,110.60010000000001
1686,110.94
1687,111.63
1688,111.40000000000002
1689,111.27999999999999
1690,111.135
1691,111.17350000000002
1692,111.165
1693,111.0
1694,111.04
1695,111.02
1696,111.14
1697,111.17
1698,111.38
1699,111.41000000000001
1700,111.55
1701,111.385
1702,111.3
1703,111.25
1704,111.21999999999998
1705,111.21
1706,111.2
1707,111.235
1708,111.19
1709,111.43
1710,111.73
1711,111.86
1712,111.87
1713,111.7499
1714,111.985
1715,111.89
1716,111.74
1717,111.61
1718,111.62
1719,111.61
1720,111.73
1721,111.71
1722,111.68
1723,111.61
1724,111.63
1725,111.7225
1726,111.67
1727,111.73
1728,111.84000000000002
1729,111.87500000000001
1730,111.95
1731,111.95
1732,111.92
1733,111.975
1734,112.25
1735,112.4425
1736,112.28
1737,112.22999999999999
1738,112.15
1739,112.045
1740,112.18
1741,112.235
1742,112.25
1743,112.53999999999999
1744,112.52
1745,112.415
1746,112.4168
1747,112.4337
1748,112.41
1749,112.51
1750,112.495
1751,112.53
1752,112.62
1753,112.527
1754,112.57
1755,112.60999999999999
1756,112.6
1757,112.6
1758,112.5544
1759,112.60999999999999
1760,112.62
1761,112.56
1762,112.53
1763,112.12
1764,112.04999999999998
1765,112.22
1766,112.209
1767,112.13
1768,111.91849999999998
1769,112.03070000000001
1770,112.0
1771,111.811
1772,111.68
1773,111.75500000000001
1774,111.825
1775,111.855
1776,111.80010000000001
1777,111.49500000000002
1778,111.5
1779,111.43
1780,111.3
1781,111.04
1782,110.96
1783,111.4028
1784,111.535
1785,111.54
1786,111.93
1787,111.87
1788,111.84000000000002
1789,111.52
1790,111.61
1791,111.46
1792,111.35000000000001
1793,111.32
1794,111.11
1795,111.07
1796,110.99
1797,110.88
1798,110.975
1799,110.965
1800,111.02
1801,110.96
1802,110.79
1803,110.68499999999999
1804,110.79
1805,110.86
1806,110.83
1807,110.82
1808,110.775
1809,110.84999999999998
1810,110.835
1811,110.87
1812,110.83
1813,110.83999999999999
1814,110.8
1815,110.92
1816,110.89999999999999
1817,110.75499999999998
1818,110.64999999999999
1819,110.47
1820,110.42
1821,110.325
1822,110.16
1823,110.3599
1824,110.53
1825,110.71
1826,110.77999999999999
1827,110.89999999999999
1828,110.84999999999998
1829,110.9099
1830,110.96999999999998
1831,110.96
1832,111.01
1833,110.93
1834,111.0
1835,111.0599
1836,111.02
1837,111.1959
1838,111.21
1839,111.07
1840,111.25
1841,111.4601
1842,111.33
1843,111.33
1844,111.15999999999998
1845,111.23
1846,111.36
1847,111.485
1848,111.53000000000002
1849,111.54
1850,111.56
1851,111.60000000000001
1852,111.64
1853,111.60000000000001
1854,111.54
1855,111.61
1856,111.7
1857,111.53000000000002
1858,111.47000000000001
1859,111.57
1860,111.52
1861,111.55
1862,111.55
1863,111.8
1864,111.7
1865,112.0085
1866,111.73
1867,111.85000000000001
1868,111.74
1869,111.78000000000002
1870,111.83
1871,111.8147
1872,111.97999999999999
1873,112.07
1874,111.98999999999998
1875,112.08
1876,112.10999999999999
1877,112.01
1878,112.0231
1879,112.045
1880,112.08
1881,112.195
1882,112.28999999999999
1883,112.35999999999999
1884,112.35999999999999
1885,112.33
1886,112.35999999999999
1887,112.20499999999998
1888,112.19
1889,112.23999999999998
1890,112.37
1891,113.635
1892,114.15
1893,113.98
1894,113.755
1895,113.74999999999999
1896,113.7314
1897,113.61999999999999
1898,113.76
1899,113.66
1900,113.52
1901,113.55
1902,113.4
1903,113.34499999999998
1904,113.31999999999998
1905,113.32500000000002
1906,113.255
1907,113.35
1908,113.245
1909,113.255
1910,113.0901
1911,113.09
1912,113.09
1913,113.095
1914,113.13
1915,113.21
1916,113.51
1917,114.02
1918,113.92999999999999
1919,113.84
1920,113.96
1921,114.2
1922,113.91
1923,114.18000000000002
1924,114.25000000000001
1925,114.35
1926,114.35
1927,114.3969
1928,114.3884
1929,114.62000000000002
1930,114.68000000000002
1931,114.605
1932,114.665
1933,114.58
1934,114.41
1935,114.34389999999999
1936,114.28
1937,114.1141
1938,114.11999999999999
1939,114.1682
1940,114.11
1941,113.97
1942,113.76
1943,113.7
1944,114.21
1945,113.89
1946,114.15
1947,113.84
1948,113.87999999999998
1949,113.97499999999998
1950,113.86999999999999
1951,113.85
1952,113.80999999999999
1953,113.67999999999999
1954,113.65
1955,113.6
1956,113.51
1957,113.39
1958,113.36000000000001
1959,113.37
1960,113.55999999999999
1961,113.9114
1962,113.91
1963,114.05999999999999
1964,113.92999999999999
1965,113.835
1966,113.89
1967,113.80999999999999
1968,113.58
1969,113.92
1970,114.432
1971,114.32000000000001
1972,114.3
1973,114.35
1974,114.43000000000002
1975,114.69000000000001
1976,114.76
1977,114.7999
1978,115.03
1979,115.11
1980,114.88999999999999
1981,114.9
1982,114.85
1983,114.85
1984,114.84
1985,114.85499999999999
1986,114.82999999999998
1987,114.82999999999998
1988,114.8
1989,114.85
1990,114.82999999999998
1991,114.545
1992,114.53
1993,114.6999
1994,114.745
1995,115.53
1996,115.01999999999998
1997,115.25999999999999
1998,115.3
1999,115.145
2000,115.24
2001,115.47
2002,115.55
2003,115.765
2004,115.71
2005,115.94
2006,116.005
2007,116.22
2008,116.155
2009,116.21
2010,116.24
2011,116.28
2012,116.31
2013,116.31
2014,116.34
2015,116.19
2016,116.23
2017,116.25
2018,116.2
2019,116.31
2020,116.2
2021,116.4397
2022,117.09
2023,117.25
2024,117.37
2025,117.34
2026,117.38
2027,117.24
2028,117.225
2029,117.01
2030,117.1
2031,117.17
2032,117.08
2033,116.9
2034,116.91
2035,116.94
2036,117.04
2037,117.115
2038,117.02
2039,116.95
2040,116.8499
2041,116.76
2042,116.7101
2043,116.56
2044,116.36
2045,116.51
2046,116.47
2047,116.77799999999999
2048,116.6
2049,116.54
2050,116.385
2051,116.44
2052,116.43
2053,116.38
2054,116.62
2055,116.63
2056,116.79
2057,116.6589
2058,116.6447
2059,116.73
2060,116.88
2061,116.98
2062,117.035
2063,117.065
2064,117.04
2065,117.23
2066,117.3285
2067,117.2347
2068,117.2
2069,117.205
2070,117.215
2071,117.35
2072,117.42
2073,118.17299999999999
2074,118.1
2075,118.31
2076,118.46
2077,118.635
2078,118.91
2079,119.05
2080,119.41
2081,119.51
2082,119.725
2083,119.555
2084,119.68
2085,119.655
2086,119.66
2087,119.705
2088,119.47
2089,119.43
2090,119.6
2091,119.6
2092,119.6
2093,119.58
2094,119.545
2095,119.51
2096,119.63
2097,119.475
2098,119.46
2099,119.1464
2100,119.47
2101,119.33
2102,119.305
2103,119.31
2104,119.495
2105,119.48
2106,119.42
2107,119.425
2108,119.4
2109,119.18
2110,119.19
2111,119.21
2112,119.35
2113,119.4
2114,119.42
2115,119.3819
2116,119.28
2117,119.31
2118,119.4
2119,119.45
2120,119.52
2121,119.64
2122,119.61
2123,119.65
2124,119.81
2125,119.52
2126,119.53
2127,119.31
2128,119.34
2129,119.115
2130,119.29
2131,119.44
2132,119.64
2133,119.69
2134,119.87
2135,119.92
2136,119.92
2137,119.92
2138,120.02
2139,119.98
2140,119.87
2141,119.7801
2142,119.79
2143,119.77
2144,119.94
2145,119.88
2146,119.93
2147,119.95
2148,120.03
2149,120.16
2150,119.959
2151,120.8312
2152,120.95
2153,120.7
2154,120.4103
2155,120.78
2156,120.7
2157,120.3799
2158,120.23
2159,120.3
2160,120.36
2161,120.34
2162,120.255
2163,120.27
2164,120.14
2165,120.0964
2166,120.005
2167,119.85
2168,120.03
2169,120.04
2170,120.09
2171,120.36
2172,120.27
2173,120.06
2174,119.97
2175,119.95
2176,119.8
2177,119.87
2178,119.785
2179,119.59
2180,119.45
2181,119.57
2182,119.75
2183,119.62
2184,119.62
2185,119.73
2186,120.06
2187,120.095
2188,120.0
2189,120.08
2190,120.12
2191,120.07
2192,120.3
2193,120.28
2194,120.275
2195,120.36
2196,120.34
2197,120.16
2198,120.1
2199,120.26
2200,120.74
2201,120.7
2202,120.93
2203,121.195
2204,120.85
2205,120.63
2206,120.79
2207,120.7176
2208,120.8549
2209,120.91
2210,120.89
2211,120.87
2212,120.79
2213,120.78
2214,120.7944
2215,120.81
2216,120.84299999999999
2217,120.77
2218,120.7174
2219,120.93
2220,120.91
2221,120.88
2222,120.81
2223,120.90700000000001
2224,121.04
2225,121.26
2226,121.54
2227,121.585
2228,121.78
2229,121.2
2230,120.86
2231,120.91
2232,120.8701
2233,120.88
2234,120.97
2235,121.03
2236,121.12
2237,121.3
2238,121.23
2239,121.1654
2240,121.21
2241,121.257
2242,121.12
2243,121.23
2244,121.3
2245,121.26
2246,121.16
2247,121.185
2248,121.25
2249,121.1848
2250,121.285
2251,121.64
2252,121.52
2253,121.73
2254,121.95
2255,121.925
2256,121.84
2257,121.93
2258,121.85
2259,121.8
2260,122.1299
2261,122.34
2262,122.24
2263,122.68999999999998
2264,122.88
2265,122.71999999999998
2266,122.59499999999998
2267,122.3101
2268,122.18
2269,121.96
2270,121.9
2271,121.915
2272,122.0631
2273,122.01
2274,122.1
2275,122.16
2276,122.27
2277,122.15
2278,121.965
2279,121.975
2280,122.0
2281,121.98
2282,121.74
2283,121.9966
2284,122.04
2285,122.24
2286,122.43999999999998
2287,122.6434
2288,122.24
2289,122.62
2290,122.74000000000001
2291,122.28000000000002
2292,122.42
2293,122.33
2294,122.37
2295,122.50000000000001
2296,122.56000000000002
2297,122.465
2298,122.61
2299,122.54520000000001
2300,122.37
2301,122.21
2302,122.0
2303,121.9
2304,121.92
2305,122.2068
2306,122.3
2307,121.11
2308,121.13
2309,121.24
2310,121.46
2311,121.38
2312,121.24
2313,121.26
2314,121.15
2315,121.14
2316,121.26
2317,121.15
2318,121.35
2319,121.2
2320,121.22
2321,121.16
2322,120.91
2323,121.0
2324,120.9901
2325,120.8325
2326,120.9
2327,120.84
2328,120.685
2329,120.61
2330,120.9375
2331,120.92
2332,121.07
2333,120.79
2334,120.98
2335,121.27
2336,121.42
2337,121.46
2338,121.245
2339,121.05
2340,121.29
2341,120.95
2342,120.98
2343,120.905
2344,120.96
2345,120.8398
2346,120.72
2347,120.63
2348,120.62
2349,120.59
2350,120.57
2351,120.7
2352,120.63
2353,120.24
2354,119.99
2355,119.995
2356,119.94
2357,119.885
2358,120.11
2359,119.71
2360,119.29
2361,118.82
2362,118.46
2363,118.82
2364,118.94
2365,118.98
2366,118.9152
2367,119.0
2368,119.015
2369,119.02
2370,119.1
2371,119.0
2372,118.95
2373,118.9
2374,118.79
2375,118.765
2376,118.8248
2377,119.01
2378,119.0
2379,119.035
2380,119.015
2381,119.06
2382,118.96
2383,118.9925
2384,119.17
2385,118.75
2386,118.77
2387,118.76
2388,118.82
2389,118.72
2390,118.3673
2391,118.46
2392,118.535
2393,118.48
2394,118.33
2395,118.415
2396,118.49
2397,118.71
2398,118.79
2399,118.92
2400,118.93
2401,118.81
2402,118.55
2403,118.68
2404,118.67
2405,118.57
2406,118.67
2407,118.6235
2408,118.685
2409,118.59
2410,118.69
2411,119.72
2412,119.05
2413,119.04
2414,119.31
2415,119.64
2416,119.61
2417,119.7
2418,119.8
2419,119.84
2420,119.92
2421,119.99
2422,120.1
2423,120.05
2424,119.83
2425,119.89
2426,119.92
2427,119.919
2428,119.88
2429,119.91
2430,119.825
2431,119.64
2432,119.65
2433,119.32
2434,119.53
2435,119.615
2436,119.69
2437,119.1
2438,119.14
2439,119.8
2440,120.06
2441,120.26
2442,120.23
2443,120.32
2444,120.425
2445,120.3276
2446,120.56
2447,120.5
2448,120.325
2449,120.44
2450,120.48
2451,120.4454
2452,120.41
2453,120.445
2454,120.45
2455,120.45
2456,120.72
2457,120.68
2458,120.76
2459,120.715
2460,120.745
2461,120.61
2462,120.49
2463,120.76
2464,120.52
2465,120.6376
2466,120.44
2467,120.23
2468,120.46
2469,120.84
2470,120.765
2471,120.69
2472,120.95
2473,120.9
2474,120.9132
2475,120.785
2476,120.87
2477,120.93
2478,120.87
2479,120.88
2480,121.13
2481,121.21
2482,121.08
2483,121.16
2484,121.32
2485,121.24
2486,121.21
2487,121.58
2488,121.8201
2489,122.07
2490,122.46000000000001
2491,122.57
2492,122.24509999999998
2493,122.22
2494,122.16
2495,122.24
2496,122.23
2497,122.2189
2498,122.28000000000002
2499,122.37999999999998
2500,122.435
2501,122.31999999999998
2502,122.26
2503,122.35
2504,122.38000000000001
2505,122.33
2506,122.295
2507,122.28499999999998
2508,122.34
2509,122.375
2510,122.535
2511,122.65
2512,122.73
2513,122.905
2514,122.86
2515,123.15
2516,123.19
2517,122.94
2518,122.81
2519,122.89
2520,122.7572
2521,122.8
2522,122.89999999999999
2523,122.87
2524,122.76999999999998
2525,122.74
2526,122.65
2527,122.73
2528,122.8
2529,122.7957
2530,122.7054
2531,122.5501
2532,122.58499999999998
2533,122.43619999999999
2534,122.311
2535,122.49
2536,122.6
2537,122.57
2538,122.47
2539,122.26
2540,122.13
2541,121.10000000000001
2542,120.70000000000002
2543,120.94000000000001
2544,120.83
2545,120.94999999999999
2546,120.75
2547,120.71
2548,120.45
2549,120.51500000000001
2550,120.56000000000002
2551,120.62000000000002
2552,120.69
2553,120.67
2554,120.67
2555,120.59
2556,120.4988
2557,120.52
2558,120.4968
2559,120.45
2560,120.37
2561,120.49000000000001
2562,120.47
2563,120.25000000000001
2564,120.17999999999999
2565,120.22
2566,120.2
2567,120.02
2568,119.88999999999999
2569,119.99
2570,119.9
2571,119.96999999999998
2572,119.72999999999999
2573,119.83
2574,120.015
2575,119.93
2576,120.04
2577,119.9
2578,120.1
2579,120.065
2580,120.04
2581,120.07
2582,120.1
2583,120.11000000000001
2584,120.14
2585,120.08
2586,120.00989999999999
2587,119.99
2588,119.95000000000002
2589,119.98
2590,119.9
2591,119.74000000000001
2592,119.71
2593,119.85499999999999
2594,120.07
2595,119.78
2596,119.80999999999999
2597,120.12999999999998
2598,119.88
2599,119.9567
2600,119.95000000000002
2601,120.0708
2602,119.98609999999998
2603,119.9
2604,119.936
2605,119.88999999999999
2606,119.87000000000002
2607,119.93
2608,119.9
2609,119.93
2610,119.94
2611,119.88610000000001
2612,119.66000000000001
2613,119.74000000000001
2614,119.71
2615,119.63
2616,119.48
2617,119.62
2618,119.53
2619,119.72
2620,119.77
2621,119.99
2622,119.96
2623,119.64940000000001
2624,119.88999999999999
2625,120.04
2626,119.91
2627,120.08
2628,120.04999999999998
2629,119.9
2630,119.91
2631,119.7997
2632,119.8
2633,119.74000000000001
2634,119.79000000000002
2635,119.74000000000001
2636,119.76
2637,119.66000000000001
2638,119.74000000000001
2639,119.74999999999999
2640,119.72
2641,119.72
2642,119.66999999999999
2643,119.67990000000002
2644,119.50000000000001
2645,119.87000000000002
2646,119.68
2647,119.5203
2648,119.13999999999999
2649,119.25
2650,118.97000000000001
2651,119.05000000000001
2652,118.81
2653,118.91199999999999
2654,118.68
2655,118.59000000000002
2656,118.68
2657,118.48
2658,118.53879999999998
2659,118.385
2660,118.26
2661,117.90000000000002
2662,117.95
2663,117.99999999999999
2664,118.175
2665,118.25
2666,118.19
2667,118.28
2668,118.28
2669,118.36
2670,118.2492
2671,118.52
2672,118.56
2673,119.04000000000002
2674,119.09
2675,118.82
2676,118.885
2677,119.0
2678,119.225
2679,119.25
2680,119.47
2681,119.34000000000002
2682,119.1
2683,119.21999999999998
2684,119.205
2685,119.16
2686,119.26000000000002
2687,119.27
2688,119.13000000000001
2689,119.11
2690,119.34000000000002
2691,119.25499999999998
2692,119.08299999999998
2693,119.11499999999998
2694,119.145
2695,119.1
2696,118.93
2697,117.5003
2698,117.75
2699,117.81
2700,117.65500000000002
2701,117.83
2702,117.82989999999998
2703,117.71500000000002
2704,117.71000000000001
2705,117.65
2706,117.55000000000001
2707,117.44
2708,117.4
2709,117.56
2710,117.5
2711,117.24999999999999
2712,116.78999999999999
2713,117.24999999999999
2714,117.43
2715,117.31000000000002
2716,117.4
2717,117.32
2718,117.32
2719,117.14
2720,117.10000000000001
2721,117.13
2722,117.13
2723,117.4
2724,117.34
2725,117.45
2726,117.59
2727,117.5
2728,117.40999999999998
2729,117.64
2730,117.625
2731,117.67
2732,117.9999
2733,117.98000000000002
2734,118.14000000000001
2735,118.21
2736,118.27680000000001
2737,118.33
2738,118.22999999999999
2739,118.02219999999998
2740,117.99999999999999
2741,117.98000000000002
2742,118.04
2743,117.92000000000002
2744,117.93999999999998
2745,117.77000000000001
2746,117.87
2747,117.90000000000002
2748,117.48999999999998
2749,117.65
2750,117.32999999999998
2751,117.08999999999999
2752,116.78999999999999
2753,116.78999999999999
2754,117.02000000000001
2755,117.051
2756,116.92499999999998
2757,117.08
2758,117.2
2759,117.0
2760,117.1001
2761,117.04500000000002
2762,116.86000000000001
2763,116.9
2764,116.735
2765,117.13
2766,117.24999999999999
2767,117.18
2768,117.43
2769,117.22499999999998
2770,117.46
2771,117.76000000000002
2772,117.71000000000001
2773,117.67
2774,117.69999999999999
2775,117.63000000000001
2776,117.64
2777,117.76000000000002
2778,117.81
2779,117.95
2780,118.1538
2781,118.15999999999998
2782,118.27
2783,118.47
2784,118.42
2785,118.3974
2786,118.43000000000002
2787,118.4985
2788,118.66
2789,118.6
2790,118.28
2791,118.14000000000001
2792,118.01999999999998
2793,117.98000000000002
2794,118.14999999999999
2795,118.27
2796,118.28
2797,118.18
2798,118.17700000000002
2799,118.17
2800,118.2
2801,118.04
2802,118.09999999999998
2803,118.05860000000001
2804,118.28999999999999
2805,118.225
2806,118.09999999999998
2807,118.335
2808,118.30000000000001
2809,118.4
2810,118.48
2811,118.43000000000002
2812,118.21
2813,118.235
2814,118.49499999999999
2815,118.38000000000001
2816,118.13
2817,118.27
2818,118.21
2819,118.25
2820,118.44
2821,118.435
2822,118.36999999999999
2823,118.48
2824,118.36999999999999
2825,118.38000000000001
2826,118.33010000000002
2827,118.4
2828,118.41
2829,118.36
2830,118.01
2831,117.725
2832,117.55000000000001
2833,117.40999999999998
2834,117.53
2835,117.74
2836,117.79
2837,117.66
2838,117.93
2839,117.92000000000002
2840,118.02500000000002
2841,117.91
2842,118.07
2843,118.35
2844,118.67000000000002
2845,118.54
2846,118.71
2847,118.89
2848,118.88
2849,118.88
2850,118.84999999999998
2851,118.815
2852,118.6
2853,118.64
2854,118.64500000000001
2855,118.35
2856,118.4
2857,118.44999999999999
2858,118.25
2859,118.25
2860,118.17
2861,118.01999999999998
2862,117.98000000000002
2863,118.16099999999999
2864,118.38999999999999
2865,118.31999999999998
2866,118.34499999999998
2867,118.19
2868,117.90000000000002
2869,117.53
2870,117.46
2871,117.5436
2872,117.45
2873,117.42
2874,117.16
2875,117.24899999999998
2876,117.42
2877,117.24999999999999
2878,117.24999999999999
2879,117.16999999999999
2880,117.31000000000002
2881,117.37
2882,117.21
2883,117.11
2884,117.155
2885,117.3
2886,117.39799999999998
2887,117.31000000000002
2888,117.39000000000001
2889,117.24999999999999
2890,117.22
2891,117.35
2892,117.32
2893,117.21
2894,118.30000000000001
2895,118.34
2896,118.22999999999999
2897,117.97
2898,117.92000000000002
2899,118.28
2900,118.2
2901,118.31999999999998
2902,118.46000000000001
2903,118.41
2904,118.23999999999998
2905,118.31999999999998
2906,118.36
2907,118.35
2908,118.43000000000002
2909,118.44
2910,118.44999999999999
2911,118.5
2912,118.52
2913,118.43000000000002
2914,118.47
2915,118.43000000000002
2916,118.47
2917,118.38999999999999
2918,118.4
2919,118.26
2920,118.13
2921,117.97
2922,118.01999999999998
2923,117.77000000000001
2924,117.605
2925,117.47000000000001
2926,117.59
2927,117.76000000000002
2928,117.69999999999999
2929,117.67
2930,117.79
2931,117.84000000000002
2932,117.85000000000001
2933,117.81
2934,117.726
2935,117.66
2936,117.81
2937,117.8
2938,117.72
2939,117.66
2940,117.69000000000001
2941,117.65
2942,117.74
2943,117.57500000000002
2944,117.50500000000001
2945,117.53999999999999
2946,119.17
2947,119.13000000000001
2948,118.8802
2949,119.0
2950,119.05999999999999
2951,119.01
2952,118.755
2953,118.73
2954,119.09
2955,119.0
2956,119.15500000000002
2957,119.29
2958,119.35
2959,119.28000000000002
2960,119.29
2961,119.4296
2962,119.35
2963,119.37
2964,119.42999999999999
2965,119.47
2966,119.35999999999999
2967,119.18000000000002
2968,119.3499
2969,119.26000000000002
2970,119.39
2971,119.15
2972,119.41
2973,119.055
2974,118.8301
2975,119.02
2976,119.01
2977,119.18000000000002
2978,119.13999999999999
2979,119.1
2980,119.02
2981,119.1
2982,119.1
2983,119.19
2984,119.045
2985,119.07500000000002
2986,119.05000000000001
2987,118.975
2988,118.925
2989,118.91000000000001
2990,118.95
2991,119.0261
2992,118.97999999999999
2993,118.96
2994,118.89999999999999
2995,118.93
2996,119.03
2997,119.01
2998,119.37999999999998
2999,119.23500000000001
3000,119.485
3001,119.55
3002,119.51
3003,119.66
3004,119.7
3005,119.71
3006,119.71
3007,119.9
3008,119.79999999999998
3009,119.89
3010,119.95
3011,119.84000000000002
3012,119.89
3013,119.92
3014,119.95
3015,119.82
3016,119.71
3017,119.62
3018,119.58
3019,119.585
3020,119.56
3021,119.4
3022,119.515
3023,119.6425
3024,119.79
3025,120.4
3026,120.42
3027,120.25
3028,120.37
3029,120.62999999999998
3030,120.38
3031,120.47999999999999
3032,120.53
3033,120.59
3034,120.61
3035,120.605
3036,120.76
3037,120.69
3038,120.74
3039,120.83000000000001
3040,120.68000000000002
3041,120.63999999999999
3042,120.65
3043,120.755
3044,120.855
3045,120.96999999999998
3046,120.965
3047,121.12999999999998
3048,121.16000000000001
3049,121.50000000000001
3050,118.53500000000001
3051,118.24
3052,119.03
3053,118.79
3054,118.97000000000001
3055,119.44
3056,119.72
3057,120.2
3058,120.66000000000001
3059,120.74
3060,120.61
3061,120.38
3062,120.25
3063,119.92
3064,119.69
3065,119.64999999999999
3066,119.73
3067,119.67
3068,119.66
3069,119.26
3070,119.46000000000001
3071,119.57
3072,119.80999999999999
3073,119.77
3074,119.56
3075,119.93
3076,118.9875
3077,118.87
3078,119.06
3079,118.92
3080,119.30000000000001
3081,119.2499
3082,119.32
3083,119.41
3084,119.53499999999998
3085,119.67
3086,119.35
3087,119.37
3088,119.73
3089,119.69
3090,119.57500000000002
3091,119.62
3092,119.5
3093,119.74
3094,119.7
3095,119.68000000000002
3096,119.79
3097,119.74
3098,119.74
3099,119.75
3100,119.7
3101,119.59
3102,119.28
3103,119.53
3104,119.59
3105,119.24469999999998
3106,119.39
3107,119.6
3108,119.73
3109,119.95
3110,119.93
3111,119.95
3112,119.54
3113,119.6
3114,119.57
3115,119.41
3116,119.14000000000001
3117,119.09999999999998
3118,119.07
3119,119.05499999999999
3120,119.01
3121,119.09
3122,119.02
3123,119.015
3124,119.03
3125,119.06
3126,119.05
3127,118.98000000000002
3128,119.0799
3129,119.19
3130,119.17
3131,119.03
3132,118.96000000000001
3133,118.65000000000002
3134,118.74
3135,118.7301
3136,118.7
3137,118.60999999999999
3138,118.35
3139,118.38499999999999
3140,118.2001
3141,118.26
3142,118.07
3143,118.21
3144,118.09999999999998
3145,118.14000000000001
3146,118.09999999999998
3147,117.91
3148,117.8701
3149,117.9
3150,117.78999999999999
3151,117.87500000000001
3152,117.93
3153,117.83
3154,117.935
3155,118.13
3156,118.19
3157,117.93
3158,117.93999999999998
3159,117.99
3160,118.0
3161,118.15000000000002
3162,118.155
3163,118.08
3164,118.08
3165,118.06
3166,118.057
3167,118.05
3168,118.04
3169,118.03
3170,118.13
3171,117.94999999999999
3172,118.085
3173,118.09999999999998
3174,118.0175
3175,117.73
3176,117.745
3177,117.87899999999999
3178,117.72
3179,117.55
3180,118.57
3181,118.08
3182,117.99
3183,117.66
3184,117.8933
3185,117.91
3186,118.02
3187,118.11999999999999
3188,117.93
3189,117.85
3190,117.88
3191,117.86
3192,117.93
3193,117.8
3194,117.87
3195,117.745
3196,117.74
3197,117.72
3198,117.725
3199,117.49
3200,117.64
3201,117.7
3202,117.52
3203,117.67
3204,117.87
3205,118.2
3206,118.09
3207,117.71
3208,117.64
3209,113.85
3210,110.86000000000001
3211,115.8
3212,115.84
3213,118.27999999999999
3214,118.265
3215,117.52
3216,117.54500000000002
3217,117.09
3218,116.90999999999998
3219,117.68
3220,118.21
3221,118.51
3222,118.58
3223,118.51
3224,118.09
3225,118.15000000000002
3226,118.09999999999998
3227,118.14000000000001
3228,118.06
3229,117.915
3230,118.31000000000002
3231,118.53
3232,117.77999999999999
3233,117.27000000000001
3234,116.823
3235,117.01799999999999
3236,116.95000000000002
3237,117.0301
3238,117.35
3239,117.27999999999999
3240,117.01
3241,117.17
3242,117.76999999999998
3243,117.71500000000002
3244,117.65000000000002
3245,117.71
3246,117.47900000000001
3247,117.39
3248,117.39
3249,117.34
3250,117.2
3251,117.0
3252,116.935
3253,117.05500000000002
3254,117.11000000000001
3255,117.1645
3256,117.075
3257,116.73
3258,117.02
3259,116.74999999999999
3260,117.1052
3261,116.8397
3262,116.74999999999999
3263,116.475
3264,116.55
3265,116.82
3266,116.69
3267,116.72
3268,116.45000000000002
3269,116.6469
3270,116.78200000000002
3271,116.8
3272,116.63
3273,116.56
3274,116.34
3275,116.34
3276,116.28000000000002
3277,116.25999999999999
3278,116.04
3279,116.08999999999999
3280,116.0746
3281,115.9899
3282,115.98
3283,115.83
3284,115.34
3285,114.59000000000002
3286,115.14
3287,114.87999999999998
3288,115.23
3289,115.37009999999998
3290,115.285
3291,115.24999999999999
3292,114.96
3293,115.07000000000001
3294,115.11
3295,115.12
3296,115.06
3297,114.70999999999998
3298,114.61
3299,114.49499999999999
3300,114.32
3301,114.235
3302,114.02
3303,114.25000000000001
3304,114.19
3305,114.21999999999998
3306,114.6444
3307,114.4
3308,114.67
3309,114.49
3310,114.17
3311,114.51
3312,114.78
3313,115.07000000000001
3314,114.71999999999998
3315,114.7314
3316,115.07000000000001
3317,115.045
3318,115.08999999999999
3319,115.18
3320,115.24999999999999
3321,115.31
3322,115.34
3323,115.17
3324,115.3
3325,115.27
3326,115.05
3327,115.15
3328,115.302
3329,115.33
3330,115.4257
3331,115.29000000000002
3332,115.22
3333,115.08999999999999
3334,114.95100000000001
3335,114.53
3336,114.71999999999998
3337,114.28
3338,114.19
3339,114.1
3340,114.34
3341,114.15
3342,114.41000000000001
3343,114.49
3344,114.66
3345,114.71999999999998
3346,114.8
3347,114.74000000000001
3348,114.6
3349,114.70999999999998
3350,114.71999999999998
3351,114.74000000000001
3352,114.9
3353,114.75000000000001
3354,114.62
3355,114.6
3356,114.64
3357,114.625
3358,114.7485
3359,114.86
3360,114.7772
3361,114.81
3362,114.85
3363,114.89
3364,115.0
3365,115.2494
3366,115.3
3367,115.4
3368,115.34
3369,115.54
3370,115.57999999999998
3371,115.44
3372,115.73999999999998
3373,115.71
3374,115.51
3375,115.54
3376,115.48
3377,115.56
3378,115.48
3379,115.52
3380,115.52
3381,115.48499999999999
3382,115.52
3383,115.53
3384,115.37
3385,115.5
3386,115.5999
3387,115.86
3388,115.25999999999999
3389,115.3
3390,115.12
3391,115.02
3392,115.06
3393,115.04
3394,114.925
3395,114.87999999999998
3396,114.87
3397,114.92000000000002
3398,115.03
3399,115.07000000000001
3400,115.13
3401,115.16849999999998
3402,115.41000000000001
3403,115.50600000000001
3404,115.14499999999998
3405,115.32
3406,115.25999999999999
3407,115.23
3408,115.16
3409,114.96
3410,114.755
3411,114.70999999999998
3412,114.8
3413,114.68
3414,115.38
3415,115.56
3416,115.32
3417,115.44
3418,115.555
3419,115.35
3420,115.005
3421,115.01
3422,115.26299999999999
3423,115.495
3424,115.38
3425,115.42999999999999
3426,115.46
3427,115.42999999999999
3428,115.4818
3429,115.5114
3430,115.61
3431,115.27
3432,115.25999999999999
3433,115.31
3434,115.3
3435,115.34
3436,115.25999999999999
3437,115.32
3438,115.39
3439,115.46
3440,115.1333
3441,115.05
3442,115.22
3443,114.95
3444,115.01
3445,114.71999999999998
3446,114.92999999999999
3447,114.98
3448,114.955
3449,114.99
3450,114.9497
3451,114.65
3452,114.87999999999998
3453,114.85
3454,114.76000000000002
3455,114.59000000000002
3456,114.62
3457,114.5098
3458,114.7
3459,114.85
3460,114.79
3461,114.70999999999998
3462,114.4794
3463,114.36
3464,114.38999999999999
3465,114.13
3466,114.35
3467,114.38999999999999
3468,114.94
3469,115.0
3470,115.15
3471,115.39
3472,115.0
3473,114.9465
3474,114.96
3475,115.02
3476,115.16
3477,115.13
3478,115.1
3479,114.95
3480,114.92999999999999
3481,115.24000000000001
3482,115.25999999999999
3483,115.22
3484,115.23
3485,115.17
3486,114.97
3487,114.86
3488,114.76000000000002
3489,114.78
3490,114.81
3491,114.87
3492,114.755
3493,114.71999999999998
3494,114.76000000000002
3495,114.81
3496,114.83
3497,115.04
3498,114.92000000000002
3499,115.0675
3500,114.8932
3501,114.72
3502,114.53
3503,114.63999999999999
3504,114.87
3505,114.95
3506,114.9
3507,114.95
3508,114.93
3509,114.9
3510,114.74
3511,114.74
3512,114.8
3513,114.82
3514,114.76
3515,114.79
3516,114.78000000000002
3517,114.71000000000001
3518,114.88
3519,115.87000000000002
3520,115.71
3521,115.72
3522,115.91
3523,116.02
3524,116.11
3525,116.235
3526,116.46
3527,116.4432
3528,116.43
3529,116.51
3530,116.48
3531,116.51100000000001
3532,116.38
3533,116.4
3534,116.58499999999998
3535,116.821
3536,116.84
3537,116.93
3538,116.855
3539,116.64
3540,116.86
3541,116.74
3542,116.8904
3543,116.89999999999999
3544,116.81
3545,117.28
3546,117.22
3547,117.25
3548,117.17
3549,117.03
3550,117.07
3551,117.17
3552,117.15
3553,117.37
3554,117.36
3555,117.37
3556,117.47
3557,117.414
3558,117.37
3559,117.38
3560,117.52
3561,117.67
3562,117.78000000000002
3563,117.76
3564,117.69
3565,117.69
3566,117.76
3567,117.9
3568,117.92999999999999
3569,117.8
3570,118.07999999999998
3571,118.15999999999998
3572,118.2
3573,117.87
3574,117.82
3575,117.62
3576,117.84
3577,117.67
3578,117.19
3579,117.23
3580,117.14
3581,117.27000000000001
3582,117.37
3583,117.28
3584,117.19999999999999
3585,117.19
3586,117.1
3587,116.68999999999998
3588,116.61000000000001
3589,116.375
3590,116.13009999999998
3591,116.18
3592,115.96000000000001
3593,115.78
3594,115.83
3595,115.91
3596,115.09
3597,114.9
3598,115.11
3599,115.02
3600,115.04
3601,114.87329999999999
3602,114.829
3603,115.1116
3604,114.935
3605,115.01
3606,114.77
3607,114.85999999999999
3608,115.36
3609,115.46
3610,115.42
3611,115.49
3612,115.5
3613,115.44000000000001
3614,115.59999999999998
3615,115.685
3616,115.69
3617,115.67
3618,115.67
3619,115.54
3620,115.49
3621,115.28999999999999
3622,115.4
3623,115.45
3624,115.31
3625,115.54
3626,115.98
3627,116.10000000000001
3628,116.06
3629,116.27
3630,116.02999999999999
3631,115.98
3632,116.01
3633,116.19
3634,116.21
3635,116.2
3636,116.18
3637,116.01
3638,116.38
3639,116.3
3640,116.35
3641,116.32
3642,116.23
3643,116.13
3644,116.04
3645,116.22
3646,116.4
3647,116.24
3648,116.75
3649,116.76999999999998
3650,116.38
3651,116.31000000000002
3652,116.11
3653,116.09000000000002
3654,115.99
3655,116.07
3656,116.14989999999999
3657,115.95000000000002
3658,116.0
3659,116.0
3660,115.875
3661,115.84
3662,115.9
3663,115.96000000000001
3664,115.97
3665,115.8953
3666,115.99
3667,116.10000000000001
3668,116.16
3669,116.09000000000002
3670,116.17000000000002
3671,116.18
3672,116.24
3673,116.21
3674,115.89
3675,115.69
3676,115.58999999999999
3677,115.58
3678,115.46
3679,115.26
3680,115.27
3681,115.27
3682,115.15999999999998
3683,115.12
3684,115.28
3685,115.21
3686,115.24
3687,115.41
3688,115.36999999999999
3689,115.42
3690,115.42
3691,115.24
3692,115.4
3693,115.32
3694,115.44000000000001
3695,115.50999999999999
3696,115.53
3697,115.64020000000001
3698,115.575
3699,115.5
3700,115.22000000000001
3701,115.17
3702,115.06
3703,115.29999999999998
3704,115.26
3705,115.46300000000001
3706,115.24
3707,114.93
3708,114.8
3709,114.72
3710,114.52
3711,114.51
3712,114.58
3713,114.46
3714,114.5
3715,114.56000000000002
3716,114.45
3717,114.34999999999998
3718,114.2203
3719,114.18
3720,114.31
3721,114.54
3722,114.43
3723,114.52
3724,114.51
3725,114.49000000000001
3726,114.635
3727,114.91
3728,115.1
3729,115.135
3730,115.09
3731,115.36
3732,115.28999999999999
3733,115.24
3734,115.25
3735,115.11
3736,115.01899999999999
3737,114.94
3738,115.02
3739,115.00000000000001
3740,114.9701
3741,114.935
3742,115.02500000000002
3743,114.93
3744,114.8468
3745,114.74
3746,114.77
3747,114.85999999999999
3748,114.89
3749,114.9
3750,114.85999999999999
3751,114.88
3752,114.99
3753,114.84
3754,114.94
3755,115.255
3756,115.53
3757,115.205
3758,115.24
3759,115.24
3760,115.18
3761,115.01
3762,114.96
3763,114.83
3764,114.85
3765,114.9861
3766,115.1787
3767,115.22000000000001
3768,115.26499999999999
3769,115.32
3770,115.35
3771,115.50999999999999
3772,115.54
3773,115.59999999999998
3774,115.5
3775,115.5
3776,115.615
3777,115.48
3778,115.62
3779,115.8
3780,115.92
3781,116.11
3782,116.35
3783,116.357
3784,116.32999999999998
3785,116.19010000000002
3786,116.37
3787,116.315
3788,116.295
3789,116.38
3790,116.36
3791,116.3
3792,116.27
3793,116.39000000000001
3794,116.58
3795,116.35
3796,116.41
3797,116.35499999999999
3798,116.46
3799,116.49
3800,116.45
3801,116.67999999999999
3802,116.68999999999998
3803,116.61000000000001
3804,115.88000000000001
3805,115.68
3806,115.91
3807,116.41
3808,116.51
3809,116.34
3810,116.32999999999998
3811,116.31000000000002
3812,116.64
3813,116.68999999999998
3814,116.57
3815,116.81
3816,116.84
3817,116.85
3818,116.97999999999999
3819,116.88
3820,116.92
3821,116.96
3822,116.82
3823,116.67999999999999
3824,116.58
3825,116.66
3826,116.43
3827,116.5
3828,116.24
3829,116.36499999999998
3830,116.71
3831,116.67
3832,117.06
3833,117.19
3834,117.025
3835,116.72500000000001
3836,116.84
3837,116.75
3838,116.67
3839,116.53999999999999
3840,116.56
3841,116.71
3842,116.777
3843,116.85
3844,116.7525
3845,116.93
3846,117.1
3847,117.07
3848,116.92
3849,116.91000000000001
3850,116.87
3851,117.0201
3852,117.06
3853,117.09
3854,117.05000000000001
3855,116.91000000000001
3856,117.43
3857,117.32
3858,117.28
3859,117.2929
3860,117.3
3861,117.37
3862,117.31
3863,117.34000000000002
3864,117.31
3865,117.31
3866,117.41249999999998
3867,117.17
3868,117.2388
3869,117.37
3870,117.46
3871,117.71
3872,117.725
3873,117.67
3874,117.68
3875,117.59
3876,117.73
3877,117.74
3878,117.77290000000002
3879,117.75499999999998
3880,117.67500000000001
3881,117.85
3882,117.41999999999999
3883,117.40249999999999
3884,117.15
3885,117.29
3886,117.52
3887,117.6699
3888,117.63
3889,117.49999999999999
3890,117.48000000000002
3891,117.52499999999999
3892,117.19
3893,117.29
3894,116.96
3895,116.85
3896,116.67999999999999
3897,116.97999999999999
3898,117.06
3899,117.04000000000002
3900,117.09
3901,117.25
3902,117.47
3903,117.47
3904,117.52
3905,117.65
3906,117.45
3907,117.67990000000002
3908,117.97
3909,118.67
3910,118.30000000000001
3911,118.39
3912,118.43000000000002
3913,118.39
3914,118.34
3915,118.28
3916,118.35
3917,118.4
3918,118.635
3919,118.96000000000001
3920,118.92859999999999
3921,118.61
3922,118.55
3923,118.68
3924,118.55760000000001
3925,118.58999999999999
3926,118.65000000000002
3927,118.76
3928,118.74000000000001
3929,118.6945
3930,118.63340000000001
3931,118.72
3932,118.42
3933,118.61
3934,118.275
3935,117.41999999999999
3936,117.41999999999999
3937,117.62
3938,118.12
3939,118.17
3940,117.98
3941,118.30000000000001
3942,118.39
3943,118.37999999999998
3944,118.5
3945,118.48499999999999
3946,118.4505
3947,118.53
3948,118.63
3949,118.84
3950,118.9629
3951,119.09
3952,119.32
3953,119.3
3954,118.96000000000001
3955,119.16
3956,118.98100000000001
3957,118.7
3958,118.87000000000002
3959,118.91
3960,118.8075
3961,118.68
3962,118.475
3963,117.48000000000002
3964,117.55
3965,117.53
3966,117.31
3967,117.25
3968,117.16
3969,117.15
3970,117.255
3971,117.32
3972,117.23
3973,117.13000000000001
3974,117.08
3975,117.07
3976,117.048
3977,116.98999999999998
3978,116.94
3979,116.7767
3980,116.8837
3981,117.06
3982,116.88
3983,117.03
3984,117.191
3985,117.07
3986,118.17
3987,118.0759
3988,118.07999999999998
3989,118.25
3990,118.15999999999998
3991,118.22000000000001
3992,117.98
3993,118.01
3994,118.13
3995,118.425
3996,118.14999999999999
3997,118.05
3998,118.03
3999,117.93999999999998
4000,118.11
4001,118.17
4002,118.11
4003,118.05
4004,118.03
4005,118.02
4006,118.09
4007,118.07
4008,118.08
4009,117.94
4010,117.9247
4011,117.92
4012,117.685
4013,117.18
4014,117.28
4015,117.14
4016,117.19
4017,117.12100000000001
4018,117.12989999999999
4019,117.02
4020,116.88
4021,116.69
4022,116.67
4023,116.7017
4024,116.71
4025,116.49
4026,116.535
4027,116.47
4028,116.375
4029,116.47
4030,116.71
4031,116.76
4032,116.8562
4033,116.9
4034,116.9
4035,116.87
4036,116.87
4037,117.05
4038,116.975
4039,116.98
4040,117.08
4041,117.2
4042,117.23
4043,117.22
4044,117.287
4045,117.09
4046,117.22
4047,117.14
4048,117.02
4049,117.04
4050,117.12
4051,117.0837
4052,117.0
4053,117.0134
4054,117.07
4055,117.03
4056,117.0
4057,117.03
4058,116.96
4059,116.96
4060,116.945
4061,116.925
4062,116.82
4063,116.74
4064,116.54
4065,116.63
4066,116.44
4067,116.43
4068,116.335
4069,116.76
4070,116.5999
4071,116.57
4072,116.54
4073,116.54
4074,116.31
4075,116.39
4076,116.59
4077,116.6
4078,116.55
4079,116.5
4080,116.51
4081,116.74
4082,116.81
4083,116.81
4084,117.0
4085,116.93
4086,116.81
4087,116.855
4088,116.93
4089,116.79
4090,116.62
4091,116.34
4092,115.86
4093,115.76
4094,115.84
4095,116.02
4096,116.115
4097,116.255
4098,116.14
4099,116.26
4100,116.37
4101,116.49
4102,115.96
4103,115.73
4104,115.7
4105,115.74
4106,115.75
4107,115.69
4108,115.7
4109,115.73
4110,115.76
4111,115.68
4112,115.69
4113,115.705
4114,115.7
4115,115.77
4116,115.74
4117,115.84
4118,115.98
4119,115.56
4120,115.69
4121,115.7
4122,115.85
4123,116.1
4124,115.98
4125,115.89
4126,115.82
4127,115.87
4128,115.84
4129,115.7
4130,115.65
4131,115.49
4132,115.65
4133,115.49
4134,115.4
4135,115.5
4136,115.58
4137,115.77
4138,115.88
4139,115.95
4140,116.18
4141,116.13
4142,115.145
4143,115.18
4144,115.3
4145,115.63
4146,115.38
4147,115.365
4148,115.18
4149,115.04
4150,115.22
4151,115.23
4152,115.26
4153,115.29
4154,115.5094
4155,115.31
4156,115.25
4157,115.35
4158,115.47
4159,115.59
4160,115.16
4161,115.26
4162,115.24
4163,115.36
4164,115.19
4165,115.515
4166,115.48
4167,115.37
4168,115.31
4169,115.31
4170,115.25
4171,115.095
4172,115.04
4173,115.02
4174,114.93
4175,115.03
4176,114.915
4177,115.07
4178,114.9162
4179,114.85
4180,114.82
4181,114.69
4182,114.73
4183,114.6
4184,114.46
4185,114.49
4186,114.11
4187,113.55
4188,112.99
4189,113.17
4190,113.21
4191,113.25
4192,113.28
4193,113.46
4194,113.0194
4195,113.12
4196,113.22
4197,112.93
4198,113.07
4199,113.2
4200,113.14
4201,113.22
4202,113.0
4203,113.02
4204,113.1
4205,113.145
4206,112.94
4207,112.93
4208,112.86
4209,112.995
4210,113.005
4211,113.03
4212,112.82
4213,112.8265
4214,112.81
4215,112.795
4216,112.795
4217,112.7927
4218,112.86
4219,112.93
4220,112.63
4221,112.31
4222,112.79
4223,112.78
4224,112.74
4225,112.64
4226,112.6
4227,112.87
4228,113.02
4229,113.21
4230,112.9634
4231,112.98
4232,112.89
4233,112.87
4234,112.91
4235,112.96
4236,112.92
4237,112.81
4238,112.71999999999998
4239,112.64
4240,112.609
4241,112.56
4242,112.4938
4243,112.5606
4244,112.55
4245,112.52
4246,112.665
4247,112.825
4248,113.01
4249,113.47
4250,113.12
4251,113.13
4252,113.115
4253,113.01
4254,112.935
4255,112.885
4256,113.09
4257,113.02
4258,113.07999999999998
4259,113.28
4260,113.11
4261,113.01
4262,113.2589
4263,113.16
4264,113.16
4265,113.264
4266,113.1125
4267,113.26
4268,113.21
4269,113.33
4270,113.235
4271,113.22
4272,112.6
4273,112.74
4274,112.86
4275,113.32
4276,113.03
4277,112.8708
4278,112.88
4279,112.9
4280,112.7
4281,112.69
4282,112.89
4283,112.825
4284,112.55
4285,112.77
4286,112.95
4287,112.9
4288,112.91
4289,112.8
4290,112.635
4291,112.4102
4292,112.47
4293,112.4716
4294,112.61
4295,112.57
4296,112.33
4297,112.25
4298,111.72
4299,111.69
4300,111.71
4301,111.62
4302,111.72
4303,111.62
4304,111.91
4305,111.835
4306,111.89
4307,111.9132
4308,112.125
4309,111.92
4310,111.7
4311,111.7232
4312,111.515
4313,111.3733
4314,111.2889
4315,111.15
4316,111.42
4317,111.515
4318,111.41
4319,111.495
4320,111.715
4321,111.655
4322,111.52
4323,111.59
4324,112.1
4325,111.99999999999999
4326,111.9
4327,111.73
4328,111.95
4329,111.72
4330,111.9198
4331,111.99999999999999
4332,111.96
4333,111.8
4334,111.92
4335,111.83
4336,111.95
4337,111.85
4338,111.82
4339,111.82
4340,111.8
4341,111.72
4342,111.74
4343,111.73
4344,111.9
4345,111.9701
4346,111.98
4347,111.93
4348,111.9
4349,111.79
4350,112.12
4351,111.44
4352,111.475
4353,111.3
4354,111.36
4355,111.65
4356,111.61
4357,111.6
4358,111.73
4359,111.83
4360,111.79
4361,111.8601
4362,111.7366
4363,111.745
4364,111.56
4365,111.54
4366,111.55
4367,111.51
4368,111.25
4369,111.3
4370,111.305
4371,111.24
4372,111.275
4373,111.13
4374,111.18
4375,111.005
4376,111.22
4377,111.34
4378,111.26
4379,111.4
4380,111.61
4381,111.4
4382,111.17
4383,111.11
4384,111.62
4385,111.39
4386,111.27
4387,111.23
4388,111.17
4389,111.11
4390,111.15
4391,111.0693
4392,111.08
4393,110.88
4394,110.8311
4395,110.79
4396,110.81
4397,110.83
4398,110.935
4399,110.9
4400,110.655
4401,110.89
4402,110.31
4403,110.38
4404,110.54
4405,110.27
4406,110.315
4407,110.2454
4408,110.33
4409,110.42
4410,110.53
4411,110.45
4412,110.39
4413,110.48
4414,110.42
4415,110.41
4416,110.24
4417,110.23
4418,110.25
4419,110.1873
4420,110.14
4421,110.17
4422,110.19
4423,110.085
4424,110.13
4425,110.14
4426,110.33
4427,110.21
4428,111.05
4429,111.62
4430,111.14
4431,111.0
4432,110.95
4433,111.1238
4434,111.38
4435,111.29
4436,111.305
4437,111.38
4438,111.395
4439,111.615
4440,111.77
4441,111.81
4442,111.79
4443,111.7201
4444,111.56
4445,111.59
4446,111.45
4447,111.5
4448,111.385
4449,111.49
4450,111.48
4451,111.65
4452,111.54
4453,111.48
4454,111.68
4455,111.73
4456,111.759
4457,111.57
4458,111.83
4459,111.84
4460,111.87
4461,111.76
4462,111.8
4463,111.965
4464,111.8
4465,111.72
4466,111.695
4467,111.355
4468,111.67
4469,111.6
4470,111.5759
4471,111.665
4472,111.585
4473,111.645
4474,111.665
4475,111.665
4476,111.68
4477,111.69
4478,111.5874
4479,111.605
4480,111.45
4481,111.13
4482,110.98
4483,110.9688
4484,110.8979
4485,111.11
4486,111.0
4487,111.035
4488,110.87
4489,110.96
4490,110.875
4491,110.825
4492,111.03
4493,110.84
4494,110.81
4495,110.95
4496,110.96
4497,110.91
4498,110.7801
4499,110.91
4500,110.975
4501,111.07
4502,110.94
4503,111.105
4504,111.235
4505,111.33
4506,112.03500000000001
4507,112.29
4508,112.585
4509,112.96
4510,113.24499999999999
4511,113.53
4512,113.63
4513,114.43999999999998
4514,113.52
4515,113.75999999999999
4516,113.72
4517,113.87000000000002
4518,113.96
4519,113.86
4520,113.88000000000001
4521,113.75
4522,113.86
4523,113.92
4524,113.72
4525,113.66
4526,113.52
4527,113.54
4528,113.39
4529,113.49999999999999
4530,113.44250000000001
4531,113.37000000000002
4532,114.565
4533,114.91000000000001
4534,114.475
4535,114.57
4536,114.56
4537,114.62
4538,114.38000000000001
4539,114.49999999999999
4540,114.5024
4541,114.46
4542,114.39
4543,114.62
4544,114.72
4545,114.749
4546,114.59500000000001
4547,114.54110000000001
4548,114.70000000000002
4549,114.81
4550,114.6157
4551,114.65899999999999
4552,114.8
4553,114.93999999999998
4554,114.82150000000001
4555,114.96999999999998
4556,115.08
4557,115.11000000000001
4558,114.86
4559,114.98700000000001
4560,114.66
4561,114.36
4562,114.16
4563,114.085
4564,114.11000000000001
4565,114.15
4566,113.96999999999998
4567,113.97099999999999
4568,113.9957
4569,113.99999999999999
4570,113.93000000000002
4571,113.83
4572,113.93000000000002
4573,114.05
4574,114.085
4575,114.09
4576,114.09
4577,113.99999999999999
4578,114.13
4579,114.09
4580,114.25999999999999
4581,114.25999999999999
4582,114.235
4583,114.19
4584,113.92499999999998
4585,114.39
4586,114.46999999999998
4587,114.40000000000002
4588,114.64000000000001
4589,114.62
4590,114.63
4591,114.32000000000001
4592,114.2562
4593,114.19
4594,114.14000000000001
4595,114.04
4596,114.03
4597,114.22310000000002
4598,114.205
4599,114.13
4600,114.105
4601,114.12
4602,114.35000000000001
4603,114.49
4604,114.52999999999999
4605,114.63620000000002
4606,114.70000000000002
4607,114.67000000000002
4608,114.3546
4609,114.48
4610,114.93999999999998
4611,114.8
4612,114.88000000000001
4613,114.70000000000002
4614,114.57
4615,114.35000000000001
4616,114.12
4617,114.15
4618,114.25
4619,114.25
4620,114.17000000000002
4621,114.1
4622,114.20760000000001
4623,114.281
4624,114.35000000000001
4625,114.32000000000001
4626,114.25
4627,114.1
4628,114.13
4629,114.25009999999999
4630,114.28999999999999
4631,114.23999999999998
4632,114.3
4633,114.2634
4634,114.165
4635,113.99999999999999
4636,114.23999999999998
4637,114.23999999999998
4638,114.05
4639,114.17000000000002
4640,114.055
4641,114.01
4642,113.89
4643,113.93999999999998
4644,113.85020000000002
4645,113.70999999999998
4646,113.53
4647,113.59
4648,113.68
4649,113.69
4650,113.62500000000001
4651,113.54
4652,113.66
4653,113.72999999999999
4654,113.49999999999999
4655,113.57
4656,113.55
4657,113.68499999999999
4658,113.68499999999999
4659,113.57
4660,113.555
4661,113.52
4662,113.27
4663,113.38079999999998
4664,113.12
4665,113.14990000000002
4666,113.005
4667,112.93999999999998
4668,113.01
4669,113.06500000000001
4670,112.96
4671,112.76
4672,112.76
4673,112.82000000000001
4674,112.85500000000002
4675,112.84000000000002
4676,112.71
4677,112.6
4678,112.57
4679,112.57
4680,112.58639999999998
4681,112.52
4682,112.54
4683,112.6
4684,112.6
4685,112.66
4686,112.68
4687,112.65
4688,112.32000000000001
4689,112.53
4690,112.5
4691,112.55000000000001
4692,112.69999999999999
4693,112.78
4694,112.81
4695,112.72999999999999
4696,112.74
4697,112.59
4698,112.61000000000001
4699,112.54
4700,112.65
4701,112.62
4702,112.64000000000001
4703,112.83500000000001
4704,112.79
4705,112.62
4706,112.58000000000001
4707,112.49
4708,112.37999999999998
4709,112.5
4710,112.64000000000001
4711,112.65499999999999
4712,112.72
4713,112.495
4714,108.8
4715,108.34999999999998
4716,108.16
4717,108.905
4718,108.70500000000001
4719,108.66
4720,108.39
4721,108.53
4722,108.59499999999998
4723,108.33999999999999
4724,108.33999999999999
4725,108.10999999999999
4726,107.9145
4727,107.925
4728,107.9
4729,108.1
4730,107.91
4731,107.5
4732,107.02500000000002
4733,107.24010000000001
4734,107.45000000000002
4735,107.5475
4736,107.51999999999998
4737,107.9288
4738,107.85
4739,108.04999999999998
4740,108.63
4741,108.83
4742,109.19
4743,109.29
4744,108.97
4745,108.96000000000001
4746,108.83
4747,108.81000000000002
4748,108.81999999999998
4749,108.98
4750,108.96000000000001
4751,108.8401
4752,108.86499999999998
4753,108.98
4754,108.99000000000001
4755,109.04000000000002
4756,109.2075
4757,109.2248
4758,109.17
4759,109.2
4760,109.25000000000001
4761,109.24
4762,109.28659999999999
4763,109.315
4764,109.3501
4765,109.51000000000002
4766,109.89499999999998
4767,110.02000000000001
4768,109.69
4769,109.82500000000002
4770,110.01
4771,110.165
4772,110.1
4773,110.13
4774,110.09
4775,110.09
4776,110.15
4777,110.16999999999999
4778,110.225
4779,110.19
4780,109.8384
4781,109.75000000000001
4782,109.77
4783,109.79
4784,109.56200000000001
4785,109.51000000000002
4786,109.53
4787,109.19
4788,109.28000000000002
4789,109.33999999999999
4790,109.46000000000001
4791,109.39999999999999
4792,108.77
4793,108.95
4794,108.57999999999998
4795,108.71
4796,108.57999999999998
4797,108.36999999999999
4798,108.225
4799,108.25000000000001
4800,108.2885
4801,108.45
4802,108.51100000000002
4803,108.42
4804,108.36
4805,108.57
4806,108.6
4807,108.67
4808,108.86999999999999
4809,108.77
4810,108.6284
4811,108.54000000000002
4812,108.62499999999999
4813,108.38
4814,108.47
4815,108.24
4816,108.2
4817,108.56
4818,108.23
4819,107.81999999999998
4820,107.81999999999998
4821,108.27
4822,108.16
4823,107.67
4824,107.42
4825,107.15
4826,107.23609999999998
4827,107.26
4828,107.3
4829,107.17
4830,107.14
4831,106.95000000000002
4832,107.2801
4833,107.05499999999999
4834,107.03340000000001
4835,107.12
4836,107.25000000000001
4837,107.23500000000001
4838,107.21
4839,107.29
4840,107.38
4841,107.38
4842,107.17
4843,107.12
4844,107.57
4845,107.43
4846,107.6113
4847,107.59
4848,107.23
4849,107.3
4850,107.45000000000002
4851,107.56
4852,107.62
4853,107.405
4854,107.41
4855,107.49000000000001
4856,107.33
4857,107.385
4858,107.36999999999999
4859,107.53
4860,107.57
4861,107.65
4862,107.54000000000002
4863,107.6
4864,107.39
4865,107.35
4866,107.23500000000001
4867,107.19000000000001
4868,107.1
4869,106.93
4870,106.03999999999999
4871,106.03
4872,106.59
4873,106.46000000000001
4874,106.87
4875,106.80999999999999
4876,106.69000000000001
4877,106.4
4878,106.31379999999999
4879,106.185
4880,106.20500000000001
4881,106.08
4882,105.95999999999998
4883,106.03
4884,106.04999999999998
4885,105.9225
4886,105.77
4887,105.92000000000002
4888,106.06
4889,106.09
4890,105.915
4891,105.98000000000002
4892,105.97
4893,105.97
4894,105.97
4895,105.92000000000002
4896,105.47
4897,105.3
4898,105.06
4899,105.13000000000001
4900,105.13000000000001
4901,105.50999999999999
4902,105.26
4903,105.07
4904,104.83
4905,104.67
4906,104.87
4907,104.77
4908,104.63000000000001
4909,104.60000000000001
4910,104.69000000000001
4911,104.60000000000001
4912,104.71
4913,104.89299999999999
4914,104.88
4915,104.89000000000001
4916,104.85
4917,104.79
4918,104.66000000000001
4919,104.71999999999998
4920,104.73
4921,104.7
4922,104.60000000000001
4923,104.4723
4924,104.58
4925,104.51989999999999
4926,104.66000000000001
4927,104.63000000000001
4928,104.74
4929,104.88010000000001
4930,105.01380000000002
4931,104.99989999999998
4932,105.0
4933,105.015
4934,105.14
4935,104.97999999999999
4936,105.06
4937,104.98999999999998
4938,105.08
4939,105.155
4940,105.08600000000001
4941,105.0
4942,105.03
4943,104.93
4944,104.8
4945,104.62
4946,104.67
4947,104.63000000000001
4948,104.33
4949,104.3
4950,104.07000000000001
4951,104.09
4952,104.21
4953,104.21
4954,104.18000000000002
4955,104.05
4956,104.015
4957,104.02
4958,104.12
4959,104.395
4960,104.12
4961,104.26
4962,104.2
4963,104.11
4964,104.16000000000001
4965,104.061
4966,104.06
4967,104.0183
4968,104.10000000000001
4969,104.03
4970,104.11
4971,104.09
4972,103.98999999999998
4973,103.76
4974,103.44999999999999
4975,103.24
4976,102.74
4977,102.75
4978,102.93
4979,103.27
4980,103.1388
4981,103.18000000000002
4982,103.365
4983,103.17
4984,102.77
4985,102.81
4986,102.97999999999999
4987,102.81
4988,103.065
4989,102.87
4990,102.8
4991,102.97
4992,102.66860000000001
4993,102.65100000000002
4994,102.56
4995,102.575
4996,102.885
4997,102.82
4998,102.92000000000002
4999,102.81
5000,102.965
5001,102.78
5002,102.87
5003,102.82
5004,102.74
5005,102.91
5006,102.98
5007,102.91
5008,102.855
5009,102.78
5010,103.0
5011,102.9359
5012,102.8916
5013,102.92
5014,102.93
5015,102.93
5016,102.77000000000001
5017,102.7299
5018,102.55
5019,102.49
5020,102.66
5021,102.625
5022,102.8239
5023,102.84
5024,102.74
5025,102.63
5026,102.6
5027,102.49
5028,102.6
5029,102.75
5030,103.065
5031,102.7
5032,102.685
5033,102.91
5034,102.8588
5035,102.79
5036,102.83
5037,102.57
5038,102.6
5039,102.59
5040,102.61
5041,102.48
5042,102.41
5043,102.37
5044,102.34
5045,102.36
5046,102.34
5047,102.43
5048,102.44
5049,102.35
5050,102.13
5051,102.17
5052,102.33
5053,102.3
5054,102.9194
5055,103.02
5056,102.99
5057,103.06
5058,102.83
5059,102.95
5060,103.02
5061,103.075
5062,103.075
5063,103.005
5064,103.00299999999999
5065,103.09
5066,102.97
5067,102.945
5068,102.99
5069,102.895
5070,102.7568
5071,102.935
5072,102.89
5073,102.995
5074,102.9425
5075,102.955
5076,103.01
5077,103.005
5078,103.1
5079,103.09
5080,103.14999999999999
5081,103.33
5082,103.08
5083,102.93
5084,102.84
5085,103.02
5086,103.11
5087,102.845
5088,102.845
5089,102.825
5090,102.865
5091,102.935
5092,102.91
5093,102.88499999999999
5094,102.875
5095,102.98
5096,103.005
5097,102.995
5098,102.98
5099,103.015
5100,103.02
5101,103.005
5102,103.01
5103,103.09
5104,103.03500000000001
5105,102.99
5106,102.8604
5107,102.43
5108,102.42
5109,102.54
5110,102.23
5111,102.26
5112,102.28
5113,102.42
5114,102.26
5115,102.37
5116,102.37
5117,102.4299
5118,102.4632
5119,102.3675
5120,102.32
5121,102.38
5122,102.605
5123,102.64
5124,102.55
5125,102.53
5126,102.56
5127,102.61999999999999
5128,102.47
5129,102.47
5130,102.4
5131,102.735
5132,102.771
5133,102.97
5134,102.855
5135,102.88
5136,102.92
5137,102.88
5138,102.905
5139,102.995
5140,102.9638
5141,103.03500000000001
5142,103.02
5143,102.99
5144,103.0
5145,103.0
5146,102.92
5147,102.99
5148,103.04
5149,103.015
5150,103.19
5151,103.1
5152,103.16
5153,103.2199
5154,103.225
5155,103.03
5156,103.43
5157,103.5
5158,103.46
5159,103.40299999999999
5160,103.4645
5161,103.59
5162,103.75
5163,103.67999999999999
5164,103.7
5165,103.705
5166,103.64
5167,103.67999999999999
5168,103.7018
5169,103.66
5170,103.59
5171,103.61
5172,103.69
5173,103.67999999999999
5174,103.62
5175,103.62
5176,103.6753
5177,103.695
5178,103.665
5179,103.64
5180,103.49
5181,103.51
5182,103.17
5183,103.19
5184,102.93
5185,102.98
5186,103.2
5187,103.24
5188,103.185
5189,103.1662
5190,103.5
5191,103.495
5192,103.44
5193,103.445
5194,103.425
5195,103.37
5196,103.37
5197,103.455
5198,103.435
5199,103.4
5200,103.45
5201,103.30000000000001
5202,103.24
5203,103.18
5204,103.1
5205,102.91
5206,102.63
5207,102.71
5208,102.12
5209,101.83
5210,101.8
5211,101.88
5212,101.9
5213,101.78
5214,101.75
5215,101.87
5216,101.86
5217,101.925
5218,102.03
5219,101.93
5220,102.07
5221,102.03
5222,102.01
5223,102.04
5224,101.98
5225,102.08999999999999
5226,102.0099
5227,101.99369999999999
5228,102.08999999999999
5229,102.11
5230,102.1
5231,102.075
5232,102.11
5233,102.07
5234,103.02
5235,102.88
5236,103.22
5237,103.06999999999998
5238,103.01
5239,103.09
5240,102.99
5241,103.025
5242,103.025
5243,103.11
5244,102.98
5245,103.13
5246,103.26
5247,103.163
5248,103.33499999999998
5249,103.19
5250,103.2514
5251,103.24
5252,103.32
5253,103.22
5254,103.1
5255,102.98
5256,102.79
5257,102.815
5258,102.765
5259,102.69
5260,102.245
5261,102.51
5262,102.64
5263,102.55
5264,102.61
5265,102.75
5266,102.6102
5267,102.87
5268,102.73
5269,102.715
5270,102.68
5271,102.615
5272,102.6194
5273,102.615
5274,102.755
5275,102.66
5276,102.66
5277,102.68
5278,102.7
5279,102.73
5280,102.665
5281,102.925
5282,102.89
5283,102.81
5284,102.815
5285,102.65
5286,103.0
5287,103.4
5288,103.30000000000001
5289,103.66
5290,103.35
5291,103.28
5292,103.59
5293,103.52
5294,103.09
5295,103.285
5296,103.17
5297,103.135
5298,102.96
5299,102.89
5300,102.79
5301,102.77000000000001
5302,102.75
5303,102.73
5304,102.61999999999999
5305,102.6899
5306,102.75
5307,102.71
5308,102.71
5309,102.63
5310,102.58
5311,102.55
5312,103.23
5313,103.235
5314,103.30000000000001
5315,103.87
5316,103.62
5317,103.515
5318,103.605
5319,103.7
5320,103.67
5321,103.67999999999999
5322,103.6203
5323,103.67
5324,103.61
5325,103.67
5326,103.54
5327,103.6262
5328,103.59
5329,103.625
5330,103.61
5331,103.53
5332,103.59
5333,103.54
5334,103.54
5335,103.46
5336,103.535
5337,103.37
5338,103.51
5339,103.55
5340,103.473
5341,103.575
5342,103.31
5343,103.315
5344,103.62
5345,103.69
5346,103.695
5347,103.47
5348,103.675
5349,103.59999999999998
5350,103.5451
5351,103.51
5352,103.49
5353,103.5975
5354,103.5
5355,103.33
5356,103.385
5357,103.39
5358,103.31
5359,103.435
5360,103.45
5361,103.535
5362,103.455
5363,103.53
5364,103.28
5365,103.39
5366,103.30000000000001
5367,103.14
5368,103.215
5369,103.21
5370,103.26
5371,103.2202
5372,103.17
5373,103.08
5374,103.085
5375,103.14999999999999
5376,103.14
5377,103.17
5378,103.18
5379,103.1534
5380,102.96
5381,102.97
5382,102.87
5383,102.785
5384,102.9684
5385,103.005
5386,102.92
5387,103.0
5388,103.01
5389,102.96
5390,102.995
5391,103.03
5392,102.97
5393,102.88
5394,102.93
5395,102.94
5396,102.92
5397,102.91
5398,102.9218
5399,102.85
5400,102.83
5401,102.82
5402,102.79
5403,102.8167
5404,102.73
5405,102.665
5406,102.735
5407,102.59
5408,102.52
5409,102.69
5410,102.585
5411,102.56
5412,102.5099
5413,102.66
5414,102.655
5415,102.735
5416,102.7201
5417,102.57
5418,102.56
5419,102.59
5420,102.665
5421,102.67
5422,102.63
5423,102.75
5424,102.71
5425,102.77000000000001
5426,102.77000000000001
5427,102.93
5428,102.96
5429,103.04
5430,102.9
5431,102.815
5432,102.99
5433,102.965
5434,102.99
5435,102.83
5436,102.335
5437,102.37
5438,102.2
5439,102.15
5440,102.69
5441,102.74
5442,102.9
5443,102.74
5444,102.56
5445,102.51
5446,102.595
5447,102.68
5448,102.74
5449,102.78
5450,102.715
5451,102.67
5452,102.69
5453,102.68
5454,102.7
5455,102.67
5456,102.68
5457,102.85
5458,102.95
5459,103.055
5460,102.9
5461,102.7
5462,102.92
5463,102.7
5464,102.9
5465,102.84
5466,102.93
5467,103.04
5468,103.23
5469,103.26
5470,103.09
5471,103.09
5472,103.02
5473,103.01
5474,103.05
5475,102.95
5476,102.9431
5477,102.99
5478,102.86
5479,102.88
5480,102.98
5481,102.88499999999999
5482,102.8
5483,102.99
5484,103.14999999999999
5485,102.9
5486,102.51
5487,102.6
5488,102.735
5489,102.83
5490,102.78
5491,102.75
5492,102.89
5493,102.66
5494,103.02
5495,102.94
5496,102.98
5497,103.02
5498,103.13
5499,103.24
5500,103.25
5501,103.23
5502,103.31
5503,103.32
5504,103.4
5505,103.37
5506,103.48
5507,103.73
5508,103.68
5509,103.41
5510,103.52
5511,104.1801
5512,104.565
5513,104.69
5514,104.52
5515,104.5
5516,104.71
5517,104.77
5518,104.71
5519,104.57
5520,104.6651
5521,104.54
5522,104.26
5523,104.37
5524,104.5
5525,104.57
5526,104.56
5527,104.4
5528,104.5299
5529,104.55
5530,104.765
5531,104.62
5532,104.62
5533,104.51
5534,104.58
5535,104.6
5536,104.55
5537,104.51
5538,104.4392
5539,104.54
5540,104.85
5541,105.075
5542,105.15
5543,104.9
5544,105.0
5545,104.67
5546,104.735
5547,104.665
5548,104.7299
5549,104.75
5550,104.64
5551,104.72
5552,104.7768
5553,104.76
5554,104.905
5555,105.07
5556,104.98
5557,105.12
5558,105.31
5559,105.34
5560,105.45
5561,106.005
5562,106.1272
5563,106.29
5564,106.08
5565,106.42
5566,106.63
5567,106.84
5568,106.97
5569,106.97
5570,106.99
5571,106.91
5572,107.05
5573,107.04
5574,107.06
5575,107.1
5576,107.0
5577,107.3844
5578,107.479
5579,107.6112
5580,107.8
5581,107.69
5582,107.74
5583,107.84
5584,107.735
5585,107.64
5586,107.62
5587,107.1
5588,107.16
5589,106.71
5590,106.79
5591,106.76
5592,106.77
5593,106.7
5594,106.835
5595,106.86
5596,106.82
5597,106.79
5598,106.49
5599,106.515
5600,106.54
5601,106.42
5602,106.31
5603,106.31
5604,106.54
5605,106.43
5606,106.49
5607,106.485
5608,106.46
5609,106.455
5610,106.52
5611,106.5199
5612,106.7
5613,106.0612
5614,105.8
5615,105.66
5616,105.73
5617,105.75
5618,105.61
5619,105.67
5620,105.69
5621,105.79
5622,105.81
5623,105.85
5624,106.01
5625,106.07
5626,106.05
5627,106.3
5628,106.3
5629,106.3094
5630,106.25
5631,106.29
5632,106.255
5633,106.26
5634,106.18
5635,106.31
5636,106.46
5637,106.45
5638,106.58
5639,106.55
5640,106.13
5641,106.21
5642,106.03
5643,106.17
5644,106.02
5645,106.13
5646,106.33
5647,106.27
5648,105.99
5649,106.06
5650,106.03
5651,105.9932
5652,105.97
5653,105.93
5654,105.85
5655,105.845
5656,105.83
5657,105.95
5658,106.01
5659,106.05
5660,105.99
5661,105.895
5662,105.865
5663,105.83
5664,106.04
5665,106.315
5666,105.96
5667,106.44
5668,106.53
5669,106.945
5670,107.26
5671,107.35
5672,107.56
5673,107.65
5674,107.74
5675,107.88
5676,107.85
5677,107.87
5678,107.8
5679,107.8969
5680,107.68
5681,107.55
5682,107.41
5683,107.44
5684,107.51
5685,107.31
5686,107.54
5687,107.4638
5688,107.49
5689,107.5238
5690,107.31
5691,107.79
5692,108.03
5693,108.08
5694,108.17
5695,108.15
5696,108.22
5697,108.18
5698,108.07
5699,107.97
5700,107.96
5701,107.845
5702,107.84
5703,107.9
5704,107.86
5705,107.91
5706,107.9
5707,107.95
5708,107.93
5709,108.17
5710,108.21
5711,108.44000000000001
5712,108.62
5713,108.625
5714,108.435
5715,108.27
5716,108.3
5717,107.965
5718,108.22
5719,108.21
5720,108.25
5721,108.26
5722,108.19
5723,108.265
5724,108.16
5725,108.235
5726,108.235
5727,108.23
5728,108.29
5729,108.42
5730,108.36999999999999
5731,108.205
5732,108.125
5733,108.1
5734,108.1
5735,108.0
5736,107.91
5737,107.82
5738,107.96
5739,107.86
5740,107.94
5741,107.9
5742,107.68
5743,109.82
5744,109.46
5745,109.27
5746,109.35
5747,109.5
5748,109.4
5749,109.42500000000001
5750,109.53
5751,109.36999999999999
5752,109.52000000000001
5753,109.51
5754,109.53
5755,109.53
5756,109.36
5757,109.45000000000002
5758,109.43
5759,109.485
5760,109.43500000000002
5761,109.44119999999998
5762,109.43
5763,109.52000000000001
5764,109.485
5765,109.56000000000002
5766,109.57
5767,109.595
5768,109.62
5769,109.92999999999999
5770,109.99999999999999
5771,109.7501
5772,109.76999999999998
5773,109.47
5774,109.14999999999999
5775,109.175
5776,108.8
5777,109.25
5778,109.36999999999999
5779,109.09999999999998
5780,108.94
5781,108.925
5782,108.91419999999998
5783,108.91
5784,108.955
5785,109.05
5786,108.87999999999998
5787,108.76999999999998
5788,108.74000000000001
5789,108.67000000000002
5790,108.53
5791,108.38
5792,108.11
5793,108.0175
5794,107.99
5795,108.44000000000001
5796,108.57
5797,108.31
5798,108.64
5799,108.46
5800,108.38
5801,108.64099999999999
5802,108.51
5803,108.62
5804,108.63
5805,108.58999999999999
5806,108.76999999999998
5807,108.75
5808,108.75
5809,108.57
5810,108.46
5811,108.38
5812,108.42
5813,108.415
5814,108.58559999999999
5815,108.52
5816,108.13
5817,108.11
5818,108.25
5819,108.075
5820,108.11
5821,104.09
5822,104.01
5823,104.51
5824,104.5
5825,104.68
5826,104.81
5827,104.785
5828,104.75
5829,104.705
5830,104.8
5831,104.68
5832,104.81
5833,104.76
5834,104.78
5835,104.62
5836,104.61
5837,104.56
5838,104.36
5839,104.21
5840,104.06
5841,103.81
5842,103.96
5843,104.37
5844,104.1131
5845,104.29
5846,104.36
5847,104.58
5848,104.89
5849,104.8
5850,104.85
5851,105.01
5852,104.97
5853,104.9837
5854,104.99
5855,105.2031
5856,105.24
5857,105.27
5858,105.12
5859,105.045
5860,104.98
5861,105.09
5862,105.24
5863,105.24
5864,105.19
5865,105.095
5866,105.15
5867,105.13
5868,105.14
5869,105.085
5870,105.17
5871,104.925
5872,104.78
5873,104.96
5874,105.1899
5875,105.06
5876,105.04
5877,105.22
5878,105.36
5879,105.35
5880,105.31
5881,105.32
5882,105.221
5883,105.14
5884,105.19
5885,105.2
5886,105.15
5887,105.1501
5888,105.07
5889,105.065
5890,105.11
5891,105.08
5892,105.02
5893,104.89
5894,104.91
5895,104.76
5896,104.7399
5897,104.645
5898,104.66
5899,104.5501
5900,104.54
5901,104.3901
5902,104.22
5903,104.53
5904,104.5634
5905,104.25
5906,104.2
5907,104.22
5908,104.11
5909,104.1
5910,104.1
5911,104.06
5912,103.91
5913,103.83
5914,103.93
5915,103.84
5916,103.89
5917,103.8837
5918,103.8
5919,103.885
5920,104.09
5921,104.03
5922,103.9644
5923,103.97
5924,104.1
5925,104.4
5926,104.78
5927,104.78
5928,104.8
5929,104.97
5930,104.85
5931,104.89
5932,104.8681
5933,104.8
5934,104.79
5935,104.7701
5936,104.75
5937,104.79
5938,104.67
5939,104.72
5940,104.7408
5941,104.74
5942,104.7998
5943,104.715
5944,104.6978
5945,104.55
5946,104.64
5947,104.55
5948,104.49
5949,104.53
5950,104.7
5951,104.72
5952,104.41
5953,104.49
5954,104.4874
5955,104.355
5956,104.1
5957,104.1672
5958,104.29
5959,104.26
5960,104.26
5961,104.205
5962,104.25
5963,104.2715
5964,104.29
5965,104.32
5966,104.295
5967,104.34
5968,104.36
5969,104.33
5970,104.35
5971,104.35
5972,104.46
5973,104.5599
5974,104.47
5975,104.65
5976,104.81
5977,105.53
5978,105.93
5979,105.9
5980,105.95
5981,105.86
5982,106.1032
5983,106.05
5984,106.01
5985,106.065
5986,106.26
5987,106.31
5988,106.44
5989,106.37
5990,106.31
5991,106.23
5992,106.23
5993,106.225
5994,106.09
5995,106.0934
5996,106.09
5997,106.12
5998,106.185
5999,106.08
