,0
0,79.45
1,79.44
2,79.51
3,79.365
4,79.55
5,79.5273
6,79.66
7,79.63
8,79.68
9,79.57
10,79.5595
11,79.54
12,79.385
13,79.35
14,79.6
15,79.565
16,79.32
17,79.21
18,79.12
19,79.2099
20,79.03
21,79.089
22,79.1299
23,79.045
24,79.12
25,79.155
26,79.095
27,79.08
28,79.05
29,77.4745
30,77.48
31,77.8415
32,78.07
33,78.17
34,78.16
35,78.4
36,78.34
37,78.56
38,78.7085
39,78.65
40,78.726
41,78.45
42,78.46
43,78.36
44,78.46
45,78.56
46,78.6098
47,78.7699
48,78.8
49,78.91
50,78.78
51,78.52
52,78.42
53,78.28
54,78.14
55,78.14
56,77.46
57,77.23
58,77.07
59,76.955
60,76.96
61,76.8299
62,76.79
63,76.57
64,76.36
65,76.1534
66,76.03
67,76.0485
68,76.17
69,76.11
70,76.01
71,75.745
72,75.855
73,75.76
74,75.65
75,75.57
76,75.56
77,75.63
78,75.6725
79,75.7
80,75.5375
81,75.35
82,76.44
83,76.98
84,76.78
85,76.82
86,76.6
87,76.62
88,76.665
89,76.76
90,76.75
91,76.99
92,76.869
93,76.8549
94,76.85
95,76.9
96,76.9801
97,77.17
98,77.0811
99,76.9999
100,77.07300000000002
101,77.0254
102,77.02
103,77.035
104,77.07
105,76.7806
106,77.01
107,76.88
108,76.88
109,76.5
110,76.67
111,76.5311
112,76.55
113,76.61
114,76.37
115,76.2
116,76.24
117,76.14
118,76.32
119,76.36
120,76.29
121,76.13
122,76.31
123,76.54
124,76.55
125,76.665
126,76.75
127,76.74
128,76.97
129,77.0
130,76.9599
131,77.01
132,77.0549
133,77.02
134,76.91
135,77.15
136,77.38
137,77.31
138,77.705
139,78.25
140,78.61
141,78.37
142,78.42
143,78.17
144,77.98
145,78.04
146,78.1
147,78.0356
148,77.86
149,78.13
150,77.91
151,78.0
152,78.04
153,78.15
154,78.12
155,77.91
156,77.9199
157,77.89
158,78.1672
159,78.14
160,78.12
161,78.97
162,79.62
163,79.23
164,79.34
165,79.3201
166,79.36
167,79.26
168,79.25
169,79.27
170,79.37
171,79.33
172,79.28
173,79.135
174,79.225
175,79.2463
176,79.27
177,79.33
178,79.465
179,79.62
180,79.755
181,79.735
182,79.82
183,80.055
184,80.26
185,80.21
186,80.22
187,80.25
188,79.743
189,79.59
190,79.58
191,79.37
192,79.512
193,79.188
194,79.19
195,79.13
196,79.16
197,78.97
198,78.94
199,78.93
200,78.94
201,79.0054
202,79.02
203,78.975
204,79.05
205,78.954
206,78.82
207,78.73
208,78.64
209,78.5837
210,78.5155
211,78.4798
212,78.645
213,78.8
214,78.81
215,78.65
216,78.69
217,78.69
218,78.93
219,78.88
220,78.97
221,78.93
222,78.945
223,79.0
224,79.161
225,79.09
226,78.95
227,78.965
228,79.0101
229,79.13
230,79.23
231,79.18
232,79.1749
233,79.195
234,79.25
235,79.2318
236,79.32
237,79.43
238,79.49
239,79.45
240,79.43
241,79.46
242,78.71
243,78.94
244,78.81
245,78.795
246,78.8607
247,78.83
248,78.76
249,78.82
250,78.7851
251,78.79
252,78.91
253,78.7855
254,78.8129
255,78.8
256,78.82
257,78.87
258,78.88
259,78.82
260,78.71
261,78.6801
262,78.48
263,78.457
264,78.41
265,78.56
266,78.515
267,78.44
268,78.44
269,78.17
270,77.99
271,78.3
272,78.3376
273,78.34
274,78.45
275,78.52
276,78.617
277,78.51
278,78.4599
279,78.42
280,78.48
281,78.54
282,78.6325
283,78.77
284,78.8335
285,78.97
286,79.02
287,79.06
288,78.96
289,79.03
290,79.27
291,79.3
292,79.19
293,79.2
294,79.24
295,79.24
296,79.0
297,79.35
298,79.57
299,80.17
300,80.23
301,80.21
302,80.16
303,80.219
304,80.1
305,80.01
306,79.95
307,79.86
308,79.9
309,79.895
310,80.07
311,80.2378
312,79.99
313,80.28
314,80.25
315,80.22
316,80.35
317,80.41
318,80.495
319,80.525
320,80.369
321,80.4
322,80.39
323,80.58
324,80.33
325,80.44
326,80.55
327,80.475
328,80.59
329,80.86
330,80.76
331,80.671
332,80.82
333,80.78
334,80.66
335,80.64
336,80.48
337,80.44
338,80.311
339,80.33
340,80.27
341,80.35
342,80.27
343,80.2965
344,80.3205
345,80.31
346,80.2735
347,80.19
348,80.02
349,79.85
350,80.04
351,80.07
352,79.97
353,79.91
354,79.87
355,79.885
356,79.93
357,79.84
358,79.78
359,79.82
360,79.72
361,79.74
362,79.75
363,79.86
364,79.85
365,79.89
366,79.88
367,80.04
368,79.96
369,79.89
370,79.88
371,79.75
372,79.66
373,79.66
374,79.6
375,79.6
376,79.4
377,79.47
378,79.55
379,79.7
380,79.7901
381,79.64
382,79.6499
383,79.63
384,79.4925
385,79.64
386,79.51
387,79.67
388,79.77
389,79.8
390,79.81
391,79.8661
392,79.9
393,79.98
394,79.9799
395,80.07
396,80.01
397,80.11
398,80.06
399,79.97
400,79.88
401,79.72
402,79.71
403,79.63
404,79.8
405,79.63
406,79.6
407,79.57
408,79.51
409,79.5
410,79.45
411,79.395
412,79.345
413,79.1601
414,79.1
415,79.1
416,79.18
417,79.36
418,79.39
419,79.26
420,79.18
421,79.092
422,79.01
423,78.97
424,78.94
425,79.0209
426,79.13
427,79.13
428,78.97
429,78.97
430,78.78
431,79.01100000000002
432,79.08
433,79.0299
434,79.24
435,79.16
436,79.29
437,79.23
438,79.45
439,79.56
440,79.49
441,79.52
442,79.52
443,79.4959
444,79.47
445,79.52
446,79.44
447,79.4601
448,79.45
449,79.49
450,79.44
451,79.307
452,79.29
453,79.27
454,79.2599
455,79.16
456,79.17
457,79.78
458,79.665
459,79.968
460,79.83
461,79.955
462,79.91
463,79.85
464,79.96
465,79.775
466,79.61
467,79.7
468,79.7
469,79.73
470,79.807
471,80.0
472,79.9246
473,79.87899999999998
474,79.904
475,79.96
476,79.968
477,79.95
478,79.99
479,79.85
480,79.74
481,79.82
482,79.93
483,79.93
484,79.45
485,79.27
486,79.43
487,79.68
488,79.59
489,79.45100000000002
490,79.46
491,79.5201
492,79.29
493,79.24
494,79.18
495,79.17
496,79.23
497,79.24
498,79.165
499,79.053
500,79.01
501,79.023
502,79.0755
503,78.96
504,79.235
505,79.24
506,79.22
507,79.33
508,79.536
509,79.51
510,79.5
511,79.96
512,79.94
513,80.18
514,80.105
515,80.31
516,80.38
517,80.55
518,80.61
519,80.45
520,80.4323
521,80.45
522,80.45
523,80.51
524,80.675
525,80.89
526,80.98
527,81.1099
528,81.02
529,80.99
530,80.8781
531,80.81
532,80.81
533,80.919
534,80.945
535,80.81
536,80.8
537,80.78
538,81.16
539,81.36
540,81.462
541,81.5202
542,81.2146
543,81.38
544,81.3
545,81.28699999999998
546,81.35
547,81.4
548,81.34
549,81.27
550,81.16
551,81.2
552,81.14
553,81.283
554,81.2
555,81.15
556,81.05
557,81.08
558,81.02
559,80.86
560,80.73
561,80.74
562,80.9899
563,80.94
564,80.94
565,80.12
566,79.95
567,80.1
568,80.122
569,80.39
570,80.5
571,80.14
572,80.06
573,79.95
574,79.8
575,80.01
576,80.04
577,80.0028
578,79.92
579,80.14
580,80.2201
581,80.88
582,80.5899
583,80.34
584,80.31
585,80.58
586,80.62
587,80.37
588,80.345
589,80.48
590,80.46
591,80.45
592,81.6
593,81.69
594,81.73
595,81.39
596,81.32
597,81.11
598,81.07
599,81.15
600,81.12
601,81.17
602,81.33
603,81.32
604,81.28
605,81.15
606,81.2
607,81.3
608,81.35
609,81.33
610,81.46
611,81.49
612,81.46
613,81.59
614,81.57
615,81.71
616,81.8345
617,81.59
618,81.58
619,81.75
620,81.49
621,81.54
622,81.56
623,81.36
624,81.33
625,81.25
626,81.15
627,81.285
628,81.44
629,81.34
630,81.41
631,81.38
632,81.43
633,81.405
634,81.3475
635,81.3075
636,81.18
637,81.09
638,81.15
639,81.02
640,80.92
641,80.8501
642,81.01100000000002
643,80.99
644,81.07
645,81.07
646,81.428
647,81.13
648,80.81
649,80.95
650,80.96
651,81.11
652,80.9701
653,80.96
654,80.98
655,80.93
656,80.99
657,80.92
658,80.94
659,80.96
660,81.0146
661,81.1
662,81.068
663,81.11
664,81.1
665,81.1
666,81.0875
667,81.1025
668,81.15
669,81.06
670,81.05
671,80.92
672,80.52
673,80.48
674,80.5
675,80.35
676,80.2801
677,80.16
678,80.12
679,80.09
680,80.055
681,80.1103
682,80.0599
683,80.1136
684,79.859
685,79.785
686,79.67
687,79.52
688,79.3901
689,79.7872
690,79.75
691,79.71
692,79.9199
693,80.05
694,80.18
695,80.15
696,80.22
697,80.33
698,80.45
699,80.2
700,80.13
701,80.15
702,80.179
703,80.18
704,80.24
705,80.32
706,80.4
707,80.35
708,80.4202
709,80.405
710,80.41
711,80.43
712,80.34
713,80.4
714,80.21
715,80.25
716,80.2101
717,80.2
718,80.15
719,80.2464
720,80.15
721,80.23
722,80.2636
723,80.42
724,80.43
725,80.43
726,80.41
727,80.36
728,80.35
729,80.26
730,80.33
731,80.17
732,79.93
733,79.75
734,79.74
735,79.6556
736,79.59
737,79.3
738,79.47
739,79.48
740,79.39
741,79.55
742,79.635
743,79.63
744,79.39
745,79.54
746,79.3
747,79.215
748,79.17
749,79.31
750,79.51
751,79.52
752,79.15
753,78.99
754,79.06
755,78.95
756,79.14
757,79.14
758,79.01
759,79.07
760,79.11
761,79.09
762,79.08
763,79.02
764,79.01
765,79.18
766,78.98
767,79.02
768,79.02
769,79.03
770,79.06
771,79.005
772,78.955
773,78.905
774,78.88
775,78.985
776,79.0
777,79.17
778,79.85
779,79.58
780,79.6401
781,79.71
782,79.72
783,79.58
784,79.68
785,79.63
786,79.73
787,79.71
788,79.64
789,79.63
790,79.58
791,79.51
792,79.47
793,79.48
794,79.42
795,79.393
796,79.34
797,79.28
798,79.32
799,79.25
800,79.16
801,79.25
802,79.23
803,79.24
804,79.23
805,80.1
806,80.22
807,80.39
808,80.24
809,80.23
810,80.17
811,80.0
812,80.0837
813,80.1
814,80.38
815,80.32
816,80.3
817,80.3653
818,80.31
819,80.35
820,80.46
821,80.29
822,80.29
823,80.215
824,80.25
825,80.1
826,80.02
827,79.95
828,79.97
829,79.97
830,79.89
831,79.89
832,80.41
833,80.35
834,80.56
835,80.53
836,80.5236
837,80.43
838,80.37
839,80.26
840,80.22
841,80.3641
842,80.42
843,80.4
844,80.36
845,80.3
846,80.22
847,80.08
848,80.1099
849,80.152
850,80.1975
851,80.39
852,80.23
853,80.25
854,80.321
855,80.27
856,80.25
857,80.29
858,80.5375
859,80.725
860,80.6
861,80.845
862,80.71
863,80.48
864,80.65
865,80.75
866,80.56
867,80.635
868,80.66
869,80.5
870,80.51
871,80.565
872,80.49
873,80.585
874,80.66
875,80.63
876,80.61
877,80.584
878,80.6
879,80.67
880,80.554
881,80.5
882,80.485
883,80.46
884,80.47
885,80.89
886,80.86
887,81.05
888,81.13
889,81.14
890,80.98
891,80.99
892,80.92
893,80.875
894,80.67
895,80.87
896,80.89
897,80.99
898,80.98
899,81.1
900,81.2
901,81.06
902,81.07
903,80.41
904,80.2
905,80.17
906,80.2655
907,79.67
908,79.7
909,79.88
910,79.71
911,79.66
912,79.74
913,79.54
914,79.73
915,79.52
916,79.86
917,79.58
918,79.46
919,79.7462
920,79.68
921,79.91
922,79.97
923,80.2
924,80.23
925,80.25
926,80.2623
927,80.19
928,80.26
929,80.3
930,80.195
931,80.26
932,80.26
933,80.29
934,80.15
935,80.08
936,80.36
937,80.44
938,81.32
939,81.2
940,81.31
941,81.26
942,81.125
943,81.09
944,81.06
945,81.1999
946,81.1175
947,81.17
948,81.18
949,81.1
950,81.04
951,81.02
952,80.88
953,80.79
954,80.73
955,80.77
956,80.965
957,80.78
958,80.83
959,80.93
960,80.8851
961,80.97
962,80.88
963,80.9
964,81.0
965,81.0473
966,80.96
967,80.71
968,80.7055
969,80.74
970,80.58
971,80.73
972,80.65
973,80.59
974,80.57
975,80.5662
976,80.48
977,80.4338
978,80.4985
979,80.48
980,80.4953
981,80.51
982,80.46
983,80.46
984,80.45
985,80.49
986,80.32
987,80.3854
988,80.6054
989,80.62
990,80.42
991,80.42
992,80.1
993,79.91
994,79.89
995,80.01
996,80.0443
997,80.07
998,80.02
999,79.95
1000,79.81
1001,79.9749
1002,80.035
1003,80.07
1004,79.99
1005,80.05
1006,80.1428
1007,80.27
1008,80.29
1009,80.23
1010,80.19
1011,80.05
1012,80.09
1013,80.14
1014,80.25
1015,80.23
1016,80.34
1017,80.21
1018,80.29
1019,80.43
1020,80.53
1021,80.73
1022,80.6
1023,80.66
1024,80.78
1025,80.86
1026,80.83
1027,80.82
1028,80.8137
1029,80.89
1030,80.92
1031,80.94
1032,80.94
1033,80.92
1034,80.86
1035,80.91
1036,80.75
1037,80.745
1038,80.73
1039,80.7
1040,80.6095
1041,80.5
1042,80.44
1043,80.42
1044,80.03
1045,80.25
1046,80.19
1047,80.27
1048,80.19
1049,80.02
1050,80.025
1051,80.09
1052,80.17
1053,80.14
1054,80.16
1055,80.11
1056,80.14
1057,80.15
1058,80.15
1059,80.205
1060,80.16
1061,80.17
1062,80.14
1063,80.11
1064,80.07
1065,80.15
1066,80.08
1067,80.1
1068,80.07
1069,80.08
1070,80.07
1071,80.56
1072,80.454
1073,80.4
1074,80.53
1075,80.5
1076,80.56
1077,80.51
1078,80.39
1079,80.35
1080,80.44
1081,80.65
1082,80.7
1083,80.7
1084,80.79
1085,80.765
1086,80.77
1087,80.82
1088,80.875
1089,80.87
1090,80.93
1091,80.875
1092,80.94
1093,80.88
1094,80.94
1095,80.95
1096,81.01
1097,81.02
1098,81.385
1099,81.39
1100,81.43
1101,81.43
1102,81.4325
1103,81.305
1104,81.07
1105,81.18
1106,81.28
1107,81.37
1108,81.295
1109,81.4552
1110,81.52000000000001
1111,81.48
1112,81.531
1113,81.56999999999998
1114,81.54
1115,81.60499999999999
1116,81.62
1117,81.44
1118,81.39
1119,81.53000000000002
1120,81.71
1121,81.75000000000001
1122,81.84
1123,81.87
1124,82.01
1125,82.11
1126,82.16
1127,82.11
1128,82.21
1129,81.992
1130,81.87
1131,81.81000000000002
1132,81.9
1133,82.1
1134,81.93250000000002
1135,81.97000000000001
1136,81.90999999999998
1137,81.90999999999998
1138,81.8801
1139,82.06
1140,82.0399
1141,82.025
1142,82.01999999999998
1143,82.05
1144,82.05
1145,82.075
1146,82.1
1147,82.18
1148,82.17
1149,82.22
1150,82.21
1151,82.3999
1152,82.27
1153,82.29999999999998
1154,82.35
1155,82.34
1156,82.23
1157,82.37000000000002
1158,82.35
1159,82.31000000000002
1160,82.35999999999999
1161,82.2745
1162,82.29999999999998
1163,82.2985
1164,82.29
1165,82.26000000000002
1166,82.2525
1167,82.20100000000002
1168,82.20000000000002
1169,82.29
1170,82.31000000000002
1171,82.29
1172,82.34
1173,82.32
1174,82.40999999999998
1175,82.46999999999998
1176,82.45
1177,82.46
1178,82.29999999999998
1179,82.20000000000002
1180,82.3498
1181,82.375
1182,82.42000000000002
1183,82.54000000000002
1184,82.605
1185,82.54000000000002
1186,82.44
1187,82.40299999999998
1188,82.3934
1189,82.55
1190,82.37000000000002
1191,82.34750000000001
1192,82.38
1193,82.3301
1194,82.22
1195,82.20000000000002
1196,82.12999999999998
1197,82.14000000000001
1198,82.20000000000002
1199,82.1501
1200,82.353
1201,82.37000000000002
1202,82.29
1203,82.28
1204,82.80999999999999
1205,82.85
1206,82.655
1207,82.63999999999999
1208,82.87000000000002
1209,82.99
1210,83.0
1211,83.02999999999999
1212,82.88
1213,82.93000000000002
1214,82.9
1215,82.825
1216,82.925
1217,82.875
1218,82.85999999999999
1219,82.875
1220,82.94
1221,82.935
1222,82.9
1223,82.89
1224,82.95
1225,82.95
1226,82.9625
1227,83.085
1228,82.96999999999998
1229,82.83
1230,82.80999999999999
1231,82.9001
1232,82.80999999999999
1233,83.04000000000002
1234,82.94
1235,82.88
1236,82.85999999999999
1237,83.0201
1238,83.07
1239,82.8769
1240,83.04000000000002
1241,83.13
1242,83.1
1243,83.1
1244,83.15000000000002
1245,83.17
1246,83.23899999999998
1247,83.13999999999999
1248,83.16
1249,83.25999999999999
1250,83.2501
1251,83.24
1252,83.19
1253,83.25999999999999
1254,83.21
1255,83.19
1256,82.9
1257,82.89
1258,83.58
1259,83.671
1260,83.6
1261,83.88440000000001
1262,84.06
1263,83.91
1264,83.92999999999999
1265,84.01
1266,84.055
1267,84.214
1268,84.21
1269,83.97999999999999
1270,84.0
1271,84.0
1272,84.06
1273,84.06
1274,84.07
1275,84.126
1276,84.08
1277,84.0658
1278,84.07
1279,84.07
1280,83.9625
1281,83.89
1282,83.995
1283,83.83
1284,83.72
1285,83.74
1286,83.555
1287,83.68
1288,83.67
1289,83.53
1290,83.57
1291,83.47
1292,83.46
1293,83.35
1294,83.3647
1295,83.315
1296,83.33
1297,83.36999999999999
1298,83.33
1299,83.36999999999999
1300,83.5025
1301,83.49
1302,83.56
1303,83.69999999999999
1304,83.73500000000001
1305,83.79
1306,83.75
1307,83.69
1308,83.84
1309,83.89
1310,83.88
1311,84.56
1312,84.7
1313,84.74
1314,84.42
1315,84.73
1316,84.69
1317,84.9
1318,84.73
1319,84.67
1320,84.62
1321,84.435
1322,84.3899
1323,84.18
1324,84.28
1325,84.07
1326,84.13
1327,84.325
1328,84.265
1329,84.33
1330,84.24
1331,84.24
1332,83.95
1333,83.52
1334,83.47
1335,83.73
1336,83.51
1337,83.52
1338,83.51
1339,83.35
1340,83.36999999999999
1341,83.19
1342,83.34
1343,83.32
1344,83.41
1345,83.45
1346,83.33
1347,83.39
1348,83.12
1349,82.96
1350,83.02
1351,82.93000000000002
1352,82.84
1353,82.85990000000001
1354,82.76100000000002
1355,82.8
1356,82.7902
1357,82.82
1358,82.96999999999998
1359,82.9
1360,83.0199
1361,83.19999999999999
1362,83.3
1363,83.15000000000002
1364,84.0
1365,83.811
1366,83.74
1367,83.79
1368,83.81
1369,83.85
1370,83.985
1371,84.11
1372,84.14569999999999
1373,84.24
1374,84.35
1375,84.375
1376,84.44
1377,84.44
1378,84.42
1379,84.27
1380,84.23
1381,84.17
1382,84.17
1383,83.92
1384,83.795
1385,83.875
1386,83.58
1387,83.69
1388,83.97999999999999
1389,84.14
1390,83.88
1391,83.95
1392,83.72
1393,83.62
1394,84.103
1395,84.08
1396,84.02
1397,84.03999999999999
1398,84.01
1399,84.11
1400,83.96
1401,83.99
1402,84.05
1403,83.91
1404,83.99
1405,84.22
1406,84.21
1407,84.25
1408,84.23
1409,84.32
1410,84.23
1411,84.25
1412,84.3401
1413,84.34
1414,84.265
1415,84.37
1416,84.49
1417,84.33
1418,84.3424
1419,84.4399
1420,84.5975
1421,84.53
1422,84.56
1423,84.42999999999999
1424,84.46
1425,84.45
1426,84.46
1427,84.48
1428,84.57
1429,84.42999999999999
1430,84.39
1431,84.32
1432,84.2
1433,84.3
1434,84.38
1435,84.35
1436,84.39
1437,84.45
1438,84.42999999999999
1439,84.45
1440,84.56
1441,84.74
1442,84.79
1443,83.16
1444,83.02999999999999
1445,82.37000000000002
1446,82.23
1447,82.51
1448,82.5
1449,82.295
1450,82.29999999999998
1451,82.38
1452,82.29999999999998
1453,82.57
1454,82.46999999999998
1455,82.56
1456,82.691
1457,82.71
1458,82.85999999999999
1459,82.96999999999998
1460,82.9998
1461,82.85
1462,82.63999999999999
1463,82.675
1464,82.73
1465,83.0
1466,83.095
1467,82.96
1468,83.15000000000002
1469,83.24
1470,83.18
1471,83.19999999999999
1472,83.39500000000001
1473,83.49
1474,83.45
1475,83.33699999999999
1476,83.21
1477,83.195
1478,83.08
1479,83.04000000000002
1480,83.145
1481,83.15000000000002
1482,83.29
1483,83.19999999999999
1484,83.28
1485,83.275
1486,83.33
1487,83.27
1488,83.28
1489,83.32
1490,83.39500000000001
1491,83.36
1492,83.36999999999999
1493,83.47999999999999
1494,83.485
1495,83.5
1496,83.08
1497,83.32
1498,83.36999999999999
1499,83.46
1500,83.43
1501,83.55
1502,83.63
1503,83.68
1504,83.55
1505,83.7001
1506,83.795
1507,83.81
1508,83.71
1509,83.82
1510,83.77
1511,83.63
1512,83.7051
1513,83.7
1514,83.69
1515,83.69
1516,83.7973
1517,83.7401
1518,83.7249
1519,83.6501
1520,83.59
1521,83.55
1522,83.54
1523,83.43
1524,83.5974
1525,83.78
1526,83.83
1527,83.71
1528,83.81
1529,83.83
1530,83.8051
1531,83.77
1532,83.72
1533,83.85
1534,83.7
1535,83.7001
1536,83.58
1537,83.69
1538,83.65
1539,83.6
1540,83.603
1541,83.5425
1542,83.49
1543,83.28
1544,83.42
1545,83.46
1546,83.49
1547,83.41
1548,83.35
1549,83.35
1550,83.47
1551,83.85
1552,83.854
1553,83.95
1554,83.81
1555,83.78
1556,83.67
1557,83.595
1558,83.81
1559,83.78399999999998
1560,83.8999
1561,83.9
1562,83.8512
1563,83.86
1564,83.8
1565,83.7
1566,83.62
1567,83.43
1568,83.45
1569,83.4737
1570,83.615
1571,83.56
1572,83.6149
1573,83.59
1574,83.52
1575,83.5
1576,83.78
1577,83.52
1578,83.63
1579,83.75
1580,83.67
1581,83.63
1582,83.53
1583,83.69
1584,83.695
1585,83.78
1586,83.785
1587,83.9
1588,83.83
1589,83.86
1590,83.57
1591,83.67
1592,83.695
1593,83.742
1594,83.6
1595,83.741
1596,83.6899
1597,83.7899
1598,83.95
1599,84.12
1600,84.04
1601,84.13
1602,84.11
1603,85.11
1604,84.98
1605,84.9601
1606,84.9644
1607,85.1
1608,85.07
1609,85.19
1610,85.02
1611,85.07
1612,85.12
1613,85.47
1614,85.35
1615,85.36
1616,85.45
1617,84.94
1618,84.74
1619,84.69
1620,84.75
1621,84.94
1622,85.04
1623,84.91
1624,84.92
1625,85.22
1626,85.21
1627,85.335
1628,84.99
1629,85.38
1630,85.39
1631,85.49
1632,85.49
1633,85.67
1634,85.6
1635,85.63
1636,85.69
1637,85.6
1638,85.66
1639,85.64
1640,85.73
1641,85.635
1642,85.59
1643,85.4638
1644,85.545
1645,85.4449
1646,85.55
1647,85.51
1648,85.49
1649,85.5506
1650,85.48
1651,85.4704
1652,85.34
1653,85.28
1654,85.2
1655,85.13
1656,85.13
1657,85.05
1658,85.11
1659,85.29
1660,85.25
1661,85.15
1662,85.2
1663,85.24
1664,85.37
1665,85.43
1666,85.5
1667,85.5047
1668,85.42
1669,85.51
1670,85.44
1671,85.49
1672,85.49
1673,85.406
1674,85.4
1675,85.4
1676,85.33
1677,85.33
1678,85.31
1679,85.46
1680,85.43
1681,85.1825
1682,85.1899
1683,85.21
1684,85.34
1685,85.42
1686,85.25
1687,85.3
1688,85.43
1689,85.45
1690,85.54
1691,85.5
1692,85.44
1693,85.4
1694,85.3933
1695,85.33
1696,85.3399
1697,85.26299999999998
1698,85.23
1699,85.16
1700,85.2
1701,85.32
1702,85.25
1703,85.2807
1704,85.24
1705,85.325
1706,85.3
1707,85.28
1708,85.56
1709,85.61
1710,85.58
1711,85.46
1712,85.535
1713,85.56
1714,85.6268
1715,85.64
1716,85.8599
1717,85.72
1718,85.66
1719,85.59899999999998
1720,85.61
1721,85.5999
1722,85.59
1723,85.6036
1724,85.54
1725,85.48
1726,85.64
1727,85.74
1728,85.73
1729,85.71
1730,85.72
1731,85.78
1732,85.91
1733,85.79
1734,85.86
1735,85.89
1736,85.8
1737,85.79
1738,85.97
1739,86.14
1740,85.96
1741,86.045
1742,86.06
1743,86.07
1744,86.07
1745,86.135
1746,86.1
1747,86.09
1748,86.09
1749,86.1463
1750,86.185
1751,86.35
1752,86.23
1753,86.3
1754,86.285
1755,86.23
1756,86.2
1757,86.2
1758,86.1275
1759,86.21
1760,86.21
1761,86.24
1762,86.3
1763,86.255
1764,86.27
1765,86.27
1766,86.28
1767,86.31
1768,86.4997
1769,86.435
1770,86.4
1771,86.2901
1772,86.35
1773,86.4102
1774,86.47
1775,86.4401
1776,86.41
1777,86.37
1778,86.405
1779,86.33
1780,86.22
1781,86.21
1782,86.2548
1783,86.31
1784,86.32
1785,86.4
1786,86.41
1787,86.85
1788,86.66
1789,86.45
1790,86.25
1791,86.155
1792,86.01
1793,86.115
1794,86.075
1795,86.145
1796,86.06
1797,86.12
1798,86.14
1799,86.1
1800,86.1315
1801,86.21
1802,86.21
1803,86.15
1804,86.19
1805,86.15
1806,86.12
1807,86.11
1808,86.08
1809,86.12
1810,86.1
1811,86.19
1812,86.14
1813,86.13
1814,85.7
1815,85.84
1816,85.84
1817,85.804
1818,85.8
1819,85.82
1820,85.91
1821,85.855
1822,85.85
1823,85.985
1824,86.01
1825,86.01
1826,86.13
1827,86.0553
1828,85.98
1829,85.91
1830,85.88
1831,85.96
1832,85.99
1833,85.94
1834,85.8839
1835,85.9
1836,85.89
1837,85.94
1838,85.91
1839,85.91
1840,85.93
1841,85.81
1842,85.65
1843,85.73
1844,85.92
1845,85.86
1846,86.0349
1847,86.1298
1848,86.15
1849,86.1301
1850,86.19
1851,86.13
1852,86.13
1853,86.19
1854,86.11
1855,85.9666
1856,85.87
1857,85.82
1858,85.8
1859,85.78
1860,85.7899
1861,85.8793
1862,85.96
1863,85.8
1864,85.67
1865,85.69
1866,85.74
1867,85.9
1868,86.055
1869,85.89
1870,85.91
1871,85.85
1872,85.66
1873,85.5156
1874,85.53
1875,85.62
1876,85.68
1877,85.67
1878,85.6124
1879,85.63
1880,85.64
1881,85.52
1882,85.57
1883,85.61
1884,85.68
1885,85.65
1886,85.43
1887,85.39
1888,85.24
1889,85.16
1890,85.225
1891,85.34
1892,85.34
1893,85.33
1894,85.81
1895,85.65
1896,85.55
1897,85.56
1898,85.8975
1899,85.86
1900,85.84
1901,85.85
1902,85.92
1903,85.94
1904,85.96
1905,85.8501
1906,85.895
1907,85.81
1908,85.805
1909,85.83
1910,85.8
1911,85.82
1912,85.8
1913,85.76
1914,85.81
1915,85.84
1916,85.88
1917,85.77
1918,85.7601
1919,85.77
1920,85.53
1921,85.55
1922,85.55
1923,85.44
1924,85.42
1925,85.395
1926,85.47
1927,85.56
1928,85.63
1929,85.51
1930,85.57
1931,85.477
1932,85.515
1933,85.5301
1934,85.54
1935,85.53
1936,85.64
1937,85.755
1938,85.77
1939,85.75
1940,85.7115
1941,85.69
1942,85.74
1943,85.74
1944,85.7485
1945,85.73
1946,85.3
1947,85.25
1948,85.195
1949,85.245
1950,85.17
1951,85.1601
1952,85.2312
1953,85.235
1954,85.17
1955,85.13
1956,85.11
1957,85.21
1958,85.2074
1959,85.22
1960,85.19
1961,85.24
1962,85.17
1963,85.18
1964,85.23
1965,85.23
1966,85.215
1967,85.2
1968,85.2
1969,85.23
1970,85.27
1971,85.22
1972,85.16
1973,85.16
1974,85.19
1975,85.15
1976,85.24
1977,85.37
1978,85.41
1979,85.53
1980,85.665
1981,85.6
1982,85.75
1983,85.78
1984,85.8062
1985,85.87
1986,85.83
1987,85.8
1988,85.795
1989,85.67
1990,85.6699
1991,85.8339
1992,85.875
1993,85.88
1994,85.8975
1995,85.93
1996,85.955
1997,86.15
1998,86.15
1999,86.42
2000,86.29
2001,86.32
2002,86.315
2003,86.33
2004,86.05
2005,86.04
2006,86.01
2007,86.055
2008,86.095
2009,86.35
2010,86.59
2011,86.5701
2012,86.5
2013,86.5299
2014,86.6
2015,86.66
2016,86.53
2017,86.605
2018,86.505
2019,86.51
2020,86.485
2021,86.44
2022,86.37
2023,86.3
2024,86.25
2025,86.62
2026,86.49
2027,86.4
2028,86.515
2029,86.55
2030,86.41
2031,86.52
2032,86.655
2033,86.84
2034,86.85
2035,86.79
2036,86.8334
2037,86.82
2038,86.81
2039,86.85
2040,86.85
2041,86.86
2042,86.79
2043,86.78
2044,86.76
2045,86.76799999999999
2046,86.655
2047,86.63
2048,86.575
2049,86.6299
2050,86.57
2051,86.57
2052,86.37200000000001
2053,86.57
2054,86.44
2055,86.56
2056,86.53200000000002
2057,86.7
2058,86.71
2059,86.88
2060,86.9301
2061,86.935
2062,86.91
2063,86.945
2064,86.935
2065,86.98
2066,87.0
2067,86.99
2068,87.025
2069,87.0857
2070,87.12
2071,87.06
2072,86.98
2073,87.0
2074,86.955
2075,86.91
2076,86.93
2077,86.91
2078,86.8
2079,86.8
2080,86.7
2081,86.715
2082,86.7
2083,86.99
2084,87.1297
2085,87.16
2086,87.1401
2087,87.155
2088,87.265
2089,87.22
2090,87.12
2091,87.09
2092,87.13
2093,87.25
2094,87.2247
2095,87.28
2096,87.35
2097,87.33
2098,87.41
2099,87.49
2100,87.391
2101,87.395
2102,87.419
2103,87.345
2104,87.35
2105,87.8
2106,87.755
2107,87.75
2108,87.73
2109,87.685
2110,87.715
2111,87.67
2112,87.65
2113,87.74
2114,87.94
2115,88.12
2116,88.08
2117,88.109
2118,88.0453
2119,88.0315
2120,88.02
2121,88.0
2122,88.07
2123,88.22
2124,88.36
2125,88.47
2126,88.45
2127,88.61
2128,88.6
2129,88.415
2130,88.365
2131,88.37
2132,88.33
2133,88.48
2134,88.57
2135,88.465
2136,88.39
2137,88.38
2138,88.32
2139,88.225
2140,88.36
2141,88.47
2142,88.46
2143,88.61
2144,88.63
2145,88.58
2146,88.5
2147,88.52
2148,88.59
2149,88.58
2150,88.61
2151,88.7199
2152,88.77
2153,88.71
2154,88.5899
2155,88.48
2156,88.62
2157,88.55
2158,88.72
2159,88.5
2160,88.45
2161,88.455
2162,88.19
2163,88.32
2164,88.353
2165,88.35
2166,88.3
2167,88.1
2168,88.21
2169,88.25
2170,88.32
2171,88.36
2172,88.35
2173,88.26100000000002
2174,88.3
2175,88.47
2176,88.39
2177,88.5
2178,88.465
2179,88.45
2180,88.3999
2181,88.41
2182,88.4
2183,88.32
2184,87.85
2185,87.85
2186,87.81
2187,87.8299
2188,87.83
2189,87.775
2190,87.94
2191,88.08
2192,88.04
2193,88.03
2194,87.98
2195,88.05
2196,87.99
2197,88.13
2198,87.89
2199,88.0098
2200,88.04
2201,87.965
2202,87.8644
2203,87.92
2204,87.93
2205,87.84
2206,87.85
2207,87.9
2208,87.89
2209,87.89
2210,87.89
2211,87.91
2212,87.87
2213,87.69
2214,87.67
2215,87.74
2216,87.985
2217,88.04
2218,88.04
2219,88.13
2220,88.135
2221,88.15
2222,88.08
2223,88.18
2224,88.04
2225,88.05
2226,88.01
2227,87.95
2228,87.96
2229,87.985
2230,87.97
2231,87.93
2232,87.95
2233,87.95
2234,88.01
2235,88.03
2236,87.97
2237,87.94
2238,87.803
2239,87.8
2240,87.83
2241,87.96
2242,87.86
2243,87.83
2244,87.77
2245,87.961
2246,88.0675
2247,88.11399999999998
2248,88.012
2249,87.99
2250,87.91
2251,87.83
2252,87.9
2253,87.87
2254,87.9
2255,87.895
2256,87.9
2257,87.88
2258,87.8267
2259,87.84
2260,87.81
2261,87.9001
2262,87.89
2263,87.9
2264,88.18
2265,88.19
2266,88.33
2267,88.26
2268,88.23
2269,88.321
2270,88.32
2271,88.33
2272,88.41
2273,88.27
2274,88.262
2275,88.33
2276,88.4339
2277,88.32
2278,88.34
2279,88.4548
2280,88.47
2281,88.47
2282,88.37
2283,88.37
2284,88.3
2285,88.28
2286,88.3
2287,88.31
2288,88.2
2289,88.3001
2290,88.33
2291,88.361
2292,88.22
2293,88.32
2294,88.23
2295,88.22
2296,88.25
2297,88.24
2298,88.35
2299,88.4165
2300,88.37
2301,88.26100000000002
2302,88.35
2303,88.41
2304,88.3656
2305,88.29
2306,88.18
2307,88.46
2308,88.36
2309,88.28
2310,88.31
2311,88.35
2312,88.29
2313,88.305
2314,88.43
2315,88.29
2316,88.3299
2317,88.12
2318,88.41
2319,88.43799999999996
2320,88.5
2321,88.37899999999998
2322,88.53
2323,88.41
2324,88.32
2325,88.36
2326,88.27
2327,88.13
2328,88.1349
2329,88.21
2330,88.13
2331,88.03
2332,88.03
2333,88.0946
2334,88.14
2335,88.135
2336,88.24
2337,88.22
2338,88.2174
2339,88.25
2340,88.3546
2341,88.32
2342,88.38
2343,88.44
2344,88.61
2345,88.6
2346,88.455
2347,88.4775
2348,88.385
2349,88.42
2350,88.39
2351,88.41
2352,88.34
2353,88.4
2354,88.41
2355,88.455
2356,88.52
2357,88.54
2358,88.505
2359,88.52
2360,88.43
2361,88.39
2362,88.42
2363,88.43
2364,88.455
2365,88.5624
2366,88.589
2367,88.49
2368,88.435
2369,88.44
2370,88.41
2371,88.27
2372,88.2
2373,88.42
2374,88.32
2375,88.57
2376,88.565
2377,88.61
2378,88.44
2379,88.33
2380,88.25
2381,88.305
2382,88.3326
2383,88.26
2384,88.3
2385,88.305
2386,88.32
2387,88.17
2388,88.3499
2389,88.29
2390,88.285
2391,88.2801
2392,88.18
2393,88.1928
2394,88.16
2395,88.25
2396,88.01
2397,88.02
2398,88.07
2399,88.08
2400,88.35
2401,88.255
2402,88.3
2403,88.35
2404,88.33
2405,88.29
2406,88.25
2407,88.22
2408,88.1
2409,88.18
2410,88.15
2411,88.16
2412,88.18
2413,88.275
2414,88.39
2415,88.47
2416,88.4444
2417,88.47
2418,88.6075
2419,88.4
2420,88.27
2421,88.42
2422,88.565
2423,88.7
2424,88.88
2425,89.04
2426,88.95
2427,89.01
2428,88.81
2429,88.93
2430,88.9
2431,89.01
2432,89.05
2433,88.97
2434,88.99
2435,89.025
2436,89.02
2437,88.82
2438,89.075
2439,89.155
2440,89.26
2441,89.21
2442,89.18
2443,89.11399999999998
2444,89.11
2445,89.3
2446,89.11
2447,89.04
2448,88.7
2449,88.72
2450,88.75
2451,88.53
2452,88.62
2453,88.5
2454,88.495
2455,88.55
2456,88.72
2457,88.71
2458,88.75
2459,88.55
2460,88.66
2461,88.69
2462,88.541
2463,88.605
2464,88.67
2465,88.69
2466,88.6757
2467,88.715
2468,88.68
2469,88.66
2470,88.66
2471,88.71
2472,88.81
2473,88.77
2474,89.5
2475,89.6301
2476,89.6
2477,89.57
2478,89.53
2479,89.5575
2480,89.51
2481,89.51
2482,89.47
2483,89.3599
2484,89.3151
2485,89.46
2486,89.46
2487,89.44
2488,89.38
2489,89.43
2490,89.32
2491,89.42
2492,89.7
2493,89.6765
2494,89.68
2495,89.77
2496,89.84700000000002
2497,89.79
2498,89.89
2499,89.89
2500,90.37
2501,90.69
2502,90.63
2503,90.74
2504,90.63
2505,90.58
2506,90.65
2507,90.63
2508,90.72
2509,90.69
2510,90.755
2511,90.655
2512,90.69
2513,90.68
2514,90.76
2515,90.99
2516,90.97
2517,91.12
2518,91.177
2519,91.34
2520,91.3952
2521,91.4199
2522,91.22
2523,91.28
2524,91.25
2525,91.31
2526,91.15
2527,91.2377
2528,91.36
2529,91.48
2530,91.44
2531,91.57
2532,91.43
2533,91.41
2534,91.31
2535,91.39
2536,91.34700000000001
2537,91.405
2538,91.595
2539,91.49
2540,91.49
2541,91.42
2542,91.455
2543,91.5175
2544,91.48
2545,91.42
2546,91.41
2547,91.295
2548,91.4
2549,91.33
2550,91.3
2551,91.15
2552,91.14
2553,90.95
2554,91.1
2555,90.93
2556,90.87
2557,90.91
2558,90.85
2559,90.73
2560,90.6231
2561,90.55
2562,90.69
2563,90.7
2564,90.663
2565,90.73
2566,90.715
2567,90.645
2568,90.66
2569,90.64
2570,90.71
2571,90.705
2572,90.575
2573,90.5
2574,90.56
2575,90.52
2576,90.53
2577,90.46
2578,90.42
2579,90.41
2580,89.09
2581,89.01
2582,89.06
2583,89.0101
2584,89.19
2585,89.243
2586,89.2
2587,89.27
2588,89.35
2589,89.43
2590,89.54
2591,89.57
2592,89.8654
2593,89.92
2594,89.77
2595,89.78
2596,89.81
2597,89.8501
2598,89.8825
2599,89.65
2600,89.67
2601,89.67
2602,89.43
2603,89.43
2604,89.55
2605,89.38
2606,89.37
2607,88.465
2608,88.73
2609,88.61
2610,88.485
2611,88.49
2612,88.6201
2613,88.705
2614,88.71
2615,88.72
2616,88.74
2617,88.745
2618,88.78
2619,88.811
2620,88.7901
2621,88.82
2622,88.8099
2623,88.79
2624,88.86
2625,88.87
2626,88.88
2627,88.91
2628,88.93
2629,88.94
2630,88.9
2631,88.95
2632,88.885
2633,86.43
2634,86.2674
2635,86.61
2636,86.435
2637,86.48
2638,86.49
2639,86.53
2640,86.57
2641,86.5726
2642,86.56
2643,86.29
2644,86.3
2645,86.335
2646,86.3
2647,86.335
2648,86.3834
2649,86.47
2650,86.47
2651,86.4438
2652,86.38
2653,86.38
2654,86.34
2655,86.4034
2656,86.49
2657,86.38
2658,86.5
2659,84.98
2660,85.01
2661,85.095
2662,84.92
2663,84.83
2664,84.77
2665,84.52
2666,84.58
2667,84.45
2668,84.4447
2669,84.52
2670,84.41
2671,84.28299999999999
2672,84.12
2673,84.115
2674,84.28
2675,84.3
2676,84.38
2677,84.6556
2678,84.6
2679,84.5051
2680,84.3822
2681,84.54
2682,84.505
2683,84.7
2684,84.85
2685,84.8471
2686,84.53
2687,84.65
2688,84.68
2689,84.74
2690,84.74
2691,84.765
2692,84.662
2693,84.73
2694,84.68
2695,84.71
2696,84.675
2697,84.65
2698,84.78
2699,84.815
2700,84.86
2701,84.75299999999999
2702,84.685
2703,84.68
2704,84.5515
2705,84.54
2706,84.445
2707,84.41
2708,84.54
2709,84.65
2710,84.33
2711,84.28
2712,84.31
2713,84.11
2714,84.2
2715,84.26
2716,84.14
2717,84.19
2718,84.225
2719,84.28
2720,84.23
2721,84.25
2722,84.39
2723,84.3901
2724,84.365
2725,84.43
2726,84.45
2727,84.4899
2728,84.4
2729,84.4
2730,84.39
2731,84.49
2732,84.48
2733,84.432
2734,84.46
2735,84.385
2736,84.345
2737,84.31
2738,84.2
2739,84.21
2740,84.15
2741,83.926
2742,83.97
2743,84.18
2744,84.34
2745,84.59
2746,84.7401
2747,84.735
2748,84.67
2749,84.65
2750,84.68
2751,84.7
2752,84.82
2753,84.87
2754,84.925
2755,84.8025
2756,84.9
2757,84.91
2758,84.895
2759,84.92
2760,84.9499
2761,84.975
2762,84.93
2763,84.96
2764,85.02
2765,84.86
2766,85.1701
2767,85.84
2768,85.7941
2769,85.6699
2770,85.66
2771,85.72
2772,85.705
2773,85.64
2774,85.82
2775,85.74
2776,85.77
2777,85.76
2778,85.78
2779,85.69
2780,85.69
2781,85.87
2782,86.13
2783,86.11
2784,86.07
2785,86.03
2786,86.0
2787,86.0
2788,86.0
2789,85.97
2790,86.04
2791,86.14
2792,86.19
2793,86.195
2794,86.23
2795,86.36
2796,86.27
2797,86.32
2798,86.275
2799,86.14
2800,86.22
2801,86.25
2802,86.275
2803,86.1766
2804,86.23
2805,86.045
2806,86.07
2807,86.07
2808,86.31
2809,86.43
2810,86.365
2811,86.5065
2812,86.57
2813,86.55
2814,86.57
2815,86.36
2816,86.45
2817,86.49
2818,86.57
2819,86.5533
2820,86.5
2821,86.53
2822,86.42
2823,86.49
2824,86.41
2825,86.31
2826,86.26
2827,86.48
2828,86.46
2829,86.44
2830,86.41
2831,86.3701
2832,86.375
2833,86.32
2834,86.36
2835,86.3826
2836,86.33
2837,86.31
2838,86.29
2839,86.235
2840,86.14
2841,86.04
2842,86.095
2843,86.12
2844,86.16
2845,86.255
2846,86.27
2847,86.2301
2848,86.04
2849,85.97
2850,85.8728
2851,85.931
2852,85.92
2853,86.045
2854,86.09
2855,86.11
2856,86.1
2857,86.12
2858,86.06
2859,86.015
2860,85.65
2861,85.46
2862,85.47
2863,85.45
2864,85.41
2865,85.42
2866,85.16
2867,85.18
2868,85.07
2869,85.08
2870,85.03
2871,85.05
2872,85.02
2873,84.95
2874,84.95
2875,85.0
2876,84.96
2877,84.91
2878,84.96
2879,85.0249
2880,84.985
2881,85.0
2882,84.92
2883,84.95
2884,84.9951
2885,84.89
2886,85.19
2887,85.08
2888,85.1
2889,84.99
2890,84.95
2891,84.88
2892,85.01
2893,84.95
2894,85.05
2895,85.12
2896,85.14
2897,85.197
2898,85.22
2899,85.315
2900,85.33
2901,85.41
2902,85.38
2903,85.3057
2904,85.38
2905,85.46
2906,85.58
2907,85.48100000000002
2908,85.52
2909,85.59
2910,85.5736
2911,85.41
2912,85.41
2913,85.99
2914,85.8
2915,86.04
2916,86.05
2917,86.005
2918,85.98
2919,85.93
2920,86.0
2921,86.02
2922,86.04
2923,86.01
2924,86.0228
2925,86.04
2926,86.05
2927,86.0
2928,86.02
2929,85.97
2930,85.97
2931,85.99
2932,85.875
2933,85.844
2934,85.92
2935,85.855
2936,85.955
2937,85.88
2938,85.95
2939,85.95
2940,85.075
2941,84.72
2942,84.74
2943,84.96
2944,84.83
2945,84.97200000000002
2946,84.87
2947,84.905
2948,84.76
2949,84.58
2950,84.52
2951,84.59
2952,84.6038
2953,84.68
2954,84.63
2955,84.75
2956,84.76
2957,84.89
2958,84.8849
2959,84.84
2960,84.9
2961,84.89
2962,84.8697
2963,84.9
2964,84.625
2965,84.59
2966,84.59
2967,85.45
2968,85.43
2969,85.215
2970,85.45
2971,85.43
2972,85.27
2973,85.21
2974,85.07
2975,85.02
2976,84.99
2977,85.125
2978,85.07
2979,85.0557
2980,85.22
2981,85.18
2982,85.12
2983,85.0
2984,84.89
2985,84.71
2986,84.71
2987,84.6
2988,84.605
2989,84.55
2990,84.556
2991,84.62
2992,84.68
2993,84.7
2994,85.58
2995,85.88
2996,86.03
2997,86.18
2998,86.33200000000002
2999,86.34100000000002
3000,86.39000000000001
3001,85.79
3002,85.87
3003,85.81989999999999
3004,85.59
3005,85.44000000000001
3006,85.476
3007,85.55
3008,85.6242
3009,85.49999999999999
3010,85.35
3011,85.5301
3012,85.45
3013,85.3499
3014,85.38
3015,85.38
3016,85.2
3017,85.08
3018,84.78000000000002
3019,84.56
3020,85.54
3021,85.56
3022,85.53
3023,85.28
3024,85.27
3025,85.44000000000001
3026,85.72999999999999
3027,85.795
3028,85.92
3029,85.975
3030,86.07
3031,86.09
3032,85.99010000000001
3033,86.03999999999999
3034,86.001
3035,85.9
3036,85.96
3037,86.0
3038,86.02
3039,86.08000000000001
3040,86.0
3041,86.05
3042,86.0801
3043,86.08000000000001
3044,85.96
3045,86.03
3046,85.41
3047,85.49999999999999
3048,85.34000000000002
3049,85.31
3050,85.2249
3051,85.26
3052,85.29899999999999
3053,85.49999999999999
3054,85.55
3055,85.72999999999999
3056,85.59
3057,85.67
3058,85.605
3059,85.57
3060,85.64
3061,85.62
3062,85.67
3063,85.7
3064,85.6301
3065,85.58
3066,85.51999999999998
3067,85.583
3068,85.51
3069,85.57
3070,85.39999999999999
3071,85.56
3072,85.39
3073,85.7
3074,85.48989999999999
3075,85.53
3076,85.69
3077,85.72999999999999
3078,85.7001
3079,85.63
3080,85.49999999999999
3081,85.62040000000002
3082,85.7375
3083,85.7
3084,85.69
3085,85.6
3086,85.63
3087,85.57
3088,85.51
3089,85.47
3090,85.55
3091,85.51
3092,85.45
3093,85.45
3094,85.41
3095,85.38
3096,85.32
3097,85.37
3098,85.48
3099,85.46000000000001
3100,85.2
3101,85.34979999999999
3102,85.47
3103,85.46000000000001
3104,85.29
3105,85.23
3106,85.18999999999998
3107,85.13000000000001
3108,85.24
3109,85.24
3110,85.13000000000001
3111,85.02
3112,85.05
3113,85.06
3114,85.117
3115,85.07
3116,85.07
3117,85.01000000000002
3118,84.99
3119,85.0
3120,85.07
3121,85.18999999999998
3122,85.085
3123,85.08999999999999
3124,85.65499999999999
3125,85.45
3126,85.51999999999998
3127,85.51
3128,85.4843
3129,85.49999999999999
3130,85.4799
3131,85.65000000000002
3132,85.645
3133,85.65000000000002
3134,85.7
3135,85.705
3136,85.58
3137,85.66
3138,85.64
3139,85.69
3140,85.7
3141,85.7
3142,85.7
3143,85.74
3144,85.69499999999998
3145,85.68
3146,85.6899
3147,85.71
3148,85.67
3149,85.53
3150,85.07
3151,85.03
3152,85.12
3153,85.20999999999998
3154,85.02
3155,85.04
3156,84.9
3157,84.84989999999999
3158,84.89
3159,84.92
3160,84.87
3161,84.85
3162,84.83
3163,84.9
3164,84.8057
3165,84.759
3166,84.66
3167,84.63
3168,84.6699
3169,84.75
3170,84.79
3171,84.7443
3172,84.63
3173,84.70000000000002
3174,84.755
3175,84.85
3176,84.42999999999999
3177,84.21999999999998
3178,84.33
3179,84.19999999999999
3180,84.3
3181,84.42999999999999
3182,84.48
3183,84.3
3184,84.545
3185,84.49000000000001
3186,84.4501
3187,84.45000000000002
3188,84.54999999999998
3189,84.51
3190,84.48
3191,84.60499999999999
3192,84.62
3193,84.54999999999998
3194,84.59
3195,84.595
3196,84.54999999999998
3197,84.585
3198,84.52999999999999
3199,84.48
3200,84.51989999999999
3201,84.48
3202,84.71
3203,84.9275
3204,85.1
3205,85.05
3206,85.11000000000001
3207,85.055
3208,84.885
3209,84.943
3210,84.89
3211,84.93
3212,84.98200000000001
3213,85.15
3214,85.2001
3215,85.35
3216,85.24
3217,85.29
3218,85.26
3219,85.295
3220,85.28
3221,85.02
3222,84.95
3223,84.995
3224,84.93
3225,84.87
3226,84.78000000000002
3227,84.65
3228,84.01
3229,83.95
3230,83.94
3231,83.975
3232,83.78999999999999
3233,83.73000000000002
3234,83.7
3235,83.87
3236,83.9
3237,83.69
3238,83.73499999999999
3239,83.77
3240,83.85000000000001
3241,83.7929
3242,83.63
3243,83.6026
3244,83.62
3245,83.47
3246,83.65
3247,83.66
3248,83.52000000000001
3249,83.38
3250,83.391
3251,83.45
3252,83.46
3253,83.2
3254,82.69
3255,82.709
3256,82.845
3257,82.79
3258,82.95
3259,82.72
3260,82.75
3261,82.78
3262,82.75
3263,82.66
3264,82.69
3265,82.76000000000002
3266,82.84000000000002
3267,82.7649
3268,82.76000000000002
3269,82.73
3270,82.76000000000002
3271,82.615
3272,82.76899999999998
3273,82.81
3274,82.5576
3275,82.35
3276,82.26
3277,82.2201
3278,82.125
3279,82.005
3280,82.01
3281,81.885
3282,82.12
3283,82.24
3284,82.39
3285,82.48
3286,82.35
3287,82.23
3288,82.29
3289,82.02
3290,82.01
3291,82.015
3292,82.1
3293,82.08
3294,82.1372
3295,82.19
3296,82.42
3297,82.32
3298,82.39
3299,82.37
3300,82.26
3301,82.29
3302,82.14
3303,82.035
3304,82.069
3305,82.07
3306,81.89
3307,81.9
3308,81.61
3309,81.6599
3310,81.57
3311,81.71
3312,81.79
3313,81.59
3314,81.81
3315,81.94
3316,81.64
3317,81.66
3318,81.74
3319,81.81
3320,81.8801
3321,81.9101
3322,81.97
3323,82.01
3324,82.11
3325,82.13
3326,82.08
3327,82.04
3328,82.0699
3329,82.13
3330,82.11
3331,82.21
3332,82.315
3333,82.13
3334,81.83
3335,81.65
3336,81.83
3337,81.75
3338,81.71
3339,81.58
3340,81.51
3341,81.5
3342,81.67
3343,81.59
3344,81.56
3345,81.53
3346,81.57
3347,81.76
3348,81.7302
3349,81.68
3350,81.23
3351,81.36
3352,81.36
3353,81.4
3354,81.43
3355,81.4551
3356,81.46
3357,81.5
3358,81.63
3359,81.56
3360,81.58
3361,83.68
3362,83.37
3363,82.96199999999999
3364,83.24999999999999
3365,83.14999999999999
3366,83.36
3367,83.1
3368,83.05
3369,83.14
3370,83.34
3371,83.31
3372,83.34
3373,83.35
3374,83.16
3375,83.24
3376,83.26999999999998
3377,83.2699
3378,83.14999999999999
3379,83.26
3380,83.26
3381,83.22
3382,83.30499999999999
3383,83.43
3384,83.40000000000002
3385,83.40499999999999
3386,83.473
3387,83.47999999999999
3388,83.57
3389,83.88
3390,83.66
3391,83.65500000000002
3392,83.34
3393,83.07
3394,82.78
3395,82.84000000000002
3396,82.81
3397,82.66
3398,82.7
3399,82.6
3400,82.54
3401,82.53
3402,82.73
3403,82.76000000000002
3404,82.87
3405,82.86000000000001
3406,82.81
3407,82.76000000000002
3408,82.76000000000002
3409,82.67
3410,82.64
3411,82.64
3412,82.6
3413,82.68
3414,82.78
3415,82.8502
3416,82.86000000000001
3417,82.86000000000001
3418,83.05
3419,83.07
3420,83.07
3421,83.01
3422,83.0999
3423,83.21000000000001
3424,83.182
3425,83.14999999999999
3426,83.24999999999999
3427,83.41
3428,83.42
3429,83.662
3430,83.65
3431,83.64
3432,83.705
3433,83.73000000000002
3434,83.66
3435,83.59
3436,83.575
3437,83.64
3438,83.76
3439,83.83000000000001
3440,84.3
3441,84.68000000000002
3442,84.59
3443,84.45000000000002
3444,84.45000000000002
3445,84.42999999999999
3446,84.54
3447,84.42999999999999
3448,84.7425
3449,84.79130000000002
3450,84.64
3451,84.73
3452,84.78000000000002
3453,84.87
3454,84.91
3455,84.83
3456,84.74
3457,84.64
3458,84.6099
3459,84.63
3460,84.65
3461,84.63
3462,84.66
3463,84.42999999999999
3464,84.38
3465,84.35
3466,84.35
3467,84.14000000000001
3468,84.03
3469,83.94
3470,83.975
3471,83.93
3472,83.90999999999998
3473,83.82
3474,84.05
3475,84.07600000000002
3476,84.07
3477,84.01
3478,83.99
3479,84.17
3480,84.13
3481,84.16000000000001
3482,84.13349999999998
3483,84.09
3484,84.08
3485,83.9599
3486,84.0
3487,84.09
3488,84.09
3489,84.1402
3490,84.115
3491,84.22990000000001
3492,84.18
3493,84.18
3494,84.54
3495,84.37499999999999
3496,84.29500000000002
3497,84.33
3498,84.42
3499,84.41
3500,84.645
3501,84.59
3502,84.535
3503,84.51
3504,84.5167
3505,84.54
3506,84.54
3507,84.5302
3508,84.51
3509,84.46
3510,84.53790000000001
3511,84.5
3512,84.43799999999997
3513,84.355
3514,84.365
3515,84.4
3516,84.36
3517,84.35
3518,84.35
3519,84.46
3520,84.67
3521,84.8
3522,84.82999999999998
3523,84.96
3524,84.7801
3525,84.61
3526,84.84
3527,84.8001
3528,84.8401
3529,84.88
3530,84.92
3531,84.88
3532,84.84
3533,84.88
3534,84.85
3535,84.95
3536,84.96
3537,84.91
3538,84.9147
3539,84.92
3540,84.92
3541,84.87
3542,84.891
3543,84.795
3544,84.81
3545,84.93
3546,85.0269
3547,85.15
3548,85.06
3549,85.02
3550,84.66
3551,84.43
3552,84.38
3553,84.27
3554,84.505
3555,84.18
3556,84.155
3557,84.24
3558,84.19
3559,84.117
3560,84.26
3561,84.2
3562,83.98
3563,83.86
3564,83.88999999999999
3565,84.1
3566,84.16
3567,84.0534
3568,84.07
3569,84.1734
3570,84.29
3571,84.5
3572,84.7532
3573,84.8425
3574,84.96
3575,85.055
3576,85.04999999999998
3577,84.86
3578,85.0
3579,84.8
3580,84.69
3581,84.81
3582,84.87
3583,84.885
3584,84.93
3585,84.82
3586,84.853
3587,84.8001
3588,84.81
3589,84.785
3590,84.79
3591,84.8344
3592,84.95
3593,85.01
3594,84.98
3595,84.995
3596,84.78
3597,84.99
3598,84.7499
3599,84.92
3600,84.93999999999998
3601,85.06
3602,85.07
3603,85.18
3604,85.19
3605,85.15
3606,85.21
3607,85.228
3608,85.25
3609,85.29
3610,85.3249
3611,85.34
3612,85.29
3613,85.21
3614,85.25
3615,85.2856
3616,85.34
3617,85.38000000000001
3618,85.325
3619,85.28
3620,85.35
3621,85.355
3622,85.31
3623,85.45
3624,85.3
3625,85.03
3626,84.97
3627,85.02
3628,84.75
3629,84.96499999999999
3630,85.07
3631,85.04999999999998
3632,85.04
3633,84.95
3634,84.8272
3635,84.93
3636,84.861
3637,84.8834
3638,84.95100000000002
3639,84.98
3640,85.03
3641,84.93
3642,84.64
3643,84.77
3644,84.66
3645,84.84
3646,84.89
3647,84.9766
3648,85.13
3649,85.08
3650,85.4799
3651,85.63
3652,85.475
3653,85.65
3654,85.59
3655,85.58
3656,85.64
3657,85.59
3658,85.53
3659,85.47
3660,85.57
3661,85.53
3662,85.551
3663,85.44
3664,85.42629999999998
3665,85.52
3666,85.48
3667,85.3949
3668,85.3325
3669,85.3751
3670,85.3
3671,85.29
3672,85.31
3673,85.25
3674,85.14
3675,85.14
3676,84.95
3677,85.19
3678,85.15
3679,84.9493
3680,84.61
3681,84.54
3682,84.63
3683,84.685
3684,84.59
3685,84.55
3686,84.48
3687,84.5
3688,84.49
3689,84.51
3690,84.55
3691,84.5
3692,84.49
3693,84.37
3694,84.35
3695,84.29
3696,84.2848
3697,84.29
3698,84.39
3699,84.39
3700,84.23
3701,84.335
3702,85.04
3703,85.07
3704,85.07
3705,85.1764
3706,85.29
3707,85.42
3708,85.475
3709,85.53
3710,85.49000000000001
3711,85.47
3712,85.48
3713,85.4
3714,85.35
3715,85.345
3716,85.26
3717,85.24
3718,85.25
3719,85.2999
3720,85.2491
3721,85.23
3722,85.19
3723,85.21
3724,85.26
3725,85.165
3726,85.23
3727,85.2
3728,85.2
3729,85.14
3730,85.04999999999998
3731,84.88
3732,84.976
3733,85.2
3734,85.21
3735,85.18
3736,85.33
3737,85.17
3738,85.15999999999998
3739,85.18500000000002
3740,85.17
3741,85.15
3742,85.17
3743,85.18
3744,85.18
3745,85.15999999999998
3746,85.2
3747,85.21
3748,85.17
3749,85.19
3750,85.18
3751,85.19
3752,85.25
3753,85.27000000000001
3754,85.1
3755,85.04
3756,85.04
3757,84.925
3758,85.02
3759,85.0
3760,85.1
3761,85.13
3762,85.04
3763,85.14
3764,85.12
3765,85.18
3766,85.2101
3767,85.11
3768,85.1637
3769,85.04
3770,85.04999999999998
3771,85.046
3772,85.03
3773,84.98
3774,85.03
3775,84.93
3776,84.99
3777,85.09
3778,85.12
3779,85.24
3780,85.3
3781,85.33
3782,85.35
3783,85.3
3784,85.15299999999998
3785,85.31
3786,85.41
3787,85.4
3788,85.43
3789,85.41
3790,85.48
3791,85.48
3792,85.435
3793,85.49000000000001
3794,85.4
3795,85.27000000000001
3796,85.25
3797,85.34
3798,85.325
3799,85.3
3800,85.19
3801,85.22
3802,85.34
3803,85.37200000000001
3804,85.60000000000001
3805,85.59
3806,85.11
3807,85.7
3808,85.7
3809,85.58
3810,85.895
3811,85.605
3812,85.2699
3813,85.29
3814,85.3
3815,85.22
3816,85.28
3817,85.33
3818,85.215
3819,85.23
3820,85.27450000000002
3821,85.25
3822,85.27000000000001
3823,85.37
3824,85.45
3825,85.4
3826,85.4
3827,85.44
3828,85.425
3829,85.43
3830,85.46
3831,85.48
3832,85.49000000000001
3833,85.47
3834,85.52
3835,85.60000000000001
3836,85.57
3837,85.57
3838,85.52719999999998
3839,85.37
3840,85.214
3841,85.27000000000001
3842,85.34
3843,85.37
3844,85.4831
3845,85.5
3846,85.395
3847,85.45
3848,85.49000000000001
3849,85.39
3850,85.4
3851,85.37
3852,85.33
3853,85.3695
3854,85.35
3855,85.43
3856,85.42
3857,85.44
3858,85.39
3859,85.59
3860,85.55
3861,85.45
3862,85.43
3863,85.46
3864,85.49000000000001
3865,85.5
3866,85.45
3867,85.37
3868,85.45
3869,85.42
3870,85.5
3871,85.56
3872,85.44
3873,85.4
3874,85.43
3875,85.345
3876,85.3
3877,85.29
3878,85.3
3879,85.2
3880,85.15999999999998
3881,84.9832
3882,84.945
3883,84.9
3884,84.99
3885,84.98
3886,84.86
3887,85.03
3888,84.95
3889,84.93
3890,84.98
3891,84.96
3892,85.0
3893,84.98
3894,85.11
3895,85.109
3896,85.22
3897,85.32
3898,85.2725
3899,85.29
3900,85.3
3901,85.2695
3902,85.33
3903,85.45
3904,85.38000000000001
3905,85.27000000000001
3906,85.23
3907,85.26
3908,85.15999999999998
3909,85.34899999999996
3910,85.43
3911,84.82
3912,84.51
3913,84.4898
3914,84.53
3915,84.46
3916,84.55
3917,84.47
3918,84.525
3919,84.59
3920,84.585
3921,84.605
3922,84.4805
3923,84.455
3924,84.42
3925,84.4
3926,84.12
3927,83.99
3928,84.00000000000001
3929,83.995
3930,84.02500000000002
3931,84.00000000000001
3932,83.99
3933,84.1
3934,84.08
3935,83.945
3936,83.96
3937,84.13
3938,84.11000000000001
3939,83.92
3940,83.9
3941,83.792
3942,83.8
3943,83.86
3944,83.85
3945,83.82
3946,83.825
3947,83.825
3948,83.9801
3949,84.00000000000001
3950,83.87
3951,83.77999999999999
3952,83.835
3953,83.86
3954,83.98
3955,83.92
3956,83.86499999999998
3957,83.81
3958,83.82
3959,83.7298
3960,83.79
3961,83.8044
3962,83.815
3963,84.24
3964,84.2
3965,84.16
3966,84.06
3967,83.93
3968,83.83
3969,84.18
3970,84.08
3971,84.155
3972,84.1901
3973,84.1699
3974,84.21700000000001
3975,84.22000000000001
3976,84.21
3977,84.32
3978,84.375
3979,84.25
3980,84.24500000000002
3981,84.26
3982,84.265
3983,84.23
3984,84.18
3985,84.375
3986,84.33000000000001
3987,84.27
3988,84.18
3989,84.0799
3990,84.00000000000001
3991,84.11000000000001
3992,84.08
3993,84.01
3994,84.0513
3995,84.07
3996,84.08
3997,84.045
3998,84.045
3999,84.00000000000001
4000,84.12
4001,84.245
4002,84.25
4003,84.22
4004,84.2
4005,84.24
4006,84.245
4007,84.24
4008,84.24
4009,84.28
4010,84.21
4011,84.28
4012,84.23
4013,84.45
4014,84.48
4015,84.12
4016,84.0889
4017,84.02
4018,84.07
4019,84.01
4020,83.99
4021,83.93
4022,83.795
4023,83.89
4024,83.8547
4025,83.92
4026,83.86
4027,83.91
4028,83.83
4029,83.89
4030,83.9
4031,83.94
4032,83.8555
4033,83.84
4034,83.78
4035,83.82
4036,83.781
4037,83.87
4038,83.97
4039,83.98
4040,84.0
4041,84.02
4042,84.1
4043,84.24
4044,84.23
4045,84.22
4046,84.1
4047,84.0
4048,84.02
4049,83.99
4050,83.97
4051,83.93
4052,83.96
4053,83.99
4054,83.98
4055,84.05
4056,83.98
4057,83.97
4058,84.0
4059,83.97
4060,83.94
4061,83.97
4062,84.03
4063,84.16
4064,84.12
4065,84.14
4066,84.15
4067,84.2
4068,84.21
4069,84.45
4070,84.29
4071,84.38
4072,84.34
4073,84.51
4074,84.443
4075,84.59
4076,84.57
4077,84.77
4078,84.76
4079,84.87
4080,84.93
4081,84.78
4082,84.88
4083,84.98
4084,84.9333
4085,84.94
4086,84.8
4087,84.87
4088,84.9254
4089,84.87
4090,84.89
4091,84.79
4092,84.84
4093,84.84
4094,84.78
4095,84.81
4096,84.74
4097,84.8
4098,84.79
4099,84.725
4100,84.67
4101,84.73
4102,84.71
4103,84.71
4104,84.67
4105,84.68
4106,84.68
4107,84.632
4108,84.595
4109,84.74
4110,84.715
4111,84.86
4112,84.89
4113,85.0467
4114,84.96
4115,85.09
4116,85.25
4117,85.13
4118,84.92
4119,84.89
4120,84.91
4121,84.57
4122,84.77
4123,84.81
4124,84.63
4125,84.76
4126,84.76
4127,84.82
4128,84.84
4129,84.72
4130,84.7
4131,84.56
4132,84.49
4133,84.41
4134,84.33
4135,84.31
4136,84.175
4137,84.195
4138,84.27
4139,84.27
4140,84.27
4141,84.39
4142,84.5
4143,84.76
4144,84.75
4145,84.69
4146,84.71
4147,85.225
4148,85.055
4149,85.13
4150,85.0401
4151,84.96
4152,84.855
4153,84.897
4154,85.01799999999999
4155,85.14
4156,85.09
4157,84.98
4158,85.01
4159,85.02
4160,85.175
4161,85.27
4162,85.25
4163,85.25
4164,85.31
4165,85.37
4166,85.435
4167,85.5
4168,85.515
4169,85.4999
4170,85.5101
4171,85.56
4172,85.53
4173,85.48
4174,85.42
4175,85.56
4176,85.48
4177,85.69
4178,85.73
4179,85.67
4180,85.71
4181,85.63
4182,85.72
4183,85.7003
4184,85.725
4185,85.83
4186,85.87
4187,85.9
4188,85.97
4189,85.99700000000001
4190,85.9499
4191,85.89399999999998
4192,85.91
4193,85.83
4194,85.8
4195,85.7
4196,85.79
4197,85.9334
4198,86.06
4199,84.86
4200,84.66
4201,84.42
4202,84.41
4203,84.29
4204,84.21
4205,84.08
4206,84.21
4207,84.11
4208,84.1
4209,83.98
4210,83.84
4211,83.95
4212,83.88
4213,83.97
4214,83.91
4215,84.08
4216,83.94
4217,83.85
4218,83.775
4219,83.78
4220,83.8199
4221,83.89
4222,83.845
4223,83.855
4224,83.65
4225,83.66
4226,84.17
4227,84.36
4228,84.35
4229,84.43
4230,84.49
4231,84.4
4232,84.55
4233,84.69
4234,84.69
4235,84.62
4236,84.52
4237,84.5
4238,84.46
4239,84.42
4240,84.38
4241,84.16
4242,84.44
4243,84.27
4244,84.35
4245,84.36
4246,84.34
4247,84.35
4248,84.36
4249,84.3
4250,84.4455
4251,84.46
4252,83.84
4253,83.84
4254,83.95
4255,83.91
4256,83.9
4257,83.96
4258,83.89
4259,84.0
4260,83.91
4261,83.89
4262,83.905
4263,83.8
4264,83.7856
4265,83.785
4266,83.6
4267,83.7
4268,83.77
4269,83.69
4270,83.8
4271,83.78
4272,83.89
4273,83.9
4274,83.91
4275,83.86
4276,83.96
4277,83.71
4278,82.72200000000002
4279,82.78
4280,82.925
4281,82.93
4282,82.77
4283,82.75
4284,82.7553
4285,82.69
4286,82.64
4287,82.64
4288,82.67
4289,82.8
4290,82.887
4291,82.86
4292,82.935
4293,83.02
4294,82.95700000000002
4295,82.985
4296,83.16
4297,83.17
4298,83.2851
4299,83.155
4300,83.22
4301,83.14
4302,83.162
4303,83.21
4304,82.87
4305,82.73
4306,82.68
4307,82.72
4308,82.75
4309,82.64
4310,82.7
4311,82.7
4312,82.71
4313,82.7
4314,82.675
4315,82.72
4316,82.675
4317,82.69
4318,82.66
4319,82.7
4320,82.69
4321,82.68
4322,82.68
4323,82.63
4324,82.6534
4325,82.695
4326,82.695
4327,82.7
4328,82.68
4329,82.67
4330,82.37
4331,82.39
4332,82.385
4333,82.33
4334,82.415
4335,82.495
4336,82.61
4337,82.68
4338,82.66
4339,82.6
4340,82.63
4341,82.5701
4342,82.63
4343,82.76
4344,82.89
4345,82.87
4346,82.86
4347,82.94
4348,83.04
4349,83.18
4350,83.2
4351,83.26
4352,83.195
4353,83.34
4354,83.435
4355,83.5
4356,83.4
4357,83.34
4358,83.5647
4359,83.6046
4360,83.595
4361,83.6
4362,83.76
4363,83.81
4364,83.73
4365,83.7464
4366,83.7
4367,83.51
4368,83.625
4369,83.60600000000002
4370,83.52
4371,83.5
4372,83.46
4373,83.46
4374,83.43299999999998
4375,83.52
4376,83.56
4377,83.42
4378,83.32
4379,83.375
4380,83.39
4381,83.47
4382,83.475
4383,83.47
4384,83.31
4385,83.52
4386,83.7
4387,83.7
4388,83.59
4389,83.59
4390,83.65
4391,83.57
4392,83.3325
4393,83.45
4394,83.395
4395,83.35
4396,83.295
4397,83.28
4398,83.29
4399,83.51
4400,83.42
4401,83.43
4402,83.61
4403,83.75
4404,83.77
4405,83.82
4406,83.82
4407,83.765
4408,83.79
4409,84.25
4410,84.6
4411,84.61
4412,84.64
4413,84.57
4414,84.54700000000003
4415,84.58
4416,84.71
4417,84.62
4418,84.59
4419,84.4657
4420,84.45
4421,84.52
4422,84.58
4423,84.54
4424,84.52
4425,84.47
4426,84.36
4427,84.2953
4428,84.365
4429,84.42
4430,84.49
4431,84.44
4432,84.49
4433,84.495
4434,84.5
4435,84.49
4436,84.51
4437,84.51
4438,84.57700000000001
4439,84.53
4440,84.62
4441,84.69
4442,84.57
4443,84.76
4444,84.59
4445,84.48
4446,84.26
4447,84.27
4448,84.19
4449,84.11
4450,84.11
4451,84.09
4452,84.1949
4453,84.22
4454,84.27
4455,84.33
4456,84.45
4457,84.55
4458,84.53
4459,84.47
4460,84.601
4461,84.64
4462,84.59
4463,84.55
4464,84.66
4465,84.5502
4466,84.54
4467,84.66
4468,84.665
4469,84.64
4470,84.46
4471,84.55
4472,84.58
4473,84.64
4474,84.7493
4475,84.755
4476,84.7
4477,84.765
4478,84.79
4479,84.755
4480,84.67
4481,84.7033
4482,84.55
4483,84.37
4484,84.4725
4485,84.445
4486,84.205
4487,84.13
4488,83.95
4489,83.74
4490,83.84
4491,83.96
4492,83.9099
4493,83.82
4494,83.8737
4495,83.97
4496,83.99
4497,83.9744
4498,84.06
4499,84.14
4500,83.97
4501,83.9544
4502,84.0
4503,84.02
4504,83.995
4505,84.0225
4506,84.15
4507,84.48
4508,84.6
4509,84.64
4510,84.6
4511,84.76
4512,84.865
4513,85.045
4514,85.04
4515,85.76
4516,85.74
4517,85.84
4518,85.82
4519,85.76
4520,85.62
4521,85.4
4522,85.12
4523,84.92
4524,84.85
4525,84.84
4526,84.67
4527,84.51
4528,84.57
4529,84.311
4530,84.445
4531,84.46
4532,84.28
4533,84.17
4534,84.1
4535,84.0825
4536,83.97
4537,83.96
4538,83.97
4539,83.96
4540,83.92
4541,83.92
4542,85.03
4543,85.22
4544,84.89
4545,85.19
4546,85.12
4547,85.11
4548,85.04
4549,84.93
4550,84.71
4551,84.605
4552,84.74
4553,84.86
4554,85.04
4555,84.81
4556,84.92
4557,84.81
4558,84.99
4559,85.06
4560,85.12
4561,84.98100000000002
4562,84.725
4563,84.625
4564,84.61
4565,84.59
4566,84.59
4567,84.29
4568,84.29
4569,84.7
4570,84.63
4571,84.88
4572,84.92
4573,84.97
4574,84.97
4575,84.79
4576,84.81
4577,84.63
4578,84.85
4579,84.79
4580,85.08
4581,85.14
4582,85.21
4583,85.2064
4584,85.17
4585,85.06
4586,84.97
4587,85.07
4588,85.11
4589,85.19
4590,85.13
4591,84.98
4592,84.79
4593,84.33
4594,84.08
4595,84.13
4596,84.62
4597,84.55
4598,84.2
4599,84.27
4600,84.29
4601,84.46
4602,84.44
4603,84.41
4604,84.48
4605,84.49
4606,84.31
4607,84.14
4608,84.06
4609,83.975
4610,84.155
4611,84.14
4612,84.21
4613,84.13
4614,84.02
4615,84.01
4616,83.9
4617,83.96
4618,83.82
4619,83.94
4620,83.695
4621,83.69
4622,82.92
4623,83.13
4624,82.99
4625,83.22
4626,83.21
4627,83.25
4628,83.436
4629,83.24
4630,83.14
4631,83.12
4632,82.76
4633,82.895
4634,82.575
4635,82.515
4636,82.36
4637,82.03
4638,82.5
4639,82.37
4640,82.49
4641,82.64
4642,82.93
4643,83.13
4644,83.21
4645,83.41
4646,83.75
4647,83.62
4648,83.58
4649,83.4446
4650,83.91
4651,83.62
4652,83.9425
4653,83.61
4654,83.74700000000001
4655,83.95
4656,84.0
4657,84.03
4658,84.14
4659,84.29
4660,84.27
4661,84.1
4662,84.31
4663,84.525
4664,84.86
4665,84.97
4666,84.904
4667,84.8945
4668,85.135
4669,85.17
4670,84.97
4671,85.14
4672,85.16
4673,85.04
4674,85.25
4675,85.26
4676,84.73
4677,84.45
4678,84.65
4679,84.79
4680,84.77
4681,84.64
4682,84.89
4683,85.135
4684,85.12
4685,85.05
4686,85.13
4687,84.99
4688,85.26
4689,85.34
4690,85.015
4691,85.22
4692,85.16
4693,85.32
4694,85.26
4695,85.32
4696,85.64
4697,85.66
4698,85.8399
4699,85.76
4700,85.82
4701,86.0
4702,86.06
4703,86.29
4704,86.44
4705,86.42
4706,86.59
4707,86.51
4708,86.59
4709,86.82
4710,86.52
4711,86.5
4712,86.51
4713,86.385
4714,86.23
4715,86.21
4716,86.245
4717,86.345
4718,86.36
4719,86.4
4720,86.75
4721,86.7
4722,86.99
4723,86.97
4724,87.16
4725,87.15
4726,87.18
4727,86.9301
4728,86.87
4729,86.66
4730,86.84
4731,86.84
4732,86.97
4733,86.85
4734,86.95
4735,86.965
4736,86.9
4737,86.95
4738,86.955
4739,86.98
4740,86.93
4741,86.9
4742,86.91
4743,86.965
4744,86.95
4745,86.96
4746,87.0
4747,86.95
4748,87.03
4749,87.005
4750,87.145
4751,87.34
4752,87.28
4753,87.42
4754,87.37
4755,87.315
4756,87.28
4757,87.31
4758,87.22
4759,87.19
4760,87.3
4761,87.34
4762,87.44
4763,87.4
4764,87.45
4765,87.3
4766,87.32
4767,87.21
4768,87.275
4769,87.27
4770,87.23
4771,87.22
4772,87.26
4773,87.22
4774,87.42
4775,87.5
4776,87.59
4777,87.63
4778,87.53
4779,87.6
4780,88.01
4781,87.78
4782,87.9582
4783,87.86
4784,87.75
4785,87.725
4786,87.865
4787,87.8
4788,87.85
4789,87.88
4790,87.846
4791,87.95
4792,87.97
4793,87.9
4794,87.89
4795,87.86
4796,87.93
4797,87.855
4798,87.93
4799,87.965
4800,87.955
4801,87.83
4802,87.75
4803,87.57
4804,87.6925
4805,87.61
4806,87.62
4807,87.91
4808,87.84
4809,87.7
4810,87.43
4811,87.8
4812,87.8
4813,87.7
4814,87.73
4815,88.0
4816,87.92
4817,87.85
4818,87.82
4819,87.73
4820,87.615
4821,87.68
4822,87.77
4823,87.85
4824,87.94
4825,88.0445
4826,88.03
4827,88.12
4828,88.12
4829,87.98
4830,88.01
4831,88.04
4832,88.04
4833,88.11
4834,88.13
4835,88.346
4836,88.39
4837,88.56
4838,88.55
4839,88.49
4840,88.46
4841,88.37
4842,88.17
4843,88.37299999999998
4844,88.16
4845,88.16
4846,88.15
4847,88.3
4848,88.29
4849,88.19
4850,88.1
4851,88.09
4852,88.14
4853,88.1
4854,88.06700000000002
4855,88.08
4856,88.03
4857,88.1
4858,88.04
4859,88.28
4860,88.21
4861,88.19
4862,88.171
4863,88.08
4864,88.04
4865,88.09
4866,88.02
4867,88.14
4868,88.15
4869,88.165
4870,88.21
4871,88.17
4872,88.16
4873,88.23
4874,88.08
4875,88.08
4876,88.01
4877,87.91
4878,87.8
4879,87.85
4880,87.89
4881,88.185
4882,88.22
4883,88.24
4884,88.26
4885,88.38
4886,88.64
4887,88.7134
4888,88.78
4889,88.78
4890,88.67
4891,88.52
4892,88.49
4893,88.44
4894,88.45
4895,88.3767
4896,88.28
4897,88.21
4898,88.29
4899,88.25
4900,88.2504
4901,88.05
4902,88.17
4903,87.71
4904,87.76
4905,87.73
4906,87.65
4907,87.43
4908,87.68
4909,87.98
4910,87.89
4911,87.0
4912,87.29
4913,87.48
4914,87.5068
4915,87.69
4916,87.89
4917,87.98
4918,87.96
4919,88.06
4920,88.14
4921,88.18
4922,88.12
4923,88.205
4924,88.07
4925,88.03
4926,88.33
4927,88.39
4928,88.5832
4929,88.5572
4930,88.48
4931,88.51
4932,88.27
4933,88.39
4934,88.21
4935,88.2538
4936,88.33
4937,89.23
4938,88.89
4939,88.65
4940,88.69
4941,88.75
4942,89.0
4943,89.16
4944,89.01100000000002
4945,89.035
4946,88.9
4947,88.71
4948,88.74
4949,88.67
4950,88.75
4951,88.741
4952,88.8101
4953,88.6401
4954,88.5
4955,88.715
4956,88.63
4957,88.6766
4958,88.62
4959,88.7299
4960,88.8
4961,88.85
4962,89.0
4963,89.35
4964,89.38
4965,89.42
4966,89.34
4967,89.01
4968,88.95
4969,88.98
4970,88.85
4971,88.98
4972,89.02
4973,89.2055
4974,89.22
4975,89.17
4976,89.23
4977,89.2164
4978,89.165
4979,89.23
4980,89.23
4981,89.12
4982,89.18
4983,89.258
4984,89.27
4985,89.17
4986,89.08
4987,89.17
4988,89.165
4989,89.73
4990,89.79
4991,89.8264
4992,89.64
4993,89.74
4994,89.61
4995,89.47
4996,89.55
4997,89.4
4998,89.48
4999,89.7
5000,89.77999999999999
5001,89.73
5002,89.67
5003,89.62000000000002
5004,89.47
5005,89.49499999999999
5006,89.6
5007,89.56
5008,89.46
5009,89.47
5010,89.59
5011,89.49
5012,89.43
5013,89.5
5014,89.455
5015,90.05
5016,90.1
5017,89.74
5018,89.44
5019,89.36
5020,89.4
5021,89.51
5022,89.6
5023,89.59
5024,89.62000000000002
5025,89.72
5026,89.67
5027,89.83
5028,89.79000000000002
5029,89.67
5030,89.9425
5031,89.6799
5032,89.64
5033,89.80799999999998
5034,89.89
5035,89.77
5036,89.96
5037,89.89
5038,89.81
5039,89.855
5040,89.88
5041,88.96
5042,89.25
5043,88.9
5044,88.46
5045,88.61999999999999
5046,88.42
5047,88.19999999999999
5048,88.18
5049,88.085
5050,88.11
5051,88.06
5052,87.945
5053,87.8922
5054,87.78
5055,87.755
5056,87.755
5057,87.8108
5058,87.61999999999999
5059,87.45
5060,87.355
5061,87.3
5062,87.3663
5063,87.25
5064,87.3
5065,87.28
5066,87.5
5067,87.36999999999999
5068,87.71
5069,87.72
5070,87.78999999999999
5071,87.94
5072,87.99
5073,88.19
5074,88.09
5075,87.76
5076,87.77
5077,87.825
5078,87.94
5079,87.9
5080,87.97
5081,88.11999999999999
5082,88.08
5083,88.02
5084,88.03
5085,88.11999999999999
5086,88.0263
5087,88.015
5088,87.9
5089,87.921
5090,87.84
5091,88.01
5092,88.11
5093,87.9
5094,87.78
5095,87.63
5096,87.775
5097,88.01
5098,88.1
5099,88.01
5100,88.105
5101,88.38
5102,88.36
5103,88.42
5104,88.4399
5105,88.36999999999999
5106,88.32
5107,88.28999999999999
5108,88.38
5109,88.41
5110,88.40599999999999
5111,88.38
5112,88.32
5113,88.28999999999999
5114,88.38
5115,88.36
5116,88.304
5117,88.28999999999999
5118,88.41
5119,88.16990000000001
5120,88.19999999999999
5121,87.99
5122,88.1
5123,87.98
5124,88.07
5125,88.1253
5126,88.13
5127,88.08
5128,87.99
5129,88.02
5130,87.95
5131,88.01
5132,88.005
5133,88.0
5134,88.03999999999999
5135,88.02
5136,87.99
5137,87.92
5138,87.9928
5139,87.95
5140,88.0
5141,88.0
5142,87.99
5143,87.99499999999999
5144,88.0801
5145,88.09
5146,87.58
5147,87.92
5148,87.78
5149,87.758
5150,87.7
5151,87.66
5152,87.71
5153,87.74
5154,87.8763
5155,87.91
5156,87.99
5157,87.9939
5158,87.919
5159,87.99
5160,88.015
5161,88.059
5162,88.05
5163,88.03
5164,88.0
5165,87.971
5166,87.92
5167,87.97
5168,87.9901
5169,88.1
5170,88.01
5171,87.88
5172,88.03
5173,88.05
5174,88.19
5175,88.6
5176,88.33
5177,88.22
5178,88.0925
5179,88.19999999999999
5180,88.09
5181,88.08
5182,87.88
5183,87.85
5184,87.85
5185,87.6674
5186,87.67
5187,87.66
5188,87.61
5189,87.6625
5190,87.67399999999998
5191,87.65
5192,87.63
5193,87.63
5194,87.68
5195,87.69
5196,87.8
5197,87.86999999999999
5198,87.86
5199,87.06
5200,86.8654
5201,86.89
5202,86.16
5203,86.37
5204,86.294
5205,86.295
5206,86.1966
5207,86.11
5208,86.03
5209,86.05
5210,86.13
5211,86.1
5212,85.97
5213,85.9
5214,85.76
5215,85.53
5216,85.62
5217,85.615
5218,85.8
5219,85.85
5220,85.71600000000002
5221,85.92
5222,86.005
5223,86.28
5224,86.5728
5225,86.5
5226,86.64
5227,86.89
5228,86.94
5229,87.18
5230,87.02
5231,87.03
5232,87.01
5233,87.03
5234,87.19
5235,87.21
5236,87.22200000000002
5237,87.16
5238,87.25990000000002
5239,87.275
5240,87.2822
5241,87.3
5242,87.21
5243,87.17
5244,87.21260000000001
5245,87.28999999999999
5246,87.4
5247,87.46
5248,87.4101
5249,87.3
5250,87.21
5251,87.53999999999999
5252,87.33200000000002
5253,87.41
5254,87.39
5255,87.36
5256,87.38
5257,87.265
5258,87.2178
5259,87.24
5260,87.225
5261,87.17
5262,87.18
5263,87.24
5264,87.27
5265,87.3074
5266,87.28
5267,87.2525
5268,87.305
5269,87.32
5270,87.26
5271,87.2534
5272,87.345
5273,87.315
5274,87.27
5275,87.1399
5276,86.755
5277,86.86
5278,86.89
5279,86.83
5280,86.69
5281,86.92
5282,86.87
5283,86.99
5284,87.02
5285,87.17
5286,87.05
5287,87.1099
5288,87.14
5289,87.15
5290,87.115
5291,87.05
5292,87.0
5293,86.98
5294,87.02
5295,86.89
5296,86.8175
5297,86.83
5298,86.72
5299,86.775
5300,86.77
5301,86.82
5302,86.0068
5303,85.91499999999999
5304,85.91
5305,85.83
5306,85.79
5307,85.79
5308,85.755
5309,85.745
5310,85.665
5311,85.69
5312,85.77
5313,85.66
5314,85.7
5315,85.575
5316,85.68
5317,85.63
5318,85.8
5319,85.74
5320,85.7525
5321,85.76
5322,85.73
5323,85.705
5324,85.68
5325,85.66
5326,85.8
5327,85.8
5328,86.55
5329,86.66499999999999
5330,86.63
5331,86.76
5332,86.8334
5333,86.97
5334,86.8801
5335,86.82
5336,86.88
5337,86.92
5338,86.82010000000001
5339,86.64
5340,86.63
5341,86.53999999999999
5342,86.545
5343,86.605
5344,86.66
5345,86.66499999999999
5346,86.67
5347,86.63
5348,86.7
5349,86.795
5350,86.92
5351,86.92
5352,86.95
5353,86.99
5354,87.28999999999999
5355,87.14
5356,87.20700000000002
5357,87.28999999999999
5358,87.3
5359,87.175
5360,87.03
5361,86.89
5362,86.89
5363,86.825
5364,86.75990000000002
5365,86.8
5366,86.8501
5367,86.8964
5368,86.96700000000001
5369,86.96
5370,86.87
5371,86.89
5372,86.84
5373,86.78999999999999
5374,86.77199999999999
5375,86.6
5376,86.523
5377,86.6695
5378,86.545
5379,86.51
5380,86.5
5381,86.5
5382,86.58
5383,86.31
5384,86.39
5385,86.37
5386,86.43
5387,86.62
5388,86.62
5389,86.64
5390,86.62
5391,86.59
5392,86.53
5393,86.5
5394,86.662
5395,86.423
5396,86.42
5397,86.53999999999999
5398,86.53
5399,86.475
5400,86.42
5401,86.4
5402,86.34
5403,86.47
5404,86.53999999999999
5405,86.48
5406,86.33
5407,86.62
5408,86.6
5409,86.53999999999999
5410,86.51
5411,86.615
5412,86.68
5413,86.5044
5414,86.52
5415,86.49
5416,86.45
5417,86.6472
5418,86.66
5419,86.635
5420,86.55
5421,86.58
5422,86.61
5423,86.6
5424,86.59
5425,86.53
5426,86.56
5427,86.5001
5428,86.47
5429,86.51
5430,86.49
5431,86.5
5432,86.6
5433,86.93
5434,87.17
5435,87.14
5436,87.03
5437,86.963
5438,87.01
5439,87.0
5440,87.01
5441,87.01
5442,87.0001
5443,87.0
5444,86.975
5445,86.88
5446,86.95
5447,86.93
5448,86.5
5449,86.68
5450,86.7
5451,86.72
5452,86.56
5453,86.63
5454,86.695
5455,86.74
5456,86.71
5457,86.64
5458,86.68
5459,86.62
5460,86.6
5461,86.71
5462,86.71
5463,86.67
5464,86.73100000000002
5465,86.7297
5466,86.65
5467,86.58
5468,86.625
5469,86.62
5470,86.6166
5471,86.62
5472,86.57
5473,86.51
5474,86.69
5475,86.96
5476,87.02
5477,86.94
5478,86.96
5479,86.976
5480,87.08
5481,86.95
5482,87.05
5483,86.99499999999999
5484,86.87
5485,86.9
5486,86.9399
5487,87.005
5488,87.1
5489,87.18
5490,87.2
5491,87.16
5492,87.1
5493,87.2
5494,87.25
5495,87.33
5496,87.28999999999999
5497,87.3
5498,87.305
5499,87.38
5500,87.39
5501,86.82
5502,86.79
5503,86.92
5504,86.9
5505,87.075
5506,87.11
5507,87.11
5508,87.33
5509,87.34
5510,87.38
5511,87.4
5512,87.39
5513,87.45
5514,87.44
5515,87.45100000000002
5516,87.52
5517,87.57
5518,87.65
5519,87.53
5520,87.3934
5521,87.44
5522,87.4207
5523,87.5099
5524,87.54
5525,87.6182
5526,87.645
5527,87.65
5528,87.09
5529,86.99
5530,87.0737
5531,86.715
5532,86.68
5533,86.64
5534,86.4275
5535,86.63
5536,86.92
5537,86.925
5538,86.94
5539,86.9
5540,86.96
5541,86.9
5542,86.875
5543,86.905
5544,86.9
5545,86.9
5546,86.96
5547,86.91
5548,86.865
5549,86.8845
5550,86.9201
5551,86.86
5552,87.04
5553,87.15
5554,87.15
5555,86.85
5556,87.19
5557,87.06
5558,87.13
5559,87.0
5560,86.995
5561,87.006
5562,87.06
5563,87.0
5564,87.0341
5565,86.98
5566,87.03
5567,87.01
5568,87.03
5569,86.96
5570,86.99
5571,87.035
5572,87.03
5573,86.95
5574,86.96
5575,87.055
5576,86.99
5577,87.04
5578,86.99
5579,86.97
5580,87.14
5581,87.14
5582,86.54
5583,86.36
5584,86.56
5585,86.65
5586,86.74
5587,86.7299
5588,86.78
5589,86.76
5590,86.91
5591,87.0
5592,87.06
5593,86.91
5594,87.01
5595,86.85
5596,86.95
5597,86.65
5598,86.53
5599,86.6397
5600,86.62
5601,86.83
5602,86.73
5603,86.735
5604,86.708
5605,86.86
5606,86.83
5607,86.8
5608,86.79
5609,85.76
5610,85.83
5611,85.545
5612,85.54
5613,85.4
5614,85.6399
5615,85.4899
5616,85.74
5617,85.5
5618,85.75
5619,85.78
5620,85.89
5621,85.9
5622,85.93
5623,85.96
5624,85.98
5625,86.07
5626,85.87
5627,85.9
5628,86.0
5629,86.024
5630,86.0
5631,86.06
5632,86.12
5633,86.27
5634,86.55
5635,86.56
5636,85.83
5637,85.95
5638,85.99
5639,86.02
5640,85.99
5641,86.01
5642,85.99
5643,85.83
5644,85.8699
5645,86.1032
5646,86.0
5647,86.04
5648,85.99
5649,86.035
5650,86.2
5651,86.06
5652,85.95
5653,85.53
5654,85.65
5655,85.4001
5656,85.34
5657,85.3
5658,85.49
5659,85.675
5660,85.665
5661,85.59
5662,85.6
5663,85.9
5664,86.175
5665,86.17
5666,86.525
5667,86.65
5668,86.51
5669,86.51
5670,86.5203
5671,86.47399999999998
5672,86.61
5673,86.71
5674,86.62
5675,86.65
5676,86.74
5677,86.53
5678,86.53
5679,86.61
5680,86.51
5681,86.43
5682,86.18
5683,86.2
5684,86.0
5685,86.21
5686,86.24
5687,86.06
5688,85.95
5689,85.97
5690,86.06
5691,86.26
5692,85.55
5693,85.43
5694,85.31
5695,85.12
5696,85.27
5697,84.87
5698,84.85
5699,84.88
5700,84.94
5701,85.18
5702,84.995
5703,85.21
5704,85.33
5705,85.44
5706,85.31
5707,85.34
5708,85.23
5709,85.25
5710,85.11
5711,85.24
5712,85.2092
5713,85.15
5714,84.66
5715,84.46
5716,84.42
5717,84.62
5718,84.47
5719,84.26
5720,84.04
5721,83.492
5722,83.7
5723,83.34
5724,83.05
5725,82.8901
5726,82.96
5727,83.18
5728,83.11
5729,83.3248
5730,83.27
5731,83.12
5732,83.13
5733,83.09
5734,83.01
5735,82.96
5736,83.055
5737,82.7981
5738,82.82
5739,82.96
5740,82.72
5741,82.48
5742,82.45
5743,82.45
5744,81.5
5745,81.43
5746,81.93
5747,82.19
5748,82.195
5749,82.25
5750,82.185
5751,82.79
5752,82.685
5753,82.7628
5754,82.84
5755,82.715
5756,82.53
5757,82.43
5758,82.28
5759,82.15
5760,82.33
5761,82.27
5762,82.55
5763,82.48
5764,82.27
5765,82.2
5766,81.95
5767,81.79
5768,81.65
5769,81.42
5770,81.39
5771,81.95
5772,81.7
5773,81.44
5774,81.3282
5775,81.3141
5776,81.335
5777,81.402
5778,81.59
5779,81.65
5780,81.77
5781,81.68
5782,81.45
5783,81.48
5784,81.65
5785,81.58
5786,81.52
5787,81.51
5788,81.33
5789,81.86
5790,81.71
5791,81.675
5792,81.45
5793,81.35
5794,81.8
5795,81.9
5796,81.85
5797,81.85
5798,82.41
5799,82.67
5800,83.0
5801,82.78
5802,82.8
5803,82.829
5804,82.58
5805,82.64
5806,82.72
5807,83.13
5808,83.039
5809,83.0722
5810,83.06
5811,83.17
5812,83.105
5813,83.11
5814,83.19
5815,83.315
5816,83.145
5817,83.14
5818,83.35
5819,83.25
5820,83.35
5821,83.42
5822,83.585
5823,84.02
5824,84.02
5825,83.21
5826,83.08
5827,83.09
5828,83.15
5829,83.11
5830,82.95
5831,82.87
5832,82.9867
5833,82.8201
5834,82.77
5835,82.91
5836,82.94
5837,82.86
5838,82.68
5839,82.78
5840,82.8998
5841,82.97
5842,83.05
5843,83.19
5844,82.99
5845,82.98
5846,83.3459
5847,83.19
5848,83.21799999999998
5849,83.264
5850,83.06
5851,83.05
5852,82.22
5853,82.56
5854,82.69
5855,82.53
5856,82.33
5857,82.5566
5858,82.615
5859,82.77
5860,82.6
5861,82.74
5862,82.9228
5863,82.87
5864,83.01
5865,82.94
5866,83.01
5867,82.78
5868,82.8
5869,82.92
5870,83.09
5871,82.87
5872,82.815
5873,82.89
5874,83.01
5875,83.07
5876,82.97
5877,82.99
5878,82.97
5879,83.3547
5880,83.27
5881,83.23
5882,83.36
5883,83.34
5884,83.58
5885,83.39
5886,83.34
5887,83.4
5888,83.39
5889,83.45
5890,83.26
5891,83.14
5892,83.3
5893,83.24
5894,83.25
5895,83.38
5896,83.27
5897,83.3322
5898,83.33
5899,83.42
5900,83.33
5901,83.35
5902,83.32
5903,83.28
5904,83.3
5905,83.3
5906,83.3152
5907,83.2386
5908,83.25
5909,83.17
5910,83.21
5911,83.39
5912,83.38
5913,83.3
5914,83.3
5915,83.4601
5916,83.38
5917,83.4101
5918,83.35
5919,83.17
5920,83.15
5921,83.32600000000002
5922,83.38
5923,83.42
5924,83.2424
5925,83.28
5926,83.36
5927,83.34
5928,83.3182
5929,83.3601
5930,83.37
5931,83.41
5932,83.49
5933,83.4
5934,83.45
5935,83.48
5936,83.46
5937,83.478
5938,83.579
5939,83.565
5940,83.5406
5941,83.52
5942,83.51
5943,83.58
5944,83.47
5945,83.415
5946,83.36
5947,83.34
5948,83.08
5949,82.97
5950,82.87
5951,82.87
5952,83.12
5953,83.32
5954,83.35
5955,83.4
5956,83.4801
5957,83.47
5958,83.25
5959,83.304
5960,83.34
5961,83.16
5962,83.18
5963,83.35
5964,83.37
5965,83.4
5966,83.3899
5967,83.35
5968,83.22
5969,83.26
5970,83.23
5971,83.24
5972,83.325
5973,83.22
5974,83.2
5975,82.84
5976,83.03
5977,82.96
5978,82.89
5979,82.86
5980,82.738
5981,82.72
5982,82.88
5983,82.7731
5984,82.82
5985,82.86
5986,82.829
5987,82.79
5988,82.77
5989,82.85
5990,82.73
5991,82.6701
5992,82.6348
5993,82.66
5994,82.539
5995,82.495
5996,82.43
5997,82.4918
5998,82.43
5999,82.54
