,0
0,89.185
1,89.165
2,89.13
3,89.03
4,88.91
5,89.12
6,88.96
7,89.0423
8,88.99
9,89.0
10,88.91
11,88.91
12,87.81
13,87.96
14,88.01
15,87.9333
16,88.0
17,87.96
18,88.0
19,87.979
20,87.7793
21,87.79
22,87.57
23,87.5333
24,87.82
25,87.9
26,87.87
27,87.84
28,87.81
29,87.82
30,87.98
31,87.885
32,87.83
33,87.7671
34,87.64
35,87.845
36,87.69
37,87.65
38,87.65
39,88.14
40,88.55
41,88.2
42,88.42
43,88.82
44,88.68
45,88.749
46,88.88
47,88.93
48,88.89
49,88.87
50,88.95
51,88.948
52,88.87
53,88.88
54,88.88
55,88.78
56,88.7325
57,88.58
58,88.645
59,88.7
60,88.61
61,88.45
62,88.34
63,88.39
64,88.19
65,88.16
66,88.48
67,88.2951
68,88.5
69,88.27
70,88.5199
71,88.36
72,88.49
73,88.2866
74,88.295
75,88.4
76,88.23
77,88.1601
78,88.265
79,88.38
80,88.23
81,88.3
82,88.23
83,88.17
84,88.135
85,88.17
86,88.0302
87,87.875
88,87.95
89,87.73
90,88.06
91,88.14
92,88.13
93,87.18
94,87.29
95,87.11
96,87.07
97,86.95
98,86.97
99,87.23
100,87.12
101,87.1
102,87.02
103,87.2395
104,87.15
105,87.255
106,87.22
107,87.21
108,87.26
109,87.295
110,87.41
111,87.336
112,87.36
113,87.4068
114,87.4501
115,87.38
116,87.6
117,87.35
118,87.32
119,87.33
120,87.78
121,87.9006
122,87.71
123,87.46
124,87.62
125,87.41
126,87.57
127,87.5301
128,87.545
129,87.66
130,87.61
131,87.595
132,87.6
133,87.62
134,87.71
135,87.85
136,87.92
137,87.9257
138,88.01
139,87.89
140,87.94
141,87.91
142,88.015
143,87.96
144,88.08
145,87.94
146,87.96
147,87.6495
148,87.73
149,87.88
150,87.75
151,87.7668
152,87.62
153,87.765
154,87.585
155,87.5501
156,87.531
157,87.62
158,87.63
159,87.75
160,87.7486
161,87.69
162,87.62
163,87.7
164,87.6233
165,87.69
166,87.65
167,87.69
168,87.69
169,87.71
170,87.685
171,87.645
172,87.7
173,87.69
174,87.27
175,87.37
176,87.35
177,87.79
178,88.85
179,89.17
180,88.94
181,88.65
182,88.67
183,88.82
184,88.83
185,89.02
186,89.07
187,89.17
188,88.87
189,89.13
190,89.65
191,89.7
192,89.8
193,89.79
194,89.66
195,89.79
196,89.97
197,89.91
198,89.84
199,89.84
200,89.82
201,90.36
202,90.63
203,90.62
204,90.4666
205,90.57
206,90.53
207,90.4949
208,90.19
209,90.28
210,90.31
211,90.38
212,90.37100000000001
213,90.32
214,90.33
215,90.41
216,90.28
217,90.4
218,90.41
219,90.41
220,90.36
221,90.479
222,90.3833
223,90.36
224,90.29
225,90.26
226,90.42
227,90.45
228,90.61
229,90.68
230,90.71
231,90.64
232,90.57
233,90.55
234,90.454
235,90.36
236,90.445
237,90.45
238,90.36
239,90.4
240,90.36
241,90.42
242,90.4
243,90.38
244,90.32
245,90.3652
246,90.28
247,90.43
248,90.49
249,90.48
250,90.47
251,90.38
252,90.41
253,90.36
254,90.35
255,90.45
256,90.06
257,90.38
258,90.28
259,90.306
260,90.39
261,90.405
262,90.355
263,90.38
264,90.18
265,90.02
266,90.05
267,90.23
268,90.28
269,90.43
270,90.3255
271,90.2175
272,90.26
273,90.27
274,90.235
275,90.175
276,90.1295
277,90.13
278,90.12
279,90.18
280,90.16
281,90.14
282,90.77
283,90.92
284,90.92
285,91.19
286,91.205
287,91.21
288,91.27
289,91.3
290,91.36
291,91.33
292,91.44
293,91.34
294,91.405
295,91.28
296,91.23
297,91.25
298,91.18
299,91.1
300,90.92
301,90.69
302,90.75
303,90.85
304,90.87
305,90.965
306,90.91
307,90.98
308,90.99
309,90.72
310,90.5
311,90.52
312,90.325
313,90.4434
314,90.49
315,90.3
316,90.27
317,90.04
318,90.21
319,90.35
320,90.38
321,90.41
322,90.48
323,90.505
324,90.3352
325,90.2899
326,90.11
327,90.26
328,90.23200000000001
329,90.04
330,90.01
331,90.07
332,90.0395
333,90.0
334,90.01
335,90.01
336,90.52
337,90.95
338,90.71
339,90.62
340,90.6499
341,90.72
342,90.48
343,90.39
344,90.1255
345,90.14
346,90.18
347,90.09
348,90.05
349,90.085
350,89.958
351,89.89
352,89.93
353,89.97
354,89.62
355,89.4
356,89.5
357,89.61
358,89.81
359,89.829
360,89.8603
361,89.96
362,89.99
363,90.47
364,90.39
365,90.2
366,90.26
367,90.21
368,90.3601
369,90.44
370,90.67
371,90.48
372,90.64
373,90.54
374,90.54
375,90.6
376,90.64
377,90.7
378,90.81
379,90.89
380,90.9699
381,90.95
382,91.05
383,91.1499
384,91.18
385,91.23
386,91.27
387,91.243
388,91.32
389,91.31
390,91.81
391,91.92
392,91.78
393,91.93
394,92.115
395,92.275
396,92.19
397,92.27
398,92.309
399,92.2
400,92.31
401,92.28
402,92.3732
403,92.4
404,92.4
405,92.61
406,92.56
407,92.55
408,92.62
409,92.74
410,92.5665
411,92.55
412,92.51
413,92.4568
414,92.36
415,92.1
416,92.09
417,91.93
418,92.39
419,92.89
420,92.81
421,92.96
422,92.95
423,93.3
424,93.24
425,93.135
426,93.2
427,93.32
428,93.29
429,93.16
430,93.2421
431,93.36
432,93.465
433,93.41
434,93.3
435,93.35
436,93.49
437,93.315
438,93.3
439,93.43
440,93.38
441,93.3791
442,93.12
443,93.13
444,93.14
445,92.79
446,92.81
447,92.98
448,93.02
449,93.17
450,93.16
451,93.44
452,93.3601
453,93.27
454,93.33
455,93.31
456,93.29
457,93.27
458,93.2125
459,93.15
460,93.2
461,93.19
462,93.07
463,93.044
464,93.07
465,93.05
466,93.05
467,93.06
468,93.22
469,93.42
470,93.42
471,93.06
472,93.18
473,93.35
474,93.02
475,93.1
476,93.13
477,93.15
478,93.06
479,93.17
480,93.08
481,92.9335
482,92.9299
483,92.96
484,93.0799
485,92.9218
486,92.7401
487,92.50299999999999
488,92.455
489,92.6123
490,92.6845
491,92.72
492,92.8
493,92.55
494,92.37
495,92.25
496,91.56
497,91.56
498,91.99
499,92.21
500,92.025
501,91.64
502,91.68
503,91.7
504,91.52
505,91.31
506,91.45
507,91.47099999999999
508,91.4
509,91.45
510,91.61
511,91.55
512,91.44
513,91.36000000000001
514,91.44
515,91.41
516,91.32
517,91.4099
518,91.37
519,91.34
520,91.43
521,91.55
522,91.66
523,91.61
524,91.6
525,91.5
526,91.51
527,91.42000000000002
528,91.2832
529,91.145
530,91.1
531,91.11
532,90.78
533,90.79
534,90.875
535,91.22
536,91.27500000000002
537,91.02
538,91.1496
539,91.21
540,91.21
541,91.2065
542,91.195
543,91.45
544,91.4575
545,91.45
546,91.48
547,91.63
548,91.68
549,91.51
550,91.42000000000002
551,91.43
552,91.85
553,91.79
554,91.77
555,91.73
556,91.7
557,91.72
558,91.69
559,91.735
560,91.63
561,91.5875
562,91.53
563,91.58
564,91.59500000000001
565,91.6
566,91.64
567,91.65
568,91.7
569,91.83
570,91.97
571,92.0101
572,91.999
573,92.01
574,92.11
575,92.1455
576,91.98
577,91.78
578,91.75
579,92.08
580,92.01
581,91.94
582,92.01
583,92.1199
584,92.36
585,92.08
586,92.17
587,92.14
588,92.36
589,92.28
590,92.17
591,92.17
592,92.33
593,92.37999999999998
594,92.51
595,92.42
596,92.31
597,92.29499999999999
598,92.3484
599,92.32
600,92.28
601,92.285
602,92.33
603,92.25
604,92.36
605,92.36
606,92.421
607,92.37999999999998
608,92.21
609,92.03
610,91.96
611,92.17
612,92.23
613,92.12009999999998
614,92.18000000000002
615,92.17
616,92.2
617,92.155
618,92.17
619,92.25
620,92.18000000000002
621,92.20750000000001
622,92.316
623,92.3
624,92.29499999999999
625,92.22
626,92.33
627,92.4542
628,92.58499999999998
629,92.40999999999998
630,92.45
631,92.28
632,92.28
633,91.87
634,91.9
635,91.725
636,91.725
637,91.84
638,91.795
639,91.9
640,91.794
641,91.82
642,91.67
643,91.83
644,91.79
645,91.79
646,91.73
647,91.86
648,91.73
649,91.755
650,91.735
651,91.69
652,91.69
653,91.6
654,91.64
655,91.5618
656,91.47
657,91.51
658,91.61
659,91.6
660,91.71000000000001
661,91.52
662,91.5662
663,91.52
664,91.55
665,91.5888
666,91.545
667,91.58
668,91.59
669,91.61
670,91.525
671,91.6101
672,91.635
673,91.725
674,91.6754
675,91.66
676,91.6
677,91.632
678,91.7025
679,91.67
680,91.6782
681,91.86
682,91.865
683,91.8695
684,91.9
685,91.81
686,91.81
687,91.15
688,91.26
689,90.9765
690,90.99
691,91.16
692,91.41
693,91.404
694,91.27500000000002
695,91.2162
696,91.25
697,91.1225
698,90.94999999999999
699,91.08
700,91.1434
701,91.37
702,91.08
703,90.97
704,91.0
705,91.03
706,90.99
707,91.04000000000002
708,91.18
709,91.2
710,91.26
711,91.3725
712,91.08
713,91.11
714,91.2001
715,91.21
716,91.135
717,91.18
718,91.18
719,91.25
720,91.13
721,91.09
722,91.25
723,91.295
724,91.41
725,91.43
726,91.30799999999999
727,91.49
728,91.45
729,91.5
730,91.3745
731,91.26999999999998
732,91.37
733,91.205
734,91.19
735,91.29
736,91.295
737,91.2401
738,91.305
739,91.21
740,91.21
741,90.68
742,90.73
743,90.78
744,90.73
745,90.8
746,90.76320000000001
747,90.97999999999999
748,90.79989999999998
749,90.8245
750,90.85
751,90.82
752,90.8
753,90.73
754,90.8
755,90.75
756,90.73
757,90.73
758,90.65
759,90.62
760,90.61
761,90.62
762,90.75
763,90.74600000000001
764,90.76
765,90.7
766,90.88
767,90.89
768,90.42
769,90.46
770,90.46
771,90.4
772,90.525
773,90.57000000000001
774,90.57000000000001
775,90.5557
776,90.5
777,90.48
778,90.3777
779,90.42
780,90.402
781,90.47
782,90.45
783,90.55
784,90.62
785,90.65
786,90.535
787,90.61
788,90.57000000000001
789,90.55
790,91.49
791,91.56500000000001
792,91.2
793,91.43
794,91.37
795,91.36000000000001
796,91.415
797,91.42000000000002
798,91.42000000000002
799,91.49
800,91.4899
801,91.5
802,91.39000000000001
803,91.345
804,91.25
805,91.19
806,91.26
807,91.26
808,91.273
809,91.23
810,91.42000000000002
811,91.32999999999998
812,91.41
813,91.29999999999998
814,91.28
815,91.26
816,91.31
817,90.52
818,90.4256
819,90.43
820,90.41
821,90.56
822,90.5862
823,90.655
824,90.7875
825,90.83
826,91.03
827,91.12499999999999
828,91.39000000000001
829,91.55
830,91.4364
831,91.44
832,91.29
833,91.235
834,91.18
835,91.14
836,90.95299999999999
837,90.87
838,90.94999999999999
839,91.04000000000002
840,90.91999999999999
841,90.915
842,91.1533
843,91.37
844,90.44
845,90.32
846,90.42
847,90.53210000000001
848,90.51
849,90.42
850,90.34
851,90.445
852,90.38
853,90.47
854,90.46
855,90.51
856,90.47
857,90.63
858,90.595
859,90.5149
860,90.605
861,90.515
862,90.713
863,90.9325
864,90.81
865,90.685
866,90.85
867,90.55
868,90.43
869,90.37
870,90.36
871,90.8
872,91.05
873,90.97
874,90.94999999999999
875,90.91999999999999
876,91.1099
877,91.15
878,91.04000000000002
879,91.14
880,90.61
881,90.67
882,90.83
883,90.7251
884,90.48
885,90.53
886,90.48
887,90.56
888,90.55
889,90.62
890,90.68
891,90.83
892,90.8
893,90.94999999999999
894,90.76
895,90.6451
896,90.83
897,90.81
898,91.3425
899,91.06
900,91.58
901,91.57
902,91.41
903,91.57
904,91.45200000000001
905,91.53
906,91.56
907,91.59
908,91.44499999999998
909,91.51
910,91.43
911,91.4801
912,91.58989999999999
913,91.55
914,91.495
915,91.44
916,91.38
917,91.57
918,91.57
919,91.61
920,91.5768
921,91.55
922,91.7
923,91.45
924,91.42000000000002
925,91.35
926,91.305
927,91.355
928,91.2453
929,91.22
930,91.2475
931,91.23999999999998
932,91.25030000000001
933,91.32
934,91.36000000000001
935,91.37
936,91.4
937,91.5
938,91.34
939,91.4001
940,91.085
941,91.045
942,91.06
943,91.1425
944,91.22
945,91.08
946,91.13
947,91.1701
948,91.29999999999998
949,91.145
950,91.06
951,91.05
952,91.17
953,91.285
954,91.84
955,91.74000000000001
956,91.67
957,91.4784
958,91.56500000000001
959,91.87
960,91.7901
961,91.72
962,91.55
963,91.52
964,91.5
965,91.58
966,91.61
967,91.68
968,91.59299999999999
969,91.49
970,91.56249999999999
971,91.5342
972,91.66
973,91.53
974,91.59249999999999
975,91.4
976,91.4
977,91.62
978,91.62
979,92.46999999999998
980,92.495
981,92.51700000000001
982,92.465
983,92.37999999999998
984,92.37
985,92.46
986,92.35
987,92.43
988,92.6
989,92.55
990,92.40999999999998
991,92.45
992,92.37999999999998
993,92.13
994,92.23
995,92.19
996,92.43
997,92.33
998,92.3
999,92.24
1000,92.16
1001,92.02
1002,91.8
1003,91.91000000000001
1004,92.0
1005,91.99
1006,91.68
1007,91.54
1008,91.34000000000002
1009,91.21
1010,91.12000000000002
1011,91.24989999999998
1012,91.16
1013,91.2899
1014,91.35
1015,91.28
1016,91.385
1017,91.36
1018,91.3
1019,91.31999999999998
1020,91.37
1021,91.46999999999998
1022,91.405
1023,91.45
1024,91.42
1025,91.4
1026,91.3884
1027,91.4
1028,91.56000000000002
1029,91.6493
1030,91.59
1031,91.75
1032,91.76
1033,91.46999999999998
1034,91.46999999999998
1035,91.64499999999998
1036,92.15
1037,91.991
1038,92.36
1039,92.4
1040,92.405
1041,92.33999999999999
1042,92.265
1043,92.25
1044,92.1488
1045,92.1001
1046,91.97
1047,91.84990000000002
1048,91.97999999999999
1049,92.13000000000001
1050,92.23
1051,92.26
1052,92.128
1053,92.07
1054,92.12
1055,92.04999999999998
1056,92.18
1057,92.1
1058,92.01
1059,92.0
1060,92.09600000000002
1061,92.2204
1062,92.55999999999999
1063,92.59
1064,92.65000000000002
1065,92.84
1066,92.755
1067,92.78000000000002
1068,92.837
1069,92.86
1070,92.76
1071,92.71
1072,92.72
1073,92.74
1074,92.54
1075,92.625
1076,92.76999999999998
1077,92.69999999999999
1078,92.72
1079,92.78000000000002
1080,92.81
1081,92.81
1082,92.8033
1083,92.87
1084,92.82500000000002
1085,92.73
1086,92.71
1087,92.68
1088,92.49000000000001
1089,92.33
1090,92.475
1091,92.38
1092,92.37
1093,92.23
1094,92.28100000000002
1095,92.295
1096,92.305
1097,92.29000000000002
1098,92.2599
1099,92.23550000000002
1100,92.33999999999999
1101,92.3269
1102,92.36
1103,92.37
1104,92.36
1105,92.54999999999998
1106,92.49000000000001
1107,92.39
1108,92.48
1109,92.57
1110,92.61
1111,92.72
1112,92.78000000000002
1113,92.78000000000002
1114,93.41
1115,93.7399
1116,93.84999999999998
1117,93.93
1118,93.93
1119,94.22999999999999
1120,94.14
1121,94.2
1122,94.0576
1123,94.1301
1124,94.19
1125,94.19
1126,94.35
1127,94.36
1128,94.2607
1129,94.14
1130,94.27
1131,94.30000000000001
1132,94.391
1133,94.29
1134,94.23200000000003
1135,94.31000000000002
1136,94.25499999999998
1137,94.2332
1138,93.96
1139,94.39
1140,94.41
1141,94.92
1142,94.88000000000001
1143,95.04000000000002
1144,95.15249999999999
1145,95.15999999999998
1146,95.07
1147,95.06500000000001
1148,94.99500000000002
1149,94.99
1150,94.94999999999999
1151,94.9
1152,94.75
1153,94.66010000000001
1154,94.7013
1155,94.63
1156,94.585
1157,94.5
1158,94.58999999999999
1159,94.58999999999999
1160,94.56
1161,94.68000000000002
1162,94.49
1163,94.49
1164,94.38
1165,94.39499999999998
1166,94.36
1167,94.36
1168,95.02000000000001
1169,95.01
1170,95.13
1171,94.79
1172,94.80049999999999
1173,94.9
1174,94.96
1175,95.02000000000001
1176,94.81000000000002
1177,94.81000000000002
1178,94.9
1179,94.7512
1180,94.62
1181,94.68000000000002
1182,94.61
1183,94.62
1184,94.66000000000001
1185,94.66000000000001
1186,94.5
1187,94.75
1188,94.72
1189,94.53
1190,94.52000000000001
1191,94.39
1192,94.55
1193,94.53
1194,94.53
1195,93.51000000000002
1196,93.1
1197,92.87
1198,92.8612
1199,92.43000000000002
1200,92.62
1201,92.72
1202,92.43000000000002
1203,92.58
1204,92.63000000000001
1205,92.59499999999998
1206,92.43000000000002
1207,92.46
1208,92.415
1209,92.435
1210,92.45
1211,92.58
1212,92.6625
1213,92.74
1214,92.655
1215,92.6
1216,92.54
1217,92.43000000000002
1218,92.55999999999999
1219,92.76999999999998
1220,92.74
1221,92.72
1222,92.88
1223,93.26999999999998
1224,93.67
1225,93.81
1226,93.9
1227,94.025
1228,94.015
1229,94.155
1230,94.00999999999999
1231,94.14
1232,94.03
1233,94.04
1234,94.18
1235,94.105
1236,94.31000000000002
1237,94.2499
1238,94.4212
1239,94.39
1240,94.41
1241,94.355
1242,94.36
1243,94.36
1244,94.36999999999999
1245,94.36
1246,94.43
1247,94.48
1248,94.43999999999998
1249,94.51
1250,94.41
1251,94.34
1252,94.36999999999999
1253,94.35
1254,94.57999999999998
1255,94.57999999999998
1256,94.66000000000001
1257,94.641
1258,94.72999999999999
1259,94.65
1260,94.66000000000001
1261,94.79
1262,94.78
1263,94.77
1264,95.03000000000002
1265,95.01
1266,94.91499999999999
1267,94.86
1268,94.76
1269,94.83
1270,94.9099
1271,94.7
1272,94.744
1273,94.5125
1274,94.54
1275,94.54
1276,94.98
1277,94.52000000000001
1278,94.51
1279,94.42
1280,94.46
1281,94.58999999999999
1282,94.5752
1283,94.5442
1284,94.5469
1285,94.6295
1286,94.62
1287,94.7
1288,94.87
1289,95.01
1290,94.98499999999999
1291,95.11
1292,95.08999999999999
1293,95.18000000000002
1294,95.24000000000001
1295,95.11
1296,95.1
1297,95.2199
1298,95.0745
1299,95.31990000000002
1300,95.35
1301,95.28
1302,95.26
1303,95.30999999999999
1304,95.18000000000002
1305,95.43
1306,95.5
1307,95.6245
1308,95.81989999999999
1309,95.77
1310,95.6701
1311,95.75000000000001
1312,95.82
1313,95.82
1314,95.8
1315,95.831
1316,95.94
1317,96.01
1318,96.0
1319,95.99
1320,95.8
1321,95.51999999999998
1322,95.59
1323,95.66999999999999
1324,95.67999999999999
1325,95.63
1326,95.451
1327,95.465
1328,95.58
1329,95.60000000000001
1330,95.99
1331,95.60000000000001
1332,95.75000000000001
1333,95.65
1334,95.60000000000001
1335,95.48
1336,95.62
1337,96.09999999999998
1338,96.29
1339,96.375
1340,96.21
1341,96.12000000000002
1342,96.27
1343,96.38999999999999
1344,96.56
1345,96.395
1346,96.35
1347,96.35
1348,96.35
1349,96.3
1350,96.4899
1351,96.51
1352,96.355
1353,96.3699
1354,96.37
1355,96.42
1356,96.44
1357,95.28
1358,95.8
1359,95.92
1360,95.69
1361,95.67999999999999
1362,95.66999999999999
1363,95.74000000000001
1364,95.81
1365,95.8699
1366,95.65999999999998
1367,95.5799
1368,95.55
1369,95.46
1370,95.29
1371,95.21
1372,95.06
1373,94.875
1374,94.7761
1375,94.48
1376,94.69500000000001
1377,95.01
1378,94.56999999999998
1379,94.51
1380,94.43
1381,94.444
1382,94.09000000000002
1383,94.11
1384,94.87
1385,94.84
1386,94.51
1387,94.56
1388,94.29
1389,94.17
1390,94.1
1391,94.20289999999999
1392,94.1
1393,94.14
1394,94.26
1395,94.38
1396,94.56
1397,94.93
1398,94.954
1399,95.07
1400,95.15999999999998
1401,95.0399
1402,94.979
1403,94.85
1404,94.57999999999998
1405,94.5
1406,94.61
1407,94.6285
1408,94.825
1409,94.97
1410,94.97
1411,93.96
1412,94.33
1413,94.16
1414,94.06999999999998
1415,93.63999999999999
1416,93.54
1417,93.8
1418,93.66
1419,93.85999999999999
1420,93.93
1421,93.9236
1422,93.74
1423,93.93
1424,93.99
1425,93.93
1426,94.1701
1427,94.47
1428,94.42
1429,94.45299999999999
1430,94.48
1431,94.27
1432,94.31000000000002
1433,94.4421
1434,94.32
1435,94.21999999999998
1436,94.051
1437,94.04
1438,91.74
1439,91.2
1440,91.415
1441,91.31999999999998
1442,91.05
1443,91.31
1444,91.45
1445,91.31
1446,91.46999999999998
1447,91.56000000000002
1448,91.50569999999999
1449,91.56000000000002
1450,91.75
1451,91.85
1452,92.05799999999998
1453,91.91000000000001
1454,91.72
1455,91.66
1456,91.41
1457,91.41
1458,91.22
1459,91.33000000000001
1460,91.45999999999998
1461,91.53
1462,91.67200000000001
1463,91.69000000000001
1464,91.69000000000001
1465,92.17
1466,92.15
1467,92.08
1468,91.9
1469,91.97999999999999
1470,91.92000000000002
1471,92.25269999999999
1472,92.36
1473,92.33
1474,92.4875
1475,92.52499999999999
1476,92.3901
1477,92.46
1478,92.405
1479,92.29000000000002
1480,92.36499999999998
1481,92.21
1482,91.95
1483,92.02
1484,91.99
1485,91.94
1486,91.76
1487,91.80499999999999
1488,91.88
1489,91.87
1490,91.91000000000001
1491,91.95
1492,92.0332
1493,92.0
1494,91.75
1495,91.8868
1496,91.93
1497,92.03
1498,92.0
1499,92.04
1500,92.18000000000002
1501,92.33
1502,92.48000000000002
1503,92.59
1504,92.52
1505,92.43
1506,92.464
1507,92.585
1508,92.69
1509,92.56
1510,92.56
1511,92.6
1512,92.89
1513,92.74
1514,92.7
1515,92.66999999999999
1516,92.73
1517,92.76
1518,92.82
1519,93.42
1520,93.085
1521,92.97000000000001
1522,92.92599999999999
1523,93.0
1524,93.0
1525,92.95999999999998
1526,93.14
1527,93.205
1528,93.34
1529,93.26
1530,93.27
1531,93.3
1532,93.29
1533,93.27
1534,93.26
1535,93.266
1536,93.294
1537,93.305
1538,93.29
1539,93.58
1540,93.465
1541,93.295
1542,93.49
1543,93.44
1544,93.58
1545,93.6
1546,94.31
1547,94.4307
1548,94.3898
1549,94.245
1550,94.39
1551,94.48
1552,94.52
1553,94.49
1554,94.52
1555,94.539
1556,94.62
1557,94.64899999999999
1558,94.70499999999998
1559,94.855
1560,94.77
1561,94.75
1562,94.75
1563,94.83
1564,94.86000000000001
1565,94.84999999999998
1566,94.72
1567,94.75
1568,94.6
1569,94.37
1570,94.18
1571,94.07
1572,94.05
1573,94.45
1574,94.47
1575,94.45
1576,94.48
1577,94.58
1578,94.38
1579,94.446
1580,94.43
1581,94.345
1582,94.41
1583,94.345
1584,94.35
1585,94.4099
1586,94.47
1587,94.49
1588,94.54
1589,94.525
1590,94.71
1591,94.8
1592,94.74
1593,94.66000000000001
1594,94.45
1595,94.55
1596,94.53
1597,94.565
1598,94.64
1599,94.64
1600,94.75
1601,95.11
1602,94.99
1603,94.91
1604,95.07
1605,95.075
1606,95.17
1607,95.1894
1608,95.14
1609,95.3
1610,95.3
1611,95.34
1612,95.36
1613,95.46
1614,95.46
1615,95.45
1616,95.47
1617,95.63
1618,95.6
1619,95.49
1620,95.48
1621,95.54
1622,95.56700000000001
1623,95.565
1624,95.51
1625,95.32
1626,95.31
1627,95.38
1628,95.3302
1629,95.42
1630,95.48
1631,95.495
1632,95.54999999999998
1633,95.59
1634,95.559
1635,95.38
1636,95.5
1637,95.79
1638,95.87
1639,95.87
1640,95.77
1641,95.8
1642,95.759
1643,95.90500000000002
1644,95.94
1645,95.91
1646,95.945
1647,96.0
1648,96.06
1649,96.04
1650,95.9605
1651,95.94999999999999
1652,95.94
1653,95.96
1654,95.35000000000001
1655,95.38
1656,95.39
1657,95.49
1658,95.434
1659,95.37
1660,95.55799999999999
1661,95.74
1662,95.76000000000002
1663,95.67
1664,95.6031
1665,95.48
1666,95.57
1667,95.831
1668,95.71
1669,95.67
1670,95.72
1671,95.87700000000001
1672,95.696
1673,95.67
1674,95.76799999999999
1675,95.78
1676,95.57199999999999
1677,95.46
1678,95.4905
1679,95.58
1680,95.59
1681,95.79
1682,95.94999999999999
1683,96.1599
1684,96.33
1685,96.3001
1686,96.37
1687,96.475
1688,96.52
1689,96.57
1690,96.64999999999999
1691,96.57
1692,96.41
1693,96.44
1694,96.4
1695,96.3
1696,96.11
1697,96.0199
1698,96.1
1699,96.22
1700,96.175
1701,96.045
1702,96.01
1703,95.81
1704,95.72
1705,95.65
1706,95.7
1707,95.67
1708,95.93
1709,95.635
1710,95.62
1711,95.645
1712,95.33
1713,95.39
1714,95.7476
1715,95.81
1716,95.4262
1717,95.36
1718,95.32
1719,95.22
1720,95.271
1721,95.24
1722,95.12
1723,95.2
1724,95.16
1725,95.08
1726,94.83
1727,94.9
1728,94.7925
1729,94.71
1730,94.73
1731,94.94
1732,94.99
1733,95.01
1734,95.01
1735,94.9099
1736,94.8
1737,94.9539
1738,94.93
1739,94.81
1740,94.855
1741,95.00500000000001
1742,95.03
1743,95.04999999999998
1744,94.97
1745,94.84
1746,94.77
1747,94.72
1748,94.86000000000001
1749,94.95
1750,94.74
1751,94.61
1752,94.675
1753,94.64
1754,94.37
1755,94.24
1756,94.17
1757,94.21
1758,94.1499
1759,94.18
1760,94.25999999999999
1761,94.25999999999999
1762,93.6
1763,93.35
1764,93.45999999999998
1765,93.45999999999998
1766,93.31
1767,93.39
1768,93.3
1769,93.26
1770,93.21
1771,93.325
1772,93.32
1773,93.2
1774,93.11
1775,92.92
1776,93.1208
1777,93.15
1778,93.145
1779,93.15
1780,93.2075
1781,93.18
1782,93.185
1783,93.15999999999998
1784,93.14
1785,93.0675
1786,93.15
1787,93.12
1788,93.11
1789,93.2
1790,93.18
1791,93.21450000000002
1792,93.275
1793,93.35
1794,93.35
1795,93.34
1796,93.3
1797,93.34
1798,93.31499999999998
1799,93.26
1800,93.26
1801,93.38
1802,93.405
1803,93.45999999999998
1804,93.37000000000002
1805,93.55
1806,93.5574
1807,93.5
1808,93.5
1809,93.5199
1810,93.57700000000001
1811,93.73
1812,93.8
1813,93.76
1814,93.61
1815,93.61
1816,94.22
1817,94.08
1818,94.15
1819,94.5001
1820,94.44
1821,94.15
1822,94.04
1823,94.0
1824,94.0
1825,94.0
1826,93.96000000000001
1827,94.04
1828,93.78
1829,93.91
1830,93.98
1831,93.9
1832,93.91
1833,93.98
1834,93.95
1835,93.93
1836,93.95
1837,94.0
1838,94.1105
1839,94.33200000000001
1840,94.4458
1841,94.52
1842,94.51
1843,93.05
1844,93.195
1845,93.27
1846,93.58
1847,93.71
1848,93.83
1849,93.95
1850,94.32
1851,94.42
1852,94.365
1853,94.48
1854,94.37
1855,94.3632
1856,94.3875
1857,94.38
1858,94.41
1859,94.18
1860,94.2
1861,94.28
1862,94.05
1863,94.09
1864,94.16000000000001
1865,94.09
1866,94.15
1867,94.13
1868,94.05999999999999
1869,94.04
1870,94.44
1871,94.5512
1872,94.79
1873,94.8
1874,94.87
1875,94.96
1876,94.8622
1877,94.92
1878,94.9857
1879,94.9903
1880,95.0
1881,94.84
1882,94.7871
1883,94.7701
1884,94.8
1885,94.84
1886,94.8342
1887,94.78
1888,94.77
1889,94.81
1890,94.765
1891,94.75
1892,95.0
1893,94.8
1894,94.92
1895,94.97
1896,94.96
1897,95.32
1898,95.0797
1899,95.14
1900,95.155
1901,95.19
1902,95.36
1903,95.48
1904,95.44989999999999
1905,95.5901
1906,95.64
1907,95.93
1908,95.74999999999999
1909,96.09
1910,96.23
1911,96.2
1912,96.18
1913,96.11
1914,95.89
1915,96.14
1916,96.09
1917,95.86
1918,95.96
1919,96.14999999999999
1920,96.17
1921,96.23
1922,96.3
1923,96.3
1924,95.765
1925,95.68
1926,95.74
1927,95.74700000000001
1928,95.92
1929,96.0
1930,96.09
1931,96.0
1932,96.31
1933,96.17
1934,96.12
1935,95.99
1936,96.045
1937,96.08
1938,96.06
1939,95.98
1940,96.02
1941,95.85000000000001
1942,95.88
1943,95.76000000000002
1944,95.74
1945,95.60499999999999
1946,95.49
1947,95.49
1948,95.49
1949,95.44
1950,95.44
1951,95.54999999999998
1952,95.42
1953,95.24999999999999
1954,95.18
1955,95.215
1956,95.21
1957,95.1925
1958,95.33
1959,95.23
1960,95.19
1961,95.0645
1962,95.15
1963,95.33
1964,95.235
1965,95.391
1966,95.31
1967,95.2901
1968,95.4
1969,95.49
1970,95.43
1971,95.56
1972,95.68
1973,95.74
1974,95.881
1975,95.84
1976,95.69
1977,95.68
1978,95.03
1979,95.02
1980,95.21
1981,95.24999999999999
1982,95.15
1983,95.31
1984,95.47
1985,95.35000000000001
1986,95.35000000000001
1987,95.26000000000002
1988,95.47
1989,95.31
1990,95.17
1991,95.19
1992,95.21
1993,95.01
1994,94.98
1995,95.02
1996,95.03
1997,95.03
1998,94.95
1999,94.93
2000,94.8401
2001,94.93999999999998
2002,94.85999999999999
2003,94.98
2004,95.00000000000001
2005,94.51
2006,94.215
2007,94.05999999999999
2008,93.8101
2009,93.8
2010,93.97
2011,93.95
2012,93.89
2013,93.995
2014,94.13999999999999
2015,94.13000000000001
2016,94.13999999999999
2017,94.07199999999999
2018,94.17
2019,94.21000000000001
2020,94.13999999999999
2021,94.22
2022,94.26000000000002
2023,94.26000000000002
2024,94.21000000000001
2025,94.46
2026,94.54
2027,94.55
2028,94.2732
2029,94.19999999999999
2030,94.38
2031,94.4
2032,94.48000000000002
2033,94.52
2034,94.79
2035,95.24
2036,94.63
2037,94.62
2038,94.89
2039,94.97
2040,95.01
2041,94.88
2042,94.87
2043,94.71000000000001
2044,94.43
2045,94.71499999999999
2046,94.55
2047,94.45
2048,94.43
2049,94.4263
2050,94.27999999999999
2051,94.16
2052,94.24
2053,94.37
2054,94.4
2055,94.0301
2056,94.03800000000001
2057,93.97999999999999
2058,93.97
2059,94.25
2060,93.97999999999999
2061,93.77000000000001
2062,93.42
2063,93.61
2064,93.5
2065,93.885
2066,94.04000000000002
2067,93.83
2068,93.755
2069,94.08
2070,94.17
2071,94.02
2072,94.16
2073,94.0796
2074,93.82
2075,93.84999999999998
2076,94.19999999999999
2077,94.24
2078,94.27
2079,94.44
2080,94.42500000000001
2081,94.54
2082,94.4199
2083,94.19999999999999
2084,94.32
2085,94.31
2086,93.79
2087,93.47999999999999
2088,93.43
2089,93.53
2090,93.47999999999999
2091,93.69999999999999
2092,93.9412
2093,93.83999999999999
2094,94.23589999999999
2095,94.22
2096,94.03
2097,93.96
2098,93.81
2099,93.82
2100,94.09
2101,94.04000000000002
2102,93.96
2103,94.05
2104,93.97999999999999
2105,93.94
2106,93.91000000000001
2107,94.05
2108,94.24
2109,94.04000000000002
2110,93.89
2111,94.13000000000001
2112,94.12000000000002
2113,95.37999999999998
2114,95.31
2115,95.41
2116,95.035
2117,94.63
2118,94.39
2119,94.05
2120,93.97999999999999
2121,93.455
2122,93.53
2123,93.62999999999998
2124,93.52
2125,93.51
2126,93.38
2127,93.45
2128,93.26999999999998
2129,93.22
2130,93.21
2131,93.28
2132,93.47000000000001
2133,93.36
2134,93.42
2135,93.32
2136,93.3699
2137,93.43
2138,93.36
2139,93.36
2140,92.38
2141,91.56
2142,91.84
2143,91.66
2144,91.6
2145,91.52
2146,91.58
2147,91.63
2148,91.54
2149,91.54
2150,91.53
2151,91.515
2152,91.63
2153,91.56
2154,91.6
2155,92.0
2156,92.13
2157,92.11
2158,92.1915
2159,92.03
2160,92.12700000000001
2161,92.03
2162,92.1
2163,92.105
2164,92.1
2165,92.26
2166,92.25
2167,92.28
2168,92.79
2169,92.66
2170,92.62
2171,92.47
2172,92.56
2173,92.34
2174,92.24
2175,92.18
2176,92.4
2177,92.5
2178,92.5745
2179,92.5488
2180,92.68
2181,92.6
2182,92.71
2183,92.7
2184,92.58
2185,92.56
2186,92.64
2187,92.5599
2188,92.571
2189,92.52
2190,92.44
2191,92.48
2192,92.42
2193,92.42
2194,92.31
2195,92.23
2196,92.03
2197,92.01100000000001
2198,92.22
2199,92.17
2200,92.42
2201,92.37
2202,92.44
2203,92.43
2204,92.18
2205,92.26
2206,92.31
2207,92.43
2208,92.5
2209,92.55
2210,92.3204
2211,92.33
2212,92.26
2213,92.12
2214,91.9
2215,91.64
2216,91.76
2217,91.6201
2218,91.693
2219,90.94
2220,90.91
2221,90.62
2222,90.48
2223,91.475
2224,91.55
2225,90.98
2226,92.13
2227,91.99
2228,91.91
2229,92.19
2230,92.07
2231,92.38600000000001
2232,92.13
2233,92.33
2234,92.09
2235,92.35
2236,92.369
2237,92.375
2238,92.5346
2239,92.6199
2240,92.44
2241,92.44
2242,92.32
2243,92.11
2244,92.32
2245,92.38
2246,92.41
2247,92.38
2248,92.66
2249,92.5298
2250,92.48
2251,92.43
2252,92.09
2253,92.33
2254,92.35
2255,92.1699
2256,92.27
2257,92.16
2258,91.93
2259,91.68
2260,92.0397
2261,92.05
2262,92.04
2263,91.77
2264,91.65
2265,91.66
2266,91.53
2267,91.5
2268,91.51
2269,91.51
2270,91.54
2271,91.74
2272,92.09
2273,91.89
2274,91.89
2275,91.2725
2276,91.17
2277,91.22
2278,91.06
2279,91.08
2280,91.24799999999999
2281,91.25
2282,91.02
2283,91.1
2284,90.98
2285,90.71
2286,90.935
2287,90.8601
2288,90.664
2289,90.93
2290,90.8982
2291,90.91
2292,90.74
2293,90.66
2294,90.575
2295,90.85
2296,90.92
2297,90.85
2298,90.82
2299,90.71
2300,90.47
2301,90.47
2302,89.85
2303,89.71
2304,89.59
2305,89.76
2306,89.76
2307,89.75
2308,89.82
2309,89.679
2310,89.97
2311,89.94
2312,89.8
2313,89.6
2314,89.72
2315,89.77
2316,89.92
2317,89.89
2318,89.92
2319,89.99
2320,89.97
2321,90.26
2322,90.417
2323,90.49
2324,90.49
2325,90.95
2326,91.195
2327,91.66
2328,92.0
2329,92.265
2330,92.62
2331,92.91
2332,92.75
2333,92.7
2334,92.39
2335,92.35
2336,92.39
2337,92.33
2338,92.24
2339,92.1763
2340,92.17
2341,92.1
2342,91.96
2343,91.95
2344,91.98
2345,91.63
2346,91.56
2347,91.37
2348,91.11
2349,91.14
2350,91.5
2351,91.56
2352,91.67
2353,91.8
2354,92.09
2355,92.09
2356,92.03
2357,91.555
2358,91.72
2359,91.77
2360,91.6601
2361,91.7199
2362,91.82
2363,91.78
2364,91.8
2365,91.85
2366,91.8099
2367,91.78
2368,91.82
2369,91.75
2370,91.72
2371,91.785
2372,91.6199
2373,91.765
2374,91.806
2375,91.859
2376,91.9
2377,92.13
2378,91.8399
2379,91.82
2380,91.59
2381,91.64
2382,91.63
2383,91.04
2384,91.04
2385,91.2
2386,91.215
2387,91.69
2388,91.89
2389,91.66
2390,92.05
2391,92.18
2392,92.27
2393,92.16
2394,91.865
2395,91.92
2396,91.9768
2397,91.8
2398,91.84
2399,91.76
2400,91.65
2401,91.7
2402,91.74
2403,91.685
2404,91.8
2405,91.83
2406,91.62
2407,91.36
2408,91.24
2409,91.23
2410,91.85
2411,91.7198
2412,91.5
2413,91.65
2414,91.81
2415,91.68
2416,91.73
2417,91.78
2418,91.51
2419,91.1889
2420,91.23
2421,91.19
2422,91.46
2423,91.43
2424,91.76
2425,91.67
2426,91.5075
2427,91.635
2428,91.52
2429,91.63
2430,91.635
2431,92.02
2432,92.04
2433,92.11
2434,91.93
2435,91.66
2436,91.65
2437,91.46
2438,91.7396
2439,91.65799999999999
2440,91.76
2441,91.86
2442,91.75
2443,91.9
2444,92.07
2445,92.03
2446,91.98
2447,91.8701
2448,91.81
2449,92.1
2450,92.319
2451,92.21
2452,92.235
2453,92.05
2454,92.2
2455,92.31
2456,92.44
2457,92.23
2458,92.27
2459,92.43
2460,92.539
2461,92.57
2462,92.58
2463,92.58
2464,92.77
2465,92.95
2466,92.945
2467,92.84
2468,93.02
2469,92.63
2470,92.76
2471,92.91
2472,92.57
2473,92.61
2474,92.57
2475,92.44
2476,92.51
2477,92.31
2478,92.37
2479,92.19
2480,92.15
2481,92.11
2482,92.16
2483,92.32
2484,92.28
2485,92.11
2486,92.285
2487,92.24
2488,92.09
2489,92.08
2490,92.12
2491,92.4799
2492,92.85
2493,92.85
2494,92.64
2495,92.79
2496,92.68
2497,92.89
2498,92.59
2499,92.62
2500,92.61
2501,92.45
2502,92.41
2503,92.49
2504,92.51
2505,92.45
2506,92.6768
2507,92.54
2508,92.62
2509,92.4
2510,92.05
2511,92.23
2512,91.9999
2513,92.14
2514,92.37
2515,92.53
2516,92.48
2517,92.47
2518,92.14
2519,92.19
2520,92.245
2521,92.36
2522,92.405
2523,92.315
2524,92.22
2525,92.35
2526,92.41
2527,92.39
2528,92.4
2529,92.32
2530,92.55
2531,92.63
2532,92.59
2533,92.52
2534,92.59
2535,92.595
2536,92.655
2537,92.69
2538,92.66
2539,92.73
2540,92.6799
2541,92.84
2542,92.74
2543,92.67
2544,92.65
2545,92.94200000000001
2546,92.8
2547,92.97
2548,93.02
2549,92.88
2550,92.73
2551,92.74
2552,92.72
2553,92.81
2554,92.76
2555,92.62
2556,92.58
2557,92.54
2558,92.64
2559,92.54
2560,92.52
2561,92.47
2562,92.67
2563,92.2
2564,91.92
2565,91.71
2566,90.92
2567,90.87
2568,91.28
2569,90.86
2570,90.26
2571,90.26
2572,89.48
2573,89.02
2574,88.54
2575,88.22
2576,88.0472
2577,88.07
2578,87.58
2579,87.83
2580,87.72
2581,87.8145
2582,88.12
2583,87.945
2584,87.74
2585,87.68
2586,87.68
2587,87.45
2588,87.69
2589,87.68
2590,87.28
2591,86.61
2592,86.95
2593,86.63
2594,86.86
2595,86.6436
2596,86.44
2597,86.64
2598,86.63
2599,87.76
2600,88.015
2601,88.32
2602,88.07
2603,87.73
2604,87.72
2605,87.32
2606,87.09100000000002
2607,86.85
2608,86.81
2609,86.71
2610,86.76
2611,87.08
2612,87.5
2613,87.7
2614,87.7336
2615,87.84
2616,87.65
2617,87.51
2618,87.73
2619,87.69
2620,87.9
2621,88.03
2622,87.96
2623,87.61
2624,87.5
2625,87.46
2626,86.39
2627,86.2
2628,86.4401
2629,86.14
2630,86.8
2631,86.59
2632,86.67
2633,86.29
2634,86.33
2635,86.4975
2636,86.46
2637,86.6097
2638,86.81
2639,86.9901
2640,87.45
2641,87.46
2642,87.65
2643,87.46
2644,87.52
2645,87.88
2646,87.82
2647,87.76
2648,87.61
2649,87.43
2650,87.52
2651,86.86
2652,86.85
2653,86.68
2654,86.5
2655,86.294
2656,86.53
2657,86.461
2658,86.71
2659,86.7
2660,86.48
2661,86.43
2662,86.65
2663,86.67
2664,86.55
2665,86.7601
2666,86.53
2667,86.49
2668,86.25
2669,86.42
2670,86.25
2671,86.27
2672,86.29
2673,86.56
2674,86.54
2675,86.70700000000002
2676,86.71
2677,86.825
2678,86.54
2679,86.5
2680,87.295
2681,87.17
2682,87.34
2683,87.08
2684,87.27
2685,87.5
2686,87.34
2687,87.43
2688,87.33
2689,87.44
2690,87.53
2691,87.38
2692,87.49
2693,87.4
2694,87.41
2695,87.44
2696,87.49
2697,87.59
2698,87.8391
2699,88.03
2700,88.0699
2701,88.28
2702,88.06
2703,87.84
2704,87.7
2705,87.54
2706,87.54
2707,88.15
2708,88.33
2709,88.21
2710,88.7232
2711,88.84
2712,88.7
2713,88.7
2714,88.55
2715,88.32
2716,88.45
2717,88.13
2718,87.8
2719,87.96
2720,87.86
2721,87.9
2722,87.82
2723,88.1
2724,88.03
2725,88.06
2726,88.15
2727,88.0199
2728,87.925
2729,87.905
2730,87.92
2731,87.78
2732,87.77
2733,87.78
2734,87.9
2735,87.39
2736,87.98
2737,87.87
2738,88.0
2739,88.04
2740,88.2
2741,87.94
2742,87.85
2743,87.805
2744,87.54
2745,87.51
2746,87.579
2747,87.545
2748,87.555
2749,87.49
2750,87.51
2751,87.52
2752,87.45
2753,87.46
2754,87.39
2755,87.46
2756,87.22
2757,87.06
2758,87.23
2759,86.56
2760,86.62
2761,87.8
2762,87.49
2763,87.91
2764,87.6764
2765,87.73
2766,87.56
2767,87.7602
2768,87.8
2769,87.76
2770,87.7602
2771,87.74
2772,87.552
2773,87.4975
2774,87.5569
2775,87.469
2776,87.61
2777,87.46
2778,87.49
2779,87.52
2780,87.56
2781,87.68
2782,87.635
2783,87.65
2784,87.54
2785,87.43
2786,87.51
2787,87.53
2788,87.49
2789,87.45
2790,87.59
2791,87.51
2792,87.64
2793,87.97200000000002
2794,88.2
2795,88.15
2796,88.08
2797,88.31
2798,88.09
2799,88.03
2800,87.67
2801,87.82
2802,87.75
2803,87.72
2804,87.61
2805,87.61
2806,87.43
2807,87.18
2808,87.24
2809,87.52
2810,87.42
2811,87.23
2812,87.34
2813,87.56
2814,87.56
2815,87.21
2816,87.11
2817,87.26
2818,87.54
2819,87.34
2820,87.29
2821,87.75
2822,87.91
2823,87.85
2824,88.17
2825,88.03
2826,88.01
2827,88.0
2828,87.76
2829,87.75
2830,88.01
2831,87.7
2832,87.61
2833,87.31
2834,87.3
2835,87.22
2836,87.03
2837,86.8
2838,86.88
2839,87.07
2840,87.22
2841,87.05
2842,86.94
2843,86.89
2844,86.94
2845,86.96
2846,87.02
2847,87.02
2848,87.22
2849,87.18
2850,87.23
2851,87.17
2852,87.21
2853,87.07
2854,87.13
2855,87.5
2856,87.51
2857,88.29
2858,88.4
2859,88.52
2860,88.86
2861,88.92
2862,88.94
2863,88.94
2864,88.73
2865,88.57
2866,88.46
2867,88.4857
2868,88.5
2869,88.37
2870,88.49
2871,88.5738
2872,88.47
2873,88.601
2874,88.57
2875,88.6
2876,88.63
2877,88.66
2878,88.765
2879,88.73
2880,88.57
2881,88.63
2882,88.59
2883,88.57
2884,89.05
2885,89.43
2886,89.46
2887,89.215
2888,89.72
2889,89.7684
2890,89.7266
2891,89.43
2892,89.325
2893,89.21
2894,89.33
2895,89.3
2896,89.38
2897,89.34
2898,89.53
2899,89.55
2900,89.42
2901,89.37
2902,89.485
2903,89.34100000000002
2904,89.26
2905,89.16799999999998
2906,89.34
2907,89.31
2908,89.24
2909,89.19
2910,89.18
2911,89.58
2912,89.82
2913,89.66
2914,89.4516
2915,89.435
2916,89.36
2917,89.17
2918,89.16
2919,89.3
2920,89.46
2921,89.39
2922,89.35
2923,89.34
2924,89.29
2925,89.294
2926,89.26
2927,89.14
2928,89.06
2929,88.82
2930,89.14
2931,89.15
2932,88.8654
2933,88.64
2934,88.8475
2935,88.54
2936,88.44
2937,88.43
2938,89.98
2939,90.21
2940,90.88
2941,90.89
2942,90.92
2943,90.9401
2944,90.85
2945,90.927
2946,90.95
2947,90.94
2948,90.82
2949,90.82
2950,90.9
2951,90.97
2952,90.88
2953,90.64
2954,90.8
2955,90.8
2956,90.695
2957,90.88
2958,90.91
2959,90.69
2960,90.51
2961,90.59
2962,90.52
2963,90.36
2964,90.34
2965,89.41
2966,89.42
2967,89.435
2968,89.45
2969,89.4449
2970,89.15
2971,89.249
2972,89.19
2973,89.3
2974,89.3
2975,89.14
2976,89.21
2977,89.44
2978,89.63
2979,89.5
2980,89.6351
2981,89.55
2982,89.46
2983,89.38
2984,89.41
2985,89.415
2986,89.3
2987,89.2704
2988,89.255
2989,89.47
2990,89.65
2991,89.7
2992,89.63
2993,89.55
2994,90.01
2995,90.054
2996,90.09
2997,90.02
2998,89.81
2999,89.89
3000,89.9
3001,90.03999999999999
3002,90.01
3003,90.01100000000002
3004,89.94
3005,89.91
3006,89.86
3007,89.78
3008,89.73
3009,89.63999999999999
3010,89.80999999999999
3011,89.81499999999998
3012,89.69999999999999
3013,89.79
3014,89.70999999999998
3015,89.65
3016,89.6401
3017,89.63
3018,89.61
3019,89.37799999999999
3020,89.708
3021,89.87999999999998
3022,90.0003
3023,90.14
3024,90.11
3025,90.1999
3026,90.25
3027,90.38999999999999
3028,90.55499999999999
3029,90.66
3030,90.641
3031,90.56999999999998
3032,90.545
3033,90.4
3034,90.25
3035,90.34
3036,90.32
3037,90.29
3038,90.26000000000002
3039,90.3099
3040,90.23
3041,90.09000000000002
3042,90.031
3043,89.97999999999999
3044,89.95
3045,90.27000000000001
3046,90.22249999999998
3047,90.29
3048,90.37
3049,90.4111
3050,90.48
3051,90.44000000000001
3052,90.38999999999999
3053,90.45
3054,90.37
3055,90.35
3056,90.37
3057,90.48
3058,90.44000000000001
3059,90.49
3060,90.54
3061,90.415
3062,90.3645
3063,90.38999999999999
3064,90.36
3065,90.32
3066,90.09000000000002
3067,90.0
3068,90.02
3069,90.1201
3070,89.8
3071,89.70999999999998
3072,88.18
3073,88.74
3074,90.01
3075,89.77
3076,89.729
3077,89.42
3078,89.45360000000001
3079,89.54
3080,89.73
3081,89.72
3082,89.77
3083,89.87499999999999
3084,89.87999999999998
3085,89.86
3086,89.69
3087,89.55
3088,89.5041
3089,89.63999999999999
3090,89.44
3091,89.39
3092,89.28
3093,89.11999999999999
3094,88.94
3095,88.99
3096,89.009
3097,89.25
3098,89.25
3099,89.40000000000002
3100,88.83999999999999
3101,88.60999999999999
3102,88.7
3103,88.9457
3104,88.98
3105,89.2457
3106,89.03
3107,88.95040000000002
3108,88.77
3109,88.6998
3110,88.65400000000001
3111,88.60499999999999
3112,88.72000000000001
3113,88.72500000000001
3114,88.71
3115,88.7974
3116,88.74
3117,88.87899999999998
3118,88.8859
3119,88.65009999999998
3120,88.63
3121,88.52
3122,88.58
3123,88.68
3124,88.62
3125,88.60999999999999
3126,89.35999999999999
3127,89.44
3128,89.59
3129,89.46999999999998
3130,89.63
3131,89.69
3132,89.545
3133,89.83
3134,90.03
3135,89.97999999999999
3136,89.92000000000002
3137,89.81999999999998
3138,89.75500000000001
3139,89.72
3140,89.62100000000004
3141,89.63999999999999
3142,89.61
3143,89.59
3144,89.6955
3145,89.59
3146,89.45
3147,89.40000000000002
3148,89.33
3149,89.35999999999999
3150,89.33
3151,89.23000000000002
3152,89.23000000000002
3153,89.18999999999998
3154,89.09
3155,89.025
3156,88.905
3157,89.1099
3158,89.15
3159,89.11999999999999
3160,89.08
3161,88.9113
3162,88.91
3163,88.86
3164,88.83999999999999
3165,88.76
3166,88.7
3167,88.83999999999999
3168,88.83999999999999
3169,88.89000000000001
3170,88.76
3171,88.89000000000001
3172,88.815
3173,88.98
3174,88.94999999999999
3175,88.8457
3176,88.8964
3177,88.86
3178,88.8
3179,88.23
3180,88.18
3181,88.19899999999998
3182,88.32999999999998
3183,88.58
3184,88.39
3185,88.18
3186,88.4
3187,88.52
3188,88.32
3189,88.25
3190,88.22099999999999
3191,88.29
3192,88.26999999999998
3193,88.24
3194,88.24879999999999
3195,88.11
3196,88.1001
3197,88.14999999999999
3198,88.075
3199,87.98899999999998
3200,88.07
3201,88.06
3202,88.13
3203,88.15499999999999
3204,88.52
3205,88.54000000000002
3206,88.32
3207,88.76
3208,88.94
3209,89.11999999999999
3210,89.41000000000001
3211,89.57
3212,89.31
3213,89.12999999999998
3214,89.16
3215,89.15
3216,89.11
3217,89.26
3218,89.36499999999998
3219,89.40000000000002
3220,89.46
3221,89.49
3222,89.35999999999999
3223,89.5
3224,89.46
3225,89.47100000000002
3226,89.435
3227,89.29999999999998
3228,89.35
3229,89.35999999999999
3230,89.34
3231,89.25
3232,89.22
3233,88.86
3234,88.57
3235,88.49999999999999
3236,88.36
3237,87.97399999999998
3238,87.92
3239,87.95
3240,87.91
3241,88.06
3242,88.08999999999999
3243,88.09499999999998
3244,88.19399999999999
3245,88.3
3246,88.31
3247,88.305
3248,88.60999999999999
3249,88.43999999999998
3250,88.46
3251,88.54000000000002
3252,88.29
3253,88.34
3254,88.48
3255,88.59299999999998
3256,88.74
3257,88.729
3258,88.88
3259,88.88
3260,88.65
3261,88.64
3262,88.62
3263,88.848
3264,88.82
3265,88.751
3266,88.66999999999999
3267,88.75
3268,88.79
3269,88.73
3270,88.48
3271,88.48
3272,88.45
3273,88.49999999999999
3274,88.693
3275,88.7575
3276,88.68
3277,88.71
3278,88.94999999999999
3279,88.92
3280,89.06000000000002
3281,89.03
3282,88.82
3283,88.79
3284,88.76
3285,88.72000000000001
3286,88.66999999999999
3287,89.0
3288,89.19099999999999
3289,89.35
3290,89.32
3291,89.27
3292,89.04549999999999
3293,89.09
3294,89.00999999999999
3295,88.98
3296,88.82
3297,88.78499999999998
3298,88.87
3299,88.89000000000001
3300,88.9225
3301,89.00999999999999
3302,88.95999999999998
3303,89.04
3304,89.08
3305,88.95999999999998
3306,89.08
3307,89.12999999999998
3308,89.08
3309,89.14
3310,89.11
3311,89.0001
3312,89.17
3313,89.17
3314,89.26
3315,89.35
3316,89.29209999999999
3317,89.81999999999998
3318,89.79
3319,89.86
3320,89.80999999999999
3321,89.73
3322,89.81999999999998
3323,89.75000000000001
3324,89.83
3325,89.81999999999998
3326,89.63999999999999
3327,89.49
3328,89.41000000000001
3329,89.28
3330,89.35
3331,89.46
3332,89.45
3333,89.521
3334,89.9
3335,89.86999999999999
3336,89.605
3337,89.65
3338,89.37
3339,89.35999999999999
3340,89.46
3341,89.6
3342,89.56
3343,89.655
3344,89.67
3345,89.57
3346,89.5
3347,89.5465
3348,89.85
3349,89.74
3350,89.74
3351,89.65
3352,89.625
3353,89.63999999999999
3354,89.63
3355,89.6496
3356,89.56
3357,89.6
3358,89.57
3359,89.57
3360,89.55
3361,89.46
3362,89.545
3363,89.55
3364,89.52
3365,89.6499
3366,89.695
3367,89.70999999999998
3368,89.58000000000001
3369,89.52999999999999
3370,89.2675
3371,89.31
3372,89.395
3373,89.28999999999999
3374,89.17999999999999
3375,89.35999999999999
3376,89.385
3377,89.32
3378,89.31
3379,89.16
3380,89.22299999999998
3381,89.34
3382,89.35999999999999
3383,89.37
3384,89.25
3385,89.2501
3386,89.29999999999998
3387,89.285
3388,89.41000000000001
3389,89.38
3390,89.28999999999999
3391,89.33049999999999
3392,89.46
3393,89.56
3394,88.93
3395,88.81
3396,89.0801
3397,88.93
3398,88.88
3399,89.04
3400,89.154
3401,89.1625
3402,89.3101
3403,89.182
3404,89.09
3405,88.796
3406,88.84999999999998
3407,88.84999999999998
3408,88.86
3409,88.84999999999998
3410,88.8
3411,88.655
3412,88.76
3413,88.65
3414,88.65
3415,88.69
3416,88.66
3417,88.69
3418,88.77
3419,88.3
3420,88.32
3421,88.315
3422,88.26999999999998
3423,88.25
3424,88.11
3425,88.17
3426,88.07
3427,88.13
3428,88.14999999999999
3429,88.07
3430,88.0233
3431,88.145
3432,88.14999999999999
3433,88.1401
3434,88.13
3435,88.14
3436,88.15999999999998
3437,88.08
3438,87.945
3439,87.92
3440,88.041
3441,88.08
3442,88.22
3443,88.3
3444,88.21000000000001
3445,88.21000000000001
3446,88.65899999999998
3447,88.6
3448,88.4696
3449,88.55000000000001
3450,88.52
3451,88.57
3452,88.56
3453,88.55250000000001
3454,88.65
3455,88.77999999999999
3456,89.04
3457,89.03
3458,89.25
3459,89.31
3460,89.51
3461,89.52
3462,89.45
3463,89.6
3464,89.6792
3465,89.665
3466,89.5701
3467,89.45
3468,89.61
3469,89.8
3470,89.55
3471,89.35999999999999
3472,89.36099999999999
3473,89.11999999999999
3474,88.95999999999998
3475,88.76
3476,88.60399999999998
3477,88.65
3478,88.49
3479,88.52
3480,88.465
3481,88.62
3482,88.76
3483,88.7629
3484,88.8
3485,88.76
3486,88.75
3487,88.79
3488,88.97
3489,89.01999999999998
3490,88.95999999999998
3491,88.93
3492,88.9
3493,88.66999999999999
3494,88.78499999999998
3495,88.58
3496,88.66999999999999
3497,88.64
3498,88.69
3499,88.7
3500,88.05
3501,88.5198
3502,88.45
3503,88.25
3504,88.17
3505,88.38
3506,88.5
3507,88.6
3508,88.583
3509,88.58
3510,88.52
3511,88.4507
3512,88.34
3513,88.2166
3514,88.08
3515,88.115
3516,88.05
3517,88.05
3518,88.0329
3519,88.07
3520,88.045
3521,88.06
3522,88.28
3523,88.33
3524,88.34
3525,88.31
3526,88.3
3527,88.25
3528,88.01
3529,87.86
3530,88.08
3531,87.935
3532,87.755
3533,87.75
3534,87.8
3535,87.88
3536,87.68
3537,87.6543
3538,87.949
3539,88.05
3540,88.17
3541,88.4
3542,88.52
3543,88.3233
3544,88.37
3545,88.38
3546,88.23
3547,88.169
3548,88.16
3549,88.18
3550,88.25
3551,88.185
3552,88.33
3553,88.33
3554,88.875
3555,88.76
3556,88.63
3557,88.32
3558,88.31
3559,88.44
3560,88.37
3561,88.36
3562,88.21
3563,88.04
3564,87.92
3565,87.9933
3566,87.98
3567,87.965
3568,87.9525
3569,88.07
3570,87.9496
3571,87.98
3572,87.93
3573,87.95
3574,88.06
3575,88.11
3576,88.1575
3577,88.185
3578,88.19
3579,88.17
3580,88.18
3581,87.8
3582,87.62
3583,87.42
3584,87.572
3585,87.29
3586,87.275
3587,87.33
3588,87.26
3589,87.14
3590,87.12
3591,87.22
3592,87.21
3593,87.18
3594,87.18
3595,87.0
3596,87.05
3597,87.1347
3598,87.15
3599,87.11
3600,87.12299999999998
3601,87.16
3602,87.06
3603,87.08
3604,87.05
3605,87.06
3606,87.11
3607,87.14
3608,85.465
3609,85.58
3610,85.63
3611,85.48
3612,85.72
3613,85.45
3614,85.36
3615,85.36
3616,85.39
3617,85.3799
3618,85.3105
3619,85.38
3620,85.48
3621,85.51
3622,85.455
3623,85.28200000000002
3624,85.08
3625,85.15
3626,85.1375
3627,85.19
3628,85.27
3629,85.2815
3630,85.12
3631,85.41
3632,85.18
3633,85.15
3634,84.88
3635,84.8
3636,84.83
3637,84.79
3638,85.12
3639,84.925
3640,84.855
3641,84.875
3642,84.8727
3643,84.91
3644,84.9
3645,84.76
3646,84.74
3647,84.76
3648,84.76
3649,84.78
3650,84.755
3651,84.8
3652,84.75
3653,84.749
3654,84.72
3655,84.7
3656,84.695
3657,84.62
3658,84.38
3659,84.2149
3660,84.21
3661,83.85799999999998
3662,84.07
3663,83.99
3664,84.18
3665,84.3
3666,84.26
3667,84.28
3668,84.26
3669,84.4
3670,84.25
3671,84.3
3672,84.5036
3673,84.569
3674,84.71
3675,84.63
3676,84.67
3677,84.61
3678,84.69
3679,84.46
3680,84.41
3681,84.68
3682,84.4811
3683,84.3
3684,84.12
3685,83.85
3686,83.78
3687,83.77
3688,84.01
3689,83.96
3690,84.08
3691,84.31
3692,84.27
3693,84.35
3694,84.315
3695,84.17
3696,84.09
3697,84.13
3698,84.19
3699,84.1088
3700,84.27
3701,84.18
3702,84.21
3703,84.21
3704,84.21
3705,84.2436
3706,84.19
3707,84.23
3708,84.235
3709,84.22
3710,84.257
3711,84.24
3712,84.23
3713,84.18
3714,84.67
3715,84.6615
3716,84.78
3717,84.9
3718,85.46
3719,85.32
3720,85.295
3721,85.17
3722,85.145
3723,85.1
3724,85.1
3725,85.09
3726,85.15
3727,85.2
3728,85.2
3729,85.31
3730,85.44
3731,85.45
3732,85.36
3733,85.4
3734,85.435
3735,85.39
3736,85.37
3737,85.37
3738,85.455
3739,85.36
3740,85.36
3741,85.228
3742,85.27600000000002
3743,85.31
3744,85.63
3745,85.53
3746,85.4
3747,85.26
3748,85.28
3749,85.31
3750,84.85
3751,84.94
3752,84.9893
3753,85.14
3754,85.16
3755,84.85
3756,84.9
3757,85.0327
3758,84.99
3759,84.86
3760,84.72
3761,84.55
3762,84.5325
3763,84.57
3764,84.42
3765,84.02
3766,84.48
3767,84.2
3768,83.91
3769,84.045
3770,84.0
3771,84.0
3772,84.0
3773,83.89
3774,83.7549
3775,83.78
3776,83.835
3777,83.9
3778,83.945
3779,83.9899
3780,83.94
3781,83.98
3782,84.02
3783,84.03
3784,83.859
3785,84.17
3786,84.18
3787,83.55
3788,83.26
3789,83.54
3790,83.5
3791,83.61
3792,83.58
3793,83.46
3794,83.3167
3795,83.42
3796,83.475
3797,83.41
3798,83.41
3799,83.3275
3800,83.33
3801,83.2103
3802,83.15100000000002
3803,83.22
3804,83.27
3805,83.18
3806,83.175
3807,83.19
3808,83.223
3809,83.3
3810,83.16
3811,83.1
3812,82.97
3813,82.95
3814,83.29
3815,83.25
3816,83.2055
3817,83.34
3818,83.4499
3819,83.65
3820,83.83
3821,83.745
3822,83.92
3823,84.05
3824,84.01
3825,84.12
3826,83.92
3827,84.06
3828,84.35
3829,84.305
3830,84.19
3831,84.16
3832,84.1
3833,84.0399
3834,84.04
3835,84.28
3836,84.115
3837,84.0376
3838,83.955
3839,83.85
3840,83.867
3841,83.59
3842,83.46
3843,83.56
3844,83.92
3845,83.85
3846,83.61
3847,83.5
3848,83.31
3849,83.4
3850,83.5
3851,83.42
3852,83.63
3853,83.59
3854,83.66
3855,83.67
3856,83.6766
3857,83.6318
3858,83.59
3859,83.51
3860,83.47
3861,83.69
3862,83.678
3863,83.78
3864,83.75
3865,83.43
3866,83.43
3867,83.44
3868,84.09
3869,84.14
3870,84.19
3871,83.9
3872,83.6
3873,83.33
3874,83.57
3875,83.39
3876,83.37
3877,83.45
3878,83.5
3879,83.4
3880,83.33
3881,83.325
3882,83.36
3883,83.47
3884,83.56
3885,83.58
3886,83.411
3887,83.35
3888,83.206
3889,83.17
3890,83.44
3891,83.325
3892,83.35
3893,83.39
3894,83.4
3895,83.63
3896,83.58
3897,83.6069
3898,83.415
3899,83.6
3900,83.65
3901,83.6338
3902,83.69
3903,83.9999
3904,84.12
3905,84.2335
3906,84.24
3907,84.2601
3908,84.19
3909,84.0801
3910,84.105
3911,84.085
3912,83.9
3913,83.84
3914,83.82
3915,83.78
3916,83.74
3917,83.95
3918,83.87
3919,83.86
3920,83.85
3921,84.15
3922,84.3899
3923,84.5
3924,84.67
3925,84.33
3926,84.34
3927,84.57
3928,84.38
3929,84.325
3930,84.32
3931,84.35
3932,84.34
3933,84.3125
3934,84.24
3935,84.21
3936,84.27
3937,84.18
3938,84.08
3939,84.07
3940,83.9601
3941,84.16
3942,84.28
3943,84.23
3944,84.15
3945,83.99
3946,84.08
3947,84.1
3948,83.8999
3949,83.69
3950,83.83
3951,83.9
3952,83.97
3953,84.25
3954,84.38
3955,84.35
3956,84.32
3957,84.41
3958,84.4
3959,84.3775
3960,84.2649
3961,84.2
3962,84.23
3963,84.24
3964,84.33
3965,84.32
3966,84.45
3967,84.49
3968,84.51100000000002
3969,84.542
3970,84.42
3971,84.5
3972,84.34
3973,84.19
3974,84.19
3975,84.055
3976,83.93
3977,83.91
3978,84.03
3979,83.94
3980,83.8301
3981,83.85
3982,83.78
3983,83.84
3984,83.90700000000002
3985,83.99
3986,83.89
3987,83.83
3988,83.8
3989,83.81
3990,83.78
3991,83.74
3992,83.7903
3993,83.87
3994,84.01
3995,84.22
3996,84.38
3997,84.39
3998,84.46
3999,84.38
4000,84.5
4001,84.49
4002,84.58
4003,84.68
4004,84.47
4005,84.4225
4006,84.36
4007,84.49
4008,84.24
4009,84.1303
4010,84.08
4011,84.213
4012,84.5
4013,84.44
4014,84.34
4015,84.47
4016,84.38
4017,84.44
4018,84.42
4019,84.37
4020,84.49
4021,84.47
4022,84.42
4023,84.45
4024,84.38
4025,84.3
4026,84.24
4027,84.24
4028,85.4205
4029,85.785
4030,85.57
4031,85.6398
4032,85.84
4033,86.04
4034,86.05
4035,86.095
4036,86.18
4037,86.2299
4038,86.25
4039,86.23
4040,86.23
4041,86.25
4042,86.2
4043,86.2145
4044,86.3075
4045,86.34899999999998
4046,86.4
4047,86.387
4048,86.4565
4049,86.52
4050,86.54
4051,86.48
4052,86.49
4053,86.57
4054,86.02
4055,86.24
4056,86.21
4057,86.47
4058,86.57
4059,86.67200000000004
4060,86.45
4061,86.265
4062,86.26
4063,86.36
4064,86.38
4065,86.34
4066,86.2
4067,86.23
4068,86.2225
4069,86.32
4070,86.38
4071,86.29
4072,86.31
4073,86.29
4074,86.2912
4075,86.435
4076,86.25
4077,86.26
4078,86.34
4079,86.26
4080,87.3
4081,87.495
4082,87.26
4083,87.32
4084,87.5
4085,87.62
4086,87.74
4087,87.7
4088,87.696
4089,87.76
4090,87.61
4091,87.6299
4092,87.59
4093,87.58
4094,87.65
4095,87.67
4096,87.59
4097,87.586
4098,87.58
4099,87.57
4100,87.63
4101,87.75
4102,87.84
4103,87.79700000000004
4104,87.68
4105,87.77
4106,87.78
4107,88.77
4108,88.77
4109,88.51
4110,88.76
4111,88.71
4112,88.68
4113,88.48
4114,88.53
4115,88.55
4116,88.46
4117,88.47
4118,88.39
4119,88.28
4120,88.22
4121,88.07
4122,88.15
4123,87.99
4124,88.07
4125,88.0865
4126,88.24
4127,88.005
4128,88.0
4129,88.07
4130,87.9
4131,87.77
4132,87.86
4133,87.85
4134,88.03
4135,88.11
4136,88.17
4137,88.22399999999998
4138,88.245
4139,88.2
4140,88.15
4141,88.01
4142,88.24
4143,88.249
4144,88.22
4145,88.195
4146,88.15
4147,88.12
4148,88.13
4149,88.1
4150,87.971
4151,87.904
4152,88.0856
4153,88.13
4154,88.14
4155,88.21
4156,88.19
4157,88.2
4158,88.2
4159,88.22
4160,88.22
4161,88.14
4162,87.96600000000002
4163,88.16
4164,88.03
4165,87.99
4166,88.11
4167,88.05
4168,88.096
4169,87.9338
4170,87.9
4171,87.984
4172,88.0
4173,88.005
4174,88.053
4175,88.11
4176,88.18
4177,88.09
4178,88.03
4179,89.455
4180,89.5911
4181,89.65
4182,90.18
4183,89.85
4184,89.9
4185,90.11
4186,90.01
4187,89.95
4188,90.775
4189,91.1335
4190,90.7725
4191,90.85
4192,90.91
4193,90.705
4194,90.61
4195,90.588
4196,90.61
4197,90.675
4198,90.75
4199,90.859
4200,90.675
4201,90.57
4202,90.55
4203,90.59
4204,90.51
4205,90.53
4206,90.74
4207,90.62
4208,90.63
4209,90.79
4210,90.84
4211,90.83
4212,90.74
4213,90.55
4214,90.6
4215,90.6
4216,90.559
4217,90.85
4218,90.6599
4219,90.63
4220,90.536
4221,90.56
4222,90.581
4223,90.54
4224,90.58
4225,90.49
4226,90.54
4227,90.5399
4228,90.6
4229,90.56
4230,90.553
4231,90.55
4232,90.55
4233,90.541
4234,90.3845
4235,90.5574
4236,90.54
4237,90.5
4238,90.57
4239,90.45
4240,89.86
4241,89.36
4242,89.29
4243,89.52
4244,89.81
4245,89.67
4246,89.71
4247,89.72
4248,89.94
4249,89.74799999999998
4250,89.85
4251,89.77
4252,89.7525
4253,89.76
4254,89.7402
4255,89.75
4256,89.74
4257,89.86
4258,89.75
4259,89.79
4260,89.86
4261,90.01
4262,89.89
4263,89.72
4264,89.82
4265,89.75
4266,89.73
4267,87.555
4268,87.51
4269,87.54
4270,87.955
4271,87.98
4272,88.11
4273,87.9
4274,87.87
4275,87.9
4276,87.9901
4277,87.93
4278,87.9065
4279,87.96
4280,87.85
4281,87.77
4282,87.65
4283,87.8
4284,87.78
4285,87.68
4286,87.677
4287,87.54
4288,87.57
4289,87.53
4290,87.43
4291,87.41
4292,87.42
4293,87.42
4294,87.5
4295,87.3799
4296,87.04
4297,87.079
4298,87.33
4299,87.07
4300,86.92
4301,87.04
4302,87.02
4303,86.95
4304,86.9
4305,86.85
4306,86.82
4307,86.91
4308,86.91
4309,86.745
4310,86.6
4311,86.82
4312,86.99
4313,87.03
4314,86.934
4315,86.84
4316,87.0
4317,87.0199
4318,87.03
4319,86.92
4320,86.91
4321,86.95
4322,87.09
4323,87.1399
4324,87.2
4325,87.23
4326,87.07
4327,87.03
4328,87.1483
4329,87.27
4330,87.32
4331,87.27
4332,87.18
4333,87.43
4334,87.48
4335,87.5
4336,87.52
4337,87.46
4338,87.5325
4339,87.47
4340,87.47
4341,87.43
4342,87.47
4343,87.44
4344,87.462
4345,87.49
4346,87.69
4347,87.01
4348,86.825
4349,86.98
4350,87.0
4351,86.94
4352,86.98
4353,86.81
4354,86.9
4355,87.2899
4356,87.2501
4357,87.36
4358,87.4
4359,87.3369
4360,87.29
4361,87.2101
4362,87.13
4363,87.16
4364,87.175
4365,87.18
4366,87.134
4367,87.13
4368,87.17
4369,87.2176
4370,87.37100000000002
4371,87.265
4372,87.32
4373,87.329
4374,86.5525
4375,86.5
4376,86.82
4377,86.91
4378,86.765
4379,86.906
4380,87.02
4381,86.96
4382,87.0
4383,87.09
4384,87.065
4385,87.08
4386,87.03
4387,87.06
4388,87.085
4389,87.05
4390,87.06
4391,86.87
4392,86.83
4393,86.734
4394,86.73
4395,86.62
4396,86.395
4397,86.4705
4398,86.39
4399,86.6
4400,86.59
4401,86.72
4402,86.67
4403,86.87
4404,87.0
4405,87.0
4406,87.2101
4407,87.11
4408,87.17
4409,87.33
4410,87.37
4411,87.34
4412,87.3199
4413,87.24
4414,87.35
4415,87.345
4416,87.3781
4417,87.38
4418,87.21
4419,87.11
4420,87.075
4421,87.005
4422,87.13
4423,87.03
4424,87.08
4425,87.03
4426,87.36
4427,87.24
4428,87.36
4429,86.83
4430,86.7802
4431,86.75
4432,87.08
4433,87.046
4434,87.38
4435,87.3473
4436,87.46
4437,87.49
4438,87.4
4439,87.76
4440,87.63
4441,87.5
4442,87.69
4443,87.6797
4444,87.615
4445,87.53
4446,87.52
4447,87.41
4448,87.45
4449,87.35
4450,87.35
4451,87.41
4452,87.68
4453,87.11
4454,87.08
4455,87.07
4456,87.01
4457,87.12
4458,87.04
4459,86.92
4460,86.88
4461,86.91
4462,86.98
4463,87.11
4464,87.26
4465,87.19
4466,87.4699
4467,87.48
4468,87.67
4469,87.7
4470,87.71
4471,87.79
4472,87.83
4473,87.8
4474,87.81
4475,87.81
4476,87.76
4477,87.68
4478,87.49
4479,87.49
4480,87.17
4481,87.38
4482,87.63
4483,87.22
4484,87.27
4485,87.19
4486,86.86
4487,86.99
4488,87.06
4489,87.175
4490,87.12
4491,87.4
4492,87.3
4493,87.2
4494,87.18
4495,87.08
4496,87.12
4497,86.98
4498,87.12
4499,87.0639
4500,87.0
4501,87.12
4502,87.17
4503,87.08
4504,86.96
4505,87.03
4506,87.04
4507,86.83
4508,86.97
4509,87.13
4510,87.165
4511,87.05
4512,87.07
4513,87.0901
4514,87.04
4515,87.14
4516,87.04
4517,86.99
4518,86.9
4519,86.775
4520,86.67
4521,86.74
4522,86.72
4523,86.71
4524,86.76
4525,86.84
4526,86.96
4527,87.02
4528,86.98
4529,87.075
4530,86.91
4531,86.87
4532,86.59
4533,86.58
4534,86.24
4535,86.289
4536,86.4301
4537,86.61
4538,86.84
4539,86.49
4540,86.7
4541,86.57799999999996
4542,86.485
4543,86.48
4544,86.42
4545,86.48
4546,86.47
4547,86.39
4548,86.3
4549,86.3
4550,86.17
4551,86.11
4552,86.03
4553,86.16
4554,86.08
4555,86.09
4556,86.1
4557,86.33
4558,86.25
4559,85.95
4560,85.94
4561,86.24
4562,85.91
4563,85.72
4564,85.84
4565,85.55
4566,85.12
4567,85.065
4568,84.84
4569,84.7
4570,84.76
4571,84.78
4572,84.61
4573,84.53
4574,84.28
4575,84.36
4576,84.43
4577,84.43
4578,84.44
4579,84.44
4580,84.46
4581,84.41
4582,84.51
4583,84.41
4584,84.39
4585,84.27
4586,84.2
4587,84.16
4588,85.28
4589,85.156
4590,85.12
4591,85.34
4592,85.59
4593,85.65
4594,85.69
4595,85.82
4596,85.58
4597,85.48
4598,85.38
4599,85.3
4600,85.45
4601,85.384
4602,85.51
4603,85.29
4604,85.45
4605,85.4562
4606,85.4999
4607,85.59
4608,85.62
4609,85.61
4610,86.09
4611,86.03
4612,85.91
4613,86.18
4614,86.17
4615,86.05
4616,85.93
4617,85.4699
4618,85.21
4619,85.21
4620,85.14
4621,85.2
4622,85.13
4623,85.09299999999998
4624,85.05
4625,85.15
4626,85.1
4627,85.06
4628,85.0628
4629,85.1
4630,84.95
4631,84.93
4632,84.98
4633,85.01
4634,84.94
4635,84.95
4636,84.92
4637,84.97
4638,84.8838
4639,84.805
4640,84.97
4641,84.77
4642,85.13
4643,85.59100000000002
4644,85.47
4645,85.59
4646,85.64
4647,85.64
4648,85.74
4649,85.84
4650,86.05
4651,85.9332
4652,85.95
4653,86.19
4654,86.19
4655,86.4
4656,86.47
4657,86.68
4658,86.51
4659,86.645
4660,86.62200000000001
4661,86.64
4662,86.766
4663,87.01
4664,86.76299999999998
4665,86.6456
4666,86.7
4667,86.69
4668,86.04
4669,85.77
4670,85.95
4671,85.9
4672,85.625
4673,85.7
4674,85.96
4675,85.94
4676,85.81
4677,85.9
4678,85.99
4679,85.96
4680,85.97
4681,85.99
4682,85.97
4683,85.92
4684,85.79
4685,85.82
4686,85.94
4687,85.84
4688,85.71
4689,85.69
4690,85.695
4691,85.58
4692,85.42
4693,85.48
4694,85.7145
4695,85.76
4696,85.75
4697,85.8
4698,85.7525
4699,86.12
4700,86.04
4701,86.0299
4702,86.22
4703,86.05
4704,85.94
4705,85.87
4706,85.86
4707,85.62
4708,85.84
4709,86.04
4710,85.98
4711,85.83
4712,85.6763
4713,85.63
4714,85.83
4715,85.86
4716,86.08
4717,85.84
4718,85.926
4719,86.06
4720,86.09
4721,86.5
4722,87.09
4723,87.26
4724,87.05
4725,86.9199
4726,86.8652
4727,86.94
4728,86.66
4729,86.8199
4730,86.85
4731,86.84
4732,86.82
4733,86.85
4734,86.93
4735,86.9
4736,86.84
4737,86.97
4738,86.87
4739,86.97
4740,87.03
4741,86.97
4742,86.99
4743,86.973
4744,86.975
4745,86.92
4746,86.89
4747,86.89200000000002
4748,86.94
4749,87.07
4750,86.97
4751,87.04
4752,86.92
4753,87.07
4754,86.95
4755,86.97
4756,87.04
4757,87.03
4758,87.15
4759,87.15
4760,87.215
4761,87.0
4762,87.15
4763,87.23
4764,87.14
4765,87.17
4766,86.99
4767,86.99
4768,86.925
4769,86.87
4770,86.875
4771,86.9
4772,87.0
4773,86.94
4774,86.95
4775,86.54
4776,86.7199
4777,86.93
4778,86.74
4779,86.89
4780,86.82
4781,86.77
4782,86.78
4783,86.77
4784,86.83
4785,86.8
4786,86.76
4787,86.765
4788,86.669
4789,86.7184
4790,86.63
4791,86.67
4792,86.76
4793,86.83
4794,86.835
4795,86.8
4796,86.81
4797,86.895
4798,86.785
4799,86.8
4800,86.82
4801,86.84
4802,87.0
4803,87.53
4804,87.67
4805,87.77
4806,87.76
4807,87.385
4808,87.405
4809,87.41
4810,87.63
4811,87.49
4812,87.59
4813,87.54
4814,87.6
4815,87.675
4816,87.6
4817,87.55
4818,87.55
4819,87.67
4820,87.73100000000002
4821,87.78
4822,87.73
4823,87.825
4824,87.87
4825,87.77
4826,87.78
4827,87.48
4828,87.66
4829,87.71
4830,87.51
4831,87.35
4832,87.54
4833,87.6
4834,87.84
4835,88.04
4836,88.29
4837,88.19
4838,88.46
4839,88.2775
4840,88.335
4841,88.57
4842,88.43
4843,88.32700000000001
4844,88.4403
4845,88.1452
4846,88.11
4847,88.18
4848,88.165
4849,88.13
4850,88.07
4851,88.1
4852,88.13
4853,88.12
4854,88.86200000000002
4855,89.05
4856,89.1
4857,88.82
4858,88.76
4859,88.7
4860,88.55
4861,88.641
4862,88.71
4863,88.835
4864,88.645
4865,88.78
4866,88.67
4867,88.86
4868,88.705
4869,88.58
4870,88.56
4871,88.38
4872,88.25
4873,88.185
4874,88.37
4875,88.4874
4876,88.5
4877,88.495
4878,88.13
4879,88.19
4880,88.199
4881,88.22
4882,87.97
4883,87.95
4884,87.985
4885,88.1
4886,88.24
4887,88.22
4888,88.2545
4889,88.2501
4890,88.21
4891,88.22
4892,88.1949
4893,88.025
4894,88.1621
4895,88.16
4896,88.03
4897,87.96
4898,87.88
4899,87.92
4900,87.965
4901,88.035
4902,88.1
4903,88.2075
4904,88.29
4905,88.62
4906,88.61
4907,89.21
4908,89.24
4909,89.566
4910,89.51
4911,89.55
4912,89.395
4913,89.17
4914,89.39
4915,89.219
4916,89.47
4917,89.68
4918,89.6
4919,89.55
4920,89.68
4921,89.58
4922,89.675
4923,89.785
4924,89.71
4925,89.95
4926,90.0999
4927,90.335
4928,90.15
4929,90.065
4930,90.08
4931,89.95
4932,89.91
4933,89.94
4934,89.66
4935,90.0
4936,90.05
4937,90.1439
4938,90.06
4939,90.05
4940,90.16
4941,90.095
4942,90.265
4943,90.43
4944,90.31
4945,90.3721
4946,90.28
4947,90.3265
4948,90.33
4949,90.37
4950,90.241
4951,90.1945
4952,90.31
4953,90.3899
4954,90.4356
4955,90.41
4956,90.34
4957,90.35
4958,90.115
4959,90.4
4960,90.41
4961,90.19
4962,90.41
4963,90.61
4964,90.53
4965,90.51
4966,90.655
4967,90.46
4968,90.25399999999999
4969,90.31
4970,90.1801
4971,90.47
4972,90.375
4973,90.46
4974,90.335
4975,90.24
4976,90.06
4977,90.1
4978,90.22
4979,90.215
4980,89.8
4981,89.58
4982,89.617
4983,89.65
4984,89.58
4985,89.63
4986,89.35
4987,89.37
4988,89.62
4989,89.27
4990,88.995
4991,88.83
4992,89.05
4993,89.05
4994,89.27
4995,89.55
4996,89.46
4997,89.4
4998,89.42
4999,89.42
5000,89.624
5001,89.78
5002,89.63
5003,89.65
5004,89.77
5005,89.89
5006,89.9
5007,89.95
5008,89.91
5009,89.855
5010,89.985
5011,89.86
5012,89.84
5013,89.15
5014,89.12
5015,90.07
5016,90.08
5017,89.69
5018,89.62
5019,89.51
5020,89.6399
5021,89.44
5022,89.6325
5023,89.7
5024,89.51
5025,89.54
5026,89.61
5027,89.52
5028,89.52
5029,89.44
5030,89.37
5031,89.705
5032,89.67
5033,89.65
5034,89.645
5035,89.64
5036,89.61
5037,89.84
5038,89.78399999999998
5039,89.96
5040,89.78
5041,89.76
5042,90.02
5043,89.98
5044,89.96
5045,89.905
5046,89.95
5047,89.7
5048,89.75
5049,89.77
5050,89.91
5051,89.81
5052,89.96
5053,90.01
5054,90.04
5055,90.0
5056,90.08
5057,90.08
5058,90.13
5059,90.04
5060,90.04
5061,90.0
5062,90.06700000000002
5063,90.13
5064,90.18
5065,90.22
5066,90.21
5067,90.29
5068,90.27
5069,90.28
5070,90.2404
5071,89.91
5072,89.98
5073,90.1
5074,90.07
5075,90.27
5076,90.25
5077,90.09
5078,90.28
5079,90.25
5080,90.3
5081,90.28
5082,90.34
5083,90.38
5084,90.33
5085,90.28
5086,90.23
5087,90.12
5088,90.24
5089,90.31
5090,90.32
5091,90.38
5092,90.26
5093,90.14
5094,90.13
5095,90.74
5096,90.895
5097,91.08
5098,90.98
5099,90.77
5100,90.72
5101,90.7
5102,90.67
5103,90.57
5104,90.73
5105,90.68
5106,90.83
5107,90.645
5108,90.87100000000001
5109,90.88
5110,90.99
5111,90.912
5112,90.9
5113,90.89
5114,90.95
5115,91.075
5116,91.07
5117,90.9699
5118,91.02
5119,90.83
5120,91.01
5121,91.01
5122,90.96
5123,90.971
5124,91.05
5125,91.01
5126,90.89
5127,90.75
5128,90.66
5129,90.72
5130,90.4284
5131,90.43
5132,90.4202
5133,90.33
5134,90.2859
5135,90.165
5136,90.15
5137,90.065
5138,90.01
5139,89.95
5140,89.8502
5141,89.74
5142,89.72
5143,89.86
5144,89.73
5145,89.68
5146,89.86
5147,89.97
5148,89.97
5149,89.3
5150,88.9596
5151,88.789
5152,88.97
5153,88.95
5154,89.05
5155,88.9726
5156,88.89
5157,89.1
5158,88.89
5159,89.07
5160,89.0
5161,88.9745
5162,88.93
5163,89.01
5164,89.15
5165,89.09
5166,89.19
5167,89.05
5168,88.95
5169,88.936
5170,88.9
5171,88.93
5172,88.86
5173,89.09
5174,89.41
5175,89.41
5176,89.94
5177,89.83
5178,90.1
5179,90.19
5180,90.1522
5181,90.24
5182,90.31
5183,90.2
5184,90.32
5185,90.26
5186,90.23
5187,90.13
5188,89.98
5189,90.02
5190,89.94
5191,89.88
5192,89.77
5193,89.91
5194,89.98
5195,89.915
5196,89.91
5197,89.8075
5198,89.825
5199,89.83
5200,89.81
5201,89.74
5202,89.73
5203,88.99
5204,88.95
5205,89.41
5206,89.35
5207,89.36
5208,89.46
5209,89.64
5210,89.63
5211,89.4899
5212,89.65
5213,89.5
5214,89.41
5215,89.48
5216,89.63
5217,89.58
5218,89.46
5219,89.33
5220,89.29
5221,89.31
5222,89.22
5223,89.29
5224,89.5899
5225,89.67
5226,89.47
5227,89.69
5228,89.76
5229,89.75
5230,89.62
5231,89.99
5232,89.78
5233,89.85
5234,90.06
5235,89.765
5236,89.76
5237,89.89
5238,89.5919
5239,89.65
5240,89.43
5241,89.72
5242,90.01
5243,89.96
5244,90.09100000000001
5245,90.27
5246,90.34
5247,90.48
5248,90.52
5249,90.58
5250,90.345
5251,90.36
5252,90.41
5253,90.485
5254,90.65
5255,90.63
5256,90.64
5257,91.04
5258,90.93
5259,90.775
5260,90.89
5261,91.01
5262,90.985
5263,90.98
5264,91.02
5265,91.01
5266,90.99
5267,90.93
5268,90.85
5269,90.78
5270,90.82
5271,90.93
5272,90.95200000000001
5273,90.89
5274,90.77
5275,90.77
5276,90.84
5277,90.82
5278,90.71
5279,90.75
5280,90.82
5281,90.8065
5282,90.71
5283,90.72
5284,91.22
5285,91.2401
5286,91.29
5287,91.07
5288,91.1
5289,91.08
5290,91.05
5291,91.05
5292,91.139
5293,91.0
5294,91.02
5295,91.01
5296,91.0238
5297,90.8221
5298,90.83
5299,91.03
5300,91.17
5301,91.17
5302,91.21
5303,91.3
5304,91.2323
5305,91.26
5306,91.315
5307,91.29
5308,91.28
5309,91.37
5310,91.46
5311,91.43
5312,91.59200000000001
5313,91.7
5314,91.56
5315,91.53
5316,91.52
5317,91.615
5318,91.61
5319,91.65
5320,91.75
5321,91.7576
5322,91.583
5323,91.61399999999999
5324,91.67
5325,91.71
5326,91.7599
5327,91.69
5328,91.76
5329,91.75
5330,91.58
5331,91.65799999999999
5332,91.5768
5333,91.6
5334,91.59
5335,91.65
5336,91.19
5337,91.38
5338,91.48
5339,91.45
5340,91.45
5341,91.37
5342,91.29
5343,91.37
5344,91.26
5345,91.1701
5346,91.36
5347,91.41
5348,91.385
5349,91.3125
5350,91.3499
5351,91.31
5352,91.355
5353,91.36
5354,91.405
5355,91.4
5356,91.44
5357,91.4301
5358,91.46
5359,91.46
5360,91.48
5361,91.47
5362,91.76
5363,91.691
5364,91.55
5365,91.64
5366,91.37
5367,91.4
5368,91.44
5369,91.4499
5370,91.5
5371,91.34
5372,89.73
5373,89.72
5374,88.765
5375,89.07
5376,89.27
5377,89.015
5378,89.2
5379,89.02
5380,88.72
5381,89.13
5382,89.0
5383,89.12
5384,89.16
5385,89.4
5386,89.26
5387,89.31
5388,89.3
5389,87.12
5390,86.6
5391,86.46
5392,86.06
5393,86.12
5394,85.97
5395,86.0476
5396,86.08
5397,86.06
5398,85.85
5399,85.75
5400,85.63
5401,85.58
5402,85.43
5403,85.271
5404,85.08
5405,85.13
5406,85.37
5407,85.5761
5408,85.7899
5409,85.785
5410,86.415
5411,86.39
5412,86.4499
5413,86.4101
5414,86.6
5415,86.6
5416,86.66
5417,86.95
5418,86.78
5419,86.51
5420,86.42
5421,86.61
5422,86.53
5423,86.76
5424,86.9761
5425,86.85
5426,86.78
5427,86.79
5428,86.8
5429,86.779
5430,86.895
5431,86.97
5432,86.99
5433,86.96
5434,87.09
5435,87.02
5436,87.015
5437,86.87
5438,86.97
5439,86.845
5440,86.92
5441,86.93
5442,86.95
5443,86.8
5444,86.6101
5445,86.81
5446,86.74
5447,86.81
5448,86.7598
5449,86.83
5450,86.7328
5451,86.565
5452,86.57
5453,86.55
5454,86.585
5455,86.58
5456,86.48
5457,86.4901
5458,86.505
5459,86.48
5460,86.4874
5461,86.471
5462,86.4997
5463,86.4901
5464,86.49
5465,86.2928
5466,86.35
5467,86.255
5468,86.3
5469,86.29
5470,84.945
5471,85.09
5472,85.225
5473,84.995
5474,85.11
5475,85.08
5476,85.17
5477,85.155
5478,85.33
5479,85.45
5480,85.69
5481,85.675
5482,85.8501
5483,85.68
5484,85.76
5485,85.875
5486,85.8399
5487,86.09
5488,86.32
5489,86.005
5490,86.04
5491,85.9501
5492,85.75
5493,85.8
5494,85.85
5495,85.5
5496,85.61
5497,85.6
5498,85.5438
5499,85.54
5500,85.5277
5501,85.56
5502,85.68
5503,85.65
5504,85.49
5505,85.561
5506,85.465
5507,85.39
5508,85.40000000000002
5509,85.38
5510,85.48
5511,85.49
5512,85.46999999999998
5513,85.52
5514,85.446
5515,85.52
5516,85.6
5517,85.5
5518,85.5
5519,85.51299999999998
5520,85.56
5521,85.49
5522,85.5
5523,85.53269999999999
5524,85.485
5525,85.53
5526,85.65
5527,85.565
5528,85.6099
5529,85.68999999999998
5530,85.89
5531,85.87
5532,85.85
5533,85.75
5534,85.64
5535,85.6
5536,85.52
5537,85.54
5538,85.33
5539,85.40000000000002
5540,85.27
5541,85.33
5542,85.34
5543,85.38
5544,85.41
5545,85.39
5546,85.46
5547,85.49
5548,85.43
5549,85.4999
5550,85.40000000000002
5551,85.45
5552,85.355
5553,85.28
5554,85.48
5555,85.49
5556,85.5
5557,85.50599999999999
5558,85.41
5559,85.38
5560,85.24999999999999
5561,85.24999999999999
5562,85.24999999999999
5563,85.22
5564,85.24
5565,85.42
5566,85.51000000000002
5567,85.44
5568,85.45
5569,85.56
5570,85.75
5571,85.76
5572,85.08
5573,85.16
5574,85.59
5575,85.68
5576,85.7238
5577,85.77
5578,85.62000000000002
5579,85.35999999999999
5580,85.48
5581,85.35999999999999
5582,85.3
5583,85.28
5584,85.42
5585,85.42
5586,85.37
5587,85.13999999999999
5588,85.35
5589,85.46
5590,85.5867
5591,85.67
5592,85.64
5593,85.79
5594,85.72
5595,85.845
5596,85.96
5597,85.92999999999999
5598,85.29000000000002
5599,85.35
5600,85.46
5601,85.475
5602,85.41
5603,85.59
5604,85.78
5605,85.78
5606,85.9
5607,85.97399999999998
5608,85.94
5609,85.75200000000004
5610,85.57
5611,85.565
5612,85.52
5613,85.333
5614,85.29000000000002
5615,85.32
5616,85.43
5617,85.49
5618,85.5155
5619,85.46
5620,85.35
5621,85.46999999999998
5622,85.46
5623,85.5
5624,86.36999999999999
5625,86.3
5626,86.235
5627,86.3199
5628,86.1
5629,85.92
5630,85.92999999999999
5631,85.92
5632,85.6903
5633,85.97
5634,85.96
5635,85.89
5636,85.89
5637,85.9023
5638,85.905
5639,85.9
5640,85.98
5641,85.8927
5642,85.81
5643,85.89
5644,85.90999999999998
5645,85.81
5646,85.87
5647,85.75
5648,85.66
5649,85.83
5650,85.72
5651,86.1999
5652,86.25
5653,86.17000000000002
5654,86.2014
5655,86.16
5656,86.14
5657,86.19
5658,86.06000000000002
5659,86.17000000000002
5660,86.21
5661,86.1275
5662,86.12
5663,86.08
5664,86.12
5665,86.165
5666,86.075
5667,86.14
5668,86.31500000000001
5669,86.29
5670,86.32
5671,86.4
5672,86.35000000000001
5673,86.255
5674,86.25
5675,86.36
5676,85.61
5677,86.17000000000002
5678,85.7
5679,85.75
5680,85.85
5681,86.01
5682,85.86
5683,85.8099
5684,85.455
5685,85.5
5686,85.63
5687,85.75299999999999
5688,85.71
5689,85.75
5690,85.8301
5691,85.67
5692,85.72
5693,85.76
5694,85.815
5695,85.7823
5696,85.75
5697,85.8599
5698,85.92999999999999
5699,85.86
5700,85.87
5701,85.82
5702,85.61
5703,85.97
5704,85.92
5705,85.78
5706,85.76
5707,85.85
5708,85.78
5709,85.93290000000002
5710,86.12999999999998
5711,86.21
5712,86.07
5713,85.97
5714,86.07
5715,86.01
5716,86.01
5717,86.01
5718,86.23999999999998
5719,86.2
5720,86.12999999999998
5721,86.14
5722,86.03
5723,86.18
5724,86.05
5725,85.99
5726,85.88
5727,85.90999999999998
5728,85.65
5729,85.41
5730,85.3274
5731,85.3
5732,85.38
5733,85.51000000000002
5734,85.52
5735,85.5116
5736,85.48
5737,85.48
5738,85.38
5739,85.335
5740,85.225
5741,85.27
5742,85.3
5743,85.29000000000002
5744,85.315
5745,85.31
5746,85.45
5747,85.4555
5748,85.39
5749,85.4849
5750,85.27
5751,85.39989999999999
5752,85.38
5753,85.32
5754,85.32
5755,85.12
5756,85.08
5757,85.0624
5758,84.96
5759,85.02
5760,85.1075
5761,85.04
5762,85.22
5763,85.17
5764,85.26
5765,85.24
5766,85.35999999999999
5767,85.33
5768,85.333
5769,85.255
5770,85.45
5771,85.45
5772,85.464
5773,85.38
5774,85.3331
5775,85.32009999999998
5776,85.33
5777,85.355
5778,85.389
5779,85.2835
5780,85.24
5781,85.04
5782,85.12
5783,85.16
5784,85.08
5785,85.02999999999999
5786,85.0799
5787,85.15
5788,85.1224
5789,85.0999
5790,85.13
5791,84.98
5792,84.935
5793,84.87
5794,84.86
5795,84.86
5796,84.83000000000001
5797,84.76
5798,84.77499999999999
5799,84.96
5800,84.95
5801,84.9
5802,84.98
5803,84.85
5804,84.69999999999999
5805,84.6575
5806,84.75
5807,84.73
5808,84.66
5809,84.68
5810,84.61000000000001
5811,84.72000000000001
5812,84.65549999999999
5813,84.64
5814,84.69
5815,84.595
5816,84.575
5817,84.49250000000002
5818,84.3974
5819,84.34999999999998
5820,84.4777
5821,84.495
5822,84.50000000000001
5823,84.53
5824,84.5149
5825,84.69999999999999
5826,84.6
5827,84.58
5828,84.51
5829,84.58
5830,84.639
5831,84.525
5832,84.64
5833,85.1
5834,84.9501
5835,84.9
5836,84.64
5837,84.9
5838,84.65
5839,84.76100000000001
5840,84.67
5841,84.805
5842,84.72000000000001
5843,84.66
5844,84.75
5845,84.71329999999999
5846,84.6
5847,84.245
5848,84.52
5849,84.43
5850,84.56
5851,84.945
5852,84.94000000000001
5853,85.21
5854,85.33
5855,85.33
5856,85.1501
5857,85.48
5858,85.50990000000002
5859,85.46999999999998
5860,85.21
5861,84.88
5862,85.03749999999998
5863,85.2
5864,85.4599
5865,85.24999999999999
5866,85.39
5867,85.421
5868,85.35
5869,85.39
5870,85.46
5871,85.56
5872,85.5199
5873,85.5299
5874,85.43
5875,85.495
5876,85.561
5877,85.50499999999998
5878,85.40100000000002
5879,85.43
5880,85.46
5881,85.38100000000001
5882,85.40000000000002
5883,85.39
5884,85.46999999999998
5885,85.48
5886,85.4409
5887,85.46
5888,85.46
5889,85.37
5890,85.37
5891,85.38
5892,85.42
5893,85.35999999999999
5894,85.35999999999999
5895,85.41
5896,85.42
5897,85.46
5898,85.44
5899,85.40000000000002
5900,85.43
5901,85.40000000000002
5902,85.43
5903,85.46
5904,85.53
5905,85.565
5906,85.79
5907,85.7764
5908,85.715
5909,85.55
5910,85.46
5911,85.55
5912,84.42
5913,84.49990000000001
5914,84.785
5915,84.86
5916,84.9
5917,85.02999999999999
5918,85.045
5919,85.15
5920,85.1
5921,85.13
5922,85.24999999999999
5923,85.2664
5924,85.3
5925,85.3538
5926,85.28
5927,85.3199
5928,85.23
5929,85.185
5930,85.167
5931,85.15
5932,85.2169
5933,85.24999999999999
5934,85.26
5935,85.295
5936,85.27
5937,85.28
5938,85.24999999999999
5939,85.7
5940,85.711
5941,85.73000000000002
5942,85.86
5943,85.89
5944,85.9699
5945,85.87
5946,85.86
5947,85.8121
5948,85.7202
5949,85.75
5950,85.53
5951,85.55
5952,85.44
5953,85.43
5954,85.919
5955,85.92999999999999
5956,85.78
5957,85.72
5958,85.83599999999998
5959,85.78
5960,85.76
5961,85.831
5962,85.921
5963,85.98
5964,85.95000000000002
5965,85.92
5966,86.10539999999999
5967,86.06000000000002
5968,85.99
5969,86.01999999999998
5970,86.03
5971,86.1
5972,85.98500000000001
5973,85.95549999999999
5974,86.01999999999998
5975,85.96
5976,86.08
5977,86.1099
5978,86.07
5979,86.01999999999998
5980,86.01
5981,86.5
5982,86.44
5983,86.47999999999999
5984,86.65
5985,86.5762
5986,86.57600000000001
5987,86.55
5988,86.69
5989,86.695
5990,86.69
5991,86.72
5992,86.68
5993,86.62
5994,86.67
5995,86.64
5996,86.632
5997,86.69
5998,86.67
5999,86.7078
