,0
0,89.94
1,89.89
2,89.86
3,89.74
4,89.51
5,89.53
6,89.58999999999999
7,89.56999999999998
8,89.525
9,89.55
10,89.43
11,89.46
12,89.55
13,89.58
14,89.475
15,89.39
16,89.56
17,89.705
18,89.38
19,88.73
20,88.69
21,88.57
22,88.47
23,88.53
24,88.46
25,88.83
26,88.91
27,88.57
28,88.62000000000002
29,88.49
30,88.58
31,88.62000000000002
32,88.52
33,88.7
34,88.915
35,88.93999999999998
36,88.735
37,88.82049999999998
38,88.825
39,89.20000000000002
40,89.095
41,88.88999999999999
42,88.96
43,89.34
44,89.34
45,90.03
46,89.95000000000002
47,89.16
48,89.12
49,89.19
50,89.041
51,88.6142
52,88.9525
53,89.33
54,89.32
55,89.21
56,89.44
57,89.46
58,89.73
59,89.715
60,89.6
61,89.32
62,89.1375
63,89.41
64,89.75999999999999
65,89.94
66,89.93
67,90.0261
68,89.63999999999999
69,89.85499999999999
70,89.73
71,89.13
72,89.71
73,89.11
74,88.83999999999999
75,89.02
76,89.6501
77,89.33
78,88.75
79,88.69
80,88.555
81,88.83999999999999
82,89.025
83,89.1
84,89.145
85,89.225
86,89.32
87,89.23
88,88.95
89,88.56
90,88.4901
91,88.56
92,88.62000000000002
93,88.85
94,88.9401
95,88.87
96,89.1
97,89.05999999999999
98,87.8
99,88.0
100,88.46
101,88.67000000000002
102,88.6691
103,88.55000000000001
104,88.66
105,88.98999999999998
106,89.09
107,89.08
108,88.93999999999998
109,88.57
110,88.98
111,89.38
112,89.13
113,89.34
114,89.24
115,89.46
116,89.05999999999999
117,88.9399
118,88.86
119,89.19
120,89.19
121,89.36
122,89.8299
123,88.95
124,88.88
125,89.28
126,89.34
127,89.74
128,89.58
129,89.75
130,89.845
131,90.14
132,90.0853
133,90.03340000000001
134,90.00499999999998
135,90.01700000000001
136,89.92
137,89.89
138,89.92
139,89.67
140,89.6
141,89.56999999999998
142,89.66370000000002
143,89.41
144,89.55
145,89.51999999999998
146,89.79
147,89.74
148,89.77
149,88.9903
150,89.32
151,89.36
152,89.89
153,90.05000000000001
154,90.26999999999998
155,90.41100000000002
156,90.52
157,90.26999999999998
158,90.19
159,90.28999999999999
160,90.33
161,90.31
162,90.3
163,90.28999999999999
164,89.96
165,90.00000000000001
166,89.9323
167,89.96
168,90.33999999999999
169,90.2
170,90.37809999999999
171,90.14
172,90.00000000000001
173,90.04
174,90.12000000000002
175,89.95000000000002
176,89.87
177,89.77
178,90.09999999999998
179,90.03
180,90.06
181,90.06
182,89.91
183,89.85
184,89.85
185,89.7401
186,89.86
187,89.9898
188,89.92
189,89.72
190,89.75999999999999
191,89.6002
192,89.73500000000001
193,89.63
194,89.43
195,89.34
196,89.31
197,89.18
198,89.22
199,89.23
200,88.47
201,88.39
202,88.1525
203,88.15
204,87.98
205,87.82
206,88.03
207,87.67999999999999
208,87.88489999999999
209,87.92000000000002
210,87.92000000000002
211,87.7
212,87.62
213,87.87
214,88.06
215,88.17
216,87.84
217,87.96
218,87.97000000000001
219,87.87299999999998
220,88.12
221,88.21
222,88.53
223,88.55000000000001
224,88.67000000000002
225,88.32
226,88.55000000000001
227,89.4
228,89.2819
229,89.05
230,88.63
231,88.54
232,88.58
233,88.54
234,88.315
235,88.40999999999998
236,88.5194
237,88.49
238,88.51
239,88.44
240,88.42999999999999
241,88.51
242,88.49
243,88.73
244,88.62000000000002
245,88.55000000000001
246,88.49
247,88.46
248,88.8
249,89.04
250,88.9999
251,89.05999999999999
252,89.26
253,89.55
254,89.345
255,89.395
256,89.42000000000002
257,89.2899
258,89.30000000000001
259,89.51
260,89.75999999999999
261,89.73
262,89.95000000000002
263,89.94
264,89.99
265,89.96
266,90.00000000000001
267,89.79
268,89.4
269,89.68
270,90.07499999999999
271,90.16
272,90.3
273,90.19
274,90.03
275,90.14500000000001
276,90.06
277,90.09999999999998
278,90.28999999999999
279,90.4
280,90.55
281,90.57
282,90.55
283,90.82
284,90.855
285,90.9
286,90.81
287,90.96
288,91.06
289,91.38000000000001
290,91.39010000000002
291,91.5625
292,91.965
293,92.01
294,91.685
295,91.74
296,91.9
297,91.89
298,91.92
299,91.74
300,91.745
301,91.53
302,91.44999999999999
303,91.19
304,91.54999999999998
305,91.37
306,91.19
307,91.165
308,91.18000000000002
309,91.2
310,91.18000000000002
311,91.625
312,91.77
313,91.59999999999998
314,91.61
315,91.57
316,91.58
317,91.59999999999998
318,91.58
319,91.605
320,91.581
321,91.71
322,91.68
323,91.59
324,91.7
325,91.68
326,91.57
327,91.73
328,91.684
329,91.59999999999998
330,90.86
331,91.215
332,91.54
333,91.92
334,92.0
335,91.98000000000002
336,91.915
337,91.9
338,92.18
339,92.01
340,91.87
341,91.7627
342,91.66
343,91.63
344,91.84
345,91.88
346,91.781
347,91.77
348,91.92
349,91.86000000000001
350,91.82
351,91.77
352,91.83
353,91.89369999999998
354,91.93499999999999
355,91.94
356,92.24999999999999
357,92.4901
358,92.59
359,92.6806
360,92.69
361,92.66000000000001
362,92.53
363,92.405
364,92.47
365,92.41
366,92.33
367,92.58
368,92.53
369,92.39
370,92.2827
371,92.34
372,92.51499999999999
373,92.36
374,92.45
375,92.36009999999999
376,92.30799999999999
377,92.42889999999998
378,92.22
379,92.39
380,92.505
381,92.52
382,92.49000000000001
383,92.36999999999999
384,92.36
385,92.455
386,92.49000000000001
387,92.19999999999999
388,92.49000000000001
389,92.34
390,92.19
391,92.23
392,92.19999999999999
393,92.21
394,92.19999999999999
395,92.19999999999999
396,92.19
397,92.155
398,92.12999999999998
399,92.145
400,92.18
401,92.16
402,92.17500000000001
403,92.12999999999998
404,91.93499999999999
405,91.845
406,92.12999999999998
407,92.05
408,91.53
409,91.24
410,91.28000000000002
411,91.17
412,91.165
413,91.1
414,90.95
415,90.7275
416,90.86999999999999
417,90.89
418,90.925
419,90.79
420,90.79999999999998
421,91.08
422,90.84
423,90.89
424,90.9
425,90.95
426,91.24
427,91.26
428,91.40000000000002
429,91.42
430,91.58
431,91.5464
432,91.34899999999999
433,91.46
434,91.4964
435,91.65
436,91.56
437,91.73
438,91.72
439,91.58
440,91.64
441,91.71
442,91.92
443,92.11
444,92.18
445,92.19999999999999
446,92.07999999999998
447,92.18
448,92.22
449,92.18
450,92.3699
451,92.4001
452,92.32
453,92.4
454,92.375
455,92.165
456,92.42
457,92.36
458,92.39
459,92.46
460,92.72
461,92.77
462,92.49000000000001
463,92.4
464,92.6
465,92.54
466,92.43
467,92.14999999999999
468,91.91000000000001
469,91.97
470,91.51
471,91.57
472,91.56200000000001
473,91.87
474,91.54
475,91.41
476,91.27
477,91.32
478,91.37
479,91.255
480,91.1557
481,91.18000000000002
482,91.41
483,91.36
484,91.4301
485,91.44999999999999
486,90.7875
487,90.95
488,90.86999999999999
489,91.08
490,91.06
491,91.21000000000001
492,91.27
493,91.25
494,91.68
495,91.64
496,91.61
497,91.3
498,91.358
499,91.54
500,91.43299999999999
501,91.2275
502,91.26
503,91.31
504,91.195
505,91.06
506,90.95
507,90.935
508,90.8
509,90.96
510,91.2
511,91.0
512,91.43
513,91.57
514,91.25
515,91.47
516,91.18
517,91.2585
518,91.28
519,91.43
520,91.54
521,91.2
522,91.2101
523,91.2001
524,91.16
525,91.2
526,91.13
527,91.16
528,91.24
529,91.25
530,91.05
531,91.18
532,91.16
533,91.48
534,91.58
535,91.51
536,91.43
537,91.5
538,91.23
539,91.666
540,91.76
541,91.7
542,91.53
543,91.33
544,91.59
545,91.58
546,91.64
547,91.44
548,91.54
549,91.611
550,91.67
551,91.69
552,91.62
553,91.61
554,91.55
555,91.44
556,91.39
557,91.3851
558,91.46
559,91.44
560,91.46
561,91.28
562,91.31
563,91.56
564,91.755
565,91.72
566,91.52
567,91.59
568,91.74
569,91.74
570,91.88999999999999
571,91.93
572,92.07
573,92.07
574,92.41
575,92.26
576,92.29
577,92.38
578,92.4885
579,92.59
580,92.625
581,92.71999999999998
582,92.74
583,92.81
584,92.985
585,93.0101
586,93.01
587,93.19
588,93.16
589,93.26
590,93.625
591,93.96
592,93.87
593,94.18
594,94.22
595,94.3171
596,94.444
597,94.36
598,94.32
599,94.3323
600,94.49
601,94.69
602,94.551
603,94.71
604,94.645
605,94.86
606,94.78
607,94.86
608,94.85
609,94.82
610,94.5
611,94.33
612,94.26
613,94.5
614,94.585
615,94.44
616,93.46999999999998
617,93.45
618,93.345
619,93.33
620,93.38
621,93.31
622,93.35
623,93.25200000000001
624,93.45
625,93.41
626,93.37
627,93.42
628,93.41
629,93.52
630,93.71
631,93.76
632,93.815
633,93.88
634,93.87
635,93.85
636,93.83
637,93.83
638,93.792
639,93.835
640,93.8499
641,93.89
642,94.01
643,94.22
644,94.15
645,94.28
646,94.28
647,94.41
648,94.35
649,94.34
650,94.57
651,94.535
652,94.68
653,94.66799999999999
654,94.54000000000002
655,94.605
656,94.56
657,94.64
658,94.65
659,94.62000000000002
660,94.69
661,94.67
662,94.78
663,94.72
664,94.545
665,94.4
666,94.32
667,94.45
668,94.9279
669,95.11
670,95.16
671,95.2
672,95.1379
673,94.82
674,95.14
675,95.21000000000001
676,95.19
677,95.36
678,95.24
679,95.1701
680,95.13000000000001
681,95.145
682,95.19
683,95.28999999999999
684,95.445
685,95.66
686,95.66
687,95.78
688,95.73
689,95.765
690,95.74
691,95.915
692,96.07
693,96.01
694,95.75
695,96.3
696,96.37
697,96.5
698,96.49500000000002
699,96.315
700,96.55
701,96.443
702,96.18
703,96.08
704,96.08
705,95.96000000000001
706,95.81
707,95.95
708,95.9158
709,96.17
710,96.21
711,96.17
712,96.25
713,96.501
714,96.74
715,96.7425
716,96.65
717,96.8
718,96.75
719,96.86999999999999
720,96.68
721,96.51
722,96.39
723,96.14
724,96.41
725,96.62999999999998
726,96.65620000000001
727,96.64
728,96.57
729,96.37
730,96.65
731,96.88
732,96.65
733,96.39
734,96.21
735,96.1891
736,96.20000000000002
737,96.52
738,96.73
739,96.3546
740,96.12000000000002
741,96.055
742,96.29
743,96.32
744,96.39
745,96.48
746,96.6
747,96.38
748,96.275
749,96.17
750,96.37
751,96.88
752,97.055
753,96.83
754,96.61
755,96.6
756,96.545
757,96.66
758,96.73
759,96.7
760,96.5
761,96.43
762,96.46
763,96.285
764,96.28
765,96.41
766,96.37
767,96.42
768,96.6101
769,96.605
770,96.53
771,96.41
772,96.21
773,95.95
774,96.025
775,96.295
776,96.1
777,96.09
778,96.01
779,96.06
780,95.99
781,95.91
782,95.985
783,96.20000000000002
784,96.0091
785,96.09
786,96.29
787,96.42
788,96.4597
789,96.5
790,96.485
791,96.5
792,96.505
793,96.48
794,96.62999999999998
795,96.65
796,96.46
797,96.44
798,95.86
799,95.86
800,96.03999999999999
801,95.79999999999998
802,95.77
803,95.87999999999998
804,95.9569
805,96.09
806,96.25
807,96.145
808,96.06
809,96.12000000000002
810,96.05
811,96.12000000000002
812,95.92
813,95.95
814,95.991
815,96.03999999999999
816,96.84
817,97.16
818,97.15
819,96.96
820,97.12
821,97.16
822,97.2
823,97.2
824,97.85
825,97.95
826,98.11
827,98.25
828,98.34
829,98.18
830,98.3416
831,98.51
832,98.58499999999998
833,98.85
834,98.9
835,99.07
836,99.12299999999999
837,98.81
838,98.74
839,98.76
840,98.76
841,98.8101
842,98.75
843,98.82
844,98.95999999999998
845,99.18
846,99.04
847,98.93
848,98.945
849,98.89
850,98.15
851,98.67
852,98.618
853,98.52
854,98.78
855,98.54
856,98.28
857,98.32
858,98.445
859,98.38
860,98.31
861,98.34
862,98.14
863,98.14
864,98.02
865,98.165
866,98.13600000000001
867,98.245
868,98.23
869,98.20100000000001
870,98.14
871,98.12
872,98.34
873,98.39
874,98.38
875,98.20999999999998
876,97.83
877,98.05
878,98.63
879,98.44999999999999
880,98.50449999999998
881,98.49
882,98.54
883,98.6165
884,98.53000000000002
885,98.43
886,98.4999
887,98.61
888,98.5
889,98.53010000000002
890,98.53000000000002
891,98.55
892,98.61059999999999
893,98.74
894,98.725
895,98.75
896,98.6
897,98.66
898,98.53000000000002
899,98.545
900,98.63
901,98.57
902,96.89
903,96.75
904,96.68
905,96.57
906,96.78999999999999
907,96.65
908,96.73
909,96.6773
910,96.4899
911,96.46
912,96.46
913,96.6
914,96.78999999999999
915,96.825
916,96.8801
917,96.79049999999998
918,96.52
919,96.69
920,96.71000000000001
921,96.69
922,96.69
923,96.57
924,96.57
925,96.54
926,96.56
927,96.74
928,96.5
929,97.0
930,97.0
931,97.06
932,97.1
933,96.93
934,97.14
935,97.12
936,96.92
937,96.91
938,96.94
939,96.98
940,96.83
941,96.86999999999999
942,96.9801
943,96.9
944,96.97
945,97.1268
946,97.16
947,97.14
948,97.18
949,96.91
950,97.04
951,97.05
952,97.02
953,97.05
954,97.26
955,97.2
956,97.23
957,97.22
958,96.9
959,96.77
960,96.78999999999999
961,96.83
962,96.91
963,97.13
964,97.27
965,97.065
966,97.1
967,97.09
968,97.26
969,97.44
970,97.485
971,97.4875
972,97.43
973,97.49
974,97.51
975,97.445
976,97.49
977,97.49
978,97.45999999999998
979,97.58
980,97.98
981,97.587
982,97.56
983,97.58
984,97.58
985,97.51
986,97.49600000000001
987,97.73
988,97.81
989,98.065
990,97.91
991,98.0
992,98.0061
993,98.03
994,98.045
995,97.97
996,97.95
997,97.92
998,98.02
999,97.9
1000,97.91
1001,97.9
1002,98.05
1003,97.95
1004,98.09999999999998
1005,97.87999999999998
1006,97.76249999999999
1007,97.78
1008,97.79
1009,97.53500000000001
1010,97.71
1011,97.73499999999999
1012,97.715
1013,97.65999999999998
1014,97.72000000000001
1015,97.65
1016,97.69999999999999
1017,98.1801
1018,98.24
1019,98.22999999999999
1020,98.28500000000001
1021,98.24
1022,98.28
1023,98.49
1024,98.535
1025,98.61500000000001
1026,98.62000000000002
1027,98.66999999999999
1028,98.72500000000001
1029,98.755
1030,98.76
1031,98.84999999999998
1032,99.39
1033,99.18
1034,99.13
1035,99.12
1036,99.08
1037,99.21
1038,99.315
1039,99.23
1040,99.07990000000001
1041,99.03
1042,99.08
1043,98.94
1044,98.897
1045,98.97
1046,98.84
1047,98.76799999999997
1048,98.805
1049,98.83
1050,98.975
1051,98.96029999999999
1052,98.86
1053,98.95999999999998
1054,98.8825
1055,98.85499999999999
1056,98.77
1057,98.72
1058,98.4795
1059,98.76
1060,98.73999999999998
1061,98.81
1062,98.94
1063,98.86
1064,98.8001
1065,98.83
1066,98.66
1067,98.65
1068,98.72500000000001
1069,98.57
1070,98.58000000000001
1071,98.6
1072,98.7
1073,98.6201
1074,98.55999999999999
1075,98.54
1076,98.52
1077,98.44999999999999
1078,98.25000000000001
1079,98.22999999999999
1080,98.31
1081,98.39
1082,98.335
1083,98.11
1084,98.09
1085,98.07
1086,98.7
1087,98.87
1088,99.13
1089,99.14
1090,99.16
1091,99.21999999999998
1092,99.18
1093,99.09
1094,99.1
1095,99.16
1096,99.28
1097,99.10999999999999
1098,99.08
1099,99.09
1100,99.074
1101,99.31
1102,99.39
1103,99.3
1104,99.32
1105,99.325
1106,99.38
1107,99.47
1108,99.52
1109,99.74
1110,100.32000000000001
1111,100.10000000000001
1112,99.89999999999999
1113,99.70000000000002
1114,99.875
1115,99.94
1116,100.22999999999999
1117,100.18
1118,100.1477
1119,100.02
1120,100.1372
1121,100.06
1122,100.10000000000001
1123,100.125
1124,99.9857
1125,100.0
1126,100.0025
1127,100.025
1128,99.985
1129,100.2
1130,100.25
1131,100.28
1132,100.195
1133,100.11
1134,100.16
1135,100.35
1136,99.96999999999998
1137,100.0
1138,100.14
1139,100.07999999999998
1140,100.00999999999999
1141,100.06
1142,100.25
1143,100.33
1144,100.32000000000001
1145,100.3133
1146,100.22499999999998
1147,100.32000000000001
1148,100.2101
1149,100.18
1150,100.18
1151,100.26
1152,100.02
1153,100.10000000000001
1154,100.18999999999998
1155,100.18999999999998
1156,100.31
1157,100.29999999999998
1158,100.11999999999999
1159,100.16750000000002
1160,100.0901
1161,100.24
1162,100.46
1163,100.33
1164,100.51
1165,100.5
1166,100.56000000000002
1167,100.56000000000002
1168,100.47
1169,100.6
1170,100.53999999999999
1171,100.51
1172,100.36
1173,100.64999999999999
1174,100.67000000000002
1175,100.515
1176,100.548
1177,100.594
1178,100.66
1179,100.6403
1180,100.51999999999998
1181,100.625
1182,100.62
1183,100.735
1184,100.97
1185,101.04999999999998
1186,101.19
1187,101.18
1188,100.9
1189,100.9
1190,100.86
1191,100.66
1192,100.72
1193,100.69
1194,100.63500000000002
1195,100.55
1196,100.44
1197,100.29999999999998
1198,100.35
1199,100.26
1200,100.36
1201,100.47
1202,100.45000000000002
1203,100.44499999999998
1204,100.59
1205,100.38
1206,100.42
1207,100.47
1208,100.3899
1209,100.24
1210,100.39
1211,100.40999999999998
1212,100.42
1213,100.56000000000002
1214,100.86
1215,100.92
1216,100.78000000000002
1217,100.77
1218,100.8
1219,100.57
1220,100.49
1221,100.61
1222,100.64999999999999
1223,100.64
1224,100.62
1225,100.8
1226,100.68
1227,100.7
1228,100.78750000000001
1229,100.69
1230,100.74000000000001
1231,100.89000000000001
1232,100.88
1233,100.86
1234,100.79010000000001
1235,100.735
1236,100.68
1237,100.67000000000002
1238,100.7
1239,100.86
1240,101.29
1241,100.9575
1242,100.91
1243,101.08
1244,101.05499999999999
1245,101.06
1246,101.12
1247,101.08999999999999
1248,101.06
1249,101.08
1250,101.07000000000001
1251,100.64999999999999
1252,100.71
1253,100.78000000000002
1254,100.63000000000001
1255,100.51
1256,100.6
1257,100.53999999999999
1258,100.67000000000002
1259,100.5275
1260,100.59
1261,100.52990000000001
1262,100.44499999999998
1263,100.33
1264,100.11
1265,100.33
1266,100.75
1267,100.81
1268,100.96000000000001
1269,101.01
1270,101.15
1271,101.26
1272,101.33000000000001
1273,101.61
1274,101.6066
1275,101.58
1276,101.5415
1277,101.47
1278,101.57
1279,101.65
1280,101.72
1281,101.6847
1282,101.64000000000001
1283,101.8
1284,101.67499999999998
1285,101.64000000000001
1286,101.64000000000001
1287,101.59999999999998
1288,101.75000000000001
1289,101.68000000000002
1290,101.67
1291,101.61
1292,101.41
1293,101.25
1294,100.8499
1295,100.46
1296,100.40999999999998
1297,100.78000000000002
1298,100.8
1299,100.67000000000002
1300,100.44499999999998
1301,100.58
1302,100.61
1303,100.42
1304,100.44499999999998
1305,100.38
1306,100.15
1307,100.05
1308,100.07
1309,99.705
1310,99.59000000000002
1311,99.4278
1312,99.83
1313,100.00999999999999
1314,100.25
1315,100.16
1316,100.13
1317,100.32000000000001
1318,100.995
1319,101.15
1320,101.36
1321,101.32
1322,100.85000000000001
1323,100.66
1324,100.55
1325,100.29
1326,100.03000000000002
1327,99.7901
1328,99.725
1329,99.83
1330,100.02
1331,99.95
1332,100.09
1333,99.88000000000001
1334,99.85999999999999
1335,99.77500000000002
1336,99.78999999999999
1337,99.63
1338,99.71
1339,99.70000000000002
1340,99.63
1341,99.69
1342,99.69
1343,99.74999999999999
1344,99.81999999999998
1345,99.91
1346,100.29
1347,100.22
1348,100.0799
1349,99.87
1350,99.76
1351,99.74
1352,99.74
1353,99.93
1354,99.81999999999998
1355,99.85
1356,99.78
1357,99.83750000000002
1358,99.84
1359,99.85
1360,99.81000000000002
1361,99.85999999999999
1362,99.93
1363,99.93499999999999
1364,99.89999999999999
1365,100.035
1366,99.9442
1367,99.99000000000001
1368,99.99000000000001
1369,100.11999999999999
1370,100.58
1371,100.48
1372,100.53
1373,100.985
1374,101.02
1375,101.18
1376,101.04
1377,100.84
1378,101.02
1379,100.895
1380,100.72
1381,100.96000000000001
1382,101.19
1383,101.19499999999998
1384,101.12
1385,101.105
1386,101.00000000000001
1387,101.12
1388,101.18
1389,101.12
1390,101.24
1391,101.29
1392,101.25
1393,101.04999999999998
1394,100.95
1395,100.77
1396,98.57
1397,98.92999999999999
1398,98.86
1399,99.06999999999998
1400,98.66999999999999
1401,98.65
1402,98.95999999999998
1403,99.34
1404,99.15000000000002
1405,99.54
1406,99.35
1407,99.245
1408,99.17
1409,98.88999999999999
1410,98.99999999999999
1411,99.01
1412,99.19
1413,99.01
1414,99.03
1415,98.88
1416,98.81
1417,98.64
1418,98.71
1419,99.05
1420,99.16
1421,99.2499
1422,98.43
1423,98.15
1424,98.5401
1425,98.17
1426,98.38
1427,98.3
1428,98.43
1429,98.52
1430,98.87
1431,98.55
1432,98.62000000000002
1433,98.75
1434,98.84999999999998
1435,98.805
1436,98.7
1437,98.66
1438,98.59
1439,98.54
1440,98.59
1441,98.65
1442,98.605
1443,98.59499999999998
1444,98.47000000000001
1445,98.315
1446,98.13
1447,98.12
1448,96.1
1449,96.20000000000002
1450,96.54
1451,96.5
1452,96.67
1453,96.79999999999998
1454,96.54
1455,96.72
1456,96.8461
1457,96.92999999999999
1458,96.82000000000001
1459,96.77
1460,96.87
1461,96.74
1462,96.585
1463,96.57
1464,96.65
1465,96.34
1466,96.5
1467,96.42000000000002
1468,96.28999999999999
1469,96.42000000000002
1470,96.35999999999999
1471,96.41
1472,96.515
1473,96.42000000000002
1474,96.26
1475,96.33
1476,96.45
1477,96.33
1478,96.39
1479,96.39999999999999
1480,96.42000000000002
1481,96.50999999999999
1482,96.57
1483,96.63
1484,96.64
1485,96.55
1486,96.55
1487,96.46
1488,96.49000000000001
1489,96.38000000000001
1490,96.53000000000002
1491,96.55
1492,96.57
1493,96.68999999999998
1494,96.67
1495,96.76499999999999
1496,96.68
1497,96.705
1498,96.79999999999998
1499,96.92
1500,96.82
1501,96.44
1502,96.58
1503,96.67999999999999
1504,96.67000000000002
1505,96.79
1506,96.72
1507,96.54969999999999
1508,96.78229999999999
1509,96.8265
1510,96.92999999999999
1511,97.03
1512,96.96
1513,97.18999999999998
1514,97.32
1515,97.21499999999999
1516,97.15999999999998
1517,97.15999999999998
1518,97.09
1519,97.18999999999998
1520,97.32
1521,97.32
1522,97.15999999999998
1523,97.27
1524,97.2801
1525,97.53000000000002
1526,97.77000000000001
1527,97.94
1528,98.03419999999998
1529,98.01999999999998
1530,97.92
1531,97.9
1532,97.84000000000002
1533,97.6
1534,97.48499999999999
1535,97.44
1536,97.52000000000001
1537,97.36
1538,97.29000000000002
1539,97.125
1540,97.12
1541,97.095
1542,97.05
1543,97.08
1544,97.1
1545,97.01000000000002
1546,97.03
1547,97.05
1548,97.08
1549,97.12
1550,97.17
1551,97.22000000000001
1552,97.97
1553,98.0
1554,97.78999999999999
1555,97.62
1556,97.58
1557,97.43
1558,97.44499999999998
1559,97.4499
1560,97.28
1561,97.47500000000001
1562,97.42
1563,97.405
1564,97.37
1565,97.425
1566,97.06
1567,96.87999999999998
1568,96.82
1569,96.56999999999998
1570,96.86
1571,97.25829999999999
1572,97.35
1573,97.33
1574,97.48
1575,97.45
1576,97.50999999999999
1577,97.27
1578,97.92
1579,97.82
1580,97.33
1581,97.4
1582,97.59
1583,97.43
1584,97.38
1585,97.4047
1586,97.67
1587,97.575
1588,97.6
1589,97.605
1590,97.677
1591,97.715
1592,97.44499999999998
1593,97.41
1594,97.435
1595,97.49999999999999
1596,97.52000000000001
1597,97.62
1598,97.48
1599,97.6
1600,97.39
1601,97.19999999999999
1602,97.24
1603,97.38
1604,98.43000000000002
1605,98.21
1606,98.21
1607,98.42000000000002
1608,98.27
1609,98.181
1610,98.46
1611,98.24
1612,98.08999999999999
1613,98.01
1614,97.97
1615,97.97
1616,98.01999999999998
1617,97.96
1618,98.01
1619,97.82
1620,97.50999999999999
1621,97.57
1622,97.58
1623,97.68
1624,97.53999999999999
1625,97.53000000000002
1626,97.63
1627,97.72
1628,98.19
1629,98.15000000000002
1630,98.76
1631,98.33999999999999
1632,97.97
1633,98.16
1634,98.04999999999998
1635,98.08000000000001
1636,98.0
1637,98.17
1638,98.28
1639,98.24
1640,98.205
1641,98.47900000000001
1642,98.56
1643,98.71
1644,98.83
1645,98.69
1646,98.62
1647,98.53
1648,98.43000000000002
1649,98.47
1650,98.5
1651,98.49
1652,98.66000000000001
1653,98.64999999999999
1654,98.55
1655,98.56999999999998
1656,98.19
1657,98.44
1658,98.39000000000001
1659,98.35000000000001
1660,98.28
1661,98.1
1662,98.32000000000001
1663,98.14
1664,98.32999999999998
1665,98.24
1666,98.26
1667,98.42000000000002
1668,98.48
1669,98.49
1670,98.5
1671,98.71
1672,98.713
1673,98.6261
1674,98.53
1675,98.54
1676,98.58
1677,98.48
1678,98.26
1679,98.32000000000001
1680,98.31
1681,98.527
1682,97.97
1683,97.94
1684,98.35000000000001
1685,98.52
1686,98.54
1687,98.63000000000001
1688,98.75
1689,98.79
1690,98.53
1691,98.84999999999998
1692,98.84999999999998
1693,98.7513
1694,98.72
1695,98.56
1696,98.58
1697,98.752
1698,98.63000000000001
1699,98.60999999999999
1700,98.52
1701,98.69
1702,98.71500000000002
1703,98.8124
1704,98.79
1705,98.74
1706,98.86499999999998
1707,98.81
1708,99.57
1709,99.52000000000001
1710,99.61
1711,99.56000000000002
1712,99.65
1713,99.92
1714,99.82
1715,99.575
1716,99.64
1717,99.74999999999999
1718,99.65
1719,99.65
1720,99.49999999999999
1721,99.38
1722,99.36
1723,99.12
1724,99.05
1725,99.123
1726,99.015
1727,99.136
1728,99.085
1729,98.94000000000001
1730,98.90960000000001
1731,98.815
1732,98.84
1733,99.19999999999999
1734,99.56000000000002
1735,99.73999999999998
1736,99.78999999999999
1737,99.6383
1738,99.63
1739,99.74999999999999
1740,99.9499
1741,100.04999999999998
1742,100.155
1743,100.13
1744,99.97
1745,99.80000000000001
1746,99.863
1747,99.82
1748,99.91
1749,99.88
1750,99.8843
1751,100.05999999999999
1752,100.19
1753,100.275
1754,100.34
1755,100.22
1756,100.21
1757,100.16849999999998
1758,100.1801
1759,100.32999999999998
1760,100.27
1761,100.63000000000001
1762,100.29999999999998
1763,100.31
1764,100.2
1765,100.11000000000001
1766,100.24
1767,100.2238
1768,100.21
1769,100.26
1770,100.2
1771,100.25
1772,100.24
1773,100.31
1774,100.46
1775,100.245
1776,100.38000000000001
1777,100.14
1778,100.2
1779,100.29999999999998
1780,100.245
1781,100.21
1782,100.23
1783,100.27
1784,100.29999999999998
1785,100.38000000000001
1786,100.66000000000001
1787,101.38
1788,101.11
1789,101.17
1790,101.41
1791,101.62
1792,101.59
1793,101.36
1794,101.56000000000002
1795,101.582
1796,101.45999999999998
1797,101.37
1798,101.36320000000002
1799,101.45
1800,101.52000000000001
1801,101.56399999999998
1802,101.44499999999998
1803,101.59
1804,101.67
1805,101.76
1806,101.74759999999999
1807,101.69
1808,101.65
1809,101.79
1810,101.75499999999998
1811,101.87000000000002
1812,101.7357
1813,101.92
1814,102.0
1815,102.055
1816,101.9079
1817,101.915
1818,101.73
1819,101.9
1820,101.87000000000002
1821,101.82
1822,101.995
1823,101.955
1824,101.97
1825,101.87100000000001
1826,101.95
1827,101.77999999999999
1828,101.76999999999998
1829,101.82
1830,101.76
1831,101.84000000000002
1832,101.86
1833,101.83000000000001
1834,101.80000000000001
1835,101.80000000000001
1836,101.87000000000002
1837,101.80000000000001
1838,102.1
1839,102.15000000000002
1840,102.235
1841,102.155
1842,102.455
1843,102.43000000000002
1844,102.35000000000001
1845,102.01
1846,101.94
1847,101.92
1848,101.78399999999999
1849,101.88
1850,102.01999999999998
1851,102.1142
1852,102.1
1853,101.99
1854,102.03
1855,102.04999999999998
1856,102.16
1857,102.27
1858,102.36500000000001
1859,102.23
1860,102.25
1861,102.21349999999998
1862,102.235
1863,102.19
1864,101.77999999999999
1865,102.05999999999999
1866,101.57990000000001
1867,101.50999999999999
1868,101.18999999999998
1869,101.28000000000002
1870,101.69
1871,101.73999999999998
1872,101.675
1873,101.57
1874,101.52000000000001
1875,101.41
1876,101.45999999999998
1877,101.55
1878,101.61
1879,101.28000000000002
1880,101.41
1881,101.2399
1882,101.065
1883,100.71
1884,100.83
1885,100.99
1886,100.8
1887,100.82
1888,100.89
1889,100.86
1890,100.5
1891,101.19999999999999
1892,100.87999999999998
1893,100.94000000000001
1894,101.07
1895,101.09
1896,101.22000000000001
1897,101.15
1898,101.13
1899,101.13
1900,101.19999999999999
1901,101.22000000000001
1902,101.3
1903,101.48
1904,101.45
1905,101.57
1906,101.53000000000002
1907,101.64
1908,101.79
1909,101.76
1910,101.73999999999998
1911,101.82
1912,101.80000000000001
1913,101.76999999999998
1914,101.68
1915,101.7
1916,100.84
1917,99.99
1918,100.11000000000001
1919,100.25
1920,100.23
1921,100.34299999999999
1922,100.35999999999999
1923,100.29
1924,100.277
1925,100.46
1926,100.3578
1927,100.18
1928,100.08999999999999
1929,99.945
1930,99.93
1931,99.9571
1932,99.83000000000001
1933,99.61
1934,99.65
1935,99.31
1936,99.58
1937,99.77999999999999
1938,99.73999999999998
1939,99.49000000000001
1940,99.73999999999998
1941,99.83000000000001
1942,99.05
1943,99.03
1944,99.17
1945,99.12
1946,99.11
1947,99.1977
1948,99.36
1949,99.49999999999999
1950,99.395
1951,99.22000000000001
1952,99.22500000000001
1953,99.3596
1954,99.345
1955,99.50999999999999
1956,99.64
1957,99.80000000000001
1958,99.87000000000002
1959,99.64
1960,98.98000000000002
1961,98.59999999999998
1962,98.86
1963,98.75
1964,98.63000000000001
1965,98.43000000000002
1966,98.62
1967,98.94000000000001
1968,97.59
1969,97.35
1970,97.45999999999998
1971,97.93
1972,97.955
1973,97.61
1974,97.22000000000001
1975,97.3301
1976,97.32
1977,97.63
1978,97.73
1979,97.78999999999999
1980,97.62
1981,97.55500000000002
1982,97.83
1983,97.85
1984,97.94
1985,97.9899
1986,98.31
1987,98.2661
1988,98.08000000000001
1989,98.12000000000002
1990,98.38
1991,98.38
1992,98.26
1993,98.36000000000001
1994,98.39000000000001
1995,98.16
1996,98.35000000000001
1997,98.03
1998,98.181
1999,98.17990000000002
2000,98.11
2001,98.26
2002,98.27799999999999
2003,98.17
2004,98.15
2005,98.08
2006,98.22
2007,98.17
2008,98.16
2009,98.05
2010,98.13
2011,98.09
2012,98.08
2013,98.463
2014,98.38
2015,98.08
2016,97.95
2017,97.95
2018,97.96
2019,98.01
2020,97.97
2021,97.81
2022,97.84
2023,97.84
2024,98.0
2025,97.83
2026,97.84
2027,97.98
2028,97.9
2029,97.87
2030,97.91
2031,98.07
2032,98.02
2033,98.06
2034,98.15
2035,98.09
2036,98.17
2037,98.11
2038,98.19
2039,98.3507
2040,98.4
2041,98.29
2042,98.36
2043,98.25
2044,98.25
2045,98.3
2046,99.22
2047,99.07
2048,98.9899
2049,98.87
2050,99.0
2051,99.13
2052,98.965
2053,99.045
2054,99.03
2055,99.13
2056,99.11
2057,99.1
2058,99.205
2059,99.18
2060,99.08
2061,98.98
2062,98.87
2063,98.8
2064,98.89
2065,98.83
2066,98.83
2067,98.9747
2068,98.85
2069,99.0
2070,98.9
2071,98.831
2072,98.95
2073,99.08
2074,99.3229
2075,99.12
2076,98.975
2077,99.075
2078,99.04
2079,99.16
2080,99.33
2081,99.22
2082,99.17
2083,99.12
2084,99.17
2085,99.04
2086,99.21
2087,99.1601
2088,99.18
2089,99.22
2090,99.22
2091,99.345
2092,99.34
2093,99.155
2094,99.18
2095,99.5
2096,99.285
2097,99.03
2098,98.95
2099,99.06
2100,98.9
2101,98.65
2102,98.84
2103,98.57
2104,98.925
2105,98.9
2106,98.97
2107,99.0
2108,99.09
2109,98.91
2110,98.83
2111,98.83
2112,98.85700000000001
2113,99.04
2114,99.05
2115,98.96
2116,98.96
2117,98.95
2118,98.98
2119,99.0
2120,99.05
2121,99.04
2122,99.09
2123,99.01
2124,99.015
2125,99.0801
2126,98.73989999999999
2127,98.87
2128,98.79
2129,99.08
2130,99.18
2131,99.32
2132,99.22
2133,99.24
2134,99.145
2135,99.18
2136,99.21
2137,99.15
2138,99.2407
2139,99.2
2140,98.99
2141,99.0101
2142,98.95
2143,99.03
2144,98.97
2145,99.051
2146,99.14
2147,99.24
2148,99.3
2149,99.19
2150,98.9
2151,98.6
2152,98.86
2153,98.93
2154,98.72
2155,98.55
2156,98.36
2157,98.3753
2158,98.52
2159,98.42
2160,98.39
2161,98.53
2162,98.49
2163,98.635
2164,98.54
2165,98.51
2166,98.46
2167,98.47
2168,98.2047
2169,98.34
2170,98.38
2171,98.42
2172,98.35
2173,98.43
2174,98.58
2175,98.65999999999998
2176,99.06
2177,99.09
2178,99.2
2179,99.02
2180,98.76
2181,99.045
2182,99.06
2183,98.95
2184,98.96
2185,98.99
2186,98.9671
2187,99.0199
2188,98.96
2189,99.07
2190,99.15
2191,99.13
2192,99.16
2193,99.31
2194,99.3571
2195,99.3539
2196,99.25
2197,99.3
2198,99.2
2199,99.22
2200,99.24
2201,99.365
2202,99.09
2203,99.045
2204,99.06
2205,99.03
2206,99.13
2207,99.04
2208,98.9475
2209,98.97
2210,99.15
2211,99.2
2212,99.0801
2213,99.16
2214,99.165
2215,99.22
2216,99.26
2217,99.28
2218,99.25
2219,99.25
2220,99.13
2221,99.1201
2222,99.0
2223,99.02
2224,99.06
2225,99.15100000000001
2226,99.15
2227,99.21
2228,100.15
2229,100.21000000000001
2230,100.04
2231,100.16
2232,100.265
2233,100.6
2234,100.65
2235,100.75
2236,100.94
2237,100.9997
2238,100.98500000000001
2239,101.045
2240,100.95
2241,100.83
2242,100.9095
2243,100.96
2244,101.04
2245,100.93
2246,100.9027
2247,101.02
2248,101.16
2249,101.14
2250,101.06
2251,100.98
2252,101.17
2253,101.12
2254,101.2237
2255,101.58
2256,101.5
2257,101.57
2258,101.31
2259,101.15
2260,101.17
2261,101.0732
2262,100.82
2263,100.66
2264,100.495
2265,100.37
2266,100.36
2267,100.18
2268,100.455
2269,100.36
2270,100.06
2271,100.22
2272,100.435
2273,100.5
2274,100.405
2275,100.42
2276,100.38
2277,100.385
2278,100.41
2279,100.29
2280,100.81
2281,100.83
2282,100.68
2283,100.67
2284,100.745
2285,100.78
2286,100.79
2287,100.78
2288,100.755
2289,100.53
2290,100.66
2291,100.765
2292,100.62000000000002
2293,100.66
2294,100.68
2295,100.69
2296,100.681
2297,100.5
2298,100.6
2299,100.62000000000002
2300,100.6
2301,100.38
2302,100.335
2303,100.24
2304,100.2225
2305,100.42
2306,100.88
2307,100.79
2308,100.87
2309,100.945
2310,101.115
2311,101.235
2312,101.27
2313,101.295
2314,101.185
2315,101.195
2316,101.28
2317,101.25
2318,101.25
2319,101.265
2320,101.235
2321,101.2
2322,101.30799999999999
2323,101.35000000000001
2324,101.44
2325,101.42
2326,101.51
2327,101.56
2328,101.51
2329,101.5
2330,101.65
2331,101.71
2332,101.48
2333,101.29
2334,101.33
2335,101.16
2336,101.27
2337,101.07
2338,101.155
2339,100.81
2340,100.805
2341,101.00000000000001
2342,101.16
2343,101.27
2344,101.39
2345,101.44
2346,101.34
2347,101.34
2348,101.44
2349,101.49
2350,101.645
2351,101.74
2352,101.84
2353,101.75
2354,101.66
2355,101.77
2356,101.99
2357,101.79000000000002
2358,101.11
2359,100.9631
2360,101.27
2361,101.33
2362,101.38
2363,101.46
2364,101.46
2365,101.34
2366,101.395
2367,101.48
2368,101.4
2369,101.14
2370,101.06
2371,101.09
2372,101.12
2373,101.175
2374,101.02
2375,100.92
2376,100.87
2377,100.92
2378,100.96999999999998
2379,101.02
2380,101.025
2381,101.05
2382,101.2
2383,101.3
2384,101.265
2385,101.1
2386,100.95
2387,101.07
2388,100.8635
2389,101.09
2390,101.02
2391,101.16
2392,100.91
2393,100.98
2394,100.95
2395,100.99
2396,101.01
2397,101.07
2398,100.94
2399,100.95010000000002
2400,101.00000000000001
2401,100.82
2402,100.9
2403,100.77
2404,100.884
2405,100.83
2406,100.73
2407,100.81
2408,100.64
2409,100.55
2410,99.53
2411,99.75
2412,99.305
2413,99.225
2414,99.39
2415,99.26
2416,99.47
2417,99.59
2418,99.69600000000001
2419,99.67
2420,99.83000000000001
2421,100.0
2422,99.97
2423,99.98
2424,99.86
2425,99.83000000000001
2426,99.84
2427,99.7711
2428,99.79
2429,99.91
2430,99.79
2431,99.585
2432,99.89
2433,99.995
2434,99.9
2435,99.89
2436,100.26
2437,99.83000000000001
2438,99.78
2439,99.73
2440,99.54
2441,99.26
2442,99.33
2443,99.46
2444,99.39
2445,99.32
2446,99.345
2447,99.41
2448,99.4632
2449,99.38
2450,99.36
2451,99.55
2452,99.69
2453,99.74
2454,99.97
2455,100.09
2456,100.18
2457,100.22399999999999
2458,100.18
2459,100.23
2460,99.87
2461,99.66
2462,99.36
2463,98.99
2464,99.08
2465,99.08
2466,99.28
2467,99.21
2468,99.43
2469,99.67
2470,99.41
2471,99.38
2472,99.3
2473,99.65
2474,99.93
2475,99.65
2476,99.66
2477,99.67
2478,99.795
2479,99.50299999999999
2480,99.83000000000001
2481,99.85
2482,99.9
2483,99.8099
2484,99.9
2485,99.93
2486,100.09
2487,100.14
2488,99.81
2489,99.82
2490,99.93
2491,99.795
2492,99.77
2493,99.8661
2494,100.03
2495,100.0
2496,100.13
2497,100.34100000000001
2498,100.505
2499,100.515
2500,100.47
2501,100.51
2502,100.57
2503,100.65
2504,100.5913
2505,100.62
2506,100.62
2507,100.69
2508,100.82
2509,100.85
2510,100.95
2511,100.79
2512,100.71
2513,100.7
2514,101.72
2515,101.448
2516,101.785
2517,101.405
2518,101.31
2519,101.27
2520,101.37
2521,101.71
2522,101.72
2523,101.73
2524,101.65
2525,101.7
2526,101.705
2527,101.71
2528,101.71
2529,101.7
2530,101.7356
2531,101.76
2532,101.71
2533,101.7
2534,101.715
2535,101.725
2536,101.83
2537,101.8501
2538,101.835
2539,101.58
2540,100.6316
2541,100.66
2542,100.69
2543,100.85
2544,100.88
2545,100.73
2546,100.81
2547,100.725
2548,100.86
2549,100.99
2550,100.83
2551,100.75
2552,100.82
2553,100.77
2554,100.72
2555,100.79
2556,100.8099
2557,100.8461
2558,101.05
2559,101.08
2560,101.0799
2561,100.96
2562,100.985
2563,100.93
2564,100.93
2565,100.87
2566,101.3
2567,101.61
2568,101.58
2569,101.745
2570,101.69
2571,101.47
2572,101.46
2573,101.68
2574,101.37
2575,101.33
2576,101.32
2577,101.105
2578,101.27
2579,101.36
2580,101.33
2581,101.4
2582,101.455
2583,101.3837
2584,101.26
2585,101.2498
2586,101.15
2587,101.16
2588,101.1775
2589,101.10700000000001
2590,101.05
2591,101.01
2592,101.285
2593,101.38
2594,101.5
2595,101.29
2596,101.1
2597,101.15
2598,101.34
2599,101.43
2600,101.49
2601,101.41
2602,101.36
2603,101.345
2604,101.34
2605,101.44
2606,101.47
2607,101.485
2608,101.42
2609,101.42
2610,101.505
2611,101.5261
2612,101.495
2613,101.53
2614,101.56
2615,101.49
2616,101.65
2617,101.89
2618,98.94
2619,99.05
2620,99.29
2621,99.34
2622,99.37
2623,99.33
2624,99.33
2625,98.99
2626,99.04
2627,99.12
2628,98.66
2629,98.91
2630,98.77
2631,98.77
2632,98.77
2633,98.7501
2634,98.83
2635,98.775
2636,98.91
2637,98.61
2638,98.11
2639,98.07
2640,97.7334
2641,97.2
2642,97.63
2643,97.7
2644,97.84
2645,98.21
2646,97.93
2647,97.73
2648,98.06
2649,98.18
2650,98.18
2651,98.2
2652,98.205
2653,98.45
2654,98.53
2655,98.45
2656,97.93
2657,97.969
2658,98.06
2659,98.11
2660,98.01
2661,98.14299999999999
2662,98.02
2663,98.11
2664,98.11
2665,97.85
2666,97.98
2667,97.995
2668,98.18
2669,98.25
2670,98.11
2671,97.66
2672,97.24
2673,97.27
2674,97.4
2675,97.15
2676,97.32
2677,97.27
2678,97.33
2679,97.35
2680,97.46
2681,97.57
2682,97.6217
2683,97.78
2684,97.78
2685,97.61
2686,97.48
2687,97.49
2688,97.33
2689,97.4
2690,97.76
2691,98.0
2692,98.06
2693,98.0
2694,98.19
2695,98.54
2696,98.58
2697,98.36
2698,98.78
2699,98.98
2700,98.88
2701,98.74
2702,98.66
2703,98.51
2704,98.56
2705,98.5901
2706,98.69
2707,98.68
2708,98.59
2709,98.58
2710,98.54
2711,98.32
2712,98.27
2713,98.2
2714,98.22
2715,98.29
2716,98.5
2717,98.585
2718,98.69
2719,98.69
2720,98.49
2721,98.61
2722,99.11
2723,99.15
2724,99.52
2725,99.74
2726,100.56
2727,100.56
2728,100.39
2729,100.33
2730,100.18
2731,100.65
2732,100.88
2733,101.25
2734,101.01
2735,101.25
2736,101.405
2737,101.42
2738,101.32
2739,101.41
2740,101.65
2741,101.51
2742,101.8
2743,101.86
2744,101.73
2745,101.71
2746,101.47
2747,101.74
2748,101.985
2749,101.69
2750,101.57
2751,101.77
2752,101.58
2753,101.3511
2754,101.17
2755,101.81
2756,101.6299
2757,101.43
2758,101.48
2759,101.41
2760,101.58
2761,101.47
2762,101.37
2763,101.33
2764,101.47
2765,101.415
2766,101.42
2767,101.41
2768,101.305
2769,101.265
2770,101.42
2771,101.335
2772,101.3
2773,101.21
2774,101.98
2775,101.57
2776,102.02
2777,102.205
2778,102.14
2779,102.42
2780,102.27
2781,102.61
2782,102.9
2783,102.86
2784,102.98
2785,103.0
2786,102.72
2787,102.8
2788,102.75
2789,102.79
2790,102.66
2791,102.435
2792,102.3475
2793,102.24
2794,102.28
2795,102.11
2796,102.18
2797,102.24
2798,102.4
2799,102.19
2800,102.31
2801,101.97
2802,101.82
2803,101.59
2804,101.69
2805,101.67
2806,101.29
2807,101.38
2808,101.8
2809,101.8858
2810,101.9
2811,101.95
2812,102.0
2813,102.23
2814,102.15
2815,102.28
2816,102.23
2817,102.2
2818,102.28
2819,102.33
2820,102.4893
2821,102.585
2822,102.55
2823,102.34
2824,102.42
2825,102.37
2826,102.525
2827,102.66
2828,102.36
2829,102.47
2830,102.45
2831,102.61
2832,102.38
2833,102.35
2834,102.46
2835,102.31
2836,102.39
2837,102.41
2838,102.31
2839,102.25
2840,102.26
2841,102.225
2842,102.37
2843,102.3
2844,102.13
2845,102.0
2846,101.95
2847,101.89
2848,101.83
2849,101.76
2850,101.79
2851,101.79
2852,101.83
2853,102.0
2854,102.51
2855,102.73
2856,102.9
2857,103.02
2858,103.09
2859,102.7524
2860,102.6115
2861,102.55
2862,102.57
2863,102.46
2864,102.44
2865,102.3499
2866,102.6
2867,102.51
2868,102.63
2869,102.59
2870,102.77
2871,102.92
2872,102.97
2873,102.93
2874,102.88
2875,102.79
2876,102.9
2877,103.09
2878,102.25
2879,102.25
2880,102.14
2881,102.33
2882,102.71
2883,102.78
2884,102.94
2885,103.225
2886,103.23
2887,103.31
2888,103.21
2889,103.28200000000001
2890,103.3
2891,103.27
2892,103.1839
2893,103.1096
2894,103.3078
2895,103.505
2896,103.4901
2897,103.5
2898,103.43
2899,103.44
2900,103.64
2901,103.56
2902,103.52
2903,103.41
2904,103.1211
2905,102.9
2906,103.41
2907,103.42
2908,103.605
2909,103.8
2910,103.64
2911,103.71
2912,103.7204
2913,103.68
2914,103.75
2915,103.68
2916,103.66
2917,103.7
2918,103.64
2919,103.5833
2920,103.58
2921,103.47
2922,103.48
2923,103.51
2924,103.495
2925,103.35
2926,103.16
2927,103.06
2928,103.04
2929,102.9
2930,102.8
2931,102.61
2932,102.74
2933,102.71
2934,102.61
2935,102.68
2936,103.01
2937,103.09
2938,102.92
2939,102.87
2940,103.045
2941,102.97
2942,102.97
2943,102.98
2944,102.9386
2945,102.85
2946,102.76
2947,102.77
2948,102.96
2949,103.11
2950,103.05
2951,103.12
2952,103.1344
2953,103.22
2954,103.3
2955,103.21
2956,102.97
2957,103.5
2958,103.55
2959,103.65
2960,103.2
2961,103.321
2962,103.36
2963,103.425
2964,103.26
2965,103.3
2966,103.3284
2967,103.182
2968,103.07
2969,103.02
2970,102.83
2971,102.775
2972,102.79
2973,102.79
2974,102.98
2975,103.02
2976,103.1
2977,103.2344
2978,103.26
2979,103.31
2980,103.21
2981,103.18
2982,103.92
2983,103.54
2984,103.755
2985,103.71
2986,103.7465
2987,103.63
2988,103.75
2989,103.6233
2990,103.485
2991,103.36
2992,103.4268
2993,103.38
2994,103.36
2995,103.32
2996,103.51
2997,103.5
2998,103.61
2999,103.515
3000,103.535
3001,103.47
3002,103.44
3003,103.5966
3004,103.455
3005,103.61
3006,103.67
3007,103.62
3008,103.19
3009,103.13
3010,103.1799
3011,103.1
3012,103.32
3013,103.29
3014,103.4
3015,103.15
3016,103.31
3017,103.21
3018,103.075
3019,103.09
3020,102.98
3021,103.02
3022,102.93
3023,103.04
3024,103.1
3025,103.0325
3026,103.14
3027,103.09
3028,103.0375
3029,103.13
3030,103.16
3031,103.131
3032,103.09
3033,102.99
3034,99.2502
3035,99.16
3036,99.02
3037,99.32
3038,99.45200000000001
3039,99.965
3040,99.98
3041,99.829
3042,99.72
3043,99.83
3044,99.635
3045,99.529
3046,99.3322
3047,99.49
3048,99.5
3049,99.33
3050,99.39
3051,99.64
3052,99.807
3053,99.77
3054,99.85
3055,99.85
3056,99.805
3057,99.685
3058,99.7
3059,99.88
3060,100.36
3061,100.67
3062,100.855
3063,100.73
3064,100.86
3065,101.08
3066,101.025
3067,100.8963
3068,100.68
3069,100.43
3070,100.3344
3071,100.28
3072,100.21
3073,100.15
3074,100.17
3075,100.0386
3076,99.89
3077,99.87
3078,99.6734
3079,99.565
3080,99.695
3081,99.5775
3082,99.565
3083,99.55
3084,99.58
3085,99.63
3086,99.01
3087,98.94
3088,99.01
3089,98.7
3090,98.5499
3091,98.515
3092,98.525
3093,98.4
3094,98.47
3095,98.501
3096,98.5
3097,98.505
3098,98.515
3099,98.65
3100,98.5
3101,98.51
3102,98.5
3103,98.52
3104,98.47
3105,98.57
3106,98.63
3107,98.56
3108,98.56
3109,98.62
3110,98.9
3111,99.43
3112,99.43
3113,99.465
3114,99.56
3115,99.69
3116,99.64
3117,99.73
3118,99.71
3119,99.7661
3120,99.85
3121,99.838
3122,99.78
3123,99.745
3124,99.77
3125,99.8025
3126,99.82
3127,99.77
3128,99.78
3129,99.79
3130,99.79
3131,99.815
3132,99.84
3133,99.83
3134,99.87
3135,99.81
3136,99.81
3137,99.82
3138,99.85
3139,99.711
3140,99.65
3141,99.61
3142,99.655
3143,99.58
3144,99.54700000000001
3145,99.52
3146,99.44
3147,99.5744
3148,99.56
3149,99.57
3150,99.56
3151,99.63
3152,99.56
3153,99.67
3154,99.58
3155,99.65
3156,99.6342
3157,99.491
3158,99.5
3159,99.5061
3160,99.52
3161,99.57
3162,99.66
3163,99.73
3164,99.72
3165,99.6
3166,99.65
3167,99.61
3168,99.57
3169,99.55
3170,99.11
3171,99.3
3172,99.29
3173,99.31
3174,99.31
3175,99.52
3176,99.41
3177,99.1799
3178,99.16
3179,99.03
3180,99.02
3181,98.8798
3182,98.83
3183,98.78
3184,98.845
3185,98.75
3186,98.84
3187,98.875
3188,98.9
3189,98.95
3190,97.738
3191,98.105
3192,98.02
3193,97.91
3194,97.55
3195,97.8461
3196,97.88
3197,97.825
3198,97.59
3199,97.43
3200,97.54
3201,97.62
3202,97.65
3203,97.64
3204,97.57
3205,97.62
3206,97.61
3207,97.49
3208,97.58
3209,97.74
3210,97.762
3211,97.7275
3212,97.7
3213,97.69
3214,97.7
3215,97.33
3216,97.285
3217,97.3175
3218,97.15
3219,97.19
3220,97.053
3221,97.07
3222,97.24
3223,97.265
3224,97.45
3225,97.56
3226,97.74
3227,97.84
3228,98.06
3229,98.14
3230,98.2399
3231,98.48
3232,98.36
3233,98.74
3234,98.655
3235,98.6925
3236,98.86
3237,98.84
3238,98.93
3239,98.9
3240,99.09
3241,99.17
3242,98.64
3243,99.19
3244,99.335
3245,99.12
3246,99.54
3247,99.7899
3248,99.945
3249,99.915
3250,99.95
3251,99.92
3252,100.04
3253,100.0101
3254,100.04
3255,100.13
3256,100.06
3257,100.0
3258,100.01
3259,100.06
3260,100.09
3261,100.15
3262,100.12
3263,100.135
3264,100.245
3265,100.26
3266,100.27
3267,100.31
3268,100.0
3269,99.715
3270,99.88
3271,99.83
3272,99.83
3273,99.795
3274,99.99
3275,100.0625
3276,100.15
3277,100.28
3278,100.07
3279,100.12
3280,100.2
3281,100.185
3282,100.32
3283,100.3
3284,100.13
3285,100.3
3286,100.17
3287,100.105
3288,100.09
3289,100.045
3290,99.97
3291,99.91
3292,100.06
3293,100.1
3294,100.13
3295,99.99
3296,100.05
3297,99.745
3298,99.66
3299,99.61
3300,99.87
3301,99.87
3302,100.02
3303,100.0
3304,100.02
3305,100.035
3306,99.99
3307,99.99
3308,100.0
3309,99.88
3310,99.865
3311,99.88
3312,99.95
3313,99.9
3314,99.905
3315,99.74
3316,99.72
3317,99.74
3318,99.83
3319,99.98
3320,99.46
3321,99.41
3322,99.12
3323,99.005
3324,99.23
3325,99.08
3326,98.94
3327,98.91
3328,98.76
3329,98.95
3330,98.92
3331,98.88
3332,98.92
3333,98.9
3334,98.91
3335,98.89
3336,98.91
3337,98.895
3338,98.7834
3339,98.8
3340,98.81
3341,98.72
3342,98.7
3343,98.725
3344,98.74
3345,99.03
3346,99.25
3347,99.34
3348,99.18
3349,98.96
3350,99.02
3351,99.0
3352,99.145
3353,99.1
3354,99.28
3355,99.23
3356,99.12
3357,99.13
3358,99.07
3359,99.01
3360,98.925
3361,99.09
3362,99.015
3363,98.98
3364,98.98
3365,98.99
3366,99.015
3367,99.03
3368,98.97
3369,99.005
3370,99.0501
3371,99.01
3372,98.98
3373,99.16
3374,99.27
3375,99.01
3376,99.08
3377,99.18
3378,99.11
3379,99.11
3380,99.08
3381,99.09
3382,99.17
3383,99.1357
3384,99.1168
3385,99.09
3386,99.0
3387,98.99
3388,99.06
3389,99.0
3390,98.98
3391,98.941
3392,98.725
3393,98.745
3394,98.9
3395,98.89
3396,98.85
3397,98.89
3398,98.39
3399,98.63
3400,98.82
3401,99.29
3402,99.43799999999999
3403,99.38
3404,99.33
3405,99.25
3406,99.225
3407,99.18
3408,99.09
3409,99.05
3410,98.82
3411,98.8193
3412,98.81
3413,98.76
3414,98.74
3415,98.775
3416,98.71
3417,98.67
3418,98.7
3419,98.72
3420,98.728
3421,98.755
3422,98.78
3423,98.55
3424,98.73
3425,98.73
3426,98.825
3427,98.975
3428,99.065
3429,99.1
3430,99.11
3431,99.05
3432,99.1
3433,99.0956
3434,99.05
3435,99.04
3436,99.02
3437,98.96
3438,98.96
3439,98.93
3440,98.7742
3441,98.85
3442,98.75
3443,98.715
3444,98.615
3445,98.6
3446,98.545
3447,98.6
3448,98.595
3449,98.4
3450,99.72
3451,99.4
3452,99.15
3453,99.44
3454,99.24
3455,99.22
3456,99.46
3457,99.41
3458,99.4461
3459,99.31
3460,99.44
3461,99.40299999999999
3462,99.34
3463,99.4
3464,99.4
3465,99.34
3466,99.36
3467,99.27
3468,99.21
3469,99.08
3470,99.075
3471,99.1
3472,99.2
3473,99.32
3474,99.26
3475,99.17
3476,99.59
3477,99.54
3478,99.41
3479,99.485
3480,99.4932
3481,99.375
3482,99.31
3483,99.31
3484,99.36
3485,99.29
3486,99.15
3487,99.105
3488,99.14
3489,99.12
3490,99.23
3491,99.29
3492,99.23
3493,99.1253
3494,99.155
3495,99.1224
3496,99.09
3497,99.08
3498,99.015
3499,99.05
3500,99.025
3501,98.87
3502,99.59
3503,99.6093
3504,99.63
3505,99.68
3506,99.57
3507,99.5
3508,99.47
3509,99.38
3510,99.3647
3511,99.37
3512,99.2665
3513,99.26
3514,99.12
3515,99.12
3516,99.11
3517,99.145
3518,99.051
3519,99.05
3520,99.03
3521,99.075
3522,99.1089
3523,99.17
3524,99.15
3525,99.185
3526,99.2952
3527,99.0
3528,98.82
3529,98.95
3530,98.82
3531,98.73
3532,98.795
3533,98.7
3534,98.71
3535,98.705
3536,98.705
3537,98.71
3538,98.725
3539,98.84
3540,98.91
3541,98.955
3542,98.77
3543,98.775
3544,98.76
3545,98.71
3546,98.58
3547,98.67
3548,98.79
3549,98.75
3550,98.7061
3551,98.7
3552,98.735
3553,98.61
3554,98.7
3555,98.88
3556,98.97
3557,99.13
3558,99.49
3559,99.51
3560,99.54
3561,99.48
3562,99.41
3563,99.37
3564,99.3799
3565,99.36
3566,99.3
3567,99.29
3568,99.18
3569,99.23
3570,99.21
3571,99.3
3572,99.32
3573,99.35
3574,99.34
3575,99.375
3576,99.47
3577,99.495
3578,99.45
3579,99.48
3580,99.72
3581,99.75
3582,99.85
3583,99.98
3584,99.91
3585,99.89
3586,99.9
3587,99.75
3588,99.58
3589,99.64
3590,99.52
3591,99.55
3592,99.62
3593,99.725
3594,99.81
3595,99.87
3596,99.8867
3597,99.86
3598,100.29
3599,100.255
3600,100.13
3601,100.12
3602,100.205
3603,100.23
3604,100.2469
3605,100.28
3606,99.92
3607,99.99
3608,100.03
3609,100.03
3610,100.01
3611,100.0845
3612,100.12
3613,100.07
3614,100.04
3615,99.985
3616,100.0435
3617,100.01899999999999
3618,100.06
3619,100.01
3620,100.0101
3621,100.0
3622,100.041
3623,100.0489
3624,100.07
3625,100.03
3626,100.02
3627,100.105
3628,100.21
3629,100.23
3630,100.32
3631,100.32
3632,99.98
3633,99.69
3634,99.59
3635,99.6
3636,99.65
3637,99.61
3638,99.63
3639,99.61
3640,99.66
3641,99.65
3642,99.72
3643,99.71
3644,99.67
3645,99.665
3646,99.76
3647,99.6937
3648,99.8
3649,99.79
3650,99.81
3651,99.8
3652,99.86
3653,99.92
3654,99.8
3655,99.84
3656,99.965
3657,99.93
3658,99.95
3659,99.845
3660,99.82
3661,99.71
3662,99.9
3663,99.98
3664,99.89
3665,99.72
3666,99.84
3667,99.855
3668,99.92
3669,100.09
3670,100.0
3671,99.99
3672,99.975
3673,99.86
3674,99.985
3675,100.005
3676,100.12
3677,100.06
3678,100.0999
3679,100.09
3680,100.095
3681,100.11
3682,100.08
3683,100.16
3684,100.56
3685,100.32
3686,100.29
3687,100.34
3688,100.35
3689,100.32
3690,100.25
3691,100.2899
3692,100.36
3693,100.4
3694,100.35
3695,100.35
3696,100.4
3697,100.45
3698,100.43
3699,100.48
3700,100.48
3701,100.495
3702,100.48
3703,100.4
3704,100.4
3705,100.34
3706,100.43
3707,100.4099
3708,100.365
3709,100.38
3710,99.56
3711,99.48
3712,99.63
3713,99.94
3714,99.81
3715,99.81
3716,99.87
3717,99.86
3718,99.86
3719,99.96
3720,100.1
3721,100.0534
3722,99.99
3723,99.9501
3724,99.98
3725,99.91
3726,99.88
3727,99.97
3728,99.9461
3729,99.95
3730,99.9912
3731,100.02
3732,100.04
3733,100.04
3734,99.95
3735,100.15
3736,100.1018
3737,99.93
3738,99.84
3739,99.9153
3740,99.8281
3741,99.8999
3742,99.91
3743,99.84
3744,99.94
3745,99.9601
3746,99.98
3747,99.91
3748,99.94
3749,99.94
3750,99.82
3751,99.75
3752,99.66
3753,99.54
3754,99.61
3755,99.44
3756,99.62
3757,99.73
3758,99.81
3759,99.81
3760,99.81
3761,99.81
3762,100.36
3763,100.25
3764,100.21
3765,100.31
3766,100.15
3767,100.24
3768,100.24
3769,100.32
3770,100.02
3771,99.7265
3772,99.305
3773,99.22
3774,99.4999
3775,99.48
3776,99.38
3777,99.35
3778,99.28
3779,99.12
3780,99.09
3781,98.88
3782,99.031
3783,99.09
3784,99.2
3785,99.2447
3786,99.1
3787,99.14
3788,99.609
3789,99.81
3790,99.41
3791,99.45
3792,99.53
3793,99.71
3794,99.8
3795,99.8
3796,99.81
3797,99.92
3798,99.95
3799,99.705
3800,99.77
3801,99.7001
3802,99.76
3803,99.86
3804,99.83
3805,99.985
3806,100.07
3807,100.15
3808,100.135
3809,100.2
3810,100.25
3811,100.145
3812,100.1599
3813,100.26
3814,99.795
3815,99.63
3816,99.7275
3817,99.705
3818,99.84
3819,99.935
3820,99.91
3821,99.85
3822,100.005
3823,100.06
3824,100.05
3825,100.11
3826,100.06
3827,100.03
3828,100.15
3829,100.11
3830,100.1
3831,100.11
3832,99.92
3833,99.845
3834,99.92
3835,99.8839
3836,99.83
3837,99.87
3838,100.01
3839,99.99
3840,99.9
3841,99.91
3842,99.91
3843,99.91
3844,99.96
3845,99.7
3846,99.82
3847,99.73
3848,99.88
3849,99.71
3850,99.59
3851,99.535
3852,99.575
3853,99.5
3854,99.425
3855,99.355
3856,99.4501
3857,99.395
3858,99.55
3859,99.515
3860,99.54
3861,99.505
3862,99.695
3863,99.775
3864,99.8875
3865,99.9
3866,99.79
3867,99.81
3868,100.08
3869,100.08
3870,100.125
3871,100.2
3872,100.23
3873,100.4
3874,100.19
3875,100.225
3876,100.41
3877,100.415
3878,100.46
3879,100.39
3880,100.41
3881,100.46
3882,100.415
3883,100.405
3884,100.355
3885,100.42
3886,100.55
3887,100.569
3888,100.41
3889,100.48
3890,100.4
3891,100.59
3892,101.7752
3893,102.09
3894,101.68
3895,101.865
3896,101.9
3897,101.89
3898,102.03
3899,101.94
3900,101.99
3901,102.03
3902,101.87
3903,101.88
3904,101.9025
3905,101.8949
3906,101.835
3907,101.75299999999999
3908,101.63
3909,101.73
3910,101.75
3911,101.74
3912,101.71
3913,101.75
3914,101.75
3915,101.75
3916,101.705
3917,101.79
3918,101.59
3919,101.59
3920,101.58
3921,101.575
3922,101.63
3923,101.665
3924,101.71
3925,101.675
3926,101.66
3927,101.84
3928,101.76
3929,101.85
3930,101.86
3931,101.92399999999999
3932,102.0
3933,102.05
3934,102.07
3935,102.04
3936,102.075
3937,102.18
3938,102.17
3939,102.18
3940,102.07
3941,102.18
3942,102.235
3943,102.38
3944,102.12
3945,101.97
3946,101.96
3947,102.04
3948,101.91
3949,101.91
3950,101.91
3951,101.875
3952,101.77
3953,101.855
3954,101.7699
3955,101.795
3956,101.85600000000001
3957,101.83
3958,101.84
3959,101.89
3960,101.95
3961,101.98
3962,102.12
3963,102.1
3964,102.09
3965,102.17
3966,102.105
3967,102.05
3968,102.085
3969,102.07
3970,102.04
3971,101.82
3972,101.79
3973,101.8
3974,101.81
3975,101.78
3976,101.55
3977,101.59
3978,101.29
3979,101.3
3980,101.11
3981,101.05
3982,101.06
3983,101.08
3984,101.035
3985,100.9802
3986,100.96
3987,100.995
3988,101.0593
3989,101.09
3990,101.12
3991,101.255
3992,101.29
3993,101.275
3994,101.37
3995,101.32
3996,99.74
3997,99.325
3998,99.19
3999,99.21
4000,98.96
4001,98.88
4002,98.79
4003,98.82
4004,98.8148
4005,98.88
4006,98.8453
4007,98.71
4008,98.719
4009,98.74
4010,98.54
4011,98.535
4012,98.33
4013,98.21
4014,97.71
4015,97.969
4016,97.82
4017,97.83
4018,97.79
4019,97.97
4020,97.81
4021,97.56
4022,98.72
4023,99.045
4024,99.0
4025,99.35
4026,99.41
4027,99.2025
4028,99.11
4029,99.116
4030,99.32
4031,99.2106
4032,99.17
4033,99.28
4034,99.46
4035,99.6
4036,99.65
4037,99.61
4038,99.78
4039,100.25
4040,100.55
4041,100.61
4042,100.98
4043,100.76
4044,100.84
4045,100.85
4046,100.93
4047,100.55
4048,99.79
4049,99.82
4050,99.51
4051,99.3
4052,99.32
4053,99.33
4054,99.29
4055,99.46
4056,99.47
4057,99.46
4058,99.57
4059,99.19
4060,99.09
4061,98.73
4062,98.96
4063,99.32
4064,98.99
4065,98.97
4066,98.89
4067,98.76
4068,99.09
4069,98.85
4070,98.75
4071,99.01
4072,98.82
4073,99.04
4074,98.72
4075,98.93
4076,99.41
4077,99.28
4078,99.09
4079,98.83
4080,98.77
4081,98.74
4082,98.61
4083,98.64
4084,98.65
4085,98.71
4086,98.74
4087,98.72
4088,98.81
4089,98.79
4090,98.88
4091,98.62
4092,98.32
4093,98.46
4094,98.491
4095,98.5
4096,98.476
4097,98.34
4098,98.5
4099,98.62
4100,98.84
4101,99.03
4102,99.245
4103,99.4566
4104,99.49
4105,99.7
4106,99.79
4107,99.9
4108,99.84
4109,99.75
4110,99.57
4111,99.5
4112,99.32
4113,99.48
4114,99.35
4115,99.39
4116,99.66
4117,99.71
4118,99.72
4119,99.93
4120,99.87
4121,99.85
4122,99.79
4123,99.81
4124,99.945
4125,99.75
4126,99.09
4127,98.87299999999999
4128,98.86
4129,98.77
4130,98.82
4131,98.79
4132,98.7
4133,98.59
4134,98.69
4135,98.71
4136,98.79
4137,98.84
4138,98.71
4139,98.61
4140,98.58
4141,98.635
4142,98.585
4143,98.61
4144,98.7
4145,98.656
4146,98.6649
4147,98.5
4148,98.59
4149,98.69
4150,98.85
4151,98.81
4152,99.28
4153,99.322
4154,99.605
4155,99.35
4156,99.17
4157,99.265
4158,99.255
4159,99.17
4160,99.1834
4161,99.2
4162,99.005
4163,99.09
4164,99.19
4165,99.1
4166,99.26
4167,99.31
4168,99.03
4169,99.19
4170,99.17
4171,99.18
4172,99.2
4173,99.2701
4174,99.04
4175,98.92
4176,98.88
4177,98.79
4178,99.31
4179,99.67
4180,99.75
4181,99.78
4182,99.765
4183,99.5899
4184,99.58
4185,99.43
4186,99.33
4187,99.13
4188,99.22
4189,99.37
4190,99.41
4191,99.25
4192,99.37
4193,99.47
4194,99.39
4195,99.41
4196,99.33
4197,99.31
4198,99.29
4199,99.37
4200,99.49
4201,99.49
4202,99.31
4203,99.2
4204,99.35
4205,99.43
4206,99.64
4207,99.66
4208,99.69
4209,99.77
4210,99.72
4211,99.84
4212,99.62
4213,99.51
4214,99.37
4215,99.395
4216,99.182
4217,99.43
4218,99.31
4219,99.28
4220,99.41
4221,99.415
4222,100.16
4223,99.86
4224,100.115
4225,100.17
4226,100.39
4227,100.59
4228,100.88
4229,100.67
4230,101.99
4231,101.93
4232,102.025
4233,101.835
4234,101.999
4235,101.87
4236,101.54
4237,101.6
4238,101.4
4239,101.58
4240,101.5
4241,101.79
4242,101.69
4243,101.75
4244,101.82
4245,101.79
4246,101.835
4247,101.99
4248,101.72
4249,101.8199
4250,101.71
4251,101.95
4252,101.95
4253,101.83
4254,101.8555
4255,101.71
4256,101.38
4257,101.185
4258,101.49
4259,101.65
4260,101.85
4261,101.85
4262,101.85
4263,101.76
4264,101.68
4265,101.74
4266,101.81
4267,101.79
4268,101.875
4269,101.835
4270,101.74
4271,101.755
4272,101.82
4273,101.79
4274,101.91
4275,101.825
4276,101.8
4277,101.8
4278,101.74
4279,101.81
4280,101.65
4281,101.535
4282,99.91
4283,100.04
4284,100.05
4285,99.81
4286,99.865
4287,99.95
4288,99.72
4289,99.66
4290,99.67
4291,99.56
4292,99.4747
4293,99.54
4294,99.58
4295,99.65
4296,99.58
4297,99.46
4298,99.33
4299,99.45
4300,99.4099
4301,99.44
4302,99.25
4303,99.2175
4304,99.13
4305,99.25
4306,99.11
4307,99.17
4308,99.32
4309,99.11
4310,98.94
4311,99.14
4312,98.85
4313,98.73
4314,98.77
4315,98.88
4316,99.105
4317,99.09
4318,99.06200000000001
4319,99.39
4320,99.4075
4321,99.44
4322,99.3499
4323,99.41
4324,99.31
4325,99.18
4326,99.15
4327,99.07
4328,98.98
4329,98.99
4330,98.96
4331,99.02
4332,99.23
4333,99.33
4334,99.58
4335,99.48
4336,99.35
4337,99.41
4338,99.44
4339,99.29
4340,99.35
4341,99.26
4342,99.27
4343,99.22
4344,99.18
4345,99.06
4346,99.07
4347,99.03
4348,99.01
4349,98.95
4350,99.09
4351,99.0
4352,99.145
4353,99.28
4354,99.215
4355,99.2
4356,99.2
4357,99.1
4358,99.23
4359,99.4
4360,99.15
4361,98.98
4362,99.37
4363,99.09
4364,99.09
4365,98.69
4366,98.37
4367,98.64
4368,98.61
4369,98.455
4370,98.51
4371,98.6599
4372,98.48
4373,98.32
4374,98.16
4375,98.1947
4376,98.07
4377,98.01
4378,98.05
4379,98.31
4380,98.28
4381,98.22
4382,98.1345
4383,98.085
4384,98.1101
4385,97.76
4386,98.34
4387,97.9
4388,98.1
4389,98.08
4390,97.78
4391,97.75
4392,98.025
4393,98.04
4394,97.96
4395,98.095
4396,98.0
4397,97.8453
4398,97.775
4399,97.7275
4400,97.73
4401,97.5163
4402,97.8
4403,97.63
4404,97.57
4405,97.585
4406,97.6
4407,97.65
4408,97.6598
4409,97.66
4410,97.7
4411,97.17
4412,97.44
4413,97.66
4414,97.885
4415,97.93
4416,97.97
4417,97.75
4418,97.5407
4419,97.54
4420,97.54
4421,97.42
4422,97.32
4423,97.26
4424,97.4
4425,97.55
4426,97.46
4427,97.365
4428,97.32
4429,97.43
4430,97.36
4431,97.275
4432,97.19
4433,97.255
4434,97.265
4435,97.22
4436,97.43
4437,97.37
4438,97.25
4439,97.62
4440,97.35
4441,97.1
4442,97.3716
4443,97.22
4444,97.15
4445,97.36
4446,97.33
4447,97.09
4448,96.93
4449,97.17
4450,97.29
4451,97.14
4452,97.04
4453,96.9
4454,96.99
4455,96.8099
4456,96.62
4457,96.44
4458,96.32
4459,96.13
4460,96.19
4461,96.2
4462,96.34
4463,96.11
4464,96.23
4465,96.27
4466,95.82
4467,95.7
4468,95.65
4469,95.48
4470,95.59
4471,95.61
4472,95.65899999999999
4473,95.59
4474,95.61
4475,95.5446
4476,95.51
4477,95.65
4478,95.72
4479,95.62
4480,95.665
4481,95.8696
4482,95.75
4483,95.79
4484,95.73
4485,95.77
4486,95.7064
4487,95.53
4488,95.665
4489,95.67
4490,95.26
4491,95.58
4492,95.5
4493,95.54
4494,95.63
4495,95.5792
4496,95.59
4497,95.7
4498,95.64
4499,95.88
4500,95.85
4501,95.94
4502,95.81
4503,95.8
4504,95.85
4505,95.75
4506,95.88
4507,95.79
4508,95.7432
4509,95.79
4510,95.73
4511,95.7
4512,95.695
4513,95.53
4514,95.69
4515,95.64
4516,96.01
4517,96.05
4518,96.13
4519,95.99
4520,96.07
4521,96.06
4522,96.04
4523,96.12
4524,95.95
4525,95.7941
4526,95.8835
4527,95.95
4528,95.81
4529,95.93
4530,95.855
4531,96.009
4532,96.13
4533,96.11
4534,96.09
4535,96.12
4536,96.1
4537,96.11
4538,95.97
4539,95.96
4540,96.04
4541,96.01
4542,96.44
4543,96.45
4544,96.33
4545,96.4
4546,96.4
4547,96.32
4548,96.41
4549,96.39
4550,96.32
4551,96.285
4552,96.235
4553,96.15
4554,96.16
4555,96.16
4556,96.1865
4557,96.215
4558,96.245
4559,96.21
4560,96.26
4561,96.28
4562,96.3
4563,96.26
4564,96.18299999999999
4565,96.14
4566,96.2
4567,96.25
4568,95.78
4569,95.72
4570,95.81
4571,95.735
4572,95.71
4573,95.59
4574,95.415
4575,95.18
4576,95.52
4577,95.45
4578,95.4
4579,95.45
4580,95.62
4581,95.56
4582,95.38
4583,95.42
4584,95.5
4585,95.47
4586,95.59
4587,95.45
4588,95.45
4589,95.44
4590,95.46
4591,95.51
4592,95.62
4593,95.53
4594,95.59
4595,95.49
4596,95.89
4597,95.77
4598,96.055
4599,96.1034
4600,96.06
4601,95.97
4602,95.96
4603,95.98
4604,96.16
4605,96.21
4606,96.21
4607,96.1503
4608,96.2
4609,96.16
4610,96.21
4611,96.33
4612,96.35
4613,96.22
4614,96.255
4615,96.29
4616,96.18
4617,96.18
4618,96.285
4619,96.1
4620,95.6
4621,95.67
4622,96.04
4623,95.955
4624,96.21
4625,96.29
4626,96.1
4627,96.285
4628,96.21
4629,96.26
4630,96.41
4631,96.33
4632,96.35
4633,96.295
4634,96.19
4635,96.205
4636,96.28
4637,96.3
4638,96.29
4639,96.39
4640,96.4175
4641,96.63
4642,96.455
4643,96.38
4644,96.335
4645,96.21
4646,96.1832
4647,96.26
4648,96.31
4649,96.58
4650,96.72
4651,96.56
4652,96.36
4653,96.18
4654,96.235
4655,96.26
4656,96.2867
4657,96.34
4658,96.29
4659,96.3
4660,96.315
4661,96.31
4662,96.29
4663,96.19
4664,96.17
4665,96.21
4666,96.17
4667,96.06
4668,96.08
4669,96.015
4670,96.075
4671,95.83
4672,95.55
4673,95.48
4674,95.42
4675,95.4
4676,95.425
4677,95.43
4678,95.55
4679,95.44
4680,95.47
4681,95.475
4682,95.405
4683,95.31
4684,95.39
4685,95.43
4686,95.64
4687,95.58
4688,95.59
4689,95.5096
4690,95.475
4691,95.45
4692,95.395
4693,95.525
4694,95.4
4695,95.44
4696,95.445
4697,95.5
4698,96.54
4699,96.57
4700,96.235
4701,96.3293
4702,96.23100000000001
4703,96.26
4704,96.25
4705,96.4
4706,96.29
4707,96.23
4708,96.15
4709,95.9392
4710,96.0
4711,96.0038
4712,96.02
4713,96.1728
4714,96.195
4715,96.29
4716,96.4
4717,96.375
4718,96.28
4719,96.4647
4720,96.53
4721,96.455
4722,96.635
4723,96.6
4724,96.18
4725,95.87
4726,96.2161
4727,96.27
4728,96.17
4729,96.07
4730,96.04
4731,96.04
4732,96.03
4733,96.18
4734,96.14
4735,96.07
4736,96.01
4737,96.07
4738,96.03
4739,95.97
4740,95.97
4741,95.945
4742,95.91
4743,95.91
4744,95.9154
4745,95.955
4746,96.0654
4747,96.06
4748,95.99
4749,95.98
4750,95.95
4751,95.98
4752,96.26
4753,96.01
4754,95.88
4755,95.98
4756,95.73
4757,95.71
4758,95.62
4759,95.75
4760,95.6675
4761,95.585
4762,95.7573
4763,95.76
4764,95.75
4765,95.75
4766,95.735
4767,95.63
4768,95.605
4769,95.73
4770,95.67
4771,95.68
4772,95.685
4773,95.61
4774,95.46
4775,95.56
4776,97.09
4777,96.9
4778,96.93
4779,97.01
4780,97.15
4781,96.85
4782,96.7
4783,96.79
4784,96.595
4785,96.26
4786,96.33
4787,96.14
4788,96.29
4789,96.35
4790,96.4
4791,96.5
4792,96.47
4793,96.54
4794,96.525
4795,96.58
4796,96.58
4797,96.56
4798,96.47
4799,96.3
4800,96.22
4801,96.31
4802,96.82
4803,96.64
4804,96.57
4805,96.53
4806,96.6
4807,96.7801
4808,96.76
4809,96.69
4810,96.64
4811,96.655
4812,96.6501
4813,96.65
4814,96.68
4815,96.69
4816,96.66
4817,96.711
4818,96.685
4819,96.65
4820,96.77
4821,96.74
4822,96.9
4823,96.88
4824,96.8072
4825,96.85
4826,96.86
4827,96.9
4828,96.59
4829,96.64
4830,96.4601
4831,96.43
4832,96.4969
4833,96.5045
4834,96.54
4835,96.51
4836,96.56
4837,96.43
4838,96.27
4839,96.2876
4840,96.505
4841,96.51
4842,96.42
4843,96.42
4844,96.4912
4845,96.505
4846,96.5
4847,96.4
4848,96.52
4849,96.53
4850,96.62
4851,96.655
4852,96.595
4853,96.59
4854,96.37
4855,96.135
4856,95.96
4857,96.12
4858,96.025
4859,96.12
4860,96.0099
4861,96.31
4862,96.3
4863,96.25
4864,96.29
4865,96.1909
4866,96.11
4867,96.08
4868,96.02
4869,96.0393
4870,95.925
4871,95.92
4872,96.01
4873,95.96
4874,96.01
4875,96.02
4876,95.965
4877,96.0935
4878,96.12
4879,96.04
4880,96.51
4881,96.35
4882,96.27
4883,96.01
4884,95.84
4885,95.71
4886,95.97
4887,95.9
4888,95.91
4889,96.2
4890,96.14
4891,96.11
4892,95.9
4893,95.93
4894,95.89
4895,96.055
4896,96.1
4897,95.91
4898,95.97
4899,95.88
4900,95.78
4901,95.86
4902,95.7935
4903,95.74
4904,95.71
4905,95.78
4906,96.55
4907,96.25
4908,96.2525
4909,96.36
4910,96.59
4911,96.56
4912,96.41
4913,96.58
4914,96.58
4915,96.4748
4916,96.65
4917,96.7
4918,96.67
4919,96.689
4920,96.41
4921,96.25
4922,96.105
4923,96.06
4924,96.2668
4925,96.16
4926,96.21
4927,96.45
4928,96.32
4929,96.495
4930,96.3
4931,96.31
4932,96.3
4933,96.23
4934,96.35
4935,96.335
4936,96.34
4937,96.29
4938,96.375
4939,96.41
4940,96.335
4941,96.405
4942,96.38
4943,96.37
4944,96.35
4945,96.32
4946,96.23
4947,96.25
4948,96.26
4949,96.26
4950,96.26
4951,96.21
4952,96.28
4953,96.315
4954,96.29
4955,96.35
4956,96.28399999999999
4957,96.44
4958,96.575
4959,96.43
4960,96.29
4961,96.31
4962,96.17
4963,96.28
4964,96.3
4965,96.28
4966,96.3
4967,96.26
4968,96.11
4969,96.03
4970,96.06
4971,95.98
4972,96.15
4973,96.1199
4974,96.065
4975,95.89
4976,95.93
4977,96.037
4978,96.045
4979,96.0225
4980,95.95
4981,96.0759
4982,95.945
4983,96.11
4984,96.1405
4985,96.38
4986,96.3401
4987,96.31
4988,96.29
4989,96.31
4990,96.375
4991,96.395
4992,96.34
4993,96.26
4994,96.25
4995,96.21
4996,96.26
4997,96.46
4998,96.2
4999,96.34
5000,96.25
5001,96.29
5002,95.9807
5003,96.02
5004,96.04000000000002
5005,96.06500000000001
5006,96.26500000000001
5007,96.275
5008,96.27
5009,96.14
5010,96.39440000000002
5011,96.55
5012,96.5
5013,96.41
5014,96.351
5015,96.33000000000001
5016,96.28
5017,96.22
5018,96.08
5019,96.15999999999998
5020,96.11
5021,96.06
5022,95.91
5023,95.95999999999998
5024,96.02
5025,96.33000000000001
5026,96.045
5027,96.09
5028,96.22999999999999
5029,96.26
5030,96.15999999999998
5031,96.25
5032,96.14
5033,96.12
5034,96.025
5035,96.21
5036,96.025
5037,95.95
5038,95.82
5039,95.46999999999998
5040,95.4359
5041,95.49
5042,95.82
5043,95.885
5044,95.88
5045,95.91
5046,96.08
5047,96.07
5048,95.99700000000001
5049,95.83500000000001
5050,95.82999999999998
5051,95.86
5052,95.85
5053,95.81
5054,95.89
5055,95.86
5056,95.85
5057,95.78
5058,95.7901
5059,95.69
5060,95.5
5061,95.49
5062,97.04999999999998
5063,97.02000000000001
5064,97.03
5065,96.88
5066,96.925
5067,97.1
5068,97.09000000000002
5069,97.13
5070,97.24999999999999
5071,97.225
5072,97.195
5073,97.18499999999999
5074,97.15
5075,97.105
5076,97.07999999999998
5077,97.2
5078,97.26
5079,97.3069
5080,97.24
5081,97.2166
5082,97.184
5083,97.11380000000001
5084,97.075
5085,97.24
5086,97.11
5087,97.32
5088,97.86
5089,97.87
5090,97.83
5091,97.75
5092,97.54
5093,97.49
5094,97.67999999999999
5095,97.67
5096,97.73999999999998
5097,97.72
5098,97.80999999999999
5099,97.88
5100,97.96999999999998
5101,98.02
5102,98.05
5103,98.1262
5104,98.14000000000001
5105,98.09250000000002
5106,98.09999999999998
5107,98.08
5108,97.985
5109,97.98000000000002
5110,98.08
5111,98.03
5112,98.11000000000001
5113,97.86
5114,94.57
5115,95.24499999999999
5116,95.15000000000002
5117,95.32
5118,95.08000000000001
5119,95.1
5120,95.3425
5121,95.58
5122,95.56
5123,95.45
5124,95.17499999999998
5125,95.0
5126,94.94500000000001
5127,94.8999
5128,94.97
5129,94.52000000000001
5130,94.52000000000001
5131,94.27
5132,94.24
5133,94.245
5134,94.395
5135,94.21999999999998
5136,94.28
5137,94.32000000000001
5138,94.33
5139,94.3
5140,90.97080000000001
5141,90.4022
5142,91.025
5143,91.1975
5144,91.22500000000001
5145,91.21
5146,91.27
5147,91.35
5148,91.97
5149,91.41
5150,91.35999999999999
5151,91.11
5152,91.01
5153,91.54989999999998
5154,91.57
5155,91.51999999999998
5156,91.245
5157,91.37
5158,91.20000000000002
5159,90.92
5160,90.7983
5161,90.61
5162,90.48
5163,90.42
5164,90.4
5165,90.5
5166,90.24
5167,90.27
5168,90.13
5169,89.895
5170,89.87
5171,89.905
5172,89.8475
5173,89.85
5174,89.84
5175,89.78
5176,89.64
5177,89.555
5178,89.49
5179,89.48100000000002
5180,89.43
5181,89.38
5182,89.35
5183,89.0
5184,88.97
5185,88.994
5186,89.01
5187,88.91
5188,88.905
5189,88.94
5190,88.84
5191,88.94
5192,88.625
5193,88.345
5194,88.01
5195,88.26
5196,88.1
5197,87.95
5198,87.87
5199,87.495
5200,87.425
5201,87.285
5202,87.18
5203,87.12
5204,87.06
5205,87.2
5206,87.08
5207,87.045
5208,87.035
5209,86.92
5210,87.025
5211,87.14
5212,87.445
5213,87.3361
5214,87.29
5215,87.27
5216,87.235
5217,87.31
5218,87.35
5219,88.04
5220,87.89
5221,88.11
5222,87.91
5223,87.8
5224,87.75
5225,87.8257
5226,87.77
5227,87.71
5228,87.7
5229,87.59
5230,87.4765
5231,87.51
5232,87.48
5233,87.495
5234,87.57
5235,87.5202
5236,87.52
5237,87.41
5238,87.545
5239,87.4666
5240,87.445
5241,87.345
5242,87.29
5243,87.5
5244,87.66
5245,87.79
5246,88.12
5247,88.045
5248,88.14
5249,88.26
5250,88.1653
5251,88.135
5252,88.05
5253,88.03
5254,88.03
5255,87.87
5256,87.895
5257,87.9
5258,87.745
5259,87.69
5260,87.58
5261,87.52
5262,87.54
5263,87.47
5264,87.48
5265,87.49
5266,87.525
5267,87.7446
5268,87.765
5269,87.91
5270,88.06
5271,88.52
5272,88.625
5273,88.5
5274,88.8061
5275,88.7999
5276,89.005
5277,89.0
5278,89.02
5279,89.13
5280,89.42
5281,89.355
5282,89.515
5283,89.54
5284,89.53
5285,89.67
5286,89.71
5287,89.58
5288,89.37
5289,89.37
5290,89.32
5291,89.325
5292,89.48
5293,89.4256
5294,89.46
5295,89.26
5296,89.64
5297,89.1
5298,89.28
5299,89.17
5300,88.76
5301,88.705
5302,88.58
5303,88.64
5304,88.5399
5305,88.455
5306,88.37
5307,88.465
5308,88.585
5309,88.6299
5310,88.545
5311,88.595
5312,88.465
5313,88.435
5314,88.415
5315,88.7
5316,88.8
5317,88.85
5318,88.755
5319,89.05
5320,89.05
5321,89.08
5322,89.24
5323,89.29
5324,89.12
5325,89.3959
5326,89.36
5327,89.18
5328,89.25
5329,88.995
5330,89.0568
5331,89.075
5332,89.2
5333,89.2
5334,89.28
5335,89.41
5336,89.33
5337,89.22
5338,89.41
5339,89.16
5340,89.12
5341,89.09899999999998
5342,89.075
5343,89.11
5344,89.255
5345,89.295
5346,89.35
5347,89.63
5348,89.45
5349,89.44
5350,89.334
5351,89.25
5352,89.38
5353,89.4253
5354,89.3599
5355,89.32
5356,89.43
5357,89.585
5358,89.65
5359,89.6157
5360,89.62
5361,89.65
5362,89.845
5363,89.83
5364,89.865
5365,89.91
5366,89.91
5367,89.9
5368,90.1035
5369,90.03
5370,90.08
5371,90.14
5372,90.185
5373,89.98
5374,89.39
5375,89.05
5376,88.91
5377,88.98
5378,88.98
5379,89.09
5380,88.93
5381,89.0
5382,88.995
5383,88.99
5384,89.16
5385,89.13
5386,89.1
5387,89.0532
5388,89.13
5389,89.04
5390,88.915
5391,88.73
5392,88.63
5393,88.73
5394,88.77
5395,88.83
5396,88.84
5397,88.855
5398,88.98
5399,88.89
5400,89.21
5401,89.24
5402,89.24
5403,89.23
5404,89.145
5405,89.2
5406,89.2
5407,89.2
5408,89.2
5409,89.16
5410,89.17
5411,89.17
5412,89.13
5413,89.24
5414,89.29
5415,89.65
5416,89.75
5417,89.875
5418,89.75
5419,89.7
5420,89.75
5421,89.8632
5422,89.85
5423,89.85
5424,89.95
5425,89.87
5426,90.09
5427,90.3
5428,90.17
5429,90.22
5430,89.925
5431,89.99
5432,90.05
5433,90.19
5434,90.24
5435,90.25
5436,90.29
5437,90.3
5438,90.15
5439,90.24
5440,90.26
5441,90.18
5442,90.1899
5443,90.305
5444,90.15
5445,90.185
5446,90.18
5447,90.17
5448,90.2448
5449,90.1638
5450,90.2
5451,90.17
5452,90.19
5453,90.13
5454,90.27
5455,90.3199
5456,90.295
5457,90.4
5458,90.41500000000002
5459,90.33999999999999
5460,90.384
5461,90.5031
5462,90.55
5463,90.35
5464,90.41
5465,90.485
5466,90.61
5467,90.2
5468,90.29
5469,90.0
5470,90.06
5471,90.13
5472,90.12
5473,89.75
5474,89.37
5475,89.22
5476,89.19
5477,88.905
5478,88.89
5479,88.9534
5480,88.95
5481,88.78
5482,88.78
5483,88.7838
5484,88.705
5485,88.61
5486,88.66
5487,88.66
5488,88.65
5489,88.71
5490,88.74
5491,88.58
5492,88.33
5493,87.51
5494,87.39
5495,86.99
5496,86.85
5497,87.04
5498,87.22
5499,87.15
5500,87.5
5501,87.28
5502,87.35
5503,87.3
5504,87.25999999999999
5505,87.13
5506,87.1
5507,87.05
5508,87.11
5509,87.15000000000002
5510,87.25
5511,87.37
5512,87.45
5513,87.535
5514,87.7
5515,87.67
5516,87.6
5517,87.66
5518,87.79
5519,88.43
5520,88.41
5521,88.5825
5522,88.58
5523,88.36
5524,88.24
5525,88.32
5526,88.31000000000002
5527,88.26
5528,88.2
5529,88.29
5530,88.24999999999999
5531,88.12
5532,88.07999999999998
5533,87.92
5534,87.82
5535,87.84
5536,87.84
5537,87.72
5538,87.78
5539,87.8
5540,87.70999999999998
5541,87.84999999999998
5542,87.9762
5543,87.94000000000001
5544,88.13
5545,88.27
5546,88.1
5547,87.97000000000001
5548,87.97000000000001
5549,87.82
5550,87.714
5551,87.7
5552,87.87999999999998
5553,87.77000000000001
5554,87.81
5555,87.8
5556,87.86
5557,87.91000000000001
5558,88.04999999999998
5559,87.94000000000001
5560,87.87999999999998
5561,87.9
5562,87.89
5563,87.845
5564,87.765
5565,87.70999999999998
5566,87.78
5567,87.75
5568,87.62
5569,87.65
5570,87.76
5571,88.06
5572,88.38
5573,88.29499999999999
5574,88.33
5575,88.3
5576,88.32500000000002
5577,88.32
5578,88.2
5579,88.135
5580,88.27
5581,88.1
5582,88.18
5583,88.17000000000002
5584,88.18
5585,88.23
5586,88.0936
5587,88.1
5588,88.19
5589,88.135
5590,88.135
5591,88.02
5592,87.87999999999998
5593,87.89
5594,87.81
5595,87.905
5596,88.18
5597,88.14000000000001
5598,88.09
5599,87.99
5600,88.07
5601,88.19
5602,88.61999999999999
5603,88.76
5604,88.69
5605,88.82
5606,88.925
5607,89.06
5608,89.21
5609,89.25
5610,89.22399999999998
5611,89.24
5612,89.39000000000001
5613,89.49
5614,89.8
5615,89.74
5616,89.63
5617,89.525
5618,89.618
5619,89.51100000000002
5620,89.72
5621,89.79000000000002
5622,89.83999999999999
5623,89.06
5624,89.26
5625,89.42
5626,89.6527
5627,89.63
5628,89.43
5629,89.21
5630,89.42
5631,89.42
5632,89.4139
5633,89.53000000000002
5634,89.68499999999999
5635,89.66
5636,89.69
5637,89.65
5638,89.49999999999999
5639,89.65
5640,89.76000000000002
5641,89.705
5642,89.55
5643,89.475
5644,89.53029999999998
5645,89.395
5646,89.29999999999998
5647,89.33000000000001
5648,89.39000000000001
5649,89.88
5650,89.75
5651,89.77
5652,89.74
5653,89.73000000000002
5654,89.83
5655,89.815
5656,89.815
5657,89.86999999999999
5658,89.725
5659,89.86999999999999
5660,90.01
5661,89.95
5662,90.02
5663,90.045
5664,90.03
5665,90.075
5666,90.19
5667,90.24
5668,90.19
5669,90.28
5670,90.295
5671,90.45
5672,90.44
5673,90.23
5674,90.25
5675,90.6
5676,90.94
5677,90.77
5678,90.98000000000002
5679,90.74
5680,90.51999999999998
5681,90.48999999999998
5682,90.77
5683,90.7
5684,90.77
5685,90.67
5686,90.74729999999998
5687,90.81630000000001
5688,90.93
5689,90.845
5690,90.84
5691,90.79
5692,90.71999999999998
5693,90.68999999999998
5694,90.59
5695,90.57
5696,90.64
5697,90.71
5698,90.7065
5699,90.77
5700,90.85
5701,91.39
5702,91.68
5703,91.64
5704,91.73999999999998
5705,91.80000000000001
5706,91.93
5707,91.73
5708,91.92
5709,91.95
5710,91.98
5711,91.95
5712,91.9789
5713,91.8425
5714,91.79
5715,91.75
5716,91.86
5717,91.8553
5718,91.775
5719,91.76
5720,91.74899999999998
5721,91.90999999999998
5722,91.98
5723,91.9
5724,92.03249999999998
5725,92.115
5726,92.05
5727,91.9182
5728,92.1
5729,91.92
5730,92.00000000000001
5731,91.93999999999998
5732,91.87
5733,91.78
5734,91.70999999999998
5735,91.7201
5736,91.581
5737,91.65
5738,91.67
5739,91.8964
5740,91.995
5741,91.86
5742,91.98
5743,91.87999999999998
5744,91.79
5745,91.05
5746,90.85
5747,91.11999999999999
5748,90.65
5749,90.35000000000001
5750,90.6
5751,90.68999999999998
5752,90.71999999999998
5753,90.08
5754,90.36
5755,90.12
5756,90.242
5757,90.23
5758,90.27
5759,90.2
5760,90.14
5761,90.0645
5762,90.03999999999999
5763,90.021
5764,89.77
5765,89.845
5766,90.08
5767,90.05
5768,90.07
5769,90.09
5770,89.94
5771,90.02
5772,90.02
5773,90.05
5774,89.8647
5775,89.85
5776,89.89
5777,89.995
5778,89.89
5779,89.9731
5780,90.24
5781,90.25
5782,90.24
5783,90.31999999999998
5784,90.44
5785,90.41000000000001
5786,90.48999999999998
5787,90.8
5788,90.9
5789,91.2
5790,91.065
5791,91.0239
5792,91.13
5793,91.05999999999999
5794,91.11999999999999
5795,91.08
5796,91.125
5797,91.15000000000002
5798,91.15000000000002
5799,91.045
5800,91.115
5801,91.11
5802,91.08
5803,91.04
5804,91.3
5805,91.1108
5806,91.04
5807,90.99
5808,90.85999999999999
5809,90.91999999999999
5810,90.76
5811,90.78000000000002
5812,91.03
5813,90.93
5814,91.08999999999999
5815,91.07
5816,91.02
5817,91.148
5818,91.19
5819,91.1835
5820,91.38
5821,91.25999999999999
5822,91.345
5823,91.24
5824,91.3
5825,91.345
5826,91.385
5827,91.4
5828,91.44
5829,91.46
5830,91.48
5831,89.76000000000002
5832,89.66999999999999
5833,89.81
5834,89.875
5835,90.02
5836,90.23
5837,90.33
5838,90.25
5839,90.47399999999999
5840,90.43
5841,90.39500000000001
5842,90.41000000000001
5843,90.455
5844,90.435
5845,90.305
5846,90.2668
5847,90.25
5848,90.235
5849,90.22
5850,90.19
5851,90.30799999999998
5852,90.28010000000002
5853,90.41900000000001
5854,90.51999999999998
5855,90.455
5856,90.73
5857,91.24
5858,91.46
5859,91.39
5860,91.398
5861,91.3537
5862,91.27
5863,91.22
5864,91.3
5865,91.55
5866,91.51
5867,91.48
5868,91.4
5869,91.37
5870,91.3
5871,91.24
5872,91.19
5873,91.22750000000002
5874,91.31099999999999
5875,91.325
5876,91.38
5877,91.26599999999999
5878,91.35
5879,91.37
5880,91.25999999999999
5881,91.2
5882,91.3
5883,91.03
5884,91.05999999999999
5885,91.15000000000002
5886,91.31
5887,91.3137
5888,91.3163
5889,91.34
5890,91.38
5891,91.4
5892,91.48
5893,91.49
5894,91.5
5895,91.51
5896,91.51
5897,91.5563
5898,91.535
5899,91.59
5900,91.625
5901,91.58
5902,91.50010000000002
5903,91.5036
5904,91.53
5905,91.52
5906,91.565
5907,91.62
5908,91.61
5909,91.45
5910,91.55
5911,91.51
5912,91.46
5913,91.5
5914,91.44
5915,91.391
5916,91.42
5917,91.43
5918,91.44
5919,91.37
5920,91.37
5921,91.335
5922,91.4
5923,91.34
5924,91.36
5925,91.53
5926,91.55
5927,91.4801
5928,91.47
5929,91.41
5930,91.42
5931,91.4
5932,91.38
5933,91.49
5934,91.57000000000001
5935,91.465
5936,91.16
5937,91.13
5938,91.16
5939,91.295
5940,91.315
5941,91.3
5942,91.36
5943,91.28999999999999
5944,91.34789999999998
5945,91.34899999999998
5946,91.38
5947,91.47
5948,91.56
5949,91.509
5950,91.44
5951,91.49
5952,91.52
5953,91.5
5954,91.465
5955,91.51
5956,91.535
5957,91.48
5958,91.42
5959,91.38
5960,91.3342
5961,90.65999999999998
5962,90.78000000000002
5963,91.08999999999999
5964,91.16
5965,91.08999999999999
5966,91.3
5967,91.225
5968,91.215
5969,91.1647
5970,91.07
5971,90.9
5972,90.99
5973,90.91
5974,91.03
5975,91.08999999999999
5976,91.1
5977,91.0801
5978,91.085
5979,91.1
5980,91.175
5981,91.11
5982,91.05
5983,91.04
5984,91.02
5985,90.91999999999999
5986,90.94
5987,90.87499999999999
5988,91.255
5989,91.39
5990,91.53
5991,91.75
5992,91.93999999999998
5993,91.73
5994,91.82
5995,91.75
5996,91.81
5997,91.70299999999999
5998,91.975
5999,91.84
