,0
0,81.39
1,81.29
2,81.14
3,81.22
4,81.3199
5,81.42
6,81.23
7,80.699
8,80.61
9,80.85
10,80.43
11,80.5574
12,80.45
13,80.44
14,80.57
15,80.45
16,80.66
17,80.96
18,80.82
19,80.78
20,80.58
21,80.48
22,80.69
23,80.85
24,81.01
25,80.99
26,81.12
27,80.945
28,80.715
29,80.555
30,80.46
31,80.25
32,80.24
33,80.43
34,80.34
35,80.26
36,80.27
37,80.55
38,80.485
39,80.81
40,80.84
41,81.01
42,80.91
43,80.7061
44,80.64
45,80.65
46,80.49
47,80.5599
48,80.68
49,80.392
50,80.42
51,80.6
52,80.8
53,80.87
54,80.73
55,81.0
56,81.027
57,81.47
58,81.68
59,82.09
60,82.02
61,82.03
62,82.4
63,82.28
64,82.16
65,82.1801
66,82.12
67,82.17
68,82.056
69,82.08
70,81.99
71,82.03
72,81.97
73,82.025
74,82.09
75,82.05
76,82.0901
77,82.0
78,81.97
79,82.11
80,82.14
81,82.195
82,82.24
83,82.3
84,82.24
85,82.115
86,82.115
87,82.22
88,82.08
89,82.09
90,81.99
91,82.145
92,82.3199
93,82.28
94,82.32
95,82.27
96,82.11
97,82.03
98,82.14
99,82.0
100,81.95
101,82.1
102,82.12
103,81.98
104,82.25
105,82.285
106,82.33
107,82.35
108,82.57
109,82.19
110,82.05
111,82.22
112,82.38
113,82.14
114,81.95
115,82.65
116,82.99
117,83.02
118,82.85
119,82.825
120,82.95
121,82.88
122,82.69
123,82.59
124,82.46
125,82.59
126,82.69
127,82.69
128,82.5
129,82.76
130,82.46
131,82.59
132,82.64
133,82.51
134,82.42
135,82.36
136,82.56
137,82.57
138,81.69
139,81.845
140,81.66
141,81.38
142,81.61
143,81.39
144,81.39
145,81.39
146,81.44
147,81.35
148,81.42
149,81.365
150,81.1354
151,81.16
152,81.27
153,81.11
154,81.07
155,81.0284
156,81.02
157,81.029
158,81.2001
159,81.0
160,81.15
161,81.1167
162,81.0812
163,81.26
164,80.9699
165,80.97
166,81.04
167,81.03
168,81.23
169,81.1351
170,81.35
171,81.37
172,81.37
173,81.2599
174,81.29
175,81.24
176,81.2853
177,81.18
178,81.19
179,81.16
180,81.04
181,81.05
182,80.982
183,80.84
184,80.8128
185,80.73
186,80.68
187,80.76
188,80.81
189,80.84
190,81.1301
191,81.065
192,80.9
193,80.87
194,80.83
195,80.77
196,80.7339
197,80.83
198,80.67
199,80.6001
200,80.8934
201,80.84
202,80.725
203,80.75
204,80.87
205,80.71
206,80.7
207,80.75
208,80.96
209,80.925
210,81.025
211,81.1475
212,81.0
213,81.01
214,81.14
215,81.07
216,81.47
217,81.68
218,81.9199
219,81.91
220,81.85
221,82.025
222,82.18
223,82.14
224,82.04
225,81.92
226,82.07
227,82.155
228,81.95
229,81.88
230,81.69
231,81.94
232,82.0401
233,82.2
234,82.2
235,82.21
236,82.42
237,82.37
238,82.46
239,82.64
240,82.49
241,82.47
242,83.1625
243,83.51
244,83.36
245,83.09
246,83.115
247,83.18
248,83.205
249,83.0468
250,83.22
251,83.35
252,83.32
253,83.39
254,83.54
255,83.58
256,83.49
257,83.54
258,83.465
259,83.33
260,83.43
261,83.46
262,83.57
263,83.53
264,83.6101
265,83.63
266,83.55
267,83.68
268,83.36
269,83.28
270,83.18
271,83.15
272,83.0
273,82.95
274,82.99
275,83.04
276,83.01
277,83.13
278,83.18
279,83.13
280,83.21
281,83.14
282,83.03
283,83.04
284,82.9799
285,82.97
286,83.0
287,83.04
288,82.79
289,82.8
290,82.81
291,82.75
292,82.757
293,82.86
294,82.87
295,82.4
296,82.51
297,82.65
298,82.59
299,82.595
300,82.41
301,82.445
302,82.615
303,82.57
304,82.32
305,82.434
306,82.67
307,82.73
308,82.7732
309,82.78
310,82.75
311,82.63
312,82.52
313,82.51
314,82.4
315,82.48
316,82.52
317,82.6
318,82.54
319,82.585
320,82.71
321,82.3944
322,82.36
323,82.38
324,82.45
325,82.47
326,82.37
327,82.58
328,82.54
329,82.69
330,82.66
331,82.68
332,82.64
333,82.59
334,82.56
335,82.58
336,82.431
337,82.535
338,82.57
339,82.94
340,82.73
341,82.865
342,82.82
343,82.89
344,82.9953
345,82.87
346,82.99
347,82.84
348,82.76
349,82.86
350,82.76
351,82.75
352,82.75
353,82.755
354,82.67
355,82.71
356,82.61
357,82.59
358,82.5699
359,82.51
360,82.494
361,82.53
362,82.51799999999999
363,82.48
364,82.62
365,82.67
366,82.76
367,82.795
368,82.8808
369,82.765
370,82.73
371,82.66
372,82.63
373,82.62
374,82.39
375,82.29
376,82.35
377,82.35
378,82.3828
379,82.525
380,82.57
381,82.595
382,82.48
383,82.57
384,82.51
385,82.545
386,82.64200000000002
387,82.72
388,82.8
389,82.705
390,82.8
391,82.835
392,82.835
393,82.84
394,82.93
395,82.9601
396,83.05
397,83.03
398,83.1
399,83.03
400,82.53
401,82.53
402,82.58
403,82.55
404,82.63
405,82.845
406,82.8
407,82.86
408,82.89
409,82.7628
410,82.81
411,82.79
412,82.73
413,82.7363
414,82.77
415,82.765
416,82.8
417,82.82
418,82.82
419,82.87
420,82.87
421,82.86
422,82.86
423,82.8737
424,82.9053
425,82.9
426,82.72
427,82.88
428,82.905
429,83.04
430,83.19
431,83.19
432,83.2
433,83.2
434,83.19
435,83.11
436,83.125
437,83.22
438,83.23
439,83.25
440,83.27
441,83.27
442,83.345
443,83.35
444,83.335
445,83.41
446,83.43
447,83.42
448,83.51
449,83.535
450,83.5728
451,83.55
452,83.51
453,83.38
454,83.45
455,83.42
456,83.4
457,83.4938
458,83.515
459,83.53
460,83.495
461,83.425
462,83.495
463,83.465
464,83.53
465,83.51
466,83.53
467,83.47
468,83.475
469,83.6
470,83.7
471,83.62
472,83.48
473,83.305
474,83.46
475,83.52
476,83.4044
477,83.47
478,83.45
479,82.95
480,82.96
481,82.885
482,82.83
483,82.81
484,82.7699
485,82.82
486,82.77
487,82.72
488,82.59
489,82.685
490,82.72
491,82.72
492,82.79
493,82.765
494,82.76899999999998
495,82.75
496,82.64
497,82.65
498,82.5962
499,82.7
500,82.76
501,82.75
502,82.6741
503,82.75
504,82.81
505,82.22
506,82.32
507,82.44
508,82.615
509,82.58
510,82.585
511,82.635
512,82.62
513,82.7565
514,82.74
515,82.84
516,82.92
517,82.87
518,82.86
519,82.96
520,82.9621
521,82.95
522,82.9765
523,83.01
524,83.01
525,82.89
526,82.88
527,82.875
528,83.0
529,82.97
530,82.96
531,82.85
532,82.85
533,82.96
534,82.97
535,82.74
536,82.79
537,82.88
538,82.8899
539,82.93
540,82.7801
541,82.8133
542,82.805
543,82.71
544,82.775
545,82.8
546,82.9
547,82.89
548,82.895
549,82.7701
550,82.745
551,82.85
552,82.945
553,82.91
554,82.9051
555,82.875
556,82.96
557,82.75
558,82.82
559,82.92
560,82.89
561,82.91
562,82.92
563,82.67
564,82.8
565,82.655
566,82.5
567,82.67
568,82.568
569,82.57
570,82.67
571,82.6
572,82.81
573,82.905
574,82.87
575,82.96
576,82.95
577,82.9
578,82.94
579,82.8545
580,82.885
581,82.82
582,82.71
583,82.7
584,82.13
585,82.01299999999998
586,81.705
587,81.93
588,82.0599
589,81.9925
590,82.03
591,82.0
592,82.01
593,81.97
594,82.05
595,82.02
596,82.07
597,81.91
598,81.94
599,82.08
600,81.96
601,81.925
602,81.88
603,81.8999
604,81.91
605,82.03
606,82.08
607,82.125
608,82.15
609,82.185
610,82.17
611,81.57
612,81.97
613,81.96
614,82.01
615,81.88
616,81.875
617,81.78
618,81.7199
619,81.79
620,81.92
621,81.82
622,81.74
623,81.65
624,81.6
625,81.72
626,81.73
627,81.7
628,81.6853
629,81.6801
630,81.62
631,81.6
632,81.62
633,81.625
634,81.63
635,81.63
636,81.69
637,81.71
638,80.54
639,80.71
640,80.45
641,80.53
642,80.55
643,80.53
644,80.51
645,80.437
646,80.27
647,80.38
648,80.42
649,80.3399
650,80.42
651,80.4199
652,80.34
653,80.31
654,80.3019
655,80.34
656,80.31
657,80.165
658,80.03
659,80.0399
660,80.02
661,80.025
662,79.84
663,79.8874
664,80.26
665,80.25
666,80.31
667,80.3
668,80.25
669,80.29
670,80.23
671,80.36
672,80.25
673,80.29
674,80.41
675,80.285
676,80.4499
677,80.4
678,80.34
679,80.33
680,80.46
681,80.45
682,80.385
683,80.4366
684,80.4548
685,80.47
686,80.53
687,80.5
688,80.4701
689,80.46
690,79.43
691,79.81
692,79.55
693,79.63
694,79.6
695,79.61
696,79.555
697,79.645
698,79.54
699,79.33
700,79.39
701,79.19
702,79.41
703,79.39
704,79.26
705,79.37
706,79.185
707,79.13
708,79.17
709,79.15
710,79.22
711,79.25
712,79.31
713,79.33
714,79.3199
715,79.27
716,79.25
717,78.83
718,78.425
719,78.085
720,78.22
721,77.74
722,77.89
723,77.67
724,77.67
725,77.67
726,77.3988
727,77.68
728,77.6
729,77.74
730,77.76
731,77.73
732,77.579
733,77.59
734,77.64
735,77.88
736,77.945
737,77.9925
738,78.1
739,77.965
740,77.81
741,77.76
742,77.83
743,77.84
744,78.4
745,78.31
746,78.06
747,78.1673
748,78.1275
749,78.2
750,78.27
751,78.365
752,78.31
753,78.35
754,78.4
755,78.44
756,78.34
757,78.23
758,78.39
759,78.42
760,78.36
761,78.29
762,78.22
763,78.25
764,78.46
765,78.58
766,78.5
767,78.64
768,78.71
769,78.73
770,78.73
771,78.14
772,78.2
773,78.1
774,77.91
775,77.7
776,77.2
777,77.3066
778,77.09
779,77.08
780,77.13
781,77.25
782,77.37
783,77.5
784,77.3859
785,77.34
786,77.2501
787,77.33
788,77.3
789,77.3262
790,77.36
791,77.16
792,77.45
793,77.42
794,77.53
795,77.55
796,77.65
797,77.65
798,77.84
799,78.215
800,77.89
801,77.85
802,77.84
803,77.79
804,77.83
805,77.745
806,77.72
807,77.71
808,77.745
809,77.7
810,77.66
811,77.63
812,77.585
813,77.47
814,77.55
815,77.6501
816,77.675
817,77.72
818,77.76
819,77.815
820,77.8138
821,77.8349
822,77.91
823,77.9
824,77.9
825,78.1601
826,78.15
827,78.1
828,78.08
829,77.91
830,77.84
831,77.76
832,77.76
833,77.81
834,77.71
835,77.84
836,77.74
837,77.77
838,77.75
839,77.76
840,77.7897
841,77.8
842,77.77
843,77.78
844,77.79
845,77.95
846,77.94
847,77.945
848,77.85
849,77.87
850,76.801
851,76.84
852,76.97
853,76.91
854,77.03
855,77.06
856,77.07
857,77.0199
858,77.1
859,77.005
860,76.92
861,76.805
862,77.11
863,77.0
864,76.84
865,76.755
866,76.71
867,76.79
868,77.88
869,78.39
870,78.62
871,78.63
872,79.05
873,79.155
874,78.85
875,78.56
876,78.57
877,78.84
878,78.95
879,79.0
880,79.025
881,79.03
882,79.23
883,79.2
884,79.12
885,79.015
886,79.07
887,78.955
888,79.0206
889,79.0
890,79.01
891,78.895
892,79.08
893,79.05
894,78.92
895,78.93
896,78.94
897,78.98
898,79.03
899,79.0
900,78.9964
901,78.89
902,78.9
903,79.0301
904,79.045
905,79.8
906,79.74
907,79.73
908,79.925
909,79.96
910,79.92
911,79.95
912,79.95
913,80.08
914,80.14
915,80.0
916,80.0644
917,80.07
918,80.062
919,80.045
920,80.04
921,80.02
922,79.98
923,79.9738
924,80.1178
925,80.116
926,80.0689
927,80.01
928,80.05
929,80.0601
930,79.845
931,78.93
932,79.14
933,79.06
934,79.04
935,79.07
936,79.13
937,78.99
938,79.015
939,78.98
940,79.01
941,79.03
942,78.96
943,78.64
944,78.51
945,78.492
946,78.33
947,78.31
948,78.32
949,78.1332
950,78.09
951,78.07
952,78.0753
953,78.05
954,77.8
955,77.515
956,77.54
957,77.54
958,77.34
959,77.431
960,77.44
961,77.48
962,77.44
963,77.73
964,77.58
965,77.55
966,77.4
967,77.44
968,77.37
969,77.29
970,77.1901
971,77.27
972,77.21
973,77.27
974,77.405
975,77.35
976,77.345
977,77.425
978,77.27
979,77.195
980,77.1799
981,77.06
982,76.8
983,76.7
984,76.51
985,76.61
986,76.6
987,76.82
988,76.9
989,76.88
990,76.6358
991,76.5868
992,76.635
993,76.48
994,76.52
995,76.41
996,76.39
997,76.4068
998,76.375
999,76.41
1000,76.47
1001,76.53
1002,76.48
1003,76.46
1004,76.43
1005,76.36
1006,76.35
1007,76.39
1008,76.345
1009,76.315
1010,76.2
1011,76.27
1012,76.28
1013,76.375
1014,76.37
1015,76.41
1016,76.36
1017,76.425
1018,76.55
1019,76.43
1020,76.44
1021,76.33
1022,76.3441
1023,76.325
1024,76.36
1025,76.4601
1026,76.4999
1027,76.55
1028,76.47
1029,76.465
1030,76.485
1031,76.51
1032,76.5762
1033,76.65
1034,76.845
1035,76.79
1036,76.26
1037,76.65
1038,76.74
1039,76.64
1040,76.68
1041,76.7
1042,76.775
1043,76.7338
1044,76.775
1045,76.74
1046,76.8301
1047,76.855
1048,76.7899
1049,76.88
1050,76.85600000000002
1051,76.84
1052,76.87
1053,76.88
1054,76.9689
1055,76.91
1056,76.91
1057,76.9
1058,76.896
1059,76.88
1060,76.9053
1061,76.89
1062,76.18
1063,76.28
1064,76.2399
1065,76.135
1066,76.18
1067,75.97
1068,75.98
1069,76.01
1070,75.88
1071,75.7763
1072,75.8
1073,75.77
1074,75.715
1075,75.69
1076,75.765
1077,75.71
1078,75.715
1079,75.6575
1080,75.755
1081,75.76
1082,75.7
1083,75.85
1084,75.5901
1085,75.5099
1086,75.54
1087,75.37
1088,75.4
1089,75.54
1090,75.6
1091,75.745
1092,75.73
1093,75.76
1094,75.9
1095,75.72
1096,75.8201
1097,75.8101
1098,75.71
1099,75.89
1100,75.88
1101,75.965
1102,75.995
1103,75.98
1104,76.015
1105,75.955
1106,75.88
1107,75.81
1108,75.84
1109,75.88
1110,75.74
1111,75.82
1112,75.8544
1113,76.07
1114,76.53
1115,76.765
1116,76.825
1117,76.69
1118,76.77
1119,76.83
1120,76.87
1121,76.94
1122,77.01
1123,77.01
1124,77.01
1125,77.03
1126,77.1
1127,77.0499
1128,77.12
1129,77.06
1130,77.14
1131,77.12
1132,77.111
1133,77.19
1134,77.09
1135,77.1449
1136,77.1499
1137,77.2362
1138,77.32
1139,77.26
1140,78.05
1141,78.005
1142,77.99
1143,78.24
1144,78.27
1145,78.36
1146,78.37
1147,78.342
1148,78.33
1149,78.35
1150,78.47
1151,78.44
1152,78.34
1153,78.305
1154,78.51
1155,78.54
1156,78.545
1157,78.62
1158,78.53
1159,78.64
1160,78.554
1161,78.51
1162,78.32
1163,78.275
1164,78.31
1165,78.22
1166,78.11
1167,78.27
1168,78.47
1169,78.39
1170,78.36
1171,78.435
1172,78.4
1173,78.07
1174,78.09
1175,78.209
1176,78.12
1177,78.15
1178,78.15
1179,78.11
1180,78.03
1181,78.05
1182,78.005
1183,77.8853
1184,77.94
1185,77.98
1186,78.069
1187,78.045
1188,78.0239
1189,77.94
1190,77.88
1191,77.74
1192,77.74
1193,77.36
1194,77.78
1195,77.57
1196,77.545
1197,77.23
1198,77.2
1199,77.18
1200,77.28
1201,77.31
1202,77.17
1203,77.14
1204,77.01
1205,77.16
1206,77.13
1207,77.1956
1208,77.1375
1209,77.21
1210,77.21
1211,77.22
1212,77.26
1213,77.25
1214,77.225
1215,77.1653
1216,77.25
1217,77.21
1218,77.26
1219,77.33
1220,77.24
1221,77.36
1222,77.35
1223,77.38
1224,77.64
1225,77.64
1226,77.681
1227,77.785
1228,77.74
1229,77.7148
1230,77.8444
1231,77.7
1232,77.8
1233,77.86
1234,77.85
1235,77.73
1236,77.7699
1237,77.8062
1238,77.72
1239,77.865
1240,77.868
1241,77.96
1242,77.92
1243,77.83
1244,77.84
1245,78.09
1246,78.01
1247,78.3802
1248,78.32
1249,78.52
1250,78.4599
1251,78.3556
1252,78.37
1253,78.4
1254,78.2551
1255,78.36
1256,78.2441
1257,78.4
1258,78.34
1259,78.2268
1260,78.08
1261,78.125
1262,78.16
1263,78.195
1264,78.19
1265,78.1951
1266,78.16
1267,78.0201
1268,78.07
1269,77.995
1270,77.92
1271,77.9
1272,77.37
1273,77.56
1274,77.5128
1275,77.58
1276,77.43
1277,77.405
1278,77.5099
1279,77.56
1280,77.57
1281,77.53
1282,77.42
1283,77.46
1284,77.56
1285,77.5
1286,77.52
1287,77.52
1288,77.4
1289,77.36
1290,77.305
1291,77.45
1292,77.39
1293,77.395
1294,77.57
1295,77.6804
1296,77.5546
1297,77.59
1298,77.43
1299,77.5
1300,77.55
1301,77.7499
1302,77.9768
1303,77.98
1304,78.11
1305,78.08
1306,78.145
1307,78.12
1308,78.1682
1309,78.204
1310,78.155
1311,78.17
1312,78.19
1313,78.22
1314,78.21
1315,78.18
1316,78.235
1317,78.2
1318,78.23
1319,78.11
1320,78.88
1321,78.595
1322,78.68
1323,78.51
1324,78.36
1325,78.22
1326,78.26
1327,78.13
1328,77.94
1329,78.03
1330,78.16
1331,78.07
1332,78.115
1333,78.1938
1334,78.1933
1335,78.32
1336,78.29
1337,78.22
1338,78.175
1339,78.04
1340,78.2
1341,78.26
1342,78.24
1343,78.39
1344,78.196
1345,78.14
1346,78.13
1347,83.055
1348,84.115
1349,84.08
1350,84.11
1351,84.2083
1352,84.14000000000001
1353,84.5075
1354,84.42
1355,84.06
1356,84.23
1357,84.05
1358,84.15
1359,84.42999999999999
1360,84.54
1361,84.63090000000001
1362,84.98
1363,85.06
1364,85.185
1365,85.055
1366,84.97500000000001
1367,84.845
1368,84.93
1369,84.94
1370,84.84
1371,84.875
1372,84.95
1373,85.095
1374,84.92
1375,84.75999999999999
1376,84.70000000000002
1377,84.70000000000002
1378,84.52
1379,84.61
1380,84.85500000000002
1381,84.75
1382,84.56999999999998
1383,84.62
1384,84.77
1385,84.89
1386,84.85
1387,85.0324
1388,85.055
1389,84.95
1390,84.91
1391,84.83
1392,84.92
1393,85.02
1394,85.185
1395,85.2
1396,85.18999999999998
1397,85.475
1398,85.26
1399,85.24
1400,85.69
1401,85.64
1402,85.335
1403,85.35
1404,85.38
1405,85.25
1406,85.15
1407,85.16999999999999
1408,85.18999999999998
1409,85.0121
1410,84.94
1411,84.825
1412,84.95
1413,85.055
1414,85.08
1415,84.85999999999999
1416,84.71
1417,84.70000000000002
1418,84.64
1419,84.78000000000002
1420,84.73320000000001
1421,84.71
1422,84.755
1423,84.995
1424,84.92
1425,84.97
1426,84.98
1427,84.85999999999999
1428,84.745
1429,84.615
1430,84.43219999999998
1431,84.42999999999999
1432,84.51
1433,84.42
1434,84.445
1435,84.25
1436,84.24059999999999
1437,84.23999999999998
1438,84.27
1439,84.23999999999998
1440,84.19
1441,84.31
1442,84.13
1443,83.98
1444,83.915
1445,83.90999999999998
1446,83.95
1447,83.9775
1448,83.9364
1449,83.92
1450,84.015
1451,84.095
1452,84.07
1453,83.03
1454,83.41
1455,83.26999999999998
1456,83.2
1457,83.21000000000001
1458,83.18
1459,83.31
1460,83.62
1461,83.52000000000001
1462,83.55
1463,83.57
1464,83.55
1465,83.59
1466,83.67500000000001
1467,83.69
1468,83.72010000000002
1469,83.7301
1470,83.72
1471,83.7757
1472,83.76
1473,83.66
1474,83.42699999999999
1475,83.53
1476,83.51
1477,83.54
1478,83.68
1479,83.69
1480,83.76
1481,83.74
1482,83.8847
1483,83.92
1484,83.93
1485,83.75
1486,83.95
1487,83.945
1488,83.785
1489,84.13
1490,84.13
1491,84.19
1492,84.36
1493,84.28
1494,84.17
1495,84.105
1496,83.96
1497,84.054
1498,84.01
1499,83.88999999999999
1500,83.89
1501,83.94
1502,83.93
1503,83.76
1504,83.62
1505,83.55
1506,83.445
1507,83.33
1508,83.23
1509,83.27
1510,83.25
1511,83.245
1512,83.16
1513,83.1547
1514,83.02
1515,83.0441
1516,83.05
1517,83.05
1518,82.98
1519,83.055
1520,82.98100000000002
1521,82.99
1522,83.0
1523,82.95
1524,82.96
1525,82.875
1526,82.805
1527,82.77
1528,82.795
1529,82.80000000000001
1530,82.8499
1531,82.74870000000001
1532,82.64
1533,82.43
1534,82.4301
1535,82.39
1536,82.33
1537,82.34
1538,82.37
1539,82.43
1540,82.4
1541,82.38499999999999
1542,82.325
1543,82.3
1544,82.41
1545,82.365
1546,82.35799999999998
1547,82.39
1548,82.36
1549,82.3556
1550,82.375
1551,82.37
1552,82.33
1553,82.32
1554,82.2435
1555,82.2
1556,82.15
1557,82.13999999999999
1558,82.09
1559,82.37
1560,82.73250000000002
1561,82.4125
1562,82.41
1563,82.65
1564,82.58999999999999
1565,82.72499999999998
1566,82.71
1567,82.8701
1568,82.89
1569,82.85
1570,82.8701
1571,82.78
1572,82.8762
1573,82.9
1574,82.93
1575,82.98
1576,82.98
1577,82.95
1578,82.90500000000002
1579,82.80000000000001
1580,82.9
1581,82.94
1582,82.93
1583,82.785
1584,82.89
1585,82.62
1586,82.42000000000002
1587,82.13
1588,81.96
1589,82.41
1590,82.405
1591,82.62
1592,82.48
1593,82.505
1594,82.68
1595,82.51999999999998
1596,82.47
1597,82.57
1598,82.595
1599,82.51999999999998
1600,82.57
1601,82.72
1602,82.82999999999998
1603,82.57
1604,82.7868
1605,82.75099999999999
1606,82.68
1607,82.72999999999999
1608,82.74
1609,82.61
1610,82.72999999999999
1611,82.72999999999999
1612,82.64
1613,82.74
1614,82.76
1615,82.76
1616,82.72999999999999
1617,82.76
1618,82.86
1619,83.03
1620,83.06999999999998
1621,82.86500000000001
1622,82.84
1623,82.91
1624,82.98
1625,83.03999999999999
1626,83.12
1627,83.14
1628,83.17999999999999
1629,83.14
1630,83.39
1631,83.35000000000001
1632,83.37
1633,83.21000000000001
1634,83.25
1635,83.281
1636,83.1654
1637,83.51
1638,83.32
1639,83.42000000000002
1640,83.21000000000001
1641,83.25
1642,83.33
1643,83.36
1644,83.22
1645,83.22
1646,83.11000000000001
1647,83.125
1648,82.98890000000002
1649,82.98
1650,82.9947
1651,83.06
1652,83.0
1653,83.02
1654,82.95
1655,83.14
1656,83.2251
1657,83.235
1658,83.15
1659,83.16
1660,83.08
1661,83.0128
1662,83.19
1663,83.39
1664,83.37999999999998
1665,83.27300000000001
1666,83.53
1667,83.48499999999999
1668,83.29
1669,83.15
1670,83.11000000000001
1671,83.09
1672,83.08
1673,83.15
1674,83.03999999999999
1675,83.06
1676,83.17
1677,83.16
1678,83.165
1679,83.0875
1680,83.11000000000001
1681,83.145
1682,83.17999999999999
1683,83.15
1684,83.12
1685,83.02
1686,83.025
1687,83.03
1688,83.19
1689,83.19
1690,83.21000000000001
1691,83.03999999999999
1692,83.17
1693,83.16
1694,83.26
1695,83.22
1696,83.15
1697,83.055
1698,82.9172
1699,82.9256
1700,83.02
1701,83.03499999999998
1702,83.08
1703,82.96999999999998
1704,82.9
1705,82.82999999999998
1706,82.77
1707,82.79
1708,82.78
1709,82.7855
1710,82.76
1711,82.72999999999999
1712,82.74
1713,82.62
1714,82.72999999999999
1715,82.806
1716,82.80000000000001
1717,83.31
1718,83.16
1719,83.03
1720,83.10990000000001
1721,83.34
1722,83.56000000000002
1723,83.42000000000002
1724,83.49
1725,83.62
1726,83.56000000000002
1727,83.35000000000001
1728,83.27999999999999
1729,83.305
1730,83.345
1731,83.48
1732,83.5499
1733,83.4251
1734,83.45
1735,83.53
1736,83.6
1737,83.39
1738,83.48499999999999
1739,83.47
1740,83.65
1741,83.63
1742,83.86
1743,83.87000000000002
1744,83.77
1745,83.63
1746,83.44
1747,83.32
1748,83.77
1749,83.84
1750,83.88799999999998
1751,84.08
1752,84.09
1753,84.0023
1754,84.11000000000001
1755,84.15
1756,84.21000000000001
1757,84.13
1758,84.06
1759,84.025
1760,84.05
1761,84.0
1762,83.96999999999998
1763,84.02
1764,84.0153
1765,84.02
1766,84.1
1767,84.03
1768,83.9053
1769,84.02
1770,85.45
1771,85.5
1772,85.55
1773,85.49
1774,85.5101
1775,85.645
1776,85.57
1777,85.49
1778,85.65
1779,85.69
1780,85.595
1781,85.62
1782,85.59
1783,85.54
1784,85.48
1785,85.49
1786,85.39
1787,85.26
1788,85.22
1789,85.15
1790,85.22
1791,85.2
1792,85.25000000000001
1793,85.17
1794,85.14
1795,85.2
1796,85.03999999999999
1797,84.78
1798,84.975
1799,84.945
1800,84.9901
1801,84.945
1802,84.995
1803,84.85
1804,84.79
1805,84.77
1806,84.575
1807,84.535
1808,84.48
1809,84.63
1810,84.645
1811,84.55
1812,84.37999999999998
1813,84.4
1814,84.27999999999999
1815,84.31500000000001
1816,84.21000000000001
1817,84.09
1818,84.1299
1819,84.19
1820,84.22
1821,84.12
1822,83.74
1823,84.2
1824,84.03999999999999
1825,84.06999999999998
1826,84.387
1827,84.43
1828,84.72999999999999
1829,84.61
1830,84.6
1831,84.69
1832,84.54
1833,84.64
1834,84.62
1835,84.72
1836,84.57
1837,84.34
1838,84.21000000000001
1839,84.21000000000001
1840,84.17999999999999
1841,84.4331
1842,84.29
1843,84.21030000000002
1844,84.22
1845,84.22
1846,84.22
1847,84.13
1848,84.47
1849,84.6
1850,84.49
1851,84.37999999999998
1852,84.3
1853,84.34
1854,84.2
1855,84.34
1856,84.47
1857,84.44
1858,84.57
1859,84.5
1860,84.57
1861,84.59
1862,84.78
1863,84.82
1864,84.82
1865,84.86
1866,84.72999999999999
1867,84.7449
1868,84.715
1869,84.55
1870,84.63
1871,84.48
1872,84.47
1873,84.54
1874,85.33
1875,85.53
1876,85.77
1877,85.7
1878,85.855
1879,85.8753
1880,85.9
1881,85.925
1882,85.94
1883,86.1801
1884,86.2301
1885,86.35000000000001
1886,86.41999999999999
1887,86.59
1888,86.61
1889,86.64
1890,86.80000000000001
1891,86.86
1892,86.815
1893,86.715
1894,86.745
1895,86.78
1896,86.84190000000001
1897,86.75
1898,86.68
1899,86.78
1900,86.37
1901,86.395
1902,86.23
1903,86.12
1904,86.20999999999998
1905,86.29
1906,86.27999999999999
1907,86.2267
1908,86.26
1909,86.3
1910,86.25000000000001
1911,86.3
1912,86.4
1913,86.43
1914,86.4
1915,86.32
1916,86.3
1917,86.2901
1918,86.27
1919,86.31499999999998
1920,86.38
1921,86.4416
1922,86.4825
1923,86.5486
1924,86.57
1925,86.57
1926,86.22
1927,86.0673
1928,86.0
1929,85.94
1930,85.86499999999998
1931,85.87000000000002
1932,85.66000000000001
1933,85.77
1934,85.84700000000002
1935,85.875
1936,85.93
1937,85.8896
1938,85.9899
1939,85.96
1940,85.96
1941,86.0
1942,86.03
1943,86.04
1944,86.0
1945,85.94
1946,85.9
1947,85.94
1948,85.89
1949,85.9161
1950,86.00510000000001
1951,86.02
1952,85.09
1953,85.26
1954,85.25000000000001
1955,85.32
1956,85.51
1957,85.36
1958,85.29
1959,85.48
1960,85.5251
1961,85.62
1962,85.65
1963,85.6
1964,85.58
1965,85.56000000000002
1966,85.61
1967,85.585
1968,85.68
1969,85.605
1970,85.505
1971,85.5549
1972,85.46
1973,85.335
1974,85.19
1975,85.28009999999999
1976,85.45
1977,85.64
1978,85.69
1979,85.96
1980,86.0225
1981,85.855
1982,85.91
1983,85.94
1984,85.81
1985,85.94
1986,85.7725
1987,85.74
1988,85.6
1989,85.61
1990,85.56000000000002
1991,85.46
1992,85.405
1993,85.44
1994,85.3332
1995,85.37
1996,85.41
1997,85.75
1998,85.56000000000002
1999,85.62
2000,85.51
2001,85.48
2002,85.49
2003,85.39
2004,84.9
2005,84.83
2006,84.87
2007,84.8199
2008,84.71
2009,84.8
2010,84.84
2011,84.855
2012,84.885
2013,84.92
2014,84.85
2015,84.82
2016,84.95
2017,85.0896
2018,85.05
2019,85.03
2020,85.26
2021,85.15
2022,85.09
2023,85.135
2024,85.11
2025,85.061
2026,84.9447
2027,85.21
2028,85.11
2029,85.14
2030,84.34
2031,84.198
2032,84.32
2033,84.23
2034,84.18
2035,84.36
2036,84.195
2037,84.4
2038,84.3399
2039,84.2625
2040,84.35
2041,84.33200000000002
2042,84.4024
2043,84.36
2044,84.36
2045,84.3
2046,84.285
2047,84.22
2048,84.185
2049,84.255
2050,84.17
2051,84.1
2052,84.27
2053,84.23
2054,84.28
2055,84.15
2056,83.32
2057,83.49
2058,83.67
2059,83.67
2060,83.6568
2061,83.53
2062,83.6099
2063,83.86
2064,84.0
2065,83.9255
2066,83.91
2067,83.9259
2068,83.8501
2069,83.85
2070,83.8
2071,83.85
2072,83.66
2073,83.5
2074,83.6358
2075,83.48
2076,83.56
2077,83.54
2078,83.7
2079,83.772
2080,83.8799
2081,83.73
2082,83.72
2083,83.75
2084,83.9575
2085,83.86
2086,83.83
2087,83.97
2088,84.1
2089,83.935
2090,83.98
2091,84.2
2092,84.22
2093,84.205
2094,84.11
2095,84.1175
2096,84.035
2097,84.141
2098,84.25
2099,84.22
2100,84.19
2101,84.225
2102,84.24
2103,84.29
2104,84.26
2105,84.34
2106,84.175
2107,84.1928
2108,84.23
2109,84.56
2110,84.26
2111,84.2
2112,84.25
2113,84.06
2114,83.98
2115,83.97
2116,83.93
2117,83.84
2118,83.815
2119,83.86
2120,84.07
2121,83.96
2122,83.99
2123,83.98
2124,83.9399
2125,83.9399
2126,83.9881
2127,83.96
2128,84.17
2129,84.3
2130,84.36
2131,84.39
2132,84.21
2133,84.19
2134,84.27
2135,84.26
2136,83.45
2137,83.5399
2138,83.58
2139,83.6125
2140,83.27
2141,83.07
2142,83.2262
2143,83.04
2144,83.285
2145,83.17
2146,83.14
2147,83.3
2148,83.29
2149,83.36
2150,83.35
2151,83.32
2152,83.28
2153,83.215
2154,83.15
2155,83.1
2156,83.04
2157,83.15
2158,83.23
2159,83.22
2160,83.23
2161,83.08
2162,83.05
2163,83.29
2164,83.16
2165,82.96
2166,82.7
2167,82.96
2168,82.75
2169,82.61
2170,82.6201
2171,82.5399
2172,82.63
2173,82.98
2174,83.09
2175,83.215
2176,83.181
2177,83.255
2178,83.18
2179,83.21
2180,83.2839
2181,83.4108
2182,83.31
2183,83.36
2184,83.36
2185,83.295
2186,83.25
2187,83.17
2188,82.42
2189,82.48
2190,82.73
2191,82.885
2192,83.0649
2193,83.01
2194,83.08
2195,82.995
2196,83.06
2197,83.15
2198,83.32
2199,83.365
2200,83.4
2201,83.44
2202,83.43
2203,83.44
2204,83.36
2205,83.41
2206,83.41
2207,83.5
2208,83.37
2209,83.19
2210,82.9
2211,82.945
2212,82.91
2213,82.95
2214,83.15
2215,83.0797
2216,83.3
2217,83.305
2218,83.21
2219,83.18
2220,83.06
2221,82.78
2222,82.73
2223,82.56
2224,82.47
2225,82.56
2226,82.5973
2227,82.66
2228,82.62
2229,82.5636
2230,82.475
2231,82.45
2232,82.57
2233,82.5565
2234,82.575
2235,82.4901
2236,82.476
2237,82.47
2238,82.47
2239,82.44
2240,82.4192
2241,82.51
2242,82.62
2243,82.52
2244,82.39
2245,82.39200000000002
2246,82.31
2247,82.3519
2248,82.27
2249,82.15
2250,82.225
2251,82.13
2252,82.09
2253,82.1768
2254,82.14
2255,81.9885
2256,81.94
2257,82.05
2258,81.94
2259,82.01
2260,82.05
2261,82.036
2262,81.9
2263,81.93
2264,81.78
2265,81.78
2266,81.86
2267,80.732
2268,80.4399
2269,80.2633
2270,80.37
2271,80.4265
2272,80.36
2273,80.32
2274,80.304
2275,80.37
2276,80.3
2277,80.18
2278,80.04
2279,80.12
2280,80.07
2281,80.02
2282,80.0
2283,79.9499
2284,79.95
2285,80.0827
2286,79.97
2287,79.875
2288,79.75
2289,79.76
2290,79.65
2291,79.53
2292,79.68
2293,79.82
2294,80.23
2295,80.36
2296,80.54
2297,80.51
2298,80.41
2299,80.28
2300,80.43
2301,80.51
2302,80.41
2303,80.415
2304,80.28
2305,80.28
2306,80.2375
2307,80.26
2308,80.35
2309,80.22
2310,80.28
2311,80.25
2312,80.2868
2313,80.2301
2314,80.26
2315,80.31
2316,80.25
2317,80.34
2318,80.15
2319,80.15
2320,80.37
2321,80.32
2322,80.58
2323,80.625
2324,80.85
2325,80.9653
2326,80.985
2327,81.0
2328,81.01
2329,80.957
2330,81.105
2331,81.14
2332,81.12
2333,81.06
2334,80.9567
2335,80.955
2336,80.785
2337,80.8
2338,80.88
2339,81.05
2340,81.0501
2341,81.07
2342,80.86
2343,80.8
2344,80.7
2345,80.72
2346,80.72
2347,81.2199
2348,81.4564
2349,81.4
2350,81.59
2351,81.5699
2352,81.58
2353,81.722
2354,81.74
2355,81.8128
2356,81.905
2357,82.145
2358,82.15
2359,82.1901
2360,82.23
2361,82.35
2362,82.4499
2363,82.37
2364,82.4
2365,82.54
2366,82.605
2367,82.54
2368,82.46
2369,82.37
2370,82.4
2371,82.26
2372,82.3
2373,82.29
2374,82.5
2375,82.55
2376,82.73
2377,82.41
2378,82.34
2379,82.26
2380,82.36
2381,82.32
2382,82.19
2383,82.23
2384,82.1
2385,82.02
2386,82.07
2387,82.08
2388,82.02
2389,82.01
2390,82.125
2391,82.19
2392,82.115
2393,82.27
2394,82.44
2395,82.215
2396,82.25
2397,82.15
2398,82.2
2399,82.27
2400,80.85
2401,80.7686
2402,80.7799
2403,80.92
2404,81.07
2405,81.075
2406,81.2249
2407,81.2367
2408,81.32
2409,81.3001
2410,81.33
2411,81.36
2412,81.28
2413,81.32
2414,81.46
2415,81.52
2416,81.57
2417,81.5849
2418,81.61
2419,81.6
2420,81.54899999999998
2421,81.54
2422,81.595
2423,81.7575
2424,81.775
2425,81.85
2426,81.34
2427,81.68
2428,81.51
2429,81.3
2430,81.25
2431,81.28
2432,81.455
2433,81.27
2434,81.28
2435,81.16
2436,81.23
2437,81.26
2438,81.22
2439,81.32
2440,81.38
2441,81.29
2442,81.17
2443,81.26
2444,81.2575
2445,81.233
2446,81.3
2447,81.22
2448,81.22
2449,81.18
2450,81.3
2451,81.29
2452,81.27
2453,81.16
2454,81.24
2455,81.01
2456,81.17
2457,81.16
2458,81.32
2459,81.5
2460,81.4
2461,81.31
2462,81.3499
2463,81.42
2464,81.43
2465,81.545
2466,81.56
2467,81.58
2468,81.62
2469,81.65
2470,81.64
2471,81.79
2472,81.82
2473,81.67
2474,81.72
2475,81.7401
2476,81.76
2477,81.715
2478,81.81
2479,81.75
2480,81.63
2481,81.8
2482,81.7702
2483,81.77
2484,81.72
2485,81.65
2486,81.51
2487,81.425
2488,81.5
2489,81.37
2490,81.43
2491,81.4151
2492,81.31
2493,81.27
2494,81.3
2495,81.2214
2496,81.33
2497,81.63
2498,81.47
2499,81.9574
2500,82.12
2501,82.035
2502,82.08
2503,81.9373
2504,81.83
2505,81.83
2506,82.72
2507,83.17
2508,83.25
2509,83.25
2510,83.25
2511,83.41
2512,83.53
2513,83.47
2514,83.54
2515,83.36
2516,83.27
2517,83.4
2518,83.37
2519,83.19
2520,83.18
2521,83.16
2522,83.14
2523,83.16
2524,83.145
2525,83.24
2526,83.28
2527,83.29
2528,83.17
2529,83.29
2530,83.255
2531,83.1
2532,82.78
2533,82.63
2534,82.78
2535,82.81
2536,82.83
2537,82.98
2538,83.01
2539,83.1096
2540,82.92
2541,82.9262
2542,82.9
2543,82.83
2544,82.87
2545,82.8767
2546,82.82
2547,82.88
2548,82.89
2549,82.99
2550,82.93
2551,82.81
2552,82.87
2553,82.86
2554,82.83
2555,82.82
2556,82.97
2557,82.66
2558,83.01
2559,83.59
2560,83.3699
2561,83.3301
2562,83.35
2563,83.21
2564,83.27
2565,83.289
2566,83.2686
2567,83.28
2568,83.209
2569,83.25
2570,83.225
2571,83.2001
2572,83.2
2573,83.2
2574,83.22
2575,83.3
2576,83.21
2577,83.21
2578,83.22
2579,83.21
2580,83.25
2581,83.24
2582,83.265
2583,83.14
2584,81.77
2585,81.7383
2586,81.66
2587,81.4996
2588,81.36
2589,81.3049
2590,81.275
2591,81.1175
2592,81.14
2593,81.22
2594,81.1
2595,81.135
2596,81.2
2597,81.3
2598,81.29
2599,81.3932
2600,81.3334
2601,81.337
2602,81.3035
2603,81.2901
2604,81.36
2605,81.4
2606,81.33
2607,81.39
2608,81.42
2609,81.37
2610,81.07
2611,81.72
2612,81.53
2613,81.59
2614,81.52
2615,81.48
2616,81.44
2617,81.49
2618,81.395
2619,81.35
2620,81.3799
2621,81.4
2622,81.4
2623,81.4
2624,81.42
2625,81.46
2626,81.37
2627,81.33
2628,81.21
2629,81.115
2630,81.045
2631,81.115
2632,81.0099
2633,81.1
2634,81.06
2635,80.82
2636,80.81
2637,81.15
2638,81.3478
2639,81.3
2640,81.4
2641,81.34
2642,81.16
2643,81.2817
2644,81.3
2645,81.285
2646,81.445
2647,81.49
2648,81.52
2649,81.55
2650,81.66
2651,81.67
2652,81.66
2653,81.605
2654,81.65
2655,81.53
2656,81.525
2657,81.59
2658,81.49
2659,81.4751
2660,81.48
2661,81.331
2662,81.31
2663,81.445
2664,81.49
2665,81.6
2666,81.495
2667,81.57
2668,81.59
2669,81.56
2670,81.59
2671,81.51
2672,81.45
2673,81.46
2674,81.42
2675,81.35
2676,81.24
2677,81.16
2678,81.13
2679,81.23
2680,81.13
2681,81.166
2682,81.14
2683,81.15
2684,81.16
2685,81.29
2686,81.43
2687,81.42
2688,81.37
2689,80.81
2690,80.69
2691,80.7244
2692,80.585
2693,80.6
2694,80.535
2695,80.47
2696,80.48
2697,80.49
2698,80.53
2699,80.59
2700,80.39
2701,80.54
2702,80.53
2703,80.45
2704,80.5632
2705,80.5
2706,80.57
2707,80.38
2708,80.29
2709,80.435
2710,80.43
2711,80.38
2712,80.34
2713,80.265
2714,80.1397
2715,80.22
2716,80.03
2717,80.19
2718,80.34
2719,80.24
2720,80.29
2721,80.3004
2722,80.15
2723,80.16
2724,80.14
2725,80.3053
2726,80.16
2727,80.1
2728,80.25
2729,80.19
2730,80.355
2731,80.525
2732,80.51
2733,80.92
2734,80.55
2735,80.464
2736,80.42
2737,80.355
2738,80.2838
2739,80.23
2740,80.2
2741,80.66
2742,80.64
2743,80.64
2744,80.72
2745,80.69
2746,80.675
2747,80.61
2748,80.65
2749,80.68
2750,80.61
2751,80.65
2752,80.77
2753,80.72
2754,80.64
2755,80.78
2756,80.84
2757,80.895
2758,80.86
2759,80.8
2760,80.82
2761,80.93
2762,80.97
2763,81.17
2764,81.17
2765,81.19
2766,81.33
2767,81.095
2768,81.14
2769,81.3
2770,81.45
2771,81.589
2772,81.56
2773,81.43
2774,81.24
2775,81.19
2776,81.2637
2777,81.08
2778,81.0
2779,81.07
2780,81.1514
2781,81.1
2782,81.12
2783,81.11
2784,81.0
2785,81.06
2786,81.0
2787,80.97
2788,81.059
2789,81.025
2790,81.1
2791,81.12
2792,81.19
2793,80.98
2794,80.779
2795,81.1163
2796,81.21
2797,81.23
2798,81.27
2799,81.28
2800,81.25
2801,81.44
2802,81.4027
2803,81.31
2804,81.295
2805,81.25
2806,81.1
2807,81.18
2808,81.045
2809,80.96
2810,80.83
2811,80.84
2812,80.86
2813,80.84
2814,80.92
2815,80.95
2816,81.03
2817,81.08
2818,81.21
2819,81.89
2820,81.07
2821,81.23
2822,81.2464
2823,81.08
2824,81.34
2825,81.47
2826,81.4098
2827,81.47
2828,81.69
2829,81.92
2830,82.135
2831,81.98
2832,82.13
2833,82.1
2834,82.24
2835,82.14
2836,82.3
2837,82.47
2838,82.38
2839,82.44
2840,82.355
2841,82.47
2842,82.44
2843,82.37
2844,82.28200000000002
2845,82.25
2846,82.14
2847,82.33
2848,82.11
2849,82.15
2850,81.9542
2851,81.94
2852,81.925
2853,81.95
2854,81.89
2855,82.07
2856,81.96
2857,81.92
2858,81.96
2859,81.96
2860,81.97
2861,81.93
2862,81.73
2863,81.62
2864,81.85
2865,81.6
2866,81.75
2867,81.57
2868,82.31
2869,82.24
2870,82.0837
2871,81.88
2872,81.96
2873,82.04
2874,82.03
2875,81.955
2876,81.95
2877,81.78
2878,81.66
2879,81.68
2880,81.53
2881,81.6
2882,81.49
2883,81.38
2884,81.38
2885,81.35
2886,81.31
2887,81.29
2888,81.34
2889,81.4001
2890,81.43
2891,81.33
2892,81.36
2893,81.23
2894,84.78
2895,85.07
2896,84.83
2897,84.87
2898,85.02
2899,85.1
2900,85.165
2901,85.06
2902,85.01
2903,85.37
2904,85.35
2905,85.35
2906,85.4
2907,85.28
2908,85.28
2909,85.25
2910,85.315
2911,85.545
2912,85.66
2913,85.81
2914,85.75
2915,85.8516
2916,85.62
2917,85.465
2918,85.475
2919,85.54
2920,86.44
2921,86.33
2922,85.94
2923,85.74
2924,85.86
2925,85.95
2926,85.91
2927,85.91
2928,85.68
2929,85.695
2930,85.685
2931,85.505
2932,85.46
2933,85.58
2934,85.63
2935,85.6253
2936,85.64
2937,85.64
2938,85.57
2939,85.66
2940,85.64
2941,85.65
2942,85.505
2943,85.61
2944,85.525
2945,85.6
2946,85.98
2947,85.99
2948,85.94
2949,85.94
2950,85.98
2951,85.95
2952,85.99
2953,86.07
2954,86.005
2955,85.94
2956,85.635
2957,85.635
2958,85.42
2959,85.53
2960,85.53
2961,85.61
2962,85.61
2963,85.51
2964,85.64
2965,85.57
2966,85.69
2967,85.6968
2968,85.6
2969,85.52
2970,85.42
2971,85.45
2972,85.3541
2973,85.63
2974,85.575
2975,85.49
2976,85.66
2977,85.48
2978,85.53
2979,85.708
2980,85.72
2981,85.59
2982,85.57
2983,85.59
2984,85.57
2985,85.55
2986,85.5
2987,85.4699
2988,85.46
2989,85.44
2990,85.469
2991,85.39
2992,85.41
2993,85.47
2994,85.48
2995,85.51
2996,85.602
2997,85.39
2998,85.5
2999,85.69
3000,85.72
3001,85.32
3002,85.3262
3003,85.2797
3004,85.30000000000001
3005,85.33
3006,85.3901
3007,85.41
3008,85.322
3009,85.32
3010,85.24
3011,85.31
3012,85.2662
3013,85.35
3014,85.34
3015,85.32
3016,85.2
3017,85.25
3018,85.3075
3019,85.165
3020,85.195
3021,85.38849999999998
3022,85.595
3023,85.67
3024,85.62
3025,85.78
3026,85.87
3027,85.94
3028,85.7673
3029,85.8
3030,85.96
3031,85.88
3032,85.86
3033,85.915
3034,85.95
3035,85.84
3036,85.85
3037,85.84
3038,85.8301
3039,85.97
3040,85.91
3041,85.74
3042,85.71
3043,85.76
3044,85.81
3045,85.86
3046,85.76
3047,85.81
3048,85.89
3049,85.85
3050,85.82999999999998
3051,85.94
3052,85.95
3053,85.82
3054,85.915
3055,85.92279999999998
3056,85.88
3057,85.99999999999999
3058,85.99999999999999
3059,86.125
3060,85.98
3061,85.95
3062,85.91
3063,85.8999
3064,85.98
3065,85.85
3066,85.85
3067,85.91
3068,85.86
3069,85.85
3070,85.915
3071,85.88
3072,85.94
3073,85.96
3074,85.9
3075,85.85
3076,85.91
3077,85.809
3078,85.82999999999998
3079,85.9
3080,85.85
3081,85.84
3082,85.94
3083,85.95
3084,85.88
3085,85.89
3086,85.87
3087,85.86
3088,85.8366
3089,85.82
3090,85.82999999999998
3091,85.865
3092,85.88
3093,85.89
3094,85.78
3095,85.785
3096,85.775
3097,85.78
3098,85.78
3099,85.71
3100,85.605
3101,85.72
3102,85.79
3103,85.93
3104,85.96
3105,85.96
3106,86.18
3107,86.14009999999999
3108,86.16999999999999
3109,86.23
3110,86.14
3111,86.3
3112,86.08
3113,86.16999999999999
3114,86.13
3115,85.99
3116,86.044
3117,86.0601
3118,86.03
3119,85.97
3120,85.95
3121,85.93
3122,85.92
3123,85.93
3124,85.87
3125,85.82499999999999
3126,85.68
3127,85.785
3128,85.87
3129,84.96000000000001
3130,84.86
3131,84.91
3132,84.98200000000001
3133,85.11
3134,85.01299999999999
3135,85.0598
3136,85.13000000000001
3137,85.17200000000003
3138,85.03
3139,84.979
3140,84.98
3141,84.97
3142,85.11
3143,85.03
3144,85.0025
3145,85.065
3146,85.15
3147,85.19
3148,85.315
3149,85.29000000000002
3150,85.395
3151,85.4
3152,85.36
3153,85.47999999999999
3154,85.5
3155,84.7
3156,84.7081
3157,84.7399
3158,84.384
3159,84.63
3160,84.84
3161,84.7525
3162,84.89
3163,84.86
3164,84.85
3165,84.959
3166,85.03
3167,84.925
3168,85.185
3169,85.24
3170,85.242
3171,85.45
3172,85.52
3173,85.64
3174,84.94
3175,84.65
3176,84.595
3177,84.54
3178,84.55
3179,84.5
3180,84.38
3181,84.42
3182,84.47
3183,84.57
3184,84.595
3185,84.68
3186,84.65
3187,84.69
3188,84.61000000000001
3189,84.76
3190,84.51
3191,84.48
3192,84.46
3193,84.39
3194,84.40100000000002
3195,84.35
3196,84.345
3197,84.36
3198,84.38
3199,84.66
3200,84.66
3201,83.9
3202,83.64
3203,83.71
3204,83.57
3205,83.47
3206,83.795
3207,84.05
3208,84.11
3209,84.07
3210,84.17
3211,84.235
3212,84.22
3213,84.25
3214,84.25
3215,84.195
3216,84.25
3217,84.28
3218,84.32
3219,84.3
3220,84.235
3221,84.21
3222,84.245
3223,84.25
3224,84.25
3225,84.24
3226,84.28
3227,84.3
3228,84.2199
3229,84.28
3230,84.24
3231,84.1657
3232,84.145
3233,84.09000000000002
3234,84.04
3235,83.91500000000002
3236,83.98
3237,84.115
3238,84.03
3239,84.09000000000002
3240,84.185
3241,84.1701
3242,84.2266
3243,84.26000000000002
3244,84.28
3245,84.255
3246,84.23
3247,84.225
3248,84.17
3249,83.97
3250,84.02
3251,84.0
3252,83.905
3253,84.04
3254,83.49
3255,83.33
3256,83.465
3257,83.395
3258,83.39
3259,83.31
3260,83.4801
3261,83.3447
3262,83.315
3263,83.595
3264,83.57
3265,83.54
3266,83.71
3267,83.72
3268,83.91
3269,83.84
3270,83.91
3271,83.92000000000002
3272,84.4155
3273,84.43000000000002
3274,84.10000000000001
3275,83.93
3276,83.92000000000002
3277,83.867
3278,83.9
3279,83.74
3280,83.45
3281,83.66
3282,83.71
3283,83.75500000000001
3284,84.44000000000001
3285,84.07010000000001
3286,83.93
3287,84.185
3288,84.11
3289,84.19
3290,84.16
3291,83.99
3292,84.01
3293,83.7
3294,83.825
3295,84.02
3296,84.01
3297,84.17
3298,83.96
3299,83.66
3300,83.59
3301,83.5
3302,83.48
3303,83.45
3304,83.4569
3305,83.1
3306,78.28
3307,78.67
3308,78.76
3309,79.05
3310,78.81
3311,78.68
3312,78.67
3313,78.08
3314,78.44
3315,78.69
3316,78.42
3317,78.95
3318,79.13
3319,79.33
3320,79.635
3321,79.43000000000002
3322,79.09000000000002
3323,78.73
3324,78.45
3325,78.66
3326,78.62
3327,77.71999999999998
3328,78.08
3329,77.95
3330,79.11
3331,78.83
3332,78.79
3333,78.8099
3334,78.67
3335,78.1
3336,78.22
3337,78.036
3338,77.79
3339,77.75
3340,77.5
3341,77.58
3342,77.54999999999998
3343,77.5897
3344,77.53
3345,78.01
3346,77.95
3347,78.31
3348,78.47
3349,78.6799
3350,78.332
3351,78.28
3352,78.63
3353,78.63
3354,79.1209
3355,79.12
3356,79.67
3357,79.76
3358,79.74
3359,80.05
3360,80.18
3361,80.09
3362,80.15
3363,79.91
3364,80.05
3365,80.098
3366,80.22
3367,80.22
3368,80.37
3369,80.49
3370,80.54
3371,80.6858
3372,80.78
3373,80.75
3374,80.67
3375,80.75
3376,80.88
3377,80.73
3378,80.37
3379,80.19
3380,79.65
3381,79.56
3382,79.95000000000002
3383,80.25
3384,80.49
3385,79.34
3386,79.07
3387,79.02
3388,79.24
3389,79.26000000000002
3390,79.1562
3391,79.11
3392,79.23
3393,79.35
3394,79.22
3395,79.35
3396,79.39
3397,79.39
3398,79.32
3399,79.22
3400,79.35
3401,79.32
3402,79.38
3403,79.3446
3404,79.4
3405,79.39
3406,79.41010000000001
3407,79.68100000000001
3408,79.4999
3409,79.9
3410,79.79
3411,78.22999999999999
3412,78.42
3413,78.38
3414,78.66
3415,78.42
3416,78.36
3417,78.4276
3418,78.32
3419,78.3
3420,78.3
3421,78.17
3422,78.09
3423,77.95
3424,77.95
3425,77.9
3426,78.18
3427,78.27
3428,78.16
3429,77.99
3430,78.05999999999999
3431,78.05999999999999
3432,78.0
3433,77.98
3434,77.8
3435,77.5
3436,77.86
3437,77.83
3438,78.13
3439,78.185
3440,78.29
3441,78.05
3442,78.22
3443,78.3
3444,78.36
3445,78.40999999999998
3446,78.27
3447,78.25
3448,78.14
3449,78.39
3450,78.61
3451,78.62
3452,78.57
3453,78.62
3454,78.46
3455,78.51
3456,78.65
3457,78.48
3458,78.16
3459,78.29
3460,78.15
3461,78.22
3462,78.33
3463,78.35
3464,79.21
3465,79.3399
3466,79.46
3467,79.49
3468,79.48
3469,79.69
3470,79.57
3471,79.52
3472,79.54
3473,79.5836
3474,79.55
3475,79.54
3476,79.54
3477,79.52
3478,79.31
3479,79.53
3480,79.31
3481,79.3
3482,79.27000000000001
3483,79.34
3484,79.6
3485,79.42
3486,79.45
3487,79.32
3488,79.31
3489,79.48
3490,78.72
3491,78.5
3492,78.34
3493,78.44
3494,78.346
3495,78.28
3496,78.21
3497,78.19
3498,78.22999999999999
3499,78.39
3500,78.3699
3501,78.4652
3502,78.34
3503,78.47
3504,78.98
3505,78.82
3506,78.795
3507,78.9675
3508,79.29
3509,79.21
3510,79.39
3511,79.7
3512,79.64
3513,79.73
3514,79.56
3515,79.79
3516,79.63000000000001
3517,79.58
3518,79.5
3519,79.56
3520,79.4386
3521,79.4
3522,79.40999999999998
3523,79.37
3524,79.39
3525,79.28
3526,79.1824
3527,79.13
3528,78.98
3529,78.82
3530,78.75
3531,78.765
3532,78.62
3533,78.47
3534,78.6
3535,78.6306
3536,78.41
3537,78.14
3538,78.27
3539,78.72
3540,78.61000000000001
3541,78.67
3542,78.59
3543,78.75
3544,78.87999999999998
3545,78.91999999999999
3546,78.8
3547,78.97
3548,78.75
3549,78.8101
3550,78.69
3551,78.74
3552,78.73
3553,78.78
3554,79.12
3555,79.2201
3556,79.2
3557,79.26
3558,79.18000000000002
3559,79.24
3560,79.0
3561,78.94
3562,78.85
3563,78.68
3564,79.32000000000001
3565,79.05
3566,79.04
3567,78.93
3568,79.06
3569,79.00999999999999
3570,79.02
3571,79.12
3572,79.18000000000002
3573,79.29
3574,79.10000000000001
3575,79.00999999999999
3576,78.98
3577,78.955
3578,78.97
3579,79.06
3580,79.18999999999998
3581,79.28
3582,79.18999999999998
3583,79.1699
3584,79.22999999999999
3585,79.4044
3586,79.4
3587,79.2973
3588,79.35
3589,79.39
3590,79.35
3591,79.2
3592,79.22
3593,79.12
3594,79.2
3595,79.625
3596,79.71999999999998
3597,79.8
3598,79.81
3599,79.77
3600,79.9
3601,80.11199999999998
3602,80.22
3603,80.13
3604,80.16000000000001
3605,80.28
3606,80.4725
3607,80.61
3608,80.51000000000002
3609,80.63
3610,80.51000000000002
3611,80.61
3612,80.7
3613,80.73500000000001
3614,80.8129
3615,80.84
3616,80.82
3617,81.61999999999999
3618,81.52
3619,81.809
3620,81.7043
3621,81.71000000000001
3622,81.73
3623,82.33000000000001
3624,82.38
3625,82.37000000000002
3626,82.17
3627,82.09
3628,82.35
3629,82.35
3630,82.32
3631,82.22
3632,82.085
3633,82.04
3634,82.08
3635,81.91
3636,81.86
3637,82.13
3638,82.45
3639,82.37499999999999
3640,82.36
3641,82.15000000000002
3642,82.10999999999999
3643,82.1
3644,82.09
3645,81.88
3646,81.86
3647,81.88999999999999
3648,81.95
3649,81.95
3650,81.77
3651,81.86
3652,81.815
3653,81.86
3654,81.8943
3655,81.965
3656,81.98
3657,82.0925
3658,82.05
3659,82.16
3660,81.94
3661,81.96
3662,82.13
3663,82.19
3664,82.74
3665,82.85
3666,82.39
3667,82.29
3668,82.09
3669,81.815
3670,81.9
3671,81.57999999999998
3672,81.57999999999998
3673,81.44
3674,81.61
3675,81.61
3676,81.6
3677,81.54
3678,81.2
3679,81.295
3680,81.48
3681,81.39999999999999
3682,81.42
3683,81.31000000000002
3684,81.16
3685,80.84
3686,81.22
3687,81.22
3688,81.88
3689,81.66
3690,81.66
3691,81.88
3692,82.0
3693,81.91
3694,82.01
3695,81.975
3696,81.9625
3697,81.99
3698,81.92999999999999
3699,82.00990000000002
3700,82.06999999999998
3701,81.92
3702,81.99
3703,82.06999999999998
3704,82.22
3705,82.14
3706,82.06999999999998
3707,82.09
3708,82.19
3709,82.28
3710,82.38
3711,82.3
3712,82.05
3713,82.12
3714,82.14
3715,81.37
3716,81.16
3717,81.07
3718,81.00000000000001
3719,80.79
3720,80.72
3721,80.65
3722,80.55
3723,80.54
3724,80.69000000000001
3725,80.84
3726,80.725
3727,80.72
3728,80.51000000000002
3729,80.63
3730,80.51000000000002
3731,80.68
3732,80.59
3733,80.49
3734,80.61
3735,80.66
3736,80.55999999999999
3737,80.51000000000002
3738,80.605
3739,80.8
3740,80.79
3741,80.54
3742,80.6
3743,80.55
3744,80.54
3745,80.39
3746,80.42
3747,80.24
3748,80.16000000000001
3749,80.02
3750,80.13
3751,80.1401
3752,80.0168
3753,80.02999999999999
3754,80.02999999999999
3755,80.14
3756,79.99
3757,80.27
3758,80.20000000000002
3759,80.3
3760,80.19
3761,80.15
3762,80.23
3763,80.064
3764,80.14
3765,80.28
3766,80.43
3767,79.92
3768,80.14
3769,79.97
3770,79.89
3771,80.07
3772,79.94000000000001
3773,79.92
3774,79.96
3775,80.26
3776,80.24
3777,80.24999999999999
3778,80.34
3779,80.265
3780,80.048
3781,80.22
3782,80.06
3783,79.98000000000002
3784,80.06
3785,80.018
3786,80.20100000000002
3787,80.16000000000001
3788,80.5
3789,80.28
3790,80.5
3791,80.42
3792,80.44
3793,80.77
3794,81.01
3795,81.00000000000001
3796,81.2
3797,81.075
3798,81.1801
3799,81.08999999999999
3800,80.975
3801,80.93
3802,81.01
3803,81.04999999999998
3804,80.9275
3805,81.04000000000002
3806,81.11
3807,81.26999999999998
3808,81.15
3809,81.15
3810,81.2001
3811,81.155
3812,80.86
3813,80.68
3814,80.75
3815,80.38
3816,80.68
3817,80.72
3818,80.61
3819,79.555
3820,80.02
3821,79.94000000000001
3822,80.24999999999999
3823,80.18
3824,80.20000000000002
3825,79.89
3826,79.5736
3827,79.53
3828,79.75
3829,79.6
3830,79.43
3831,79.31
3832,79.28
3833,79.575
3834,79.45000000000002
3835,79.618
3836,79.43
3837,79.39
3838,79.38
3839,79.35
3840,78.98
3841,78.95
3842,78.94
3843,78.87999999999998
3844,78.89
3845,78.9
3846,78.59
3847,78.55
3848,78.64
3849,78.62
3850,78.55
3851,78.62
3852,78.43000000000002
3853,78.42
3854,78.38999999999999
3855,78.26
3856,78.45
3857,78.52
3858,78.475
3859,78.55
3860,78.37
3861,78.43000000000002
3862,78.41
3863,78.11
3864,78.25
3865,78.16
3866,78.51
3867,78.68
3868,78.64
3869,79.39
3870,79.3
3871,79.24
3872,79.17
3873,79.37
3874,79.29
3875,79.3
3876,79.22999999999999
3877,79.21
3878,79.17
3879,78.91999999999999
3880,78.99
3881,78.97
3882,78.89
3883,78.87999999999998
3884,78.93
3885,79.064
3886,79.09
3887,79.09
3888,79.11
3889,79.07
3890,79.16
3891,79.18000000000002
3892,79.18999999999998
3893,79.46
3894,79.34
3895,79.418
3896,79.55
3897,79.555
3898,79.4299
3899,79.33
3900,79.32000000000001
3901,79.38
3902,79.22
3903,79.5
3904,79.16
3905,78.97
3906,78.96
3907,79.00999999999999
3908,79.13
3909,79.03
3910,79.16
3911,79.29
3912,79.34
3913,79.33
3914,79.27
3915,79.27
3916,79.395
3917,79.44
3918,79.24
3919,79.22
3920,79.44
3921,78.8
3922,78.985
3923,79.09
3924,78.76
3925,78.87999999999998
3926,78.96
3927,78.87999999999998
3928,78.94
3929,78.91999999999999
3930,79.18000000000002
3931,79.2
3932,79.2
3933,79.12990000000002
3934,79.26
3935,79.35
3936,79.43
3937,79.39990000000002
3938,79.37
3939,79.36
3940,79.39
3941,79.34
3942,79.255
3943,79.40999999999998
3944,79.6
3945,79.77
3946,79.93
3947,80.8628
3948,81.13
3949,80.995
3950,80.83
3951,80.83
3952,80.945
3953,80.95500000000001
3954,81.02
3955,81.00000000000001
3956,81.17
3957,81.295
3958,81.43
3959,81.51
3960,81.57
3961,81.63
3962,81.54
3963,81.45
3964,81.35
3965,81.48
3966,81.74
3967,81.76
3968,81.775
3969,81.81
3970,81.78699999999998
3971,81.815
3972,81.71000000000001
3973,81.03
3974,81.08800000000004
3975,81.29
3976,81.247
3977,81.19800000000002
3978,81.04000000000002
3979,81.04999999999998
3980,81.47
3981,81.6075
3982,81.634
3983,81.67
3984,81.66
3985,81.79
3986,81.80000000000001
3987,81.72
3988,81.7
3989,81.6
3990,81.71000000000001
3991,81.77
3992,81.78
3993,81.76
3994,81.63
3995,81.59
3996,81.59
3997,81.56
3998,81.49000000000001
3999,82.07010000000001
4000,82.33
4001,82.67
4002,82.79
4003,82.59
4004,82.56
4005,82.47
4006,82.37
4007,82.17
4008,82.15
4009,82.09
4010,82.06
4011,82.42
4012,82.22
4013,82.39
4014,82.33
4015,82.583
4016,82.535
4017,82.61
4018,82.65
4019,82.73
4020,82.58
4021,82.6565
4022,82.6292
4023,82.67
4024,82.67
4025,82.46
4026,82.65
4027,82.9
4028,83.11
4029,83.31
4030,83.48
4031,83.41
4032,83.62
4033,83.605
4034,83.61
4035,83.52
4036,83.62
4037,83.54
4038,83.29
4039,83.42
4040,83.53
4041,83.56
4042,83.565
4043,83.925
4044,83.82
4045,83.93
4046,84.06
4047,84.11
4048,84.1
4049,84.11
4050,84.14
4051,84.42
4052,84.27
4053,84.26
4054,84.29
4055,84.2801
4056,84.28
4057,84.09
4058,84.265
4059,84.4
4060,84.525
4061,84.42
4062,84.41
4063,84.31
4064,84.33
4065,84.29
4066,84.34
4067,84.475
4068,84.3062
4069,84.2199
4070,84.4093
4071,84.38
4072,84.38
4073,84.3
4074,84.33
4075,84.375
4076,84.12
4077,84.61
4078,84.835
4079,84.72
4080,84.615
4081,84.64
4082,84.42
4083,84.62
4084,84.54
4085,84.59
4086,84.63
4087,84.77
4088,84.715
4089,84.71
4090,84.67
4091,84.59
4092,84.44
4093,84.29
4094,84.255
4095,84.37
4096,84.315
4097,84.431
4098,84.55
4099,84.55
4100,84.56
4101,84.63
4102,84.64
4103,84.101
4104,83.88
4105,83.87
4106,83.92
4107,84.2068
4108,84.22
4109,84.1639
4110,84.19
4111,84.19
4112,84.24
4113,84.2901
4114,84.32
4115,84.35
4116,84.23
4117,84.227
4118,84.265
4119,84.25
4120,84.24
4121,84.34
4122,84.28
4123,84.29
4124,84.35600000000002
4125,84.32
4126,84.25
4127,84.28
4128,84.4
4129,84.78
4130,84.88
4131,85.29
4132,85.154
4133,85.11
4134,85.08
4135,85.15
4136,85.094
4137,85.03
4138,84.92
4139,84.87
4140,84.94
4141,84.945
4142,84.97
4143,85.0801
4144,85.05
4145,85.18
4146,85.25
4147,84.86
4148,84.71
4149,84.79
4150,84.65
4151,84.74
4152,84.78
4153,84.86
4154,84.45
4155,85.479
4156,85.4701
4157,85.51
4158,85.5199
4159,85.48
4160,85.55
4161,85.67
4162,85.83
4163,85.6
4164,85.55
4165,85.6
4166,85.82
4167,85.79
4168,85.84
4169,86.15
4170,86.11
4171,86.2601
4172,86.35
4173,86.02
4174,85.78
4175,86.0
4176,86.124
4177,86.14
4178,86.19
4179,86.06
4180,86.08
4181,87.27
4182,87.57
4183,87.62
4184,87.66
4185,87.64
4186,87.95
4187,87.98
4188,87.78
4189,87.7
4190,87.78
4191,87.575
4192,87.5
4193,87.51
4194,87.65
4195,87.49
4196,87.48
4197,87.46
4198,87.47
4199,87.53
4200,87.58
4201,87.59
4202,87.57
4203,87.55
4204,87.63
4205,87.71
4206,87.76
4207,87.3
4208,87.38
4209,87.44
4210,87.28
4211,87.36
4212,87.59
4213,87.7
4214,87.7
4215,87.75
4216,87.92
4217,88.14
4218,88.09
4219,88.15
4220,88.2
4221,88.11
4222,88.19
4223,88.2
4224,88.25
4225,88.23
4226,88.23
4227,88.27
4228,88.39
4229,88.46
4230,88.345
4231,88.35
4232,88.42
4233,88.49
4234,88.64
4235,88.605
4236,88.54
4237,88.735
4238,88.76
4239,88.69
4240,88.66
4241,88.698
4242,88.5
4243,88.61
4244,88.8
4245,88.77
4246,88.68
4247,88.8
4248,88.66
4249,88.58
4250,88.65
4251,88.65
4252,88.63
4253,88.675
4254,88.745
4255,88.77
4256,88.775
4257,88.78
4258,88.75
4259,88.59
4260,88.99
4261,88.99
4262,89.175
4263,89.2199
4264,89.41
4265,89.25
4266,89.42
4267,89.6
4268,89.48
4269,89.36
4270,89.49
4271,89.47
4272,89.6
4273,89.53
4274,89.29
4275,89.29
4276,89.2
4277,89.28
4278,89.12
4279,89.21
4280,89.18
4281,89.12
4282,88.98
4283,88.83
4284,88.98
4285,88.86
4286,88.89
4287,89.01
4288,89.13
4289,89.1062
4290,89.22
4291,89.18
4292,89.14
4293,89.27
4294,89.4
4295,89.33
4296,89.57
4297,89.73
4298,89.82
4299,89.87
4300,89.87
4301,89.8
4302,89.75
4303,89.69
4304,89.66
4305,89.54
4306,89.5909
4307,89.37
4308,89.74
4309,89.54
4310,89.57
4311,89.7253
4312,89.50200000000002
4313,89.0299
4314,88.92
4315,88.965
4316,89.06
4317,89.04
4318,89.06
4319,89.18
4320,89.125
4321,89.11
4322,89.17
4323,89.145
4324,89.1699
4325,89.13
4326,89.15
4327,89.23
4328,89.27
4329,89.26
4330,89.43
4331,89.55
4332,89.6001
4333,89.55
4334,89.59
4335,89.695
4336,89.67
4337,89.92
4338,89.914
4339,89.85
4340,89.77
4341,89.67
4342,89.48
4343,89.45
4344,89.4
4345,89.62
4346,89.76
4347,89.7113
4348,89.495
4349,89.48
4350,89.605
4351,89.56
4352,89.48
4353,89.6
4354,89.64
4355,89.775
4356,89.78
4357,89.76
4358,89.7933
4359,89.772
4360,89.7
4361,89.57
4362,89.67
4363,89.1
4364,89.2
4365,89.04
4366,89.22
4367,89.25
4368,89.0134
4369,88.87
4370,88.75
4371,88.7621
4372,88.42
4373,88.49
4374,88.57
4375,88.64
4376,88.63
4377,88.575
4378,88.67200000000004
4379,88.67
4380,88.655
4381,88.725
4382,88.73
4383,88.62
4384,88.44
4385,88.57
4386,88.77
4387,88.81
4388,88.85
4389,89.1
4390,89.1697
4391,89.1888
4392,89.17
4393,89.4
4394,89.49
4395,89.38
4396,89.4399
4397,89.57
4398,89.66
4399,89.51
4400,89.3575
4401,89.54
4402,89.675
4403,89.57
4404,89.56
4405,89.67
4406,89.88
4407,88.53
4408,88.58
4409,88.28
4410,88.53
4411,88.8
4412,88.955
4413,89.32
4414,89.39
4415,88.66
4416,88.54
4417,88.48
4418,88.17
4419,88.46
4420,88.53
4421,88.45
4422,88.5656
4423,88.675
4424,88.78
4425,88.86
4426,89.07
4427,89.08
4428,89.01
4429,89.12
4430,89.0
4431,88.85
4432,88.84
4433,89.015
4434,88.98
4435,89.0
4436,89.11
4437,89.14
4438,89.24
4439,89.44
4440,89.24
4441,89.28
4442,89.22
4443,89.32
4444,89.09
4445,89.25
4446,89.11
4447,89.1
4448,89.09
4449,89.03
4450,89.12
4451,89.09
4452,89.06
4453,89.26
4454,89.34
4455,89.23
4456,89.3
4457,89.215
4458,89.18
4459,89.2
4460,89.11
4461,89.08
4462,88.94
4463,88.85
4464,88.62
4465,88.54
4466,88.41
4467,88.75
4468,88.815
4469,88.625
4470,88.68
4471,88.4999
4472,88.42
4473,88.38
4474,88.34
4475,88.3699
4476,88.37
4477,88.225
4478,88.365
4479,88.32
4480,88.46
4481,88.35
4482,88.38
4483,88.46
4484,88.54
4485,88.535
4486,88.57
4487,88.53
4488,88.57
4489,88.52
4490,88.57
4491,88.66
4492,88.8
4493,87.8
4494,87.89
4495,88.01
4496,87.9
4497,88.0
4498,87.97
4499,87.87
4500,87.79
4501,87.95
4502,87.98
4503,88.005
4504,87.98
4505,87.98
4506,88.02
4507,88.085
4508,88.07
4509,88.14
4510,88.16
4511,88.42
4512,88.48
4513,88.33
4514,88.27
4515,88.31
4516,88.33
4517,88.28
4518,88.32
4519,87.78
4520,88.19
4521,87.97000000000001
4522,87.78
4523,87.92
4524,88.18250000000002
4525,88.34
4526,88.3356
4527,88.234
4528,88.155
4529,88.28999999999999
4530,88.28999999999999
4531,88.12
4532,88.15
4533,88.06000000000002
4534,88.18
4535,88.14
4536,88.12
4537,88.2071
4538,88.11
4539,88.2338
4540,88.37
4541,87.93
4542,88.11
4543,87.87
4544,88.1
4545,87.97000000000001
4546,87.97000000000001
4547,88.11
4548,88.07
4549,88.00000000000001
4550,87.93
4551,87.8
4552,87.91000000000001
4553,87.92
4554,87.99700000000001
4555,87.91450000000002
4556,88.05
4557,88.06000000000002
4558,88.06000000000002
4559,88.11
4560,87.97000000000001
4561,88.03000000000002
4562,88.1
4563,87.99529999999999
4564,87.97000000000001
4565,88.07
4566,88.16
4567,87.95500000000001
4568,88.07
4569,88.135
4570,88.18970000000002
4571,86.79
4572,85.97
4573,85.95
4574,85.51
4575,85.80500000000002
4576,85.67000000000002
4577,85.53
4578,85.2
4579,85.24
4580,85.32
4581,85.39
4582,85.4
4583,85.4
4584,85.5
4585,85.51999999999998
4586,85.7827
4587,85.71
4588,85.94
4589,86.275
4590,86.24999999999999
4591,85.94
4592,86.0023
4593,85.965
4594,86.17
4595,86.21
4596,86.37000000000002
4597,85.09000000000002
4598,85.31
4599,85.6
4600,85.44
4601,85.31
4602,85.195
4603,85.01
4604,85.14
4605,85.22999999999999
4606,85.19
4607,85.35
4608,85.34
4609,85.47
4610,85.4
4611,85.2
4612,85.22999999999999
4613,85.32
4614,85.22999999999999
4615,85.235
4616,85.27
4617,85.16
4618,85.01
4619,84.91000000000001
4620,84.98
4621,85.265
4622,85.25
4623,85.05
4624,84.99
4625,85.3
4626,85.17
4627,85.00000000000001
4628,84.89
4629,84.83
4630,84.84999999999998
4631,84.84999999999998
4632,84.79
4633,84.87
4634,84.81999999999998
4635,84.91000000000001
4636,84.84999999999998
4637,84.79
4638,84.8
4639,84.9
4640,84.935
4641,84.97000000000001
4642,84.8758
4643,84.88000000000001
4644,84.78
4645,84.86
4646,84.81999999999998
4647,84.87
4648,84.93
4649,85.78139999999999
4650,85.48999999999998
4651,85.61000000000001
4652,85.54
4653,85.43
4654,85.48
4655,85.36
4656,85.351
4657,85.38
4658,85.34
4659,85.35
4660,85.41
4661,85.54999999999998
4662,85.50499999999998
4663,85.3
4664,85.32
4665,85.48
4666,85.37
4667,85.37
4668,85.4399
4669,85.28
4670,85.08
4671,85.11
4672,85.2299
4673,85.22
4674,85.06000000000002
4675,84.155
4676,84.05
4677,83.97999999999999
4678,84.3093
4679,84.37500000000001
4680,84.55999999999999
4681,84.49
4682,84.23979999999999
4683,84.38
4684,84.4
4685,84.19
4686,84.26
4687,84.26
4688,84.3249
4689,84.33000000000001
4690,84.25
4691,84.305
4692,84.31
4693,84.22
4694,84.38
4695,84.34
4696,84.24700000000001
4697,84.23
4698,84.155
4699,84.02
4700,84.03999999999999
4701,84.19
4702,84.18
4703,84.1
4704,83.96
4705,83.91
4706,83.79
4707,83.85999999999999
4708,83.75
4709,83.75
4710,83.78
4711,83.78
4712,83.75
4713,83.71
4714,83.72
4715,83.75
4716,83.82999999999998
4717,83.76
4718,83.65
4719,83.64
4720,83.62
4721,83.4457
4722,83.39
4723,83.44770000000001
4724,83.35
4725,83.465
4726,83.43000000000002
4727,84.065
4728,83.93
4729,84.00999999999999
4730,84.05
4731,84.03
4732,84.095
4733,84.03999999999999
4734,83.76
4735,83.9864
4736,83.9
4737,83.9
4738,84.03
4739,84.07
4740,83.96
4741,84.1
4742,84.05
4743,84.14
4744,84.17
4745,84.25
4746,84.2138
4747,84.205
4748,84.085
4749,84.1047
4750,84.23
4751,84.09
4752,84.34
4753,84.35
4754,84.44
4755,84.37
4756,84.29
4757,84.57
4758,84.5
4759,84.52
4760,84.51
4761,84.44
4762,84.42
4763,84.445
4764,84.4
4765,84.24000000000001
4766,84.191
4767,84.23
4768,84.07
4769,84.22
4770,84.3696
4771,84.12
4772,83.855
4773,83.75
4774,83.88
4775,83.65
4776,83.7935
4777,83.8675
4778,83.93
4779,84.075
4780,84.2
4781,84.16
4782,84.24000000000001
4783,84.27000000000001
4784,84.399
4785,84.32
4786,84.38
4787,84.39000000000001
4788,84.48
4789,84.61
4790,84.66499999999999
4791,84.51
4792,84.616
4793,84.51
4794,84.6702
4795,84.54
4796,84.51
4797,84.93
4798,84.83
4799,84.84999999999998
4800,85.02
4801,84.97000000000001
4802,85.14
4803,85.21
4804,85.43
4805,86.18
4806,86.15999999999998
4807,86.26
4808,86.21999999999998
4809,86.15999999999998
4810,86.26250000000002
4811,86.1601
4812,86.425
4813,86.11350000000002
4814,86.21999999999998
4815,86.01
4816,86.1244
4817,86.04
4818,86.09
4819,86.09999999999998
4820,86.0
4821,86.23
4822,86.06
4823,86.01
4824,86.24
4825,86.27999999999999
4826,86.40000000000002
4827,86.37000000000002
4828,86.445
4829,86.32
4830,86.27
4831,87.16
4832,87.48
4833,87.48
4834,87.38
4835,87.23
4836,87.2
4837,87.03
4838,87.05
4839,86.96
4840,86.82999999999998
4841,86.805
4842,86.705
4843,86.65
4844,86.48
4845,86.35
4846,86.12
4847,85.97
4848,86.08499999999998
4849,86.27999999999999
4850,86.08
4851,86.02
4852,85.94
4853,86.03
4854,86.0801
4855,86.04
4856,85.985
4857,86.1335
4858,86.055
4859,86.21999999999998
4860,85.97
4861,86.15
4862,86.41
4863,86.45
4864,86.57000000000001
4865,86.64
4866,86.69
4867,86.665
4868,86.65
4869,86.54
4870,86.57000000000001
4871,86.52
4872,86.49
4873,86.55
4874,86.52
4875,86.4035
4876,86.45
4877,86.48
4878,86.44
4879,86.505
4880,86.57000000000001
4881,86.56
4882,86.61
4883,86.09999999999998
4884,86.24
4885,86.24999999999999
4886,86.3885
4887,86.47
4888,86.33
4889,86.52
4890,86.73
4891,86.74
4892,86.82999999999998
4893,86.93970000000002
4894,86.93
4895,86.9269
4896,86.79
4897,87.0
4898,87.03
4899,87.11
4900,87.08
4901,87.02
4902,87.0
4903,87.03
4904,87.1
4905,87.11
4906,86.99600000000002
4907,87.0014
4908,86.91
4909,86.60000000000001
4910,86.58
4911,86.46
4912,86.38
4913,86.44009999999999
4914,86.55
4915,86.58500000000001
4916,86.91
4917,86.9001
4918,86.855
4919,86.94
4920,87.05
4921,87.02
4922,87.132
4923,87.00999999999999
4924,86.9931
4925,87.06
4926,87.16
4927,87.15
4928,87.021
4929,87.1
4930,87.12
4931,87.25
4932,87.25
4933,87.25
4934,87.17
4935,87.52
4936,87.45
4937,87.41
4938,87.45
4939,87.48
4940,87.485
4941,87.51
4942,87.55
4943,87.57499999999999
4944,87.55999999999999
4945,87.5951
4946,87.6
4947,87.38
4948,87.46
4949,87.42
4950,88.13
4951,88.19
4952,87.77
4953,87.94000000000001
4954,87.9
4955,87.795
4956,87.97000000000001
4957,87.63799999999998
4958,87.58999999999999
4959,87.57
4960,87.705
4961,87.9
4962,87.91000000000001
4963,87.84
4964,87.81
4965,87.8862
4966,87.89
4967,87.77
4968,87.69
4969,87.7
4970,87.58
4971,87.57
4972,87.36000000000001
4973,87.34
4974,87.29
4975,87.4
4976,87.2
4977,87.12
4978,86.96
4979,87.00999999999999
4980,87.12
4981,87.44
4982,87.4
4983,87.4438
4984,87.39000000000001
4985,87.48
4986,87.37
4987,87.39989999999999
4988,87.47
4989,87.4
4990,87.2901
4991,87.26
4992,87.275
4993,87.28
4994,87.24000000000001
4995,87.38
4996,87.28500000000001
4997,87.37
4998,87.37850000000002
4999,87.57499999999999
5000,87.7
5001,87.77
5002,87.2
5003,87.39
5004,87.4199
5005,87.21
5006,87.33
5007,87.36
5008,87.41
5009,87.5
5010,87.52
5011,87.66
5012,87.69
5013,87.55
5014,87.72
5015,87.67
5016,87.66
5017,87.71600000000002
5018,87.59
5019,87.52
5020,87.54
5021,87.5
5022,87.5
5023,87.37
5024,87.37
5025,87.37
5026,87.22
5027,87.3
5028,87.56
5029,87.48499999999999
5030,87.54
5031,87.57
5032,87.62999999999998
5033,87.8148
5034,87.97
5035,87.9
5036,87.62
5037,87.875
5038,87.8
5039,87.345
5040,87.3825
5041,87.31
5042,87.49
5043,87.57
5044,87.51749999999998
5045,87.465
5046,87.495
5047,87.33
5048,87.3851
5049,87.37
5050,87.3299
5051,87.33
5052,87.33999999999999
5053,87.33999999999999
5054,88.85
5055,88.74
5056,88.575
5057,88.86
5058,88.91499999999999
5059,88.97
5060,88.99
5061,89.34
5062,89.27
5063,88.97
5064,88.99
5065,88.81
5066,89.28
5067,89.42
5068,89.71
5069,89.63
5070,89.63
5071,89.41
5072,89.3
5073,89.21
5074,89.36
5075,89.48
5076,89.6
5077,89.6
5078,89.65
5079,89.7
5080,89.34999999999998
5081,89.23
5082,89.095
5083,88.96
5084,88.5698
5085,88.7
5086,88.77
5087,88.5
5088,88.43
5089,88.44
5090,88.41
5091,88.47
5092,88.45
5093,88.49
5094,88.52
5095,88.899
5096,88.73
5097,88.7
5098,88.71
5099,88.59
5100,88.54
5101,88.475
5102,88.43
5103,88.69000000000001
5104,88.685
5105,88.8
5106,88.35
5107,88.3
5108,88.40000000000002
5109,88.1401
5110,88.41
5111,88.39
5112,88.53
5113,88.5
5114,88.39
5115,88.58
5116,88.43
5117,88.3672
5118,88.51
5119,88.6
5120,88.72
5121,88.51
5122,88.57
5123,88.52
5124,88.72
5125,88.51
5126,88.52
5127,88.58
5128,88.37
5129,88.48
5130,88.65
5131,88.76
5132,88.7
5133,88.60999999999999
5134,89.0
5135,89.11
5136,89.44
5137,89.19
5138,89.26
5139,89.03
5140,88.53
5141,88.49
5142,88.55
5143,88.18
5144,87.93
5145,87.75
5146,87.81
5147,87.86
5148,87.71000000000001
5149,87.7
5150,87.8499
5151,87.75
5152,87.8275
5153,87.62
5154,87.88
5155,88.03
5156,88.19
5157,88.03
5158,88.135
5159,87.64
5160,87.585
5161,87.91
5162,88.13
5163,88.04
5164,87.7799
5165,87.56
5166,87.505
5167,87.67750000000001
5168,87.33999999999999
5169,87.47
5170,87.52
5171,87.86
5172,87.85
5173,87.815
5174,87.86999999999999
5175,87.88
5176,87.8599
5177,88.27
5178,88.23
5179,88.02
5180,87.88
5181,87.77
5182,87.7
5183,87.72
5184,86.61
5185,86.35
5186,86.68000000000002
5187,86.72
5188,86.88999999999999
5189,86.75
5190,86.95
5191,86.83
5192,86.9159
5193,86.675
5194,86.64
5195,86.43999999999998
5196,86.45
5197,86.51
5198,86.47
5199,86.23000000000002
5200,86.32
5201,86.33
5202,86.56
5203,86.39
5204,86.64
5205,86.38
5206,86.16
5207,86.25
5208,86.13
5209,86.3
5210,86.655
5211,86.54
5212,86.46
5213,86.22
5214,86.415
5215,86.14
5216,86.05
5217,86.19
5218,86.28
5219,86.435
5220,86.55
5221,86.79
5222,86.43999999999998
5223,86.79
5224,86.71
5225,86.77
5226,86.7
5227,86.73
5228,86.75
5229,86.64
5230,86.74
5231,86.85
5232,86.6
5233,86.86
5234,86.91
5235,87.17
5236,88.05
5237,87.93
5238,87.84
5239,87.54
5240,87.55
5241,87.62999999999998
5242,87.71000000000001
5243,87.5735
5244,87.23200000000001
5245,87.3
5246,87.38
5247,87.29
5248,87.82
5249,87.86
5250,87.72
5251,87.5
5252,87.37
5253,87.49
5254,87.3802
5255,87.525
5256,87.675
5257,87.76
5258,87.7
5259,87.735
5260,87.77
5261,87.83
5262,88.21
5263,88.27
5264,88.24000000000001
5265,88.48
5266,88.3599
5267,88.4138
5268,88.39
5269,88.36
5270,88.48
5271,88.9
5272,89.02
5273,89.25
5274,89.23
5275,89.26
5276,89.49
5277,89.34
5278,89.455
5279,89.7
5280,89.55
5281,89.79
5282,89.84
5283,89.86
5284,89.57
5285,89.87
5286,90.0
5287,90.14
5288,89.4484
5289,90.03999999999999
5290,89.7792
5291,89.81
5292,89.78
5293,89.82
5294,89.49
5295,89.16
5296,89.48
5297,89.445
5298,89.34999999999998
5299,89.22
5300,89.115
5301,89.05999999999999
5302,89.26
5303,89.34
5304,89.34999999999998
5305,89.4723
5306,89.47
5307,89.34999999999998
5308,89.34
5309,89.3
5310,89.49
5311,89.50999999999999
5312,89.47
5313,89.09
5314,88.12
5315,87.825
5316,87.57
5317,87.42000000000002
5318,87.3
5319,87.6799
5320,87.5639
5321,87.3
5322,87.295
5323,87.155
5324,87.18
5325,87.26
5326,87.46
5327,87.41
5328,87.45
5329,87.425
5330,87.53
5331,87.52
5332,87.65
5333,87.86999999999999
5334,87.8401
5335,87.64
5336,87.66
5337,87.48499999999999
5338,87.31
5339,86.95
5340,86.05
5341,86.04
5342,86.13
5343,86.08
5344,86.46
5345,86.17
5346,85.90999999999998
5347,86.04
5348,85.90999999999998
5349,86.07
5350,86.0248
5351,85.84
5352,85.86
5353,86.1
5354,86.09100000000002
5355,86.1254
5356,86.12
5357,86.12
5358,85.995
5359,85.96
5360,85.81
5361,85.8
5362,85.92
5363,85.8599
5364,86.08
5365,86.62
5366,86.5
5367,86.5
5368,86.47249999999998
5369,86.5
5370,86.59
5371,86.705
5372,86.88999999999999
5373,86.76
5374,87.1101
5375,87.1099
5376,86.96
5377,87.15
5378,87.14
5379,87.15
5380,87.075
5381,87.11
5382,87.09
5383,87.19
5384,87.25
5385,87.23
5386,87.27
5387,87.49
5388,87.61
5389,87.68
5390,87.49
5391,87.66
5392,88.19
5393,88.26
5394,88.11
5395,87.86
5396,88.44
5397,88.44
5398,88.29
5399,88.48
5400,88.52
5401,88.62
5402,88.6
5403,88.81
5404,88.73
5405,88.66
5406,88.58
5407,88.59
5408,88.5
5409,88.69000000000001
5410,88.81
5411,88.87
5412,88.99
5413,89.08
5414,88.926
5415,88.89
5416,88.96
5417,89.08
5418,88.9101
5419,88.89
5420,88.95
5421,88.99500000000002
5422,88.7
5423,88.77
5424,88.92
5425,88.89
5426,88.96
5427,89.14000000000001
5428,89.05
5429,89.13
5430,89.1633
5431,88.86
5432,88.86
5433,88.37
5434,88.35
5435,88.25
5436,88.23
5437,88.2
5438,88.25
5439,88.3
5440,88.115
5441,88.26
5442,88.33
5443,88.38
5444,88.47399999999996
5445,88.46
5446,88.38
5447,88.53
5448,88.51
5449,88.42
5450,88.39
5451,88.44
5452,88.5139
5453,88.59
5454,88.58
5455,88.58
5456,88.64
5457,88.585
5458,88.59
5459,89.28
5460,89.05999999999999
5461,89.13
5462,89.17
5463,89.24
5464,89.17
5465,89.0698
5466,89.075
5467,89.09
5468,88.99
5469,89.219
5470,89.28
5471,89.23
5472,89.17
5473,89.1701
5474,89.21
5475,89.2
5476,89.2456
5477,89.24
5478,89.195
5479,89.055
5480,89.1848
5481,89.3
5482,89.37
5483,89.26
5484,89.34999999999998
5485,88.91
5486,88.89
5487,88.99
5488,88.93
5489,88.96
5490,89.03399999999998
5491,89.08
5492,89.15
5493,88.98
5494,89.03
5495,89.1173
5496,89.13
5497,89.22
5498,89.19
5499,89.14000000000001
