,0
0,86.99
1,86.84
2,87.22
3,87.2744
4,87.28
5,87.575
6,87.67
7,87.57
8,87.59
9,87.67
10,87.54
11,87.69
12,87.78
13,87.75
14,87.74
15,88.32
16,88.49
17,88.6
18,88.44
19,87.97
20,88.145
21,87.46
22,87.54
23,87.465
24,87.03
25,86.95
26,86.71
27,86.88
28,86.87
29,87.03
30,87.34
31,87.32
32,87.25
33,87.28
34,87.445
35,87.51
36,87.7
37,87.61
38,87.57
39,87.25
40,87.005
41,86.86
42,87.185
43,87.43
44,87.32
45,79.545
46,77.88
47,77.48
48,77.33
49,77.69
50,78.66
51,77.932
52,78.0
53,77.82
54,77.33
55,77.36
56,77.12
57,77.16
58,77.0716
59,77.2
60,77.45
61,77.52
62,77.77
63,77.26
64,77.04
65,77.055
66,77.01
67,76.98
68,76.705
69,76.37
70,76.61
71,76.7725
72,76.705
73,76.98
74,76.705
75,76.74
76,76.685
77,76.92
78,76.99
79,76.98
80,76.66
81,76.9509
82,76.9114
83,76.85
84,76.8375
85,76.535
86,76.48
87,76.5
88,76.56
89,76.57
90,76.36
91,76.4
92,76.13
93,76.25
94,76.3
95,76.2
96,76.14
97,76.98
98,76.8764
99,76.89
100,77.0
101,77.04
102,77.05
103,77.02
104,76.81
105,77.0298
106,77.1164
107,77.17
108,77.0099
109,76.86
110,76.68
111,76.61
112,76.8775
113,76.66
114,76.66
115,76.59
116,76.6
117,76.57
118,76.72
119,76.66
120,76.6605
121,76.68
122,76.54
123,76.55
124,76.4875
125,76.34
126,76.51
127,76.72
128,76.81
129,76.57
130,76.32
131,76.5201
132,76.585
133,76.72
134,76.33
135,76.28
136,76.14
137,76.38
138,76.26
139,76.06
140,76.03
141,76.22
142,76.16
143,76.12
144,76.18
145,76.19
146,76.07
147,75.96
148,75.98
149,76.9
150,76.695
151,76.655
152,76.64
153,77.025
154,76.715
155,76.83
156,76.85
157,76.86
158,76.85
159,76.87
160,76.855
161,76.88
162,76.7878
163,76.92
164,77.01
165,77.03
166,77.179
167,77.0
168,76.97
169,77.12
170,77.16
171,77.37
172,77.64
173,77.45
174,77.49
175,78.05
176,77.96
177,77.85
178,77.93
179,77.94
180,78.04
181,78.03
182,78.0768
183,78.26
184,78.08
185,78.0
186,78.06
187,77.91
188,77.8
189,78.0
190,77.935
191,77.86
192,77.88
193,77.99
194,77.97
195,78.09
196,78.2
197,78.13
198,78.06
199,78.0
200,77.92
201,79.35
202,79.62
203,79.57
204,79.56
205,79.06
206,78.751
207,78.97
208,78.84
209,79.03
210,79.07
211,79.02
212,79.16
213,79.26
214,79.365
215,79.48
216,79.45
217,79.55
218,79.61
219,79.69
220,79.74
221,79.875
222,79.969
223,80.05
224,79.93
225,79.78
226,79.61
227,79.76
228,79.785
229,79.92
230,79.59
231,79.555
232,79.7
233,79.86
234,79.7
235,79.71
236,79.82
237,79.76
238,79.54
239,79.56
240,79.58
241,79.53
242,79.6875
243,79.7
244,79.71
245,79.75
246,79.57
247,79.51
248,79.48
249,79.45
250,79.345
251,79.39
252,79.32
253,79.75
254,80.07
255,79.92
256,80.13
257,80.065
258,79.945
259,79.55
260,79.34
261,79.42
262,79.48
263,79.515
264,79.47
265,79.43
266,79.25
267,79.52
268,79.65
269,79.54
270,79.54
271,79.53
272,79.59
273,79.57
274,79.57
275,79.59
276,79.57
277,79.61
278,79.5
279,79.395
280,79.64
281,79.79
282,79.7
283,79.49
284,79.4
285,79.3075
286,79.29
287,79.44
288,79.2
289,79.01
290,78.92
291,79.05
292,78.96
293,78.96
294,79.06
295,78.915
296,78.97
297,78.92
298,78.9547
299,78.77
300,78.94
301,79.21
302,79.09
303,79.15
304,79.16
305,78.89
306,78.87
307,79.44
308,79.11
309,79.27
310,79.08
311,78.74
312,78.95
313,78.76
314,78.5
315,78.49
316,78.5
317,78.4
318,78.55
319,78.77
320,78.6
321,78.7
322,78.56
323,78.6324
324,78.58
325,78.56
326,78.6
327,78.55
328,78.38
329,78.56
330,78.44
331,78.455
332,78.44
333,78.635
334,78.71
335,78.97
336,78.94
337,78.88
338,78.51
339,78.35
340,78.2901
341,78.45
342,78.47
343,78.69
344,78.6
345,78.555
346,78.57
347,78.64
348,78.5933
349,78.63
350,78.59
351,78.65
352,78.52
353,78.6
354,78.52
355,78.49
356,78.35
357,78.92
358,78.8063
359,78.69
360,78.6
361,78.78
362,78.43
363,78.755
364,78.595
365,78.3229
366,78.24
367,78.27
368,78.31
369,78.281
370,78.355
371,78.28
372,78.225
373,78.25
374,78.22
375,78.16
376,78.15
377,78.11
378,78.13
379,78.19
380,78.13
381,78.3
382,78.17
383,77.46
384,76.8
385,76.9
386,77.18
387,77.21
388,77.395
389,77.17
390,77.315
391,77.18
392,77.145
393,77.29
394,77.24
395,77.56
396,77.76
397,77.6418
398,77.55
399,77.65
400,77.66
401,77.645
402,77.6
403,77.63
404,77.58
405,77.69
406,77.99
407,78.105
408,78.08
409,78.39
410,78.25
411,78.61
412,78.93
413,79.08
414,78.9154
415,78.92
416,78.95
417,78.9
418,78.8
419,78.76
420,78.78
421,78.86
422,78.8814
423,78.878
424,79.01
425,78.95
426,79.08
427,79.11
428,79.06
429,79.14
430,79.15
431,79.295
432,79.19
433,78.77
434,78.64
435,78.7601
436,78.62
437,78.625
438,78.51
439,78.7299
440,78.72
441,79.0
442,78.98
443,78.99
444,79.02
445,79.65
446,79.5
447,79.79
448,79.7
449,79.17
450,79.12
451,79.5
452,79.37
453,79.25
454,79.34
455,79.27
456,79.289
457,79.03
458,79.01
459,79.22
460,79.21
461,79.31
462,79.77
463,79.71
464,79.7709
465,79.61
466,79.85
467,79.82
468,79.77
469,79.7001
470,79.32
471,79.64
472,79.33
473,79.58
474,79.55
475,79.64
476,79.73
477,79.715
478,79.78
479,79.8
480,79.8493
481,79.88
482,79.81
483,79.9
484,79.88
485,79.7
486,79.79
487,79.82
488,79.35
489,79.1
490,79.095
491,79.1
492,79.25
493,79.1361
494,79.49
495,79.405
496,79.52
497,79.26
498,79.32
499,79.23
500,79.2837
501,79.22
502,79.205
503,79.2
504,79.28
505,79.1632
506,79.06
507,78.95
508,79.02
509,79.08
510,79.19
511,79.2669
512,79.33
513,79.01
514,79.28
515,79.8
516,79.77
517,79.87
518,79.92
519,79.8
520,79.87
521,79.8025
522,80.07
523,80.25
524,80.225
525,80.17
526,80.4301
527,80.23
528,80.22
529,80.22
530,80.18
531,80.2
532,80.32
533,80.39
534,80.47
535,80.51
536,80.49
537,80.515
538,80.5
539,80.78
540,80.71
541,80.62
542,80.5
543,80.51
544,80.39
545,80.35
546,80.2
547,80.1
548,80.29
549,80.4
550,80.44
551,80.55
552,80.54
553,80.765
554,80.69
555,80.81
556,80.67
557,80.69
558,80.91
559,80.76
560,80.76
561,80.79
562,80.7
563,80.62
564,80.7
565,80.6
566,80.28
567,79.73
568,79.63
569,80.06
570,79.78
571,79.91
572,80.03
573,79.76
574,79.87
575,79.76
576,79.63
577,79.63
578,79.76
579,79.4833
580,79.42
581,79.31
582,79.54
583,79.52
584,79.44
585,79.56
586,79.48
587,79.55
588,79.82
589,79.89
590,79.79
591,79.18
592,79.65
593,79.81
594,79.38
595,79.34
596,79.26
597,79.73
598,79.88
599,79.85
600,79.81
601,79.785
602,79.74
603,79.62
604,79.63
605,79.59
606,79.65
607,79.75
608,79.79
609,79.66
610,79.77
611,79.79
612,79.64
613,79.6
614,79.73
615,79.93
616,79.75
617,79.08
618,78.65
619,78.76
620,78.85
621,78.98
622,78.96
623,78.82
624,78.77
625,78.795
626,78.71
627,78.63
628,78.86
629,79.205
630,79.1
631,78.96
632,78.9
633,78.95
634,78.87
635,78.96
636,78.99
637,78.98
638,79.08
639,79.14
640,79.0
641,79.02
642,79.13
643,79.43
644,79.75
645,79.87
646,79.88
647,79.955
648,80.0425
649,79.77
650,79.83
651,79.76
652,79.8
653,79.63
654,79.71
655,79.78
656,79.88
657,80.1301
658,80.19
659,80.3
660,80.28
661,80.2099
662,80.2101
663,80.43
664,80.59
665,80.58
666,80.5
667,80.5
668,80.45
669,80.02
670,80.14
671,80.23
672,80.02
673,80.1
674,79.97
675,79.87
676,80.26
677,80.22
678,80.0
679,79.95
680,79.88
681,79.84
682,79.82
683,79.85
684,79.81
685,79.83
686,79.74
687,79.545
688,79.469
689,79.51
690,79.5701
691,79.59
692,79.72
693,79.755
694,79.68
695,79.84
696,80.22
697,80.24
698,80.54
699,80.35
700,80.55
701,80.4
702,80.55
703,80.48
704,80.39
705,80.43
706,80.42
707,80.18
708,80.1
709,80.05
710,80.03
711,80.05
712,80.1
713,80.03
714,80.16
715,80.16
716,80.0989
717,80.17
718,80.18
719,80.26100000000002
720,80.3
721,80.04
722,79.71
723,79.73
724,79.23
725,79.23
726,79.08
727,78.87
728,78.97
729,79.34
730,79.33
731,79.32
732,79.09
733,79.0674
734,79.25
735,79.16
736,79.2
737,79.33
738,79.35
739,79.2817
740,79.43
741,79.44
742,79.45
743,79.62
744,79.455
745,79.545
746,79.59
747,79.93
748,79.74
749,79.61
750,79.34899999999998
751,79.41
752,79.29
753,79.4301
754,79.81
755,80.0
756,80.21
757,80.21
758,80.1
759,79.86
760,79.8
761,79.98
762,79.77
763,79.64
764,79.73
765,79.81
766,79.84
767,79.84
768,79.93
769,80.08
770,80.22
771,80.16
772,80.03
773,80.115
774,80.4
775,80.385
776,80.53
777,80.415
778,80.29
779,80.34
780,80.38
781,80.235
782,80.27
783,80.3
784,80.31
785,80.52
786,80.59
787,80.69
788,80.73
789,80.83
790,80.69
791,80.91
792,80.87
793,80.91
794,81.085
795,81.18
796,81.37
797,81.33
798,81.24
799,81.17
800,81.13
801,81.29
802,81.37
803,81.36
804,81.185
805,81.22
806,81.0
807,80.97
808,81.0
809,81.2
810,81.31
811,81.52
812,81.27
813,81.2
814,81.21
815,81.26
816,81.22
817,81.19
818,81.2
819,81.03
820,81.09
821,81.14
822,81.14
823,81.07
824,81.04
825,80.75
826,80.545
827,80.315
828,80.4
829,80.26
830,80.3
831,80.28
832,80.17
833,80.08
834,80.11
835,80.1899
836,80.07
837,80.05
838,80.15
839,80.15
840,80.13
841,80.055
842,80.08
843,80.165
844,80.24
845,80.26
846,80.2
847,80.3
848,80.22
849,80.32
850,80.7
851,79.98
852,79.73
853,79.76
854,79.63
855,79.71
856,79.89
857,79.9
858,79.73
859,79.6328
860,79.85
861,79.74
862,79.81
863,79.74
864,79.75
865,79.75
866,79.52
867,79.35
868,79.52
869,79.525
870,79.535
871,79.45
872,79.52
873,79.44
874,79.38
875,79.31
876,79.45
877,79.1
878,79.57
879,78.93
880,78.75
881,78.29
882,78.08
883,77.84
884,77.88
885,77.54
886,77.96
887,78.105
888,78.4
889,78.39
890,78.11
891,78.05
892,78.08
893,77.96
894,77.79
895,78.02
896,78.09
897,78.29
898,78.4
899,78.5
900,78.67
901,78.33
902,78.23
903,77.73
904,77.65
905,77.93
906,77.95
907,78.18
908,78.05
909,77.88
910,78.24
911,78.17
912,78.06
913,77.9
914,77.78
915,77.91
916,77.81
917,77.84
918,77.85
919,77.78
920,77.65
921,77.78
922,77.58
923,77.67
924,77.55
925,77.58
926,77.89
927,78.1
928,78.2
929,79.32
930,79.15
931,79.2
932,79.05
933,78.83
934,79.07
935,79.42
936,79.42
937,79.39
938,79.44
939,79.4
940,79.48
941,79.54
942,79.5173
943,79.36
944,79.45
945,79.65
946,79.5
947,79.46
948,79.43
949,79.39
950,79.4
951,79.3
952,79.28
953,79.25
954,79.23
955,79.38
956,79.24
957,79.76
958,79.71
959,79.72
960,79.77
961,79.8128
962,79.83
963,79.97
964,80.06
965,79.95
966,80.09
967,79.97
968,79.985
969,79.88
970,80.04
971,80.01
972,79.85
973,79.88
974,79.83
975,79.66
976,79.63
977,79.54
978,79.63
979,79.77
980,79.73
981,79.24
982,79.46
983,79.71
984,79.85
985,79.86
986,79.86
987,79.69
988,79.82
989,80.04
990,80.08
991,80.15
992,80.02
993,80.06
994,80.14
995,80.11
996,80.2
997,80.17
998,80.19
999,80.08
1000,80.23
1001,80.22
1002,80.28
1003,80.26
1004,80.27
1005,80.31
1006,80.41
1007,80.65
1008,80.36
1009,80.37
1010,80.31
1011,80.3
1012,80.68
1013,80.87
1014,80.94
1015,81.17
1016,81.19
1017,81.17
1018,81.3
1019,81.42
1020,81.495
1021,81.46
1022,81.42
1023,81.52
1024,81.57
1025,81.65
1026,81.72
1027,81.79
1028,81.8
1029,81.88
1030,81.88
1031,81.735
1032,81.63
1033,81.94
1034,81.94
1035,81.74
1036,82.095
1037,82.56
1038,82.51
1039,82.67
1040,82.6799
1041,82.43
1042,82.54
1043,82.53
1044,82.53
1045,82.53
1046,82.52
1047,82.63
1048,82.68
1049,82.67
1050,83.0
1051,83.06
1052,83.05
1053,83.06
1054,83.2
1055,83.12
1056,83.0
1057,82.965
1058,82.97
1059,82.69
1060,82.57
1061,82.25
1062,82.26
1063,82.38
1064,82.59
1065,82.2
1066,82.19
1067,82.14
1068,82.02600000000002
1069,82.0
1070,81.98
1071,81.92
1072,81.79
1073,81.8599
1074,81.87
1075,81.95
1076,81.87
1077,81.97
1078,81.89
1079,81.84
1080,81.95
1081,81.985
1082,81.94
1083,81.93
1084,81.89
1085,81.44
1086,81.71
1087,81.63
1088,81.69
1089,81.86
1090,81.82
1091,81.74
1092,81.77
1093,81.62
1094,81.76
1095,81.68
1096,81.81
1097,81.78
1098,81.85
1099,81.86
1100,81.86
1101,81.83
1102,81.79
1103,81.7585
1104,81.76
1105,81.75
1106,81.75
1107,81.755
1108,81.68
1109,81.9
1110,81.62
1111,81.68
1112,81.15
1113,81.1501
1114,81.57
1115,81.5
1116,81.43
1117,81.42
1118,81.62
1119,81.55
1120,81.56
1121,81.27
1122,81.53
1123,81.45
1124,81.565
1125,81.58
1126,81.6
1127,81.57
1128,81.68
1129,81.67
1130,81.57
1131,81.59
1132,81.57
1133,81.66
1134,81.56
1135,81.49
1136,81.37
1137,80.32
1138,79.3625
1139,79.1
1140,78.23
1141,78.42
1142,78.51
1143,78.26
1144,78.17
1145,77.96
1146,77.69
1147,77.46
1148,77.19
1149,77.01
1150,77.1569
1151,76.93
1152,76.91
1153,77.26
1154,77.43
1155,77.32
1156,77.34
1157,77.34
1158,77.38
1159,77.63
1160,77.43
1161,77.5
1162,77.75
1163,78.41
1164,78.68
1165,78.8722
1166,78.95
1167,78.92
1168,78.79
1169,78.91
1170,78.79
1171,78.92
1172,79.07
1173,79.13
1174,79.29
1175,79.53
1176,79.73
1177,79.8899
1178,79.95
1179,80.22
1180,80.34
1181,80.1
1182,80.085
1183,79.95
1184,79.85
1185,79.46
1186,79.48
1187,79.47
1188,79.53
1189,80.99
1190,81.53
1191,82.1
1192,82.035
1193,81.86
1194,81.78
1195,81.52
1196,81.58
1197,81.35
1198,81.52
1199,81.38
1200,81.35
1201,81.2
1202,81.2
1203,81.3347
1204,81.40899999999998
1205,81.4
1206,81.38
1207,81.11
1208,81.05
1209,81.14
1210,80.8
1211,80.82
1212,80.79
1213,80.74
1214,80.74
1215,80.13
1216,79.7
1217,80.16
1218,80.32
1219,80.235
1220,80.18
1221,80.42
1222,80.06
1223,79.8
1224,79.855
1225,79.95
1226,79.95
1227,79.865
1228,79.9
1229,79.78
1230,79.735
1231,79.62
1232,79.62
1233,79.5684
1234,79.45
1235,79.46
1236,79.41
1237,79.45
1238,79.54
1239,79.2
1240,79.29
1241,81.48
1242,81.11
1243,80.94
1244,80.73
1245,80.69
1246,80.28
1247,80.11
1248,79.99
1249,79.9614
1250,80.09
1251,79.795
1252,79.965
1253,80.1
1254,80.21
1255,80.22
1256,80.26
1257,80.27
1258,80.32
1259,80.49
1260,80.29
1261,80.43
1262,80.56
1263,80.52
1264,80.5
1265,80.52
1266,80.53
1267,80.03
1268,79.89
1269,79.77
1270,79.57
1271,79.47
1272,79.36
1273,79.58
1274,79.8
1275,79.87
1276,79.85
1277,79.83
1278,79.79
1279,79.93
1280,80.07
1281,80.05
1282,80.055
1283,80.0
1284,80.07
1285,80.04
1286,80.28
1287,80.27
1288,80.22
1289,80.08
1290,80.15
1291,80.16
1292,80.32
1293,80.25
1294,80.5
1295,80.35
1296,80.47
1297,80.245
1298,80.155
1299,80.295
1300,80.25
1301,80.005
1302,80.1387
1303,80.25
1304,80.13
1305,80.18
1306,80.15
1307,80.29
1308,80.16
1309,80.31
1310,80.25
1311,80.26
1312,80.24
1313,80.1
1314,80.15
1315,80.16
1316,80.1375
1317,80.06
1318,80.19
1319,80.14
1320,80.24
1321,80.21
1322,79.99
1323,79.82
1324,79.8
1325,79.88
1326,79.72
1327,79.79
1328,79.72
1329,79.69
1330,79.56
1331,79.39
1332,79.43
1333,79.2229
1334,79.2
1335,79.21
1336,79.1
1337,79.13
1338,79.16
1339,79.29
1340,79.5
1341,79.37
1342,79.22
1343,79.12
1344,79.16
1345,79.21
1346,79.4
1347,79.44
1348,79.19
1349,79.05
1350,79.5101
1351,79.485
1352,79.45
1353,79.41
1354,79.36
1355,79.61
1356,79.68
1357,79.65
1358,79.73
1359,79.73
1360,79.8
1361,79.78
1362,79.77
1363,79.74
1364,79.72
1365,79.7
1366,79.6
1367,79.69
1368,79.9
1369,79.94
1370,79.98
1371,79.62
1372,79.82
1373,79.6736
1374,79.45
1375,79.6
1376,79.67
1377,79.74
1378,79.855
1379,79.53
1380,79.5013
1381,79.49
1382,79.55
1383,79.55
1384,79.52
1385,79.5525
1386,79.59
1387,79.69
1388,79.71
1389,79.69
1390,79.6225
1391,79.53
1392,79.48
1393,79.415
1394,79.49
1395,79.6
1396,79.56
1397,79.7727
1398,79.72
1399,79.69
1400,79.92
1401,79.96
1402,79.95
1403,80.2
1404,80.275
1405,80.41
1406,80.21
1407,80.08
1408,80.14
1409,80.09
1410,80.25
1411,80.2362
1412,80.36
1413,80.375
1414,80.33
1415,80.3
1416,80.29
1417,80.19
1418,80.06
1419,80.0
1420,79.99
1421,80.03
1422,79.99
1423,80.0558
1424,79.85
1425,79.43
1426,79.12
1427,79.36
1428,79.3
1429,79.4
1430,79.5
1431,79.65
1432,79.91
1433,79.905
1434,79.7301
1435,79.81
1436,79.74
1437,79.82
1438,80.0
1439,79.9406
1440,80.0
1441,79.84
1442,79.79
1443,79.705
1444,79.5797
1445,79.65
1446,79.77
1447,79.8
1448,79.7
1449,79.03
1450,78.83
1451,78.9
1452,78.97
1453,79.1
1454,79.07
1455,79.32
1456,79.4
1457,79.33
1458,79.32
1459,79.34
1460,79.19
1461,79.16
1462,79.23
1463,79.04
1464,78.88
1465,78.8
1466,78.855
1467,78.85
1468,78.75
1469,78.51
1470,78.36
1471,78.4
1472,78.66
1473,78.84
1474,78.92
1475,79.705
1476,79.41
1477,79.44
1478,79.615
1479,79.545
1480,79.78
1481,79.56
1482,79.55
1483,79.65
1484,79.75
1485,79.85
1486,79.87
1487,79.91
1488,79.92
1489,79.95
1490,79.94
1491,79.895
1492,79.685
1493,79.665
1494,79.87
1495,79.755
1496,79.73
1497,79.66
1498,79.495
1499,79.575
1500,79.59
1501,80.2
1502,80.19
1503,80.2
1504,79.94
1505,79.61
1506,79.55
1507,79.8
1508,79.85
1509,79.87
1510,79.845
1511,79.87
1512,79.98
1513,79.93
1514,79.99
1515,80.13
1516,80.16
1517,80.3
1518,80.39
1519,80.48
1520,80.51
1521,80.49
1522,80.52
1523,80.46
1524,80.57
1525,80.55
1526,80.57
1527,81.05
1528,81.495
1529,81.41
1530,81.505
1531,81.5
1532,81.47
1533,81.45
1534,81.5
1535,81.65
1536,81.48100000000002
1537,81.56
1538,81.4
1539,81.37
1540,81.46
1541,81.57
1542,81.53
1543,81.59
1544,81.63
1545,81.7
1546,81.56
1547,81.68
1548,81.62
1549,81.84
1550,81.68
1551,81.41
1552,81.18
1553,81.28
1554,81.435
1555,81.43
1556,81.17
1557,81.45
1558,81.405
1559,81.82
1560,81.96
1561,81.88
1562,82.02
1563,82.1372
1564,82.02
1565,82.26
1566,82.35
1567,82.2701
1568,82.31
1569,82.21
1570,82.21
1571,82.34
1572,82.34
1573,82.37
1574,82.42
1575,82.46
1576,82.47
1577,82.52
1578,82.41
1579,81.59
1580,81.27
1581,81.285
1582,80.85
1583,80.86
1584,80.66
1585,80.69
1586,80.63
1587,80.68
1588,80.7
1589,80.845
1590,80.74
1591,80.89
1592,80.85
1593,81.0
1594,81.04
1595,80.92
1596,81.02
1597,80.93
1598,80.83
1599,80.83
1600,80.67
1601,80.79
1602,80.55
1603,80.61
1604,80.7
1605,80.4
1606,80.055
1607,79.82
1608,79.42
1609,79.7066
1610,80.0
1611,80.05
1612,79.94
1613,79.64
1614,79.61
1615,79.61
1616,79.41
1617,79.49
1618,79.48
1619,79.63
1620,79.76
1621,79.84
1622,79.89
1623,79.9
1624,79.73
1625,79.68
1626,79.63
1627,79.59
1628,79.46
1629,79.44
1630,79.31
1631,79.67
1632,79.46
1633,79.81
1634,80.27
1635,80.39
1636,80.38
1637,80.59
1638,80.71
1639,80.35
1640,80.35
1641,80.3693
1642,80.44
1643,80.64
1644,80.59
1645,80.65
1646,80.645
1647,80.72
1648,80.68
1649,80.76
1650,80.88
1651,80.78
1652,80.8
1653,80.73
1654,80.79
1655,80.85
1656,80.81
1657,80.56
1658,80.49
1659,79.98
1660,79.84
1661,79.6
1662,79.24
1663,79.55
1664,79.76
1665,79.98
1666,79.76
1667,79.885
1668,79.93
1669,79.7304
1670,79.59
1671,79.54
1672,79.53
1673,79.43
1674,79.59
1675,79.62
1676,79.54
1677,79.63
1678,79.66
1679,79.64
1680,79.61
1681,79.93
1682,79.89
1683,80.24
1684,79.86
1685,79.709
1686,79.9
1687,79.9
1688,79.85
1689,79.79
1690,79.74
1691,79.78
1692,79.51
1693,79.45
1694,79.55
1695,79.67
1696,79.76
1697,79.64
1698,79.535
1699,79.58
1700,79.65
1701,79.62
1702,79.67
1703,79.664
1704,79.61
1705,79.7
1706,79.82
1707,79.89
1708,80.33
1709,80.91
1710,81.33
1711,82.47
1712,81.91
1713,82.06
1714,82.4
1715,82.44
1716,82.28
1717,82.3
1718,82.48
1719,82.385
1720,82.21
1721,82.2
1722,82.2
1723,82.12
1724,82.22
1725,82.31
1726,82.29
1727,82.375
1728,82.25
1729,82.3
1730,82.17
1731,82.15
1732,82.1
1733,82.05
1734,82.09
1735,82.51
1736,82.33
1737,82.5971
1738,82.85
1739,82.52
1740,82.5001
1741,82.26
1742,82.105
1743,82.3
1744,82.24
1745,82.11
1746,82.17
1747,82.29
1748,82.37
1749,82.4
1750,82.3401
1751,82.24
1752,82.13
1753,82.09
1754,82.07
1755,82.16
1756,82.11
1757,82.24
1758,82.11
1759,82.045
1760,82.1
1761,83.08
1762,82.8
1763,82.97
1764,83.31
1765,83.43
1766,83.49
1767,83.46
1768,83.615
1769,83.62
1770,83.97
1771,83.98
1772,83.98
1773,83.9
1774,83.8
1775,83.87
1776,83.65
1777,83.78
1778,83.93
1779,83.835
1780,83.92
1781,84.11
1782,84.09
1783,84.21
1784,84.45
1785,84.07
1786,84.04
1787,84.24
1788,83.89
1789,84.11
1790,83.58
1791,83.34
1792,83.59
1793,83.84
1794,83.8
1795,83.74
1796,83.62
1797,83.545
1798,83.48
1799,83.46
1800,83.56
1801,83.43
1802,83.47
1803,83.37
1804,83.33
1805,83.39
1806,83.41
1807,83.38
1808,83.3
1809,83.27
1810,83.23
1811,83.1375
1812,83.07
1813,80.0
1814,79.51
1815,78.73
1816,79.07
1817,78.93
1818,79.0
1819,78.95
1820,79.01
1821,79.08
1822,79.13
1823,79.08
1824,79.2063
1825,79.22
1826,79.12
1827,79.05
1828,78.9916
1829,79.09
1830,79.46
1831,79.4185
1832,79.42
1833,79.77
1834,79.68
1835,79.69
1836,79.21
1837,79.46
1838,79.22
1839,78.13
1840,78.585
1841,78.73
1842,78.4
1843,78.37
1844,78.15
1845,78.16
1846,78.02
1847,77.8
1848,77.6
1849,77.85
1850,77.49
1851,77.36
1852,77.15
1853,77.315
1854,77.21
1855,77.07
1856,77.1
1857,77.075
1858,77.1
1859,76.84
1860,76.835
1861,76.79
1862,76.71
1863,76.58
1864,76.4
1865,76.73
1866,77.0
1867,77.46
1868,77.5
1869,77.44
1870,76.95
1871,76.94
1872,76.763
1873,76.6
1874,76.605
1875,76.67
1876,76.875
1877,76.83
1878,76.55
1879,76.69
1880,76.74
1881,76.79
1882,76.76
1883,76.83
1884,76.63
1885,76.69
1886,76.59
1887,76.36
1888,76.54
1889,76.53
1890,76.56
1891,75.18
1892,75.02
1893,75.38
1894,75.34
1895,74.99
1896,74.99
1897,75.2
1898,74.94
1899,74.77
1900,74.79
1901,74.87
1902,74.94
1903,74.94
1904,74.88
1905,75.0
1906,74.92
1907,74.93
1908,75.03
1909,74.83
1910,74.71
1911,74.44
1912,74.21
1913,73.98
1914,74.0
1915,74.085
1916,73.94
1917,72.55
1918,72.34
1919,71.9599
1920,71.585
1921,73.02
1922,72.89
1923,73.57
1924,73.47
1925,73.12
1926,73.09
1927,72.91
1928,72.63
1929,72.73
1930,72.775
1931,73.17
1932,73.42
1933,73.4
1934,73.28
1935,73.12
1936,72.81
1937,72.8
1938,73.06
1939,73.12
1940,73.02
1941,73.06
1942,72.77
1943,72.455
1944,70.9
1945,72.6101
1946,71.4391
1947,71.27
1948,72.3
1949,72.37
1950,73.07
1951,72.45
1952,72.165
1953,72.185
1954,72.22
1955,71.99
1956,71.76
1957,71.13
1958,70.6259
1959,71.33
1960,71.19
1961,71.63
1962,72.22
1963,71.72
1964,71.56
1965,71.42
1966,71.5
1967,71.53
1968,71.38
1969,68.79
1970,68.79
1971,68.99
1972,69.03
1973,69.02
1974,69.0
1975,69.01
1976,69.58
1977,69.58
1978,69.2
1979,69.09
1980,69.05
1981,69.12
1982,69.18
1983,69.08
1984,69.12100000000001
1985,69.13
1986,69.395
1987,69.42
1988,69.22
1989,69.42
1990,69.47
1991,69.23
1992,69.28
1993,69.35
1994,69.28
1995,69.84
1996,69.66
1997,69.29
1998,69.11
1999,69.075
2000,69.21
2001,69.19
2002,69.11
2003,69.02
2004,68.97
2005,69.0
2006,68.8496
2007,68.7
2008,68.63
2009,68.63
2010,68.67
2011,68.54
2012,68.52
2013,68.42699999999999
2014,68.36
2015,68.33
2016,68.315
2017,68.19
2018,68.11
2019,68.195
2020,68.23
2021,68.32
2022,68.15
2023,67.65
2024,67.795
2025,67.68
2026,68.035
2027,67.93
2028,68.27
2029,68.02
2030,68.02
2031,67.92
2032,67.83
2033,67.85
2034,67.76
2035,67.75
2036,67.7
2037,67.68
2038,67.71
2039,67.705
2040,67.78
2041,67.715
2042,67.72
2043,67.68
2044,67.825
2045,67.75
2046,67.73
2047,67.16
2048,66.72
2049,66.75
2050,66.85
2051,66.74
2052,67.06
2053,67.08
2054,67.13
2055,66.92
2056,66.45
2057,66.3863
2058,66.59
2059,66.33
2060,66.33
2061,66.45
2062,66.64
2063,66.458
2064,66.53
2065,66.67
2066,66.54
2067,66.55
2068,66.5947
2069,66.47
2070,66.55
2071,66.57
2072,66.68
2073,67.48
2074,67.59
2075,67.4841
2076,67.385
2077,67.2
2078,67.13
2079,67.01
2080,66.97
2081,66.88
2082,66.92
2083,66.8204
2084,66.84
2085,66.8262
2086,66.825
2087,66.76
2088,66.79
2089,66.78
2090,66.75
2091,66.51
2092,66.57
2093,66.66
2094,66.54
2095,66.5
2096,66.5
2097,66.55
2098,66.48
2099,66.56
2100,66.2431
2101,66.29
2102,66.56
2103,66.41
2104,66.28
2105,66.42
2106,66.66
2107,66.51
2108,66.43
2109,66.41
2110,66.4512
2111,66.48
2112,66.4
2113,66.505
2114,66.28
2115,66.31
2116,66.2
2117,66.225
2118,66.29
2119,66.171
2120,66.16
2121,66.26
2122,66.26
2123,66.31
2124,66.1
2125,66.54
2126,66.67
2127,66.51
2128,66.94
2129,67.1022
2130,67.11
2131,67.16
2132,67.0
2133,66.88
2134,66.93
2135,66.91
2136,66.8977
2137,67.15
2138,67.19
2139,67.14
2140,67.4
2141,67.4616
2142,67.5
2143,67.51
2144,67.33
2145,67.35
2146,67.34
2147,67.3734
2148,67.43
2149,67.31
2150,67.33
2151,67.1
2152,66.835
2153,66.59
2154,67.24
2155,67.41
2156,67.51
2157,67.64
2158,67.545
2159,67.65
2160,67.43
2161,67.41
2162,67.51
2163,67.49
2164,67.68
2165,67.62
2166,67.54
2167,67.57
2168,67.47
2169,67.39
2170,67.62
2171,67.51
2172,67.55
2173,67.64
2174,67.59
2175,67.8
2176,67.82
2177,68.58
2178,69.21
2179,68.91
2180,69.13
2181,69.23
2182,69.26
2183,69.41
2184,69.12
2185,68.797
2186,69.1
2187,69.38
2188,69.36
2189,69.4334
2190,69.45
2191,69.69
2192,69.51
2193,69.44
2194,69.47
2195,69.59
2196,69.53
2197,69.53
2198,69.52
2199,69.43
2200,69.52
2201,69.31
2202,69.48
2203,69.14
2204,68.8
2205,69.13
2206,69.13
2207,69.33
2208,69.48
2209,69.39
2210,69.34
2211,69.46
2212,69.44
2213,69.03
2214,69.1
2215,68.9367
2216,69.06
2217,69.28
2218,69.23
2219,69.28
2220,69.25
2221,69.26
2222,69.22
2223,69.27
2224,69.26
2225,69.31
2226,69.3
2227,69.18
2228,69.18
2229,69.06
2230,69.01
2231,69.52
2232,69.52
2233,69.43
2234,69.18
2235,68.94
2236,68.95
2237,68.77
2238,69.01
2239,69.11
2240,69.13
2241,69.12
2242,69.13
2243,69.17
2244,69.08
2245,69.14
2246,69.17
2247,69.18
2248,69.22
2249,69.23
2250,69.1935
2251,69.31
2252,69.195
2253,69.35
2254,69.18
2255,68.99
2256,69.285
2257,69.16
2258,69.2
2259,69.175
2260,68.88
2261,69.16
2262,69.12
2263,69.18
2264,69.18
2265,69.19
2266,69.24
2267,69.21
2268,69.19
2269,69.19
2270,69.18
2271,69.2
2272,69.14
2273,69.19
2274,69.31
2275,69.32
2276,69.41
2277,69.25
2278,69.22
2279,69.09
2280,69.02
2281,68.81
2282,69.29
2283,69.42
2284,69.29
2285,69.04
2286,69.13
2287,69.18
2288,69.145
2289,69.27
2290,69.22
2291,69.195
2292,69.22
2293,69.09
2294,69.2
2295,69.21
2296,69.2
2297,69.17
2298,69.2
2299,69.2
2300,69.115
2301,69.15
2302,69.15
2303,69.21
2304,69.27
2305,69.25
2306,69.12
2307,70.08
2308,70.17
2309,70.0899
2310,69.75
2311,69.65
2312,69.65
2313,69.58
2314,69.35
2315,69.24
2316,69.3
2317,69.3
2318,69.2
2319,69.275
2320,69.41
2321,69.15
2322,69.28
2323,69.305
2324,69.21
2325,68.97
2326,68.895
2327,69.33
2328,69.33
2329,69.33
2330,69.34
2331,69.13
2332,69.19
2333,68.84
2334,69.0
2335,68.58
2336,68.84
2337,68.62
2338,68.83
2339,69.08
2340,69.16
2341,69.18
2342,69.12
2343,69.22
2344,69.18
2345,69.29
2346,69.44
2347,69.7
2348,69.72
2349,69.76
2350,69.73
2351,69.81
2352,70.09
2353,69.93
2354,69.99
2355,70.04
2356,70.07
2357,69.98
2358,70.14
2359,71.65
2360,70.887
2361,71.115
2362,71.16
2363,70.72
2364,70.69
2365,70.0
2366,70.11
2367,69.84
2368,69.8075
2369,69.54
2370,69.62
2371,69.9
2372,70.04
2373,70.21
2374,70.34
2375,70.3
2376,70.29
2377,70.3
2378,70.14
2379,69.79
2380,69.84
2381,69.7885
2382,69.63
2383,69.59
2384,69.69
2385,69.42
2386,69.19
2387,69.36
2388,69.595
2389,69.85
2390,70.21
2391,69.93
2392,69.82
2393,69.85
2394,69.72
2395,69.445
2396,69.4598
2397,69.68
2398,69.94
2399,69.83
2400,69.585
2401,69.84
2402,69.85
2403,70.09
2404,70.1
2405,70.1
2406,69.77
2407,69.8
2408,69.85
2409,69.975
2410,70.02
2411,70.165
2412,69.91
2413,70.3
2414,70.61
2415,70.4
2416,70.29
2417,70.1
2418,70.1425
2419,70.195
2420,70.2932
2421,70.42
2422,70.45
2423,70.41
2424,70.26
2425,70.21
2426,70.05
2427,70.01
2428,70.29
2429,70.48
2430,70.56
2431,70.39
2432,70.54
2433,70.44
2434,70.49
2435,70.66
2436,70.61
2437,71.195
2438,71.7795
2439,72.25
2440,72.15
2441,71.94
2442,71.85
2443,71.265
2444,71.17
2445,71.33
2446,71.5393
2447,71.425
2448,71.23
2449,71.21
2450,71.36
2451,71.35
2452,71.18
2453,71.225
2454,71.32
2455,71.45
2456,71.49
2457,71.55
2458,71.495
2459,71.54
2460,71.505
2461,71.54
2462,71.57
2463,71.44
2464,71.25
2465,71.45
2466,71.42
2467,71.41
2468,71.52
2469,71.48
2470,71.49
2471,71.42
2472,71.5
2473,71.51
2474,71.51
2475,71.47
2476,71.53
2477,71.49
2478,71.48
2479,71.5
2480,71.5
2481,71.52
2482,71.49
2483,71.5
2484,71.6
2485,71.62
2486,71.81
2487,71.83
2488,72.08
2489,71.46
2490,71.5
2491,71.6
2492,71.35
2493,71.4
2494,71.37
2495,71.4
2496,71.37
2497,71.4166
2498,71.51
2499,71.59
2500,71.54
2501,71.54
2502,71.66
2503,71.64
2504,71.66
2505,71.46
2506,71.45
2507,71.38
2508,71.43
2509,71.46
2510,71.47
2511,71.445
2512,71.49
2513,71.43
2514,71.43
2515,71.38
2516,71.38
2517,71.32
2518,71.39
2519,71.39
2520,71.46
2521,71.42
2522,71.385
2523,71.22
2524,71.15
2525,70.99
2526,70.73
2527,70.74
2528,70.68
2529,70.61
2530,70.82
2531,70.72
2532,70.58
2533,70.525
2534,70.54
2535,70.63
2536,70.61
2537,70.67
2538,70.86
2539,70.63
2540,70.66
2541,71.05
2542,70.79
2543,70.46
2544,70.33
2545,70.6
2546,70.73
2547,70.74
2548,70.78
2549,70.93
2550,70.98
2551,70.99
2552,71.01
2553,70.94
2554,71.03
2555,71.04
2556,71.05
2557,70.945
2558,70.97
2559,70.985
2560,71.0
2561,71.0
2562,70.985
2563,70.99
2564,70.82
2565,70.78
2566,70.91
2567,72.165
2568,73.15
2569,72.57
2570,72.1367
2571,71.96
2572,72.2125
2573,72.2107
2574,72.06
2575,72.0
2576,72.29
2577,72.345
2578,72.27
2579,72.12
2580,72.1
2581,71.97
2582,72.0
2583,72.0
2584,71.845
2585,71.8299
2586,71.775
2587,71.74
2588,71.68
2589,71.7
2590,71.53
2591,71.41
2592,71.43
2593,71.16
2594,71.49
2595,71.68
2596,71.973
2597,72.18
2598,71.94
2599,71.86
2600,71.94
2601,72.0
2602,72.025
2603,72.19
2604,72.08
2605,72.11
2606,71.96
2607,71.98
2608,72.0
2609,71.95
2610,72.08
2611,72.14
2612,72.14
2613,72.12
2614,72.19
2615,72.35
2616,72.53
2617,72.64
2618,72.74
2619,73.27
2620,73.07
2621,73.1
2622,72.93
2623,72.6872
2624,72.66
2625,72.72
2626,72.385
2627,72.36399999999998
2628,72.39
2629,72.48
2630,72.44
2631,72.59
2632,72.55
2633,72.56
2634,72.54
2635,72.79
2636,72.84
2637,72.79
2638,72.78
2639,72.76
2640,72.8
2641,72.94
2642,72.93
2643,72.955
2644,72.9
2645,72.72
2646,72.61
2647,72.75
2648,72.7704
2649,73.15
2650,72.97
2651,72.64
2652,73.06
2653,72.94
2654,72.84
2655,72.74
2656,72.78
2657,72.74
2658,72.64
2659,72.55
2660,72.69
2661,72.61
2662,72.71
2663,72.61
2664,72.55
2665,72.65
2666,72.78
2667,72.84
2668,72.8001
2669,72.8
2670,72.89
2671,73.04
2672,73.28
2673,73.46
2674,73.65
2675,73.48
2676,73.49
2677,73.5
2678,73.4
2679,73.43
2680,73.57
2681,73.4
2682,73.23
2683,73.36
2684,73.26
2685,73.165
2686,73.23
2687,73.12
2688,73.13
2689,73.02
2690,73.0
2691,73.11
2692,73.07
2693,73.1
2694,72.93
2695,72.805
2696,72.85
2697,73.26
2698,73.64
2699,73.48
2700,73.21
2701,73.625
2702,73.12
2703,73.29
2704,73.64
2705,73.52
2706,73.1
2707,73.13
2708,72.83
2709,72.83
2710,72.91
2711,72.585
2712,72.81
2713,72.96
2714,72.85
2715,72.95
2716,73.08
2717,73.26
2718,73.48
2719,73.495
2720,73.38
2721,73.26
2722,73.29
2723,73.49
2724,73.41
2725,73.15
2726,73.12
2727,73.65
2728,73.77
2729,73.7
2730,73.57
2731,73.64
2732,73.7
2733,73.45
2734,73.5
2735,73.72
2736,73.79
2737,73.91
2738,73.89
2739,73.97
2740,73.97
2741,74.13
2742,74.08
2743,73.92
2744,73.97
2745,73.85
2746,73.86
2747,73.75
2748,73.85
2749,74.68
2750,74.62
2751,74.39
2752,74.21
2753,74.39
2754,74.36
2755,74.51
2756,74.58
2757,74.64
2758,74.69
2759,74.74
2760,74.73
2761,75.05
2762,74.83
2763,74.85
2764,73.84
2765,73.78
2766,73.6
2767,73.44
2768,73.45
2769,73.54
2770,73.5
2771,73.39
2772,73.57
2773,73.19
2774,72.96
2775,72.94
2776,72.89
2777,72.72
2778,72.79
2779,72.83
2780,72.73
2781,72.62
2782,72.6
2783,72.7
2784,72.98
2785,72.95
2786,73.12
2787,73.16
2788,73.08
2789,73.12
2790,72.53
2791,72.07
2792,71.85
2793,71.72
2794,71.45
2795,71.2
2796,71.09
2797,71.5
2798,71.24
2799,71.5
2800,71.52
2801,71.32
2802,71.26
2803,70.985
2804,71.07
2805,71.34
2806,71.34
2807,71.41
2808,71.27
2809,71.13
2810,71.14
2811,71.04
2812,71.01
2813,70.64
2814,70.47
2815,70.54
2816,71.89
2817,71.78
2818,71.87
2819,72.1
2820,72.15100000000002
2821,72.14
2822,72.01
2823,71.82
2824,71.95
2825,72.28
2826,72.28
2827,72.495
2828,72.34
2829,72.52
2830,72.52
2831,72.65
2832,72.83
2833,72.7
2834,72.52
2835,72.48
2836,72.63
2837,72.6
2838,72.41
2839,72.33
2840,72.49
2841,72.31
2842,72.13
2843,71.67
2844,71.57
2845,71.36
2846,71.24
2847,71.375
2848,71.51
2849,71.58
2850,71.71
2851,71.85
2852,72.0
2853,72.03
2854,72.04
2855,72.135
2856,72.24
2857,72.11
2858,72.03
2859,72.17
2860,72.18
2861,72.15
2862,72.21
2863,72.19
2864,72.41
2865,72.51
2866,72.5
2867,72.42
2868,72.36
2869,71.8
2870,71.72
2871,71.88
2872,72.0
2873,72.265
2874,71.98
2875,71.86
2876,72.11
2877,72.29
2878,72.13
2879,72.015
2880,71.935
2881,72.06
2882,72.08
2883,71.9
2884,71.98
2885,72.01
2886,71.96
2887,71.89
2888,71.93
2889,71.81
2890,71.93
2891,71.9836
2892,71.82
2893,71.75
2894,71.98
2895,71.98
2896,71.97
2897,71.97
2898,71.785
2899,71.8
2900,71.93
2901,72.09
2902,71.79
2903,71.77
2904,71.63
2905,71.705
2906,71.63
2907,71.62
2908,71.51
2909,71.45
2910,71.47
2911,71.71
2912,71.53
2913,71.72
2914,71.55
2915,71.45
2916,71.32
2917,71.37
2918,71.37
2919,71.25
2920,71.77
2921,71.31
2922,71.85
2923,71.78
2924,71.93
2925,71.9
2926,72.02
2927,71.97
2928,72.0
2929,71.94
2930,71.93
2931,71.85
2932,71.91
2933,72.12
2934,72.1
2935,72.12
2936,72.19
2937,72.28
2938,72.27
2939,72.17
2940,72.05
2941,71.9
2942,71.97
2943,71.93
2944,71.86
2945,71.9
2946,70.95
2947,71.11
2948,71.0
2949,71.12
2950,71.19
2951,71.21
2952,71.11
2953,71.09
2954,71.18
2955,70.95
2956,70.94
2957,70.98
2958,70.76
2959,70.66
2960,70.69
2961,70.73
2962,70.84
2963,70.95
2964,70.84
2965,70.75
2966,70.84
2967,71.14
2968,71.07
2969,71.26
2970,71.58
2971,71.38
2972,72.3
2973,72.74
2974,73.6899
2975,73.88
2976,73.87
2977,73.589
2978,73.74
2979,73.41
2980,73.21
2981,73.05
2982,72.95
2983,72.9
2984,72.8327
2985,72.8
2986,72.68
2987,72.66
2988,72.76
2989,72.8
2990,72.76
2991,72.87
2992,73.02
2993,72.8814
2994,72.72
2995,72.68
2996,72.77
2997,72.81
2998,72.42
2999,72.82
3000,72.36
3001,72.57
3002,72.36
3003,72.27499999999999
3004,72.17
3005,72.41
3006,72.2
3007,72.07
3008,72.08
3009,72.32
3010,72.31
3011,72.255
3012,72.18000000000002
3013,72.06
3014,71.83
3015,71.71
3016,71.88
3017,71.87
3018,71.87
3019,71.73
3020,72.05
3021,72.14999999999999
3022,72.16
3023,72.17
3024,72.24
3025,72.23
3026,72.50999999999999
3027,72.41
3028,72.32
3029,72.23
3030,72.47
3031,72.47
3032,72.39
3033,72.45
3034,72.58
3035,72.52
3036,72.58
3037,72.86
3038,72.91
3039,73.07
3040,73.13
3041,73.26
3042,73.08999999999999
3043,73.01
3044,72.97
3045,72.91
3046,72.78
3047,73.0
3048,72.92
3049,72.95
3050,73.46
3051,73.48
3052,73.53
3053,73.10500000000002
3054,73.19999999999999
3055,73.27
3056,73.0
3057,73.11399999999998
3058,73.29
3059,73.19999999999999
3060,73.29
3061,73.3
3062,73.35
3063,73.66
3064,73.74
3065,73.85
3066,73.73
3067,73.7
3068,73.77999999999999
3069,73.9
3070,73.94
3071,73.98
3072,73.83
3073,73.8
3074,73.72
3075,73.75
3076,73.62
3077,73.14
3078,73.34000000000002
3079,73.6
3080,73.66
3081,73.84
3082,73.955
3083,73.85
3084,73.71
3085,73.99
3086,74.15899999999998
3087,74.31
3088,74.23499999999999
3089,74.57
3090,74.50000000000001
3091,74.93999999999998
3092,74.83000000000001
3093,74.9
3094,74.86
3095,74.9
3096,74.74
3097,74.87
3098,74.8
3099,74.66
3100,74.75
3101,74.86
3102,73.825
3103,74.17
3104,73.93
3105,74.12
3106,73.85
3107,73.8
3108,73.74
3109,73.48
3110,73.385
3111,73.47
3112,73.27
3113,73.08
3114,72.89
3115,72.82
3116,72.93
3117,72.83
3118,72.92
3119,72.85
3120,72.945
3121,72.9337
3122,72.96
3123,72.79
3124,72.75
3125,73.0
3126,73.19999999999999
3127,73.05
3128,73.8
3129,73.7
3130,73.77999999999999
3131,74.12499999999999
3132,74.34
3133,74.46999999999998
3134,74.61000000000001
3135,74.78
3136,75.25
3137,75.32
3138,75.61
3139,75.4703
3140,75.29
3141,75.34
3142,75.41000000000001
3143,75.33
3144,75.04999999999998
3145,74.96
3146,75.11
3147,75.14
3148,75.26999999999998
3149,75.19000000000001
3150,75.15
3151,74.91
3152,74.97
3153,75.02
3154,74.69
3155,74.44
3156,74.92
3157,74.9
3158,74.72000000000001
3159,75.24
3160,75.04
3161,74.97
3162,75.03
3163,75.04999999999998
3164,75.2
3165,75.03
3166,74.97
3167,74.96
3168,74.9
3169,74.76
3170,74.76
3171,74.76
3172,74.83000000000001
3173,74.8
3174,74.72000000000001
3175,74.55
3176,74.42
3177,74.29
3178,74.56
3179,74.66
3180,74.635
3181,74.67
3182,74.59
3183,74.51
3184,74.645
3185,74.41
3186,74.675
3187,74.55
3188,74.445
3189,74.7
3190,75.015
3191,75.09
3192,75.1608
3193,75.21
3194,75.14
3195,74.91
3196,74.73
3197,74.83000000000001
3198,75.03
3199,75.12
3200,75.15999999999998
3201,75.46
3202,75.35
3203,75.55
3204,75.59
3205,75.62
3206,75.39
3207,75.4
3208,75.45
3209,75.51
3210,75.62
3211,75.55
3212,75.25
3213,75.32
3214,75.271
3215,75.4
3216,75.39
3217,75.49
3218,75.24
3219,74.99
3220,74.93999999999998
3221,74.89
3222,74.88
3223,74.79
3224,74.70499999999998
3225,74.81
3226,74.86
3227,74.97
3228,75.03
3229,75.14
3230,75.15
3231,75.23
3232,75.26
3233,75.1
3234,75.04999999999998
3235,74.76
3236,74.69
3237,74.82
3238,75.02
3239,75.35
3240,75.58
3241,75.69
3242,75.59
3243,75.88000000000001
3244,75.62
3245,75.55
3246,75.59
3247,75.62
3248,75.55
3249,75.62999999999998
3250,75.84
3251,76.07
3252,76.12
3253,76.0
3254,75.88000000000001
3255,75.77000000000001
3256,75.82
3257,75.65
3258,74.92499999999998
3259,74.29
3260,74.66
3261,74.8
3262,74.92
3263,75.04999999999998
3264,75.18
3265,75.29
3266,75.37
3267,75.18
3268,75.15
3269,75.35
3270,75.23
3271,75.25
3272,75.44
3273,75.35
3274,75.46
3275,75.46
3276,75.53
3277,75.69
3278,75.65
3279,75.58
3280,75.61
3281,75.62
3282,75.68
3283,75.71
3284,75.8
3285,75.86
3286,75.89
3287,75.64
3288,75.3771
3289,75.21
3290,75.33
3291,75.9
3292,75.69
3293,75.71
3294,75.64
3295,75.62
3296,75.64
3297,75.71
3298,75.81
3299,75.78
3300,75.8
3301,75.73999999999998
3302,75.62999999999998
3303,75.62999999999998
3304,75.65
3305,75.7
3306,75.67
3307,75.66
3308,75.59
3309,75.51
3310,76.09
3311,75.785
3312,75.83
3313,75.8
3314,75.89
3315,76.08
3316,76.20999999999998
3317,76.0
3318,76.0
3319,75.835
3320,75.73999999999998
3321,75.8
3322,75.84999999999998
3323,75.88000000000001
3324,75.87
3325,75.89
3326,76.08
3327,76.10000000000001
3328,76.26
3329,76.31999999999998
3330,76.22
3331,76.16
3332,76.33
3333,76.22500000000001
3334,76.06
3335,76.06
3336,76.74
3337,76.65
3338,76.25
3339,76.42
3340,76.31
3341,76.26
3342,76.39
3343,76.35
3344,76.655
3345,76.72
3346,76.995
3347,77.17
3348,77.1
3349,77.12
3350,77.11
3351,77.1375
3352,77.14
3353,77.14
3354,77.17
3355,77.14
3356,77.17
3357,77.28
3358,77.285
3359,77.3
3360,77.28
3361,77.28999999999999
3362,77.115
3363,77.435
3364,77.5
3365,77.85
3366,78.0601
3367,78.55999999999999
3368,78.4275
3369,78.33
3370,78.91
3371,79.03000000000002
3372,79.19
3373,78.72
3374,78.87
3375,78.805
3376,78.98
3377,78.77
3378,78.69
3379,78.73
3380,78.54
3381,78.66999999999999
3382,78.655
3383,78.88
3384,78.79499999999999
3385,78.51
3386,78.35
3387,78.16
3388,85.76
3389,86.43
3390,85.0
3391,85.24
3392,84.785
3393,85.97
3394,85.84
3395,85.25
3396,85.9
3397,86.14
3398,86.435
3399,86.87
3400,86.33
3401,86.25
3402,86.88
3403,86.785
3404,87.215
3405,87.22
3406,87.29
3407,87.74
3408,88.095
3409,88.195
3410,88.11
3411,87.88
3412,88.57
3413,88.53
3414,87.66
3415,89.41
3416,89.22
3417,88.83
3418,89.56
3419,89.45
3420,88.4569
3421,87.71
3422,88.31
3423,88.54
3424,88.27
3425,87.81
3426,88.1733
3427,88.28
3428,87.99
3429,87.82
3430,87.95
3431,87.53999999999999
3432,87.25
3433,87.13
3434,86.97
3435,86.99
3436,86.87
3437,86.9
3438,87.0
3439,87.05
3440,86.82000000000001
3441,86.3823
3442,85.73
3443,85.65
3444,85.68
3445,85.40999999999998
3446,85.24
3447,85.57
3448,85.17
3449,84.7
3450,84.45
3451,84.17000000000002
3452,83.76
3453,83.54
3454,83.70000000000002
3455,83.72
3456,83.55999999999999
3457,83.59000000000002
3458,83.70000000000002
3459,83.79
3460,83.98
3461,83.91999999999999
3462,83.70000000000002
3463,83.83
3464,84.17000000000002
3465,83.85
3466,84.67
3467,85.375
3468,85.09
3469,84.6069
3470,84.6
3471,85.05
3472,85.1148
3473,84.62
3474,84.29
3475,84.19
3476,84.56
3477,84.51
3478,84.755
3479,84.37
3480,84.15
3481,84.13999999999999
3482,83.9
3483,83.755
3484,83.73
3485,83.86
3486,83.61
3487,83.66999999999999
3488,83.84
3489,83.97
3490,83.82
3491,83.7801
3492,84.435
3493,83.94
3494,84.41
3495,84.71
3496,85.05
3497,84.775
3498,84.85
3499,84.9
3500,84.9901
3501,84.77
3502,84.78
3503,84.69
3504,84.6648
3505,84.68
3506,84.6699
3507,84.63
3508,84.67
3509,84.73
3510,84.7
3511,84.5999
3512,84.71
3513,84.71
3514,84.93
3515,85.04
3516,85.03
3517,84.84
3518,84.09
3519,84.1
3520,84.5
3521,84.54
3522,84.62
3523,84.72
3524,84.95
3525,84.79
3526,84.8
3527,84.72
3528,84.73
3529,84.76
3530,84.91
3531,85.03
3532,85.01
3533,85.195
3534,85.19
3535,85.16
3536,85.2
3537,85.25
3538,85.04
3539,85.1
3540,85.2
3541,85.05
3542,85.19
3543,84.98
3544,85.46
3545,85.86
3546,86.13
3547,86.38
3548,86.61
3549,86.3
3550,86.02
3551,86.1
3552,86.4105
3553,86.78
3554,86.69
3555,86.69
3556,86.59
3557,86.66
3558,86.45
3559,86.16
3560,86.15
3561,86.08
3562,86.18
3563,86.34
3564,86.3314
3565,86.42
3566,86.18
3567,86.19
3568,85.99
3569,86.16
3570,85.75
3571,85.69
3572,86.1
3573,86.51
3574,86.24
3575,86.76
3576,86.78
3577,86.415
3578,86.115
3579,86.09
3580,86.0
3581,86.0
3582,86.12
3583,86.1
3584,85.962
3585,86.025
3586,85.8
3587,85.84
3588,85.59
3589,85.49
3590,85.76
3591,85.72
3592,85.64
3593,85.54
3594,85.51
3595,85.51
3596,84.46
3597,84.23
3598,84.23
3599,84.43
3600,84.43
3601,84.23
3602,84.13
3603,84.57
3604,84.53
3605,84.36
3606,84.1
3607,84.31
3608,84.49
3609,84.465
3610,84.18
3611,84.07
3612,83.85
3613,83.92
3614,84.01
3615,84.26
3616,84.3
3617,84.25
3618,84.27
3619,84.28
3620,84.35
3621,84.315
3622,84.89
3623,84.38
3624,84.93
3625,84.95
3626,84.725
3627,84.73
3628,85.24
3629,85.08
3630,85.0875
3631,85.14
3632,84.97
3633,85.1
3634,85.3096
3635,85.4
3636,85.39
3637,85.55
3638,85.56
3639,85.27
3640,85.27
3641,85.345
3642,85.24
3643,85.13
3644,85.01
3645,85.0
3646,84.96
3647,84.89
3648,85.03
3649,84.87
3650,84.76
3651,84.94
3652,84.75
3653,84.915
3654,84.54
3655,84.645
3656,84.83
3657,84.57
3658,84.5
3659,84.685
3660,84.635
3661,84.74
3662,84.89
3663,84.88
3664,84.81
3665,84.7
3666,84.87
3667,84.99
3668,85.05
3669,85.2732
3670,85.19
3671,85.31
3672,85.45
3673,85.32
3674,84.95
3675,85.34
3676,84.95
3677,85.13
3678,85.39
3679,85.31
3680,85.1
3681,84.94
3682,84.75
3683,84.75
3684,84.87
3685,84.85
3686,84.99
3687,85.09
3688,84.95
3689,84.82
3690,84.86
3691,84.78
3692,84.77
3693,84.8
3694,84.79
3695,84.81
3696,84.73
3697,84.63
3698,84.75
3699,84.61
3700,85.47
3701,85.28
3702,85.38
3703,85.31
3704,85.45
3705,85.45
3706,85.9
3707,85.88
3708,86.01
3709,86.56
3710,86.71
3711,86.27
3712,86.13
3713,86.115
3714,86.0
3715,85.86
3716,86.23
3717,86.01
3718,86.11
3719,86.09
3720,86.025
3721,86.29
3722,85.86
3723,85.86
3724,85.95
3725,85.95
3726,86.72
3727,87.55
3728,87.337
3729,87.42
3730,87.24
3731,87.2776
3732,87.53
3733,87.63
3734,87.69
3735,87.66
3736,87.6
3737,87.645
3738,87.58
3739,87.61
3740,87.69
3741,87.62
3742,87.76
3743,87.52
3744,87.49
3745,87.45
3746,87.58
3747,87.62
3748,87.46
3749,87.34
3750,87.28
3751,87.1975
3752,87.33
3753,86.917
3754,86.928
3755,86.61
3756,86.54
3757,86.86
3758,86.95
3759,87.23
3760,87.415
3761,87.42
3762,87.53
3763,87.44
3764,87.33
3765,87.27
3766,87.11
3767,86.9437
3768,86.91
3769,87.06
3770,86.91
3771,86.98
3772,87.04
3773,86.97
3774,86.855
3775,86.85
3776,87.13
3777,87.24
3778,86.26
3779,86.39
3780,86.61
3781,86.36
3782,86.5
3783,86.41
3784,86.42
3785,86.29
3786,86.29
3787,86.46
3788,86.53
3789,86.649
3790,86.42
3791,86.51
3792,86.61
3793,86.66
3794,86.64
3795,86.72
3796,86.7
3797,86.65
3798,86.7
3799,86.69
3800,86.71
3801,86.64
3802,86.74
3803,86.86
3804,86.475
3805,86.645
3806,86.71
3807,86.85
3808,87.06
3809,87.02
3810,87.07
3811,87.14
3812,86.88
3813,87.15
3814,87.245
3815,87.14
3816,87.22
3817,87.19
3818,87.27
3819,87.35
3820,87.25
3821,87.28
3822,87.34
3823,87.21
3824,87.2002
3825,87.02
3826,87.08
3827,86.83
3828,86.8
3829,86.93
3830,87.15
3831,87.44
3832,87.37
3833,87.36
3834,87.6
3835,87.5
3836,87.475
3837,87.43
3838,87.33
3839,87.4
3840,87.44
3841,87.45
3842,87.45
3843,87.42
3844,87.38
3845,87.32
3846,87.28
3847,87.31
3848,87.4
3849,87.41
3850,87.44
3851,87.37
3852,87.43
3853,87.55
3854,87.74
3855,87.83
3856,88.32
3857,88.37
3858,88.59
3859,88.85
3860,88.81
3861,88.815
3862,89.0997
3863,88.93
3864,88.8
3865,89.07
3866,88.955
3867,88.73
3868,88.79
3869,88.88
3870,88.89
3871,88.965
3872,88.97
3873,88.865
3874,88.84
3875,88.925
3876,89.0
3877,89.28
3878,89.26
3879,89.35
3880,89.35
3881,89.2
3882,89.98
3883,89.89
3884,89.66
3885,89.53
3886,89.38
3887,89.68
3888,89.745
3889,89.47
3890,89.56
3891,89.34
3892,88.79
3893,88.72
3894,88.5401
3895,88.5
3896,88.33
3897,88.52
3898,88.7173
3899,88.77
3900,88.84
3901,89.08
3902,88.98
3903,89.02
3904,89.36
3905,89.55
3906,89.53
3907,89.49
3908,90.09
3909,90.01
3910,89.9
3911,90.0
3912,89.45
3913,89.53
3914,89.669
3915,89.69
3916,89.86
3917,89.88
3918,89.53
3919,89.54
3920,89.51
3921,89.54
3922,89.635
3923,89.91
3924,90.26
3925,90.02
3926,90.21
3927,90.09
3928,90.325
3929,90.39
3930,90.61
3931,90.5925
3932,90.375
3933,90.54
3934,90.8
3935,90.5
3936,90.69
3937,90.62
3938,90.34
3939,90.44
3940,90.36
3941,90.2
3942,90.16
3943,90.01
3944,89.96
3945,89.985
3946,89.88
3947,89.52
3948,89.5
3949,89.56
3950,89.5
3951,89.36
3952,89.69
3953,89.58
3954,89.56
3955,89.37
3956,89.3
3957,89.055
3958,88.66
3959,88.68
3960,90.68
3961,89.71
3962,89.98
3963,89.91
3964,89.97
3965,90.17
3966,90.43
3967,90.625
3968,90.56
3969,90.41
3970,90.09
3971,90.45
3972,90.45
3973,90.75
3974,90.905
3975,90.96
3976,90.96
3977,91.175
3978,91.23
3979,91.25
3980,91.245
3981,91.04
3982,90.86
3983,90.62
3984,90.73
3985,90.8
3986,90.56
3987,90.785
3988,90.8408
3989,90.96
3990,90.67
3991,90.82
3992,90.55
3993,90.67
3994,90.79
3995,91.1
3996,91.26
3997,91.08
3998,91.11
3999,91.24
4000,91.49999999999999
4001,91.63
4002,91.77
4003,91.7377
4004,91.78
4005,91.97
4006,92.1
4007,92.03
4008,91.94
4009,92.07
4010,92.11
4011,92.15
4012,91.83
4013,91.67
4014,91.55
4015,91.28
4016,91.02
4017,91.15
4018,91.08
4019,91.4
4020,91.44000000000001
4021,91.19
4022,91.26
4023,91.29
4024,91.51
4025,91.52
4026,91.76
4027,91.7
4028,91.43
4029,91.6
4030,91.18
4031,91.0
4032,91.13
4033,91.13
4034,91.25
4035,91.29
4036,91.34
4037,91.4
4038,91.36
4039,91.31
4040,91.17
4041,90.94999999999999
4042,90.42
4043,90.19
4044,90.16
4045,90.01
4046,90.22
4047,90.205
4048,91.025
4049,91.22
4050,90.89000000000001
4051,90.805
4052,90.6
4053,90.53
4054,90.5
4055,90.26
4056,90.56
4057,90.41
4058,90.39
4059,90.39
4060,90.5
4061,90.42
4062,90.51999999999998
4063,90.61
4064,89.56999999999998
4065,89.91
4066,90.46000000000001
4067,90.225
4068,90.37000000000002
4069,90.53
4070,90.39
4071,90.5
4072,90.54
4073,90.8
4074,90.6
4075,90.67
4076,90.51
4077,90.67
4078,90.64
4079,90.86
4080,90.835
4081,90.9
4082,90.99
4083,90.795
4084,90.7
4085,90.71
4086,90.56
4087,90.47
4088,90.53
4089,90.82
4090,91.125
4091,90.69
4092,90.7
4093,90.72
4094,90.525
4095,90.48
4096,90.6
4097,90.54
4098,90.64
4099,90.7975
4100,90.76
4101,90.84
4102,90.8
4103,90.71
4104,90.73
4105,90.73
4106,90.68
4107,90.56
4108,90.565
4109,90.62
4110,90.64
4111,90.7
4112,90.66
4113,90.71
4114,90.96
4115,90.87
4116,90.76
4117,90.83
4118,90.94
4119,90.755
4120,90.87
4121,90.94
4122,90.85
4123,90.87
4124,90.51
4125,90.25
4126,89.96
4127,90.025
4128,89.99
4129,90.05
4130,90.3
4131,90.12
4132,90.02
4133,89.995
4134,90.06
4135,90.055
4136,90.035
4137,90.02
4138,89.99999999999999
4139,90.02
4140,90.16
4141,90.15
4142,90.97999999999999
4143,90.65
4144,90.42999999999999
4145,90.47
4146,90.295
4147,90.48
4148,90.27
4149,90.57
4150,90.38
4151,90.565
4152,90.74
4153,91.04
4154,91.09
4155,91.06999999999998
4156,90.97999999999999
4157,91.05
4158,91.0499
4159,91.075
4160,91.09
4161,91.02
4162,91.05
4163,90.93
4164,90.85
4165,90.94999999999999
4166,91.12
4167,91.03
4168,89.7
4169,89.205
4170,89.07
4171,88.78
4172,88.64
4173,88.77
4174,89.155
4175,89.2643
4176,89.38
4177,89.5599
4178,89.29
4179,89.07
4180,89.16
4181,89.22
4182,89.19
4183,89.08
4184,89.08
4185,88.96000000000001
4186,88.92999999999999
4187,88.75
4188,88.89999999999999
4189,88.9052
4190,88.87000000000002
4191,88.86
4192,88.91
4193,89.08
4194,88.8
4195,88.275
4196,88.92
4197,89.12
4198,89.05
4199,88.505
4200,88.82
4201,88.96000000000001
4202,89.01
4203,88.92999999999999
4204,88.775
4205,88.76
4206,88.57
4207,88.58
4208,88.62
4209,88.71
4210,88.61
4211,88.74
4212,88.68
4213,88.7
4214,88.58
4215,88.51
4216,88.54
4217,88.59
4218,88.66
4219,88.475
4220,88.3
4221,88.765
4222,88.87000000000002
4223,88.86
4224,88.54
4225,88.56
4226,88.705
4227,88.64
4228,88.59
4229,88.62
4230,88.58
4231,88.41000000000001
4232,88.4
4233,88.29
4234,88.2717
4235,88.33
4236,88.31
4237,88.37
4238,88.265
4239,88.16
4240,88.39
4241,88.4
4242,88.38
4243,88.35
4244,88.3299
4245,88.38
4246,88.775
4247,89.01
4248,89.235
4249,89.705
4250,89.69
4251,89.08
4252,88.81
4253,89.24
4254,88.87000000000002
4255,88.66
4256,88.36
4257,88.46999999999998
4258,88.4575
4259,88.43
4260,88.29
4261,88.28
4262,88.36
4263,88.429
4264,88.41000000000001
4265,88.49
4266,88.4
4267,88.81
4268,88.94
4269,88.85
4270,88.56
4271,88.49999999999999
4272,88.8896
4273,88.8
4274,88.85
4275,88.49999999999999
4276,88.28
4277,88.35
4278,88.495
4279,88.33
4280,88.4101
4281,88.54
4282,88.73
4283,88.705
4284,88.705
4285,88.7
4286,88.58
4287,88.67
4288,88.715
4289,88.54
4290,88.75
4291,88.7
4292,88.64
4293,88.58
4294,88.85
4295,88.865
4296,88.86
4297,88.75
4298,88.41000000000001
4299,88.08
4300,88.52
4301,88.4
4302,88.14
4303,87.74
4304,87.725
4305,88.02
4306,88.1
4307,88.22
4308,88.35
4309,88.42
4310,88.49999999999999
4311,88.34
4312,88.7
4313,88.88
4314,88.86
4315,88.95
4316,89.01
4317,88.905
4318,88.99000000000001
4319,88.97
4320,89.2
4321,89.16
4322,89.155
4323,89.18
4324,89.0
4325,88.86
4326,89.14
4327,89.44
4328,89.205
4329,89.06
4330,88.96000000000001
4331,88.78
4332,88.89999999999999
4333,88.74
4334,88.49999999999999
4335,88.8
4336,88.77
4337,89.0
4338,88.94
4339,88.86
4340,88.82
4341,88.88500000000002
4342,88.89999999999999
4343,88.995
4344,89.01999999999998
4345,88.98
4346,89.01
4347,88.98
4348,89.04
4349,88.85
4350,89.08
4351,89.49
4352,89.27
4353,89.04
4354,89.2
4355,88.94500000000001
4356,89.05
4357,89.01
4358,88.96000000000001
4359,88.98
4360,88.97
4361,89.0
4362,88.85
4363,88.94500000000001
4364,88.89999999999999
4365,88.97
4366,88.99000000000001
4367,88.85
4368,88.82
4369,88.48
4370,88.56
4371,88.63
4372,88.54
4373,88.36
4374,88.24
4375,88.3
4376,88.13
4377,88.16
4378,88.39
4379,88.35
4380,88.46999999999998
4381,88.42
4382,88.11
4383,88.37
4384,88.43
4385,88.27
4386,88.42
4387,88.4
4388,88.35
4389,88.35
4390,88.37
4391,88.58
4392,88.57
4393,88.68
4394,88.57
4395,88.49999999999999
4396,88.46
4397,88.56
4398,88.73
4399,88.89999999999999
4400,89.01999999999998
4401,88.97
4402,89.16
4403,88.91
4404,89.0
4405,88.92999999999999
4406,88.95
4407,88.78
4408,88.8
4409,88.88
4410,88.85
4411,88.89999999999999
4412,88.98
4413,88.95320000000001
4414,88.79
4415,88.72
4416,88.76
4417,88.77
4418,88.79
4419,88.68
4420,88.64
4421,88.56
4422,88.61
4423,88.67
4424,88.635
4425,88.69
4426,88.69
4427,88.54
4428,89.04
4429,89.03499999999998
4430,89.08700000000002
4431,89.7
4432,89.44999999999999
4433,89.44
4434,89.4
4435,89.37
4436,89.36
4437,89.355
4438,89.34
4439,89.38
4440,89.27
4441,89.34
4442,89.31
4443,89.27
4444,89.05
4445,89.23
4446,89.26
4447,89.58
4448,89.39000000000001
4449,89.44999999999999
4450,89.54
4451,89.42000000000002
4452,89.47
4453,89.47999999999999
4454,89.17
4455,89.4559
4456,89.44999999999999
4457,89.36
4458,89.53
4459,89.44999999999999
4460,89.39000000000001
4461,89.26
4462,89.3
4463,89.38
4464,89.42000000000002
4465,89.505
4466,89.46499999999999
4467,89.49
4468,89.65
4469,89.47999999999999
4470,89.27
4471,89.2
4472,89.1
4473,89.09
4474,89.025
4475,89.16
4476,89.17
4477,89.17
4478,89.33
4479,89.42000000000002
4480,88.71
4481,88.57
4482,88.63
4483,89.05
4484,88.84000000000002
4485,88.77
4486,88.63
4487,88.66
4488,88.64
4489,88.505
4490,88.52
4491,88.36
4492,88.23
4493,88.1
4494,88.28
4495,88.27
4496,88.21
4497,88.25
4498,88.06999999999998
4499,88.17
4500,88.19999999999999
4501,88.25
4502,88.33000000000001
4503,88.37
4504,88.315
4505,88.26
4506,88.1
4507,87.72
4508,87.56
4509,87.29179999999998
4510,86.85000000000001
4511,86.75
4512,86.77
4513,86.86999999999999
4514,86.92
4515,86.93999999999998
4516,86.75999999999999
4517,86.86999999999999
4518,86.72
4519,86.62
4520,86.645
4521,86.8
4522,86.7903
4523,86.97
4524,86.89
4525,86.84
4526,86.82
4527,86.82999999999998
4528,86.79
4529,86.955
4530,86.89
4531,86.92
4532,86.69
4533,86.245
4534,86.53
4535,86.93999999999998
4536,86.88
4537,86.875
4538,86.68
4539,86.91
4540,86.96000000000001
4541,86.75
4542,86.95
4543,86.96000000000001
4544,86.92
4545,87.035
4546,87.28
4547,87.39
4548,87.08
4549,87.13
4550,87.11
4551,87.12
4552,86.93999999999998
4553,86.91
4554,86.96000000000001
4555,87.0
4556,87.04999999999998
4557,87.22
4558,84.84
4559,85.1
4560,85.22
4561,85.44
4562,85.4322
4563,85.51
4564,85.80999999999999
4565,85.87
4566,86.15
4567,86.22
4568,86.18
4569,85.96
4570,86.15
4571,86.08
4572,86.045
4573,85.89
4574,85.72000000000001
4575,85.68
4576,85.665
4577,85.53
4578,85.56999999999998
4579,85.47
4580,85.84
4581,85.54499999999999
4582,85.12499999999999
4583,85.2
4584,84.08
4585,83.49
4586,83.82
4587,83.94
4588,84.35000000000001
4589,84.51
4590,84.81000000000002
4591,84.46000000000001
4592,84.81000000000002
4593,84.795
4594,85.06
4595,85.06
4596,84.6767
4597,84.8
4598,84.82
4599,84.81000000000002
4600,85.04
4601,84.865
4602,84.99000000000001
4603,85.02
4604,84.93
4605,85.25
4606,85.2897
4607,85.22
4608,85.27
4609,85.22
4610,85.31
4611,85.03
4612,85.66
4613,85.76
4614,85.98
4615,85.98
4616,86.22
4617,86.13
4618,85.95
4619,85.98
4620,85.955
4621,85.96
4622,85.91999999999999
4623,85.77
4624,85.77
4625,85.89
4626,85.85
4627,85.73
4628,85.86
4629,85.73
4630,85.59
4631,85.63
4632,85.62
4633,85.21
4634,85.19000000000001
4635,85.02
4636,84.96999999999998
4637,85.80999999999999
4638,85.2
4639,85.39299999999999
4640,85.215
4641,85.34
4642,85.64
4643,85.76
4644,86.08
4645,86.13
4646,86.3
4647,86.3
4648,86.35
4649,86.36000000000001
4650,86.24
4651,86.18
4652,86.27
4653,86.15
4654,86.07
4655,86.0
4656,86.03000000000002
4657,86.09999999999998
4658,86.11
4659,86.05
4660,85.895
4661,86.05
4662,86.68
4663,86.285
4664,86.38099999999999
4665,86.745
4666,86.17009999999999
4667,86.17
4668,86.64
4669,86.51999999999998
4670,86.54
4671,86.44
4672,86.4
4673,86.47
4674,86.39
4675,86.40999999999998
4676,86.40999999999998
4677,86.35
4678,86.215
4679,86.07
4680,85.93
4681,86.04
4682,85.94
4683,85.98
4684,85.94
4685,85.80999999999999
4686,85.91999999999999
4687,86.02
4688,86.61
4689,86.99
4690,86.71
4691,86.425
4692,86.2
4693,85.95
4694,85.76
4695,86.06
4696,85.9
4697,86.01
4698,86.16
4699,86.2
4700,86.31
4701,86.19
4702,86.19
4703,86.17
4704,86.175
4705,85.98999999999998
4706,85.69999999999999
4707,85.78
4708,85.74
4709,85.54000000000002
4710,85.48
4711,85.305
4712,85.4
4713,85.33
4714,86.09
4715,85.69999999999999
4716,85.44
4717,85.49
4718,85.67500000000001
4719,85.68
4720,86.07
4721,86.2
4722,86.28
4723,86.22999999999999
4724,86.36000000000001
4725,86.33999999999999
4726,86.48
4727,86.54
4728,86.61
4729,86.62999999999998
4730,86.71
4731,86.62
4732,86.49
4733,86.44999999999999
4734,86.57
4735,86.51
4736,86.51999999999998
4737,86.47
4738,86.39
4739,86.35
4740,88.5512
4741,89.35000000000001
4742,90.04
4743,89.52
4744,89.795
4745,90.4
4746,90.41
4747,90.0
4748,90.2
4749,90.36
4750,90.08000000000001
4751,90.29
4752,90.41
4753,90.24
4754,90.30000000000001
4755,90.4
4756,90.24
4757,90.16999999999999
4758,90.18
4759,90.1
4760,90.1
4761,89.96
4762,90.1
4763,90.0975
4764,90.26
4765,90.41
4766,90.92000000000002
4767,91.77
4768,91.99
4769,91.24
4770,91.42999999999999
4771,91.04
4772,90.76999999999998
4773,90.8525
4774,91.08
4775,91.04
4776,90.885
4777,91.08
4778,90.98999999999998
4779,90.73249999999999
4780,90.42
4781,90.50000000000001
4782,90.49
4783,90.265
4784,89.99
4785,90.27
4786,90.16
4787,90.16999999999999
4788,89.9389
4789,89.74999999999999
4790,89.65
4791,89.57
4792,89.98
4793,89.78
4794,90.135
4795,90.0
4796,90.47
4797,90.42
4798,90.62
4799,90.84
4800,90.68
4801,90.465
4802,90.58999999999999
4803,90.51
4804,90.55
4805,90.415
4806,90.47
4807,90.50000000000001
4808,90.54000000000002
4809,90.525
4810,90.67
4811,90.75
4812,90.74
4813,90.58999999999999
4814,90.6
4815,90.66
4816,90.63
4817,90.69999999999999
4818,90.63
4819,90.49
4820,90.82
4821,90.53
4822,90.8
4823,91.17
4824,91.06
4825,91.04
4826,91.56000000000002
4827,91.42999999999999
4828,91.27
4829,90.92000000000002
4830,91.32000000000001
4831,91.37
4832,91.27
4833,91.16
4834,91.58
4835,91.8
4836,91.99
4837,92.31
4838,91.98000000000002
4839,92.02
4840,91.99
4841,91.97
4842,91.87000000000002
4843,91.92
4844,92.23
4845,92.19
4846,92.53
4847,92.33
4848,92.51000000000002
4849,92.39
4850,92.55
4851,92.28
4852,91.72200000000001
4853,92.04
4854,91.82
4855,91.96
4856,91.7
4857,91.8
4858,91.82
4859,91.76000000000002
4860,91.84
4861,91.71
4862,91.95
4863,92.08
4864,91.93999999999998
4865,91.73
4866,91.40999999999998
4867,91.49
4868,91.34000000000002
4869,91.26
4870,90.2
4871,90.58
4872,90.79
4873,90.62
4874,90.26
4875,90.23500000000001
4876,90.37
4877,90.7001
4878,91.04
4879,90.8
4880,90.69999999999999
4881,90.65
4882,90.94
4883,90.98
4884,90.83
4885,90.86
4886,91.03000000000002
4887,91.02
4888,91.235
4889,91.26
4890,91.14000000000001
4891,91.06
4892,91.02
4893,91.14000000000001
4894,91.00999999999999
4895,91.09
4896,90.71
4897,90.8
4898,90.73
4899,91.0
4900,91.00999999999999
4901,90.925
4902,90.56999999999998
4903,90.79
4904,90.685
4905,90.86
4906,90.8
4907,90.86
4908,90.91
4909,90.76999999999998
4910,90.86
4911,90.93
4912,90.94
4913,90.74
4914,91.25
4915,91.235
4916,91.29
4917,91.35
4918,91.46
4919,91.56000000000002
4920,91.74000000000001
4921,91.84
4922,91.64999999999999
4923,91.05
4924,90.87
4925,90.68
4926,90.64
4927,90.34999999999998
4928,90.19000000000001
4929,90.0426
4930,89.78
4931,89.66000000000001
4932,89.63999999999999
4933,89.43999999999998
4934,89.16
4935,89.29
4936,89.775
4937,89.67999999999999
4938,89.57
4939,89.48000000000002
4940,89.425
4941,89.48000000000002
4942,89.42
4943,89.66000000000001
4944,89.67
4945,89.88
4946,89.56
4947,89.41
4948,89.67999999999999
4949,90.01499999999999
4950,90.0
4951,89.83
4952,89.85999999999999
4953,89.83
4954,89.46
4955,89.48000000000002
4956,88.97
4957,89.16
4958,88.98
4959,89.14
4960,89.09
4961,89.03999999999999
4962,88.95000000000002
4963,89.23
4964,89.35000000000001
4965,89.43
4966,89.85
4967,89.49
4968,89.58
4969,89.5
4970,89.65
4971,89.67
4972,89.62
4973,89.51
4974,94.0
4975,92.7
4976,89.61
4977,89.9608
4978,90.78
4979,90.97200000000001
4980,90.975
4981,92.03
4982,91.58
4983,91.24
4984,91.40999999999998
4985,91.55
4986,91.18
4987,90.65
4988,91.25499999999998
4989,91.38499999999999
4990,91.85
4991,92.13999999999999
4992,92.88
4993,92.76
4994,92.68
4995,92.355
4996,92.51000000000002
4997,91.99
4998,91.95
4999,91.71999999999998
5000,90.62
5001,91.07
5002,91.41
5003,91.21
5004,91.28
5005,91.42
5006,91.465
5007,91.8
5008,91.6
5009,92.05
5010,92.17
5011,92.15
5012,92.13
5013,92.2
5014,91.89
5015,92.05
5016,92.2
5017,92.16
5018,92.0
5019,91.59
5020,91.115
5021,90.52
5022,90.96
5023,91.19
5024,90.91
5025,90.66
5026,90.34
5027,89.86
5028,89.22
5029,89.91
5030,89.91
5031,89.69
5032,89.38
5033,88.63
5034,88.75
5035,88.665
5036,87.88
5037,87.68
5038,87.77
5039,87.51
5040,87.7
5041,87.43
5042,87.8
5043,87.81
5044,87.63
5045,87.58
5046,87.2475
5047,87.52
5048,87.595
5049,87.65
5050,87.98
5051,87.99
5052,87.53
5053,87.6
5054,86.8
5055,86.6
5056,85.97
5057,86.52
5058,86.185
5059,86.08
5060,85.26
5061,84.71
5062,84.46
5063,84.64
5064,84.68
5065,84.2
5066,84.12
5067,84.62
5068,84.72
5069,84.62
5070,84.62
5071,84.73100000000002
5072,84.79
5073,84.8
5074,84.94
5075,84.98
5076,85.02
5077,85.06
5078,84.83
5079,85.0
5080,85.05
5081,84.8513
5082,85.06
5083,85.72
5084,85.62
5085,85.87
5086,86.11
5087,86.03
5088,86.17
5089,86.42
5090,86.23
5091,86.63
5092,86.32
5093,86.41
5094,86.49
5095,86.31
5096,86.49
5097,86.34
5098,86.0
5099,85.95
5100,86.0049
5101,85.83
5102,85.5399
5103,85.41
5104,86.36
5105,86.14
5106,85.82
5107,86.06
5108,86.08
5109,86.47
5110,86.4
5111,86.47
5112,86.365
5113,86.28
5114,86.27
5115,86.69
5116,86.44
5117,86.57
5118,86.71
5119,87.02
5120,86.99
5121,87.21
5122,87.17
5123,86.49
5124,86.28
5125,86.13
5126,86.135
5127,86.16
5128,86.08
5129,86.29
5130,87.35
5131,87.335
5132,87.61
5133,87.37
5134,87.25
5135,87.475
5136,87.69
5137,87.58
5138,87.62
5139,87.46
5140,87.47
5141,87.4
5142,87.4176
5143,87.29
5144,86.99
5145,86.97
5146,86.92
5147,86.73
5148,86.82
5149,86.765
5150,86.735
5151,86.51
5152,86.36
5153,86.52
5154,86.5799
5155,86.63
5156,86.65
5157,87.09
5158,87.11
5159,87.24
5160,86.93
5161,87.26
5162,87.07
5163,87.08
5164,87.01
5165,86.73
5166,86.945
5167,86.6825
5168,86.49
5169,86.74
5170,86.72
5171,86.76899999999998
5172,86.61
5173,86.59
5174,86.47
5175,86.39
5176,86.475
5177,86.585
5178,86.65
5179,86.62
5180,86.6
5181,86.67
5182,86.54
5183,87.21
5184,86.975
5185,86.46
5186,86.44
5187,86.7742
5188,86.58
5189,86.72
5190,86.82
5191,86.5525
5192,86.4
5193,86.4
5194,86.34
5195,86.45
5196,86.55
5197,86.67
5198,86.9
5199,86.775
5200,86.6
5201,86.71
5202,86.69
5203,86.61
5204,86.73
5205,86.8
5206,87.1
5207,87.21
5208,86.9184
5209,87.32
5210,87.29
5211,87.05
5212,87.26
5213,87.22
5214,87.28
5215,87.29
5216,87.339
5217,87.49
5218,87.51
5219,87.55
5220,87.61
5221,87.81
5222,87.7
5223,87.565
5224,87.68
5225,87.36
5226,87.25
5227,87.395
5228,87.41
5229,87.26
5230,87.36
5231,87.17
5232,87.19
5233,87.13
5234,86.43
5235,86.11
5236,87.14
5237,87.155
5238,87.385
5239,87.47
5240,87.18
5241,87.51
5242,87.61
5243,88.08
5244,88.2
5245,88.2
5246,88.34
5247,88.5
5248,88.61
5249,88.45
5250,88.465
5251,88.485
5252,88.51
5253,88.51
5254,88.4499
5255,88.51
5256,88.37
5257,88.24
5258,88.38
5259,88.41
5260,88.99
5261,88.98
5262,89.29
5263,89.08
5264,89.4
5265,89.64
5266,89.56
5267,89.16
5268,89.3
5269,89.52
5270,89.51
5271,89.57
5272,89.55
5273,89.55
5274,89.34
5275,89.515
5276,89.59
5277,89.49
5278,89.5375
5279,89.42
5280,89.5
5281,89.49
5282,89.45
5283,89.37
5284,89.18
5285,89.1
5286,89.43
5287,89.555
5288,89.77
5289,89.41
5290,89.49
5291,89.22
5292,89.199
5293,89.17
5294,89.18
5295,89.02
5296,88.845
5297,89.2
5298,89.35
5299,89.4
5300,89.46
5301,89.59
5302,89.69
5303,89.67
5304,89.7
5305,89.63
5306,89.52
5307,89.465
5308,89.55
5309,89.455
5310,89.52
5311,89.57
5312,89.0419
5313,89.07
5314,89.42
5315,89.45
5316,89.61
5317,89.53
5318,89.52
5319,89.54
5320,89.56
5321,89.75
5322,89.53
5323,89.5
5324,89.53
5325,89.575
5326,89.66
5327,89.74
5328,89.91
5329,89.89
5330,90.02
5331,89.83
5332,89.67
5333,89.75
5334,89.83
5335,89.95
5336,90.26
5337,90.3
5338,90.745
5339,91.14
5340,91.31
5341,91.775
5342,92.22
5343,92.19
5344,92.72
5345,92.78
5346,92.36
5347,92.475
5348,92.27
5349,92.3299
5350,92.08
5351,92.17
5352,92.21
5353,92.19
5354,92.1
5355,92.22
5356,92.32
5357,92.28
5358,92.0225
5359,92.09
5360,92.04
5361,91.93
5362,92.05
5363,91.97
5364,91.655
5365,91.16
5366,91.39
5367,91.88
5368,91.675
5369,91.87
5370,91.63
5371,91.7
5372,91.72
5373,91.63
5374,91.57
5375,91.73
5376,91.51
5377,91.45
5378,91.42
5379,92.16
5380,92.24
5381,91.955
5382,91.84
5383,91.645
5384,91.56
5385,91.72
5386,91.93
5387,92.17
5388,92.22
5389,92.22
5390,92.2
5391,92.13
5392,92.08
5393,91.98
5394,91.99
5395,92.08
5396,92.08
5397,92.11
5398,92.13
5399,92.13
5400,92.0
5401,92.07
5402,92.16
5403,92.24
5404,92.36
5405,93.07
5406,93.33
5407,93.62
5408,93.56
5409,93.64
5410,93.81
5411,93.76
5412,94.02
5413,94.04
5414,94.07
5415,94.11
5416,94.18
5417,94.09
5418,93.94
5419,94.1
5420,93.99
5421,94.07
5422,94.09
5423,94.17
5424,94.11
5425,94.17
5426,94.39
5427,94.57
5428,94.815
5429,94.74
5430,94.51
5431,95.455
5432,96.52
5433,96.52
5434,95.32
5435,94.9
5436,94.98
5437,95.295
5438,95.14
5439,95.71
5440,95.42
5441,95.3
5442,95.095
5443,95.23
5444,95.27
5445,95.1
5446,94.975
5447,94.88
5448,94.66
5449,95.1
5450,95.06
5451,95.06
5452,94.78
5453,94.84
5454,94.81
5455,94.615
5456,94.65
5457,95.575
5458,95.175
5459,95.15
5460,94.63
5461,94.8
5462,95.03
5463,95.29
5464,95.475
5465,95.71
5466,95.7
5467,95.82
5468,95.81
5469,95.925
5470,95.65
5471,95.51
5472,95.46
5473,95.35
5474,95.23
5475,95.4
5476,95.35
5477,95.35
5478,95.31
5479,95.08
5480,95.09
5481,94.965
5482,95.11
5483,95.06
5484,95.53
5485,96.295
5486,95.75
5487,96.11
5488,95.8
5489,94.715
5490,94.4
5491,94.205
5492,94.855
5493,93.96
5494,94.24
5495,94.565
5496,94.98
5497,94.88
5498,95.15
5499,95.1
5500,95.03999999999999
5501,94.96
5502,95.02
5503,95.03
5504,95.13
5505,95.29500000000002
5506,95.14
5507,95.7
5508,95.595
5509,97.8
5510,98.015
5511,98.35
5512,98.74999999999999
5513,98.97
5514,98.78
5515,98.865
5516,98.945
5517,98.94
5518,98.95500000000001
5519,98.62000000000002
5520,98.89
5521,99.135
5522,99.14
5523,98.89
5524,99.23500000000001
5525,99.59000000000002
5526,99.375
5527,99.12
5528,99.28
5529,99.755
5530,100.04
5531,99.73
5532,99.31000000000002
5533,99.13
5534,99.71
5535,96.90999999999998
5536,96.52
5537,96.99
5538,97.36
5539,97.53
5540,97.45
5541,97.34000000000002
5542,97.07
5543,97.35
5544,96.56
5545,96.66
5546,96.24
5547,96.45
5548,96.45
5549,96.26
5550,96.155
5551,96.0884
5552,95.91000000000001
5553,96.01000000000002
5554,95.9
5555,96.03
5556,95.775
5557,95.74
5558,96.0
5559,96.2
5560,95.8
5561,97.07
5562,97.5
5563,97.75000000000001
5564,96.79
5565,96.85500000000002
5566,97.75000000000001
5567,97.66
5568,97.95
5569,97.92999999999999
5570,97.69999999999999
5571,97.97
5572,98.0
5573,97.89
5574,98.05
5575,97.875
5576,97.74
5577,97.44
5578,97.60000000000001
5579,97.46
5580,97.56
5581,97.77
5582,97.53
5583,97.45
5584,97.51
5585,97.54
5586,97.3
5587,99.0
5588,98.78
5589,99.0525
5590,98.975
5591,99.38999999999999
5592,99.68
5593,99.7
5594,99.35
5595,99.43
5596,99.37
5597,99.25
5598,99.0795
5599,98.93
5600,98.975
5601,99.07
5602,99.43
5603,99.73
5604,99.985
5605,100.09
5606,99.56
5607,99.51999999999998
5608,99.72000000000001
5609,99.73
5610,99.79
5611,99.78
5612,99.97
5613,100.38
5614,100.02
5615,100.17999999999999
5616,100.9
5617,100.82
5618,101.13000000000001
5619,100.78
5620,100.92
5621,100.71
5622,100.65
5623,100.53
5624,100.94999999999999
5625,100.93
5626,101.17
5627,101.43
5628,101.55
5629,101.375
5630,101.53
5631,101.5
5632,101.55
5633,101.66
5634,101.93
5635,102.27
5636,102.20000000000002
5637,102.17
5638,102.34
5639,102.06
5640,102.94
5641,102.9
5642,102.05000000000001
5643,101.55
5644,101.15000000000002
5645,100.5442
5646,100.8
5647,100.84999999999998
5648,100.56999999999998
5649,100.53999999999999
5650,101.1699
5651,101.71
5652,101.4
5653,101.57
5654,101.51000000000002
5655,101.5
5656,101.13000000000001
5657,101.2
5658,101.19
5659,101.41000000000001
5660,101.3187
5661,101.46
5662,101.27
5663,101.09
5664,101.19
5665,101.54
5666,101.44
5667,101.26
5668,101.81
5669,101.31
5670,101.4
5671,101.41000000000001
5672,101.15000000000002
5673,101.26
5674,101.03
5675,101.18
5676,100.97
5677,100.775
5678,100.77000000000001
5679,100.69
5680,100.69
5681,100.75
5682,100.64000000000001
5683,100.65
5684,100.32
5685,100.37
5686,100.405
5687,100.41
5688,100.32009999999998
5689,100.28
5690,100.14
5691,96.695
5692,96.19499999999998
5693,96.18
5694,97.182
5695,96.8
5696,95.95
5697,96.62
5698,96.72
5699,96.775
5700,96.82
5701,96.75500000000001
5702,96.75
5703,96.61
5704,96.55000000000001
5705,96.47500000000001
5706,96.8
5707,96.8
5708,96.49999999999999
5709,96.5621
5710,96.81
5711,97.0
5712,96.8
5713,96.465
5714,96.36
5715,96.33
5716,96.26
5717,97.03
5718,96.61
5719,96.53
5720,96.71
5721,97.09
5722,96.88
5723,96.555
5724,96.44
5725,96.6
5726,96.90500000000002
5727,96.41
5728,96.45
5729,96.32000000000001
5730,96.38
5731,96.49500000000002
5732,97.13
5733,97.3
5734,97.25
5735,97.37
5736,96.81
5737,96.72999999999999
5738,96.67
5739,96.71
5740,96.66
5741,96.93000000000002
5742,96.85
5743,97.925
5744,97.16
5745,96.67
5746,97.255
5747,97.24000000000001
5748,97.2255
5749,97.235
5750,97.474
5751,97.11
5752,97.12
5753,96.82
5754,96.67
5755,96.64
5756,96.52
5757,96.2
5758,96.3
5759,96.43
5760,96.525
5761,96.34999999999998
5762,96.48
5763,96.47
5764,96.36
5765,96.43
5766,96.4
5767,96.2
5768,96.1
5769,96.41
5770,96.45
5771,96.57499999999999
5772,96.62999999999998
5773,96.39
5774,96.46
5775,96.87
5776,96.69
5777,96.79
5778,97.51
5779,97.52
5780,97.3561
5781,97.385
5782,97.39
5783,97.19000000000001
5784,97.54500000000002
5785,97.56
5786,97.79
5787,97.875
5788,98.09
5789,97.89
5790,98.15
5791,98.38
5792,98.18
5793,98.03
5794,98.09
5795,98.35
5796,97.56
5797,97.75000000000001
5798,97.03
5799,97.25
5800,97.38
5801,97.2
5802,96.87
5803,97.04
5804,97.26999999999998
5805,97.15
5806,97.26
5807,97.13999999999999
5808,97.22
5809,97.2
5810,97.28999999999999
5811,97.09
5812,97.12
5813,97.23
5814,97.43
5815,97.47000000000001
5816,97.26999999999998
5817,97.34000000000002
5818,97.31999999999998
5819,97.24000000000001
5820,97.33
5821,97.52
5822,97.5
5823,97.53
5824,97.28999999999999
5825,97.22
5826,97.41999999999999
5827,98.17
5828,97.98000000000002
5829,97.99
5830,97.995
5831,98.25
5832,98.18999999999998
5833,98.23
5834,98.64
5835,98.48
5836,98.43
5837,98.63
5838,98.83
5839,98.74
5840,98.7373
5841,98.69999999999999
5842,98.77
5843,98.89
5844,98.78
5845,98.82
5846,98.64
5847,98.65
5848,99.03000000000002
5849,99.075
5850,99.8699
5851,99.87
5852,99.65
5853,99.6
5854,99.73
5855,99.79999999999998
5856,99.83
5857,100.21000000000001
5858,100.25
5859,100.27
5860,100.23000000000002
5861,100.43
5862,100.905
5863,100.59000000000002
5864,100.66999999999999
5865,100.82
5866,101.11
5867,100.89
5868,100.9
5869,100.87000000000002
5870,101.13000000000001
5871,101.01
5872,100.92
5873,100.71
5874,100.56999999999998
5875,100.88
5876,101.135
5877,101.45
5878,101.28000000000002
5879,101.38
5880,101.15000000000002
5881,101.04
5882,101.11
5883,101.03
5884,101.33500000000001
5885,101.26
5886,101.47
5887,101.46
5888,101.365
5889,101.8
5890,101.85
5891,101.85
5892,101.7
5893,101.7
5894,101.775
5895,101.86999999999999
5896,101.83
5897,101.775
5898,101.83
5899,103.19999999999999
5900,103.21
5901,103.39
5902,103.18
5903,103.17
5904,102.78999999999999
5905,103.19999999999999
5906,103.29
5907,103.82
5908,103.96
5909,103.63
5910,103.759
5911,103.72
5912,103.8
5913,103.52
5914,103.39
5915,103.3
5916,103.32
5917,103.14
5918,103.25000000000001
5919,103.32999999999998
5920,103.34
5921,103.47
5922,103.16
5923,103.25000000000001
5924,103.39
5925,102.67
5926,102.50999999999999
5927,102.9
5928,102.94
5929,102.84499999999998
5930,102.68999999999998
5931,102.94
5932,102.95
5933,103.28
5934,103.45999999999998
5935,103.215
5936,103.27500000000002
5937,103.32999999999998
5938,103.4
5939,103.29
5940,103.3
5941,103.334
5942,103.21
5943,103.51
5944,103.75
5945,103.5
5946,103.36
5947,103.37
5948,103.23
5949,103.35
5950,103.32
5951,102.95
5952,102.7
5953,102.935
5954,102.7
5955,102.76
5956,102.78999999999999
5957,102.50999999999999
5958,102.27
5959,102.3
5960,102.54
5961,102.33000000000001
5962,102.25
5963,102.14999999999999
5964,102.12
5965,102.08
5966,102.11
5967,102.24
5968,102.055
5969,101.98
5970,102.11
5971,102.19
5972,102.29
5973,102.56000000000002
5974,102.59
5975,102.65
5976,102.6
5977,103.12499999999999
5978,102.81999999999998
5979,103.82
5980,104.21
5981,104.51
5982,104.5532
5983,104.6
5984,104.60999999999999
5985,104.59
5986,104.92
5987,104.9
5988,104.71099999999998
5989,105.06
5990,104.99
5991,104.93
5992,104.79
5993,104.51
5994,104.68000000000002
5995,104.47
5996,104.23
5997,104.26
5998,104.27
5999,104.355
