,0
0,155.97
1,156.3
2,156.57
3,156.66899999999995
4,156.47
5,156.67
6,156.6
7,156.5
8,156.54
9,156.54
10,156.49
11,156.45
12,156.33
13,156.505
14,156.5
15,156.58
16,156.5
17,156.45
18,156.5
19,157.28
20,156.95
21,156.68
22,156.83
23,157.1
24,157.65
25,157.67
26,157.41
27,157.41
28,156.84
29,155.42600000000004
30,155.68
31,155.33
32,155.55
33,155.87
34,155.762
35,156.42
36,156.31
37,156.32
38,156.39
39,156.66
40,156.56
41,156.21
42,156.07
43,156.32
44,156.0
45,156.459
46,157.00799999999995
47,156.76
48,156.27
49,157.15
50,157.56
51,157.96
52,157.8
53,157.07
54,157.07
55,174.48
56,175.78
57,176.28
58,173.94
59,173.54
60,173.29
61,171.78
62,172.63
63,171.89
64,171.372
65,172.07
66,171.84
67,171.91
68,171.942
69,170.65
70,171.482
71,170.93
72,170.82
73,170.55
74,171.63
75,172.25
76,172.32
77,171.87
78,172.35
79,172.44
80,171.7
81,171.49
82,174.21
83,175.64
84,173.56
85,173.05
86,173.37
87,172.64
88,172.26
89,172.98
90,172.68
91,173.11
92,173.1
93,173.23
94,172.65
95,173.48
96,173.29
97,173.54
98,173.01
99,173.04
100,173.39
101,173.74
102,173.048
103,173.41
104,173.25
105,173.05
106,172.98
107,172.54
108,172.54
109,172.97
110,172.58
111,171.84
112,172.165
113,173.8
114,172.5
115,172.28
116,172.58
117,172.405
118,172.79
119,172.16
120,172.4
121,172.45
122,172.65
123,172.65
124,172.42
125,171.95
126,171.7
127,171.74
128,172.0
129,172.06
130,171.52
131,171.63
132,172.55
133,172.54
134,172.56
135,172.6
136,174.19
137,172.75
138,173.11
139,172.76
140,172.75
141,172.19
142,172.169
143,171.89
144,172.16
145,172.09
146,172.46
147,172.05
148,171.87
149,172.23
150,172.41
151,172.44
152,172.44
153,172.27
154,172.45
155,172.69
156,172.91
157,172.92
158,172.83
159,172.87
160,172.61
161,172.41
162,172.37
163,172.82
164,173.74
165,173.49
166,173.29
167,173.78900000000004
168,173.86
169,174.0
170,174.13
171,173.99900000000005
172,173.68
173,173.95
174,174.185
175,174.2
176,174.248
177,173.97
178,174.06
179,173.98
180,174.05
181,173.99
182,173.86
183,173.63
184,173.66
185,173.76
186,173.87
187,174.4
188,174.71
189,174.78
190,174.63
191,175.36
192,175.61
193,175.2
194,174.88
195,174.47
196,174.9
197,175.44
198,175.52
199,175.32
200,174.95
201,174.78
202,174.0
203,173.04
204,173.2
205,173.75
206,174.0
207,173.61
208,173.08
209,173.47
210,173.27
211,173.14
212,172.88
213,173.0
214,172.76
215,172.62
216,172.62
217,174.4
218,176.05
219,175.96
220,174.77
221,174.5
222,174.53
223,173.73
224,174.16
225,174.05
226,173.98
227,174.25
228,174.0
229,173.645
230,173.59
231,173.95
232,173.98
233,173.53
234,173.58
235,173.83
236,173.83
237,173.67
238,173.7
239,174.05
240,174.045
241,174.34
242,174.45
243,174.43
244,176.11
245,176.29
246,175.82
247,175.98
248,175.34
249,175.4
250,174.83
251,174.62
252,174.5
253,174.28
254,174.33700000000005
255,174.53
256,174.38
257,174.06
258,174.14
259,174.38
260,174.64
261,174.9
262,174.84
263,175.04
264,174.86
265,174.65
266,174.17
267,174.28
268,174.27
269,174.54
270,174.47
271,174.34
272,173.13
273,173.3
274,172.89
275,173.31
276,173.81
277,173.47
278,173.51
279,173.2
280,173.24
281,173.488
282,173.385
283,173.09
284,172.88
285,172.62
286,172.89
287,172.66
288,172.438
289,171.38
290,171.65
291,171.11
292,171.1
293,171.43
294,172.1
295,172.22
296,172.59
297,172.58
298,172.63
299,172.18
300,172.59
301,172.24
302,171.98
303,171.96
304,172.02
305,172.06
306,171.89
307,172.0
308,171.94
309,171.91
310,171.92
311,171.98
312,172.02
313,172.01
314,172.0
315,172.07
316,172.12
317,172.05
318,171.85
319,171.64
320,171.95
321,171.65
322,171.62
323,171.46
324,171.51
325,172.26
326,173.05
327,172.51
328,172.685
329,172.96
330,172.99
331,173.13
332,172.77
333,172.75
334,173.14
335,173.04
336,172.95
337,172.83
338,172.84
339,172.59
340,172.33
341,172.02
342,171.76
343,171.99
344,171.769
345,171.77
346,172.38
347,172.979
348,173.51
349,173.26
350,173.23
351,173.24
352,173.51
353,172.87
354,172.808
355,173.01
356,172.92
357,172.8
358,172.699
359,172.76
360,172.487
361,172.873
362,173.325
363,173.46
364,173.19
365,172.96
366,173.18
367,173.23
368,172.96
369,173.2
370,173.09
371,173.045
372,172.94
373,172.65
374,172.91
375,173.24
376,173.37
377,173.42
378,173.32
379,172.74599999999995
380,173.1
381,173.03
382,173.25
383,173.95
384,174.43
385,175.09
386,175.63
387,175.89
388,175.37
389,175.33
390,175.24
391,175.06
392,175.18
393,174.87
394,174.725
395,174.89
396,174.71
397,174.57
398,174.628
399,174.945
400,175.17
401,174.89
402,174.61
403,175.08
404,174.47
405,174.46
406,173.72
407,174.3
408,174.36
409,174.41
410,174.79
411,174.27
412,174.1
413,173.85
414,173.64
415,174.015
416,173.71
417,173.62
418,173.6
419,174.044
420,173.77
421,173.665
422,173.62
423,173.31
424,173.25
425,173.088
426,173.4
427,173.71
428,173.89
429,174.43
430,174.73
431,174.75
432,174.7
433,175.08
434,175.78900000000004
435,174.87
436,174.6
437,174.56
438,173.57
439,173.86
440,174.19
441,174.38
442,174.87
443,174.98
444,175.18
445,175.26
446,175.4
447,175.39
448,175.35
449,174.98
450,174.81
451,174.84
452,174.73
453,174.78
454,174.76
455,174.73
456,174.49
457,173.82
458,173.74
459,173.73
460,175.79
461,177.36
462,176.5
463,176.08
464,175.59
465,176.2
466,176.53
467,176.82
468,176.545
469,176.47
470,177.115
471,177.3
472,177.14
473,177.5
474,177.43
475,177.65
476,177.84
477,177.89
478,178.024
479,177.99
480,177.73
481,177.91
482,177.66
483,177.56
484,177.39
485,177.9
486,177.91
487,177.37
488,177.59
489,177.26
490,176.69
491,177.39
492,176.94
493,176.9
494,177.02
495,176.678
496,176.51
497,176.39
498,176.17
499,176.23
500,176.28
501,176.09
502,176.24
503,176.37
504,176.77
505,176.55
506,176.73
507,176.74
508,177.13
509,177.3
510,177.02
511,176.65
512,176.63
513,176.61
514,176.82
515,177.67
516,176.79
517,175.77
518,175.34
519,175.47
520,175.71
521,175.59
522,175.76
523,175.73
524,175.62
525,175.54
526,175.928
527,175.88
528,176.61
529,176.17
530,176.13
531,175.84
532,176.06
533,176.17
534,175.9
535,176.174
536,176.65
537,177.08
538,176.32
539,176.77
540,176.78
541,171.74
542,172.12
543,172.63
544,172.43
545,172.49
546,171.35
547,171.29
548,170.21
549,170.47
550,170.11
551,170.01
552,169.78
553,169.67
554,169.97
555,169.71
556,169.68
557,170.28
558,170.44
559,170.53
560,170.16
561,170.04
562,170.07
563,170.66
564,170.52
565,170.53
566,170.52
567,170.51
568,172.08
569,171.68
570,171.44
571,171.02200000000005
572,170.78
573,170.96
574,171.41
575,171.35
576,171.15
577,171.24
578,171.25
579,171.24
580,171.3
581,171.81
582,171.58
583,171.73
584,171.58
585,171.95
586,171.94
587,171.99
588,171.815
589,171.76
590,171.7
591,171.86
592,171.72
593,171.31
594,171.34
595,172.87
596,172.36
597,172.7
598,172.49
599,172.95
600,174.13
601,174.38
602,174.48
603,174.19
604,174.29
605,174.2
606,174.13
607,174.0
608,173.93
609,174.38
610,174.32
611,174.437
612,174.11
613,173.59
614,173.64
615,173.88
616,174.24
617,174.048
618,174.07
619,174.07
620,173.78
621,173.78
622,174.19
623,174.43
624,175.4
625,175.78
626,175.75
627,175.91
628,175.85
629,176.14
630,176.39
631,176.75
632,176.24
633,176.65
634,176.84
635,176.49
636,176.74
637,176.42
638,176.74
639,176.794
640,176.9
641,176.84
642,177.14
643,176.96
644,176.74
645,176.78
646,176.45
647,176.42
648,176.39
649,178.0
650,178.52
651,177.6
652,177.77
653,177.62
654,177.95
655,178.31
656,177.93
657,177.92
658,177.63
659,177.69
660,177.38
661,177.42
662,177.41
663,177.23
664,177.42
665,177.98
666,177.71
667,177.78
668,177.66
669,177.56
670,177.79
671,177.6
672,177.64
673,177.47
674,177.66
675,177.64
676,178.02
677,177.1
678,177.13
679,176.62
680,177.39
681,177.42
682,177.49
683,177.68
684,178.09
685,178.21
686,178.35
687,178.02
688,177.98
689,178.945
690,178.77
691,178.51
692,178.1
693,177.91
694,177.755
695,177.73
696,177.97099999999998
697,177.84
698,178.77
699,179.09
700,179.66
701,179.94
702,179.87
703,181.23
704,180.84
705,180.44
706,180.19
707,180.53
708,179.93
709,179.8
710,179.56
711,179.07
712,178.97
713,179.095
714,178.808
715,178.71
716,178.59
717,178.87
718,178.5
719,177.972
720,177.96
721,178.2
722,178.22
723,178.5
724,178.36
725,178.22
726,178.57
727,178.33
728,178.53
729,178.53
730,176.59
731,177.76
732,176.88
733,176.98
734,177.28
735,177.02
736,176.9
737,177.325
738,177.55
739,177.335
740,177.16
741,177.48
742,177.24
743,177.16
744,177.44400000000005
745,177.01
746,177.22
747,177.34
748,177.86
749,177.81
750,177.92
751,177.97
752,177.87
753,178.165
754,178.35
755,178.05
756,178.05
757,176.85
758,176.91
759,177.0
760,177.51
761,178.2
762,178.04
763,178.0
764,177.98
765,178.15
766,178.32
767,178.42
768,177.93
769,177.97
770,177.291
771,177.25
772,177.16
773,177.63
774,177.61
775,177.7
776,177.54
777,177.975
778,177.8
779,177.51
780,177.36
781,177.75
782,177.8
783,177.75
784,175.64
785,176.39
786,176.12
787,174.98
788,175.39
789,175.61
790,175.28
791,175.51
792,176.21
793,176.22
794,176.641
795,176.97
796,177.37
797,177.5
798,177.7
799,177.59
800,177.45
801,177.26
802,177.23
803,177.18
804,176.98
805,176.76
806,177.04
807,177.07
808,176.96
809,176.82
810,176.6
811,177.738
812,178.0
813,178.71
814,178.18
815,177.77
816,176.93
817,177.015
818,176.88
819,176.62
820,176.46
821,176.42
822,176.27
823,176.5
824,176.27
825,176.79
826,177.01
827,177.12
828,177.135
829,177.05
830,176.97
831,177.0
832,177.03
833,176.99
834,176.99
835,177.245
836,177.01
837,176.99
838,177.77599999999995
839,177.31
840,177.46
841,177.115
842,177.39
843,177.44
844,177.38
845,177.54
846,177.32
847,177.0
848,176.92
849,177.1
850,177.06
851,177.15
852,176.74
853,176.72
854,176.19
855,176.78
856,177.02
857,177.1
858,177.25
859,176.984
860,176.93
861,176.92
862,177.08
863,176.69
864,176.58
865,175.11
866,174.77
867,175.8
868,175.52
869,175.54
870,175.57
871,175.05
872,174.91
873,174.51
874,174.85
875,175.06
876,175.53
877,175.94
878,176.62
879,176.41
880,176.21
881,176.55
882,176.35
883,176.16
884,176.33
885,175.61
886,175.22
887,175.01
888,175.3
889,175.77
890,175.49
891,175.5
892,174.21
893,173.3
894,171.72
895,171.61
896,172.11
897,172.612
898,172.517
899,173.08
900,173.58
901,173.91
902,173.68
903,173.59
904,173.72
905,173.78
906,174.03
907,174.31
908,173.92
909,173.532
910,173.69
911,173.7
912,173.72
913,173.55
914,173.75
915,174.1
916,174.36
917,174.12
918,174.16
919,175.56
920,174.95
921,175.02
922,174.25
923,174.02
924,174.53
925,174.27
926,174.52
927,174.54
928,174.67
929,174.8
930,175.13
931,175.5
932,175.737
933,175.67
934,176.18
935,176.21
936,176.4
937,176.17
938,176.39
939,176.77
940,176.93
941,177.12900000000005
942,177.47
943,177.24
944,177.14
945,177.14
946,176.5
947,176.13
948,176.52
949,176.56
950,176.625
951,176.55
952,176.83
953,176.5
954,176.27
955,175.81
956,176.24
957,176.12
958,176.49
959,176.67
960,176.81
961,176.3
962,176.34
963,176.31
964,176.22
965,176.19
966,176.053
967,175.91
968,175.605
969,176.32
970,176.34
971,176.12
972,176.13
973,175.21
974,173.88
975,174.84
976,174.95
977,174.37
978,174.33
979,173.83
980,173.81
981,173.5
982,172.54
983,172.44
984,172.72
985,172.4
986,171.98
987,172.38
988,172.5
989,172.37
990,173.33
991,173.17
992,173.62
993,173.95
994,174.31
995,174.57
996,174.68
997,174.78
998,174.91
999,174.8
1000,173.2
1001,173.375
1002,174.0
1003,174.09
1004,174.22
1005,173.71
1006,173.27
1007,173.06
1008,173.04
1009,172.63
1010,173.00400000000005
1011,173.0
1012,172.84
1013,173.24
1014,173.09
1015,173.06
1016,173.27
1017,173.38
1018,173.6
1019,173.98
1020,174.12
1021,174.17
1022,174.73
1023,174.49
1024,174.96
1025,174.66
1026,174.75
1027,176.04
1028,175.808
1029,175.4
1030,174.97
1031,173.64
1032,174.02000000000004
1033,174.61
1034,175.2
1035,175.0
1036,174.89
1037,174.916
1038,174.91
1039,175.215
1040,174.67
1041,175.17
1042,175.13
1043,174.97
1044,175.08999999999997
1045,175.17
1046,175.41
1047,175.22
1048,175.08
1049,174.82
1050,174.95
1051,174.57
1052,174.02000000000004
1053,174.33
1054,174.44
1055,173.97
1056,174.33
1057,175.21
1058,175.12
1059,174.76
1060,174.67
1061,174.51
1062,174.73
1063,175.252
1064,175.2
1065,175.09400000000005
1066,175.06
1067,175.12
1068,175.24
1069,175.29
1070,175.415
1071,175.35
1072,175.31
1073,175.53
1074,175.92
1075,175.8
1076,176.37
1077,176.17
1078,175.37
1079,175.3
1080,175.29
1081,174.335
1082,174.86
1083,175.3
1084,175.37900000000005
1085,176.65
1086,176.86
1087,176.7
1088,176.62
1089,176.65
1090,176.67
1091,176.32999999999998
1092,176.4
1093,176.27
1094,176.34
1095,176.2
1096,176.04
1097,175.86
1098,176.27
1099,176.0
1100,175.44
1101,175.38
1102,175.34
1103,175.74
1104,175.44
1105,175.33
1106,175.47
1107,175.59
1108,174.11
1109,174.7
1110,174.6
1111,174.56
1112,174.66
1113,174.42
1114,174.15
1115,174.22
1116,174.13
1117,173.8
1118,173.65
1119,173.33
1120,173.25
1121,173.03
1122,172.63
1123,172.49
1124,172.63
1125,173.05
1126,173.04
1127,173.03
1128,173.16
1129,173.5
1130,173.6
1131,173.96
1132,174.21
1133,173.98
1134,174.0
1135,175.47
1136,176.65
1137,176.35
1138,176.84
1139,177.72000000000003
1140,178.93
1141,178.51
1142,178.47
1143,178.04
1144,178.658
1145,178.452
1146,178.98
1147,178.81
1148,178.78
1149,178.673
1150,178.81
1151,178.86700000000005
1152,178.62
1153,178.61
1154,178.86
1155,178.82
1156,178.69
1157,178.6
1158,178.69
1159,178.45
1160,178.06
1161,178.06
1162,174.37
1163,174.19
1164,173.895
1165,173.84
1166,174.08
1167,174.6
1168,174.35
1169,174.43
1170,174.29
1171,174.32000000000002
1172,174.41
1173,174.54
1174,174.96
1175,175.231
1176,175.47
1177,175.02
1178,175.5
1179,175.70999999999998
1180,176.14
1181,176.5
1182,176.53099999999995
1183,176.77
1184,177.03
1185,176.80000000000004
1186,177.17
1187,176.46
1188,176.45
1189,174.925
1190,174.96
1191,173.78
1192,173.41
1193,174.0
1194,173.46
1195,173.27
1196,173.64
1197,173.47
1198,173.0
1199,172.14
1200,171.71
1201,171.38
1202,171.22
1203,170.48
1204,170.32
1205,170.59
1206,171.04
1207,170.76
1208,170.23
1209,169.9
1210,169.75
1211,169.845
1212,170.03
1213,170.146
1214,169.81
1215,169.8
1216,172.53
1217,173.02
1218,172.75
1219,172.23
1220,172.49
1221,172.09
1222,172.05
1223,171.7
1224,171.87
1225,171.62
1226,171.48
1227,171.25
1228,171.77
1229,171.79
1230,171.674
1231,171.9
1232,171.92
1233,171.58
1234,171.35
1235,171.38
1236,170.935
1237,170.842
1238,170.72
1239,170.59
1240,170.69
1241,170.83
1242,170.85
1243,170.54
1244,171.64
1245,172.33
1246,171.97
1247,172.82
1248,172.71
1249,172.69
1250,172.38
1251,171.68
1252,171.71
1253,171.63
1254,171.96
1255,171.99
1256,172.08
1257,171.81
1258,171.8
1259,171.835
1260,171.62
1261,171.58
1262,171.13
1263,171.31
1264,171.68
1265,171.46
1266,171.35
1267,171.28
1268,171.79
1269,171.8
1270,172.67
1271,172.88
1272,172.78000000000003
1273,171.69
1274,170.89
1275,171.25
1276,171.56
1277,171.66
1278,172.23
1279,172.21
1280,172.15
1281,171.8
1282,172.39
1283,172.62
1284,172.77
1285,172.84
1286,173.1
1287,172.97
1288,173.1
1289,172.79
1290,172.89
1291,172.85
1292,173.0
1293,172.85
1294,172.5
1295,172.52
1296,172.51
1297,174.005
1298,172.03
1299,171.505
1300,170.89
1301,171.18
1302,171.08
1303,170.84
1304,170.43
1305,170.35
1306,169.59
1307,169.83
1308,169.61
1309,169.81
1310,170.42
1311,170.38
1312,170.36
1313,170.95
1314,170.97
1315,171.07
1316,170.97
1317,171.15
1318,171.13
1319,170.99
1320,170.84
1321,170.95
1322,170.7
1323,170.7
1324,172.11
1325,171.69
1326,171.54000000000002
1327,171.99
1328,171.52
1329,171.81
1330,171.88
1331,172.29
1332,172.30999999999997
1333,172.53
1334,172.51
1335,172.58
1336,172.54
1337,172.39
1338,172.79
1339,172.97
1340,173.07
1341,173.0
1342,173.15
1343,172.99
1344,173.07
1345,173.12
1346,173.11
1347,173.12
1348,172.96
1349,172.84
1350,172.84
1351,171.86000000000004
1352,172.2
1353,172.73
1354,172.30999999999997
1355,172.71
1356,173.18
1357,171.98
1358,171.93
1359,172.26
1360,172.7
1361,173.18
1362,172.9
1363,173.135
1364,172.6
1365,172.97
1366,172.8
1367,172.72
1368,172.52
1369,172.86
1370,173.40000000000003
1371,173.671
1372,173.85
1373,173.75
1374,173.54999999999998
1375,173.53
1376,173.3
1377,173.3
1378,171.74
1379,172.25
1380,171.835
1381,172.19
1382,173.56
1383,173.40000000000003
1384,172.9
1385,173.058
1386,172.65
1387,172.62
1388,171.97
1389,171.17
1390,171.32
1391,171.51
1392,171.29
1393,171.4
1394,171.3
1395,171.16
1396,170.88
1397,170.28
1398,169.9
1399,169.8
1400,170.01
1401,169.81
1402,169.69
1403,169.43
1404,169.35
1405,169.09
1406,170.55
1407,170.27
1408,170.65
1409,171.43
1410,171.6
1411,171.135
1412,171.46
1413,171.75
1414,171.7
1415,171.95
1416,171.84
1417,171.91
1418,171.86000000000004
1419,171.57
1420,171.23
1421,170.76
1422,170.59
1423,171.0
1424,171.42
1425,171.6
1426,171.32
1427,170.905
1428,170.985
1429,171.19
1430,171.16
1431,171.27
1432,168.59
1433,167.41
1434,167.602
1435,167.76
1436,167.36
1437,167.32
1438,166.99
1439,166.37
1440,166.85
1441,167.045
1442,167.59
1443,167.88
1444,167.8
1445,167.60500000000002
1446,167.88
1447,167.9
1448,167.425
1449,167.47
1450,167.69
1451,167.89
1452,168.05
1453,167.93
1454,168.01
1455,168.24
1456,168.38
1457,168.01
1458,168.01
1459,165.38
1460,165.22
1461,166.2
1462,166.29
1463,166.53
1464,166.11
1465,166.4
1466,166.37
1467,166.27
1468,166.08
1469,166.01
1470,165.27
1471,164.38
1472,163.72
1473,163.83
1474,163.92
1475,163.77
1476,162.45
1477,163.36
1478,162.73
1479,162.64
1480,163.17
1481,163.41
1482,163.805
1483,163.74
1484,164.21
1485,164.2
1486,165.12
1487,166.16
1488,166.845
1489,166.04
1490,166.248
1491,165.96
1492,165.7
1493,166.08
1494,165.623
1495,165.503
1496,165.94
1497,165.8
1498,165.57
1499,165.9
1500,166.05
1501,166.09599999999998
1502,166.46
1503,166.845
1504,166.88
1505,167.27
1506,166.72
1507,166.915
1508,166.79
1509,167.05
1510,167.11
1511,167.53
1512,167.52
1513,168.732
1514,167.47
1515,167.47
1516,167.09
1517,167.25000000000003
1518,167.28
1519,166.67
1520,166.87
1521,167.12999999999997
1522,167.97
1523,168.46
1524,168.62
1525,168.28999999999996
1526,168.51
1527,168.53
1528,169.18
1529,169.48
1530,169.88
1531,170.3
1532,170.49
1533,170.68000000000004
1534,170.78999999999996
1535,170.96
1536,171.47
1537,171.05
1538,171.11
1539,171.12
1540,170.614
1541,172.08
1542,171.29
1543,171.46
1544,171.83
1545,172.715
1546,173.49
1547,173.98
1548,174.01
1549,173.75
1550,173.78
1551,174.58
1552,174.52700000000004
1553,174.17
1554,173.92
1555,174.22299999999996
1556,174.2
1557,173.97
1558,173.425
1559,172.81
1560,172.99
1561,172.83000000000004
1562,173.08
1563,173.22
1564,173.48
1565,173.28
1566,173.2
1567,171.74
1568,172.27
1569,172.25
1570,172.05
1571,172.16
1572,172.11
1573,172.2
1574,172.32
1575,172.095
1576,172.16
1577,171.66
1578,171.88
1579,171.94
1580,171.8
1581,171.68
1582,171.6
1583,171.52
1584,171.73
1585,171.46
1586,171.14000000000001
1587,171.14000000000001
1588,171.52
1589,171.54999999999998
1590,171.83
1591,172.11
1592,172.27
1593,172.27
1594,173.3
1595,172.21
1596,173.425
1597,174.04
1598,174.06
1599,173.88
1600,174.38
1601,174.15
1602,174.35
1603,174.61
1604,174.5
1605,174.58
1606,174.09999999999997
1607,174.0
1608,173.95
1609,173.88
1610,173.98999999999998
1611,173.49
1612,173.25
1613,173.42
1614,173.5
1615,173.3
1616,173.05
1617,172.86
1618,172.52
1619,172.27
1620,172.27
1621,173.736
1622,173.2
1623,173.9
1624,173.42
1625,173.49
1626,174.0
1627,174.53
1628,174.796
1629,174.92
1630,175.28
1631,175.49
1632,175.65
1633,175.47
1634,175.76
1635,175.71
1636,175.575
1637,175.64
1638,176.13
1639,176.10899999999998
1640,176.3
1641,176.27200000000005
1642,176.192
1643,176.02
1644,176.51
1645,177.21400000000003
1646,176.99
1647,177.0
1648,176.074
1649,176.73
1650,176.08599999999996
1651,176.15
1652,176.187
1653,176.42999999999998
1654,176.29
1655,176.07
1656,176.25
1657,176.03
1658,175.85
1659,175.87
1660,175.61
1661,175.32199999999997
1662,175.1
1663,175.20999999999998
1664,174.33
1665,174.3
1666,174.06
1667,174.2
1668,174.17
1669,174.23
1670,174.66
1671,174.89
1672,174.69
1673,174.46
1674,174.44999999999996
1675,171.02
1676,171.75
1677,172.19
1678,172.48
1679,171.67
1680,171.5
1681,170.92
1682,170.545
1683,169.785
1684,169.19
1685,169.178
1686,168.69
1687,168.25
1688,168.4
1689,168.69
1690,168.85
1691,169.06
1692,168.98
1693,168.74
1694,168.55
1695,168.25
1696,168.47000000000003
1697,168.425
1698,167.94
1699,168.195
1700,168.49
1701,168.54
1702,169.44
1703,169.40000000000003
1704,169.87
1705,169.7
1706,169.83
1707,170.39
1708,170.32999999999998
1709,169.56999999999996
1710,169.39
1711,169.49
1712,168.71
1713,168.36
1714,168.74
1715,168.51
1716,168.61
1717,168.63
1718,168.59
1719,168.72
1720,168.91
1721,168.67
1722,168.87
1723,169.04
1724,169.01
1725,168.78
1726,168.86
1727,168.71
1728,168.71
1729,160.98
1730,159.91
1731,156.51
1732,155.658
1733,155.8
1734,155.23
1735,156.08
1736,155.56
1737,157.17
1738,158.28
1739,158.24
1740,159.14
1741,160.26
1742,160.2
1743,160.68
1744,161.734
1745,163.30000000000004
1746,163.35800000000003
1747,163.116
1748,162.96
1749,163.32
1750,162.86
1751,162.96
1752,163.66
1753,163.31
1754,163.38
1755,163.38
1756,160.42
1757,160.9
1758,160.01
1759,159.17000000000002
1760,159.97
1761,161.17
1762,161.81
1763,161.24
1764,161.76
1765,161.56
1766,161.38000000000002
1767,161.36
1768,160.96999999999997
1769,161.201
1770,161.08
1771,161.07
1772,161.985
1773,162.04899999999998
1774,161.91
1775,161.62
1776,161.355
1777,160.91
1778,161.06
1779,161.02
1780,161.408
1781,160.96
1782,160.94
1783,161.58
1784,161.3
1785,159.26
1786,159.27
1787,159.72
1788,159.23000000000002
1789,158.62
1790,158.55
1791,159.00000000000003
1792,159.29
1793,159.53
1794,159.72
1795,159.74
1796,160.17
1797,159.875
1798,159.8
1799,159.53
1800,158.98
1801,158.95
1802,159.00000000000003
1803,158.86
1804,158.63
1805,158.61
1806,159.23000000000002
1807,158.62
1808,158.47
1809,158.47
1810,159.8
1811,159.24
1812,160.07
1813,161.37
1814,161.41
1815,160.91
1816,160.96999999999997
1817,160.76
1818,160.76
1819,161.28
1820,160.881
1821,161.42
1822,161.51
1823,161.52
1824,161.08999999999997
1825,160.81
1826,160.36
1827,160.71
1828,160.55
1829,160.96999999999997
1830,161.12
1831,160.79
1832,160.7
1833,160.89
1834,160.73999999999998
1835,160.6
1836,160.57
1837,157.11
1838,157.59999999999997
1839,157.724
1840,157.06
1841,158.81
1842,159.00000000000003
1843,158.54
1844,159.6
1845,159.01
1846,159.00000000000003
1847,159.13
1848,159.36
1849,159.65
1850,159.21
1851,159.01
1852,158.81999999999996
1853,159.42
1854,159.43
1855,159.51999999999998
1856,159.00000000000003
1857,158.42
1858,158.33
1859,158.28
1860,157.98
1861,157.55000000000004
1862,157.56
1863,157.57
1864,156.83
1865,156.31
1866,157.59
1867,156.97
1868,156.305
1869,155.99
1870,154.7
1871,154.46
1872,154.55200000000005
1873,153.87
1874,154.7
1875,155.38
1876,155.255
1877,154.64000000000001
1878,154.58
1879,154.47
1880,153.93999999999997
1881,153.225
1882,152.83
1883,152.99
1884,153.53
1885,152.93
1886,151.83
1887,151.688
1888,151.95
1889,151.52
1890,151.53
1891,151.13
1892,149.28999999999996
1893,147.17499999999998
1894,149.32
1895,150.865
1896,151.03
1897,150.38
1898,149.97
1899,149.52
1900,149.767
1901,149.67
1902,149.22
1903,148.99
1904,149.03
1905,149.05
1906,149.53000000000003
1907,149.03
1908,149.775
1909,149.19
1910,148.95
1911,149.21
1912,149.33
1913,149.40999999999997
1914,149.32
1915,150.0
1916,149.5
1917,149.96
1918,149.0
1919,148.385
1920,147.93
1921,148.305
1922,147.95
1923,146.38
1924,146.3
1925,146.75
1926,146.03
1927,146.06
1928,146.08
1929,146.44
1930,146.47
1931,146.49
1932,147.42
1933,147.42
1934,146.845
1935,146.59
1936,145.87000000000003
1937,145.65
1938,145.89
1939,145.64
1940,145.33
1941,144.9
1942,144.27
1943,144.14
1944,144.29999999999998
1945,143.31
1946,143.971
1947,144.35
1948,144.25
1949,145.23
1950,145.85
1951,144.64
1952,143.81
1953,142.93
1954,142.47
1955,144.33
1956,144.63
1957,144.59000000000003
1958,144.87
1959,144.15
1960,144.34
1961,143.6
1962,143.16
1963,143.415
1964,142.755
1965,141.98
1966,142.4
1967,142.64
1968,142.09
1969,141.3
1970,141.5
1971,141.51
1972,143.31
1973,142.17
1974,142.62
1975,144.0
1976,144.91
1977,145.16
1978,144.745
1979,144.79
1980,143.73
1981,143.91
1982,143.77
1983,143.75
1984,144.37
1985,144.0
1986,143.72
1987,144.27
1988,144.29
1989,144.655
1990,144.48
1991,144.13
1992,144.39
1993,144.75999999999996
1994,144.88000000000002
1995,145.38
1996,145.74999999999997
1997,146.3
1998,146.3
1999,154.79
2000,150.58
2001,150.75
2002,151.68
2003,150.52
2004,149.86
2005,149.89
2006,149.25
2007,148.62
2008,148.648
2009,148.55
2010,148.55
2011,152.48
2012,151.81
2013,151.18
2014,151.62
2015,151.0
2016,151.44
2017,151.99
2018,151.67
2019,151.72
2020,151.91
2021,151.52
2022,150.82
2023,150.87
2024,150.28
2025,150.27
2026,149.04
2027,150.91
2028,148.9
2029,147.96
2030,147.0
2031,147.29
2032,147.7
2033,146.9
2034,146.97
2035,146.25
2036,145.53
2037,144.74
2038,144.74
2039,145.17
2040,145.679
2041,146.32
2042,146.5
2043,146.57
2044,146.73
2045,146.62
2046,147.09
2047,148.23
2048,147.9
2049,148.29
2050,150.13
2051,149.72
2052,149.89
2053,150.0
2054,148.862
2055,149.17
2056,148.23
2057,147.93
2058,147.03
2059,147.79
2060,147.75
2061,147.32
2062,147.49
2063,146.94
2064,147.26
2065,147.35
2066,147.1
2067,147.55
2068,147.21
2069,147.94
2070,147.23
2071,147.43
2072,147.96
2073,147.56
2074,147.56
2075,147.79
2076,148.17
2077,148.42
2078,148.66
2079,148.68
2080,148.67
2081,148.96
2082,148.97
2083,149.73
2084,149.54
2085,149.41
2086,149.24
2087,149.48
2088,149.64
2089,149.77
2090,149.8
2091,149.9
2092,149.88
2093,150.2
2094,149.98
2095,150.35
2096,150.49
2097,150.04
2098,150.0
2099,149.96
2100,149.59
2101,149.63
2102,149.55
2103,149.57
2104,149.66
2105,149.83
2106,149.84
2107,150.715
2108,150.58
2109,151.32
2110,151.82
2111,150.85
2112,151.02
2113,150.95
2114,151.28
2115,150.5
2116,150.855
2117,150.43
2118,150.43
2119,150.3
2120,150.22
2121,150.77
2122,150.64
2123,150.9
2124,150.77
2125,150.87
2126,151.06
2127,150.885
2128,151.55
2129,151.45
2130,151.43
2131,151.952
2132,152.03
2133,152.03
2134,148.43
2135,149.13
2136,148.9
2137,149.12
2138,148.53
2139,148.12
2140,149.02
2141,149.32
2142,148.995
2143,148.89
2144,148.66
2145,148.89
2146,148.89
2147,148.96
2148,148.51
2149,148.7
2150,148.89
2151,148.77
2152,149.03
2153,149.08
2154,149.15
2155,148.92
2156,148.91
2157,149.13
2158,148.84
2159,148.77
2160,148.69
2161,147.84
2162,146.938
2163,146.67
2164,147.08
2165,146.88
2166,146.8
2167,146.67
2168,147.0
2169,146.9
2170,146.87
2171,147.51
2172,147.88
2173,147.78
2174,147.59
2175,148.16
2176,148.015
2177,147.76
2178,147.47
2179,147.84
2180,147.72
2181,148.15
2182,148.29
2183,148.53
2184,149.21
2185,149.22
2186,148.68
2187,148.8
2188,144.365
2189,143.02
2190,143.27
2191,143.11
2192,142.52
2193,142.91
2194,142.47
2195,142.3
2196,141.515
2197,141.46
2198,141.75
2199,142.01
2200,141.72
2201,141.46
2202,141.16
2203,140.82
2204,140.86
2205,141.14
2206,140.63
2207,141.135
2208,141.62
2209,141.56
2210,141.84
2211,141.409
2212,141.5
2213,141.63
2214,141.63
2215,141.77
2216,141.495
2217,141.51
2218,142.31
2219,142.3
2220,142.8
2221,142.31
2222,141.8
2223,141.87
2224,141.81
2225,140.91
2226,140.41
2227,140.4
2228,140.615
2229,140.88
2230,140.48
2231,140.78
2232,140.59
2233,140.82
2234,142.18
2235,142.63
2236,142.33100000000005
2237,142.32
2238,142.32
2239,142.29
2240,142.85
2241,142.86
2242,141.51
2243,141.45
2244,142.26
2245,142.455
2246,142.52
2247,141.44
2248,142.18
2249,141.914
2250,141.76
2251,141.11
2252,141.92
2253,141.9
2254,141.84799999999996
2255,141.83
2256,141.66
2257,141.93
2258,142.45
2259,142.49
2260,142.9
2261,142.81
2262,142.45
2263,142.49
2264,142.71
2265,143.06
2266,143.25
2267,143.19
2268,143.19
2269,144.82
2270,145.309
2271,145.15
2272,144.04
2273,144.42
2274,144.6
2275,144.43
2276,144.69
2277,144.819
2278,144.7
2279,144.86
2280,144.67
2281,145.19
2282,145.11
2283,145.01
2284,145.05
2285,144.6
2286,144.76
2287,144.7
2288,145.1
2289,145.14
2290,144.52
2291,144.27
2292,144.11
2293,144.65
2294,145.23
2295,145.22
2296,146.12
2297,144.905
2298,143.91
2299,144.43
2300,143.31
2301,143.745
2302,143.21
2303,143.32
2304,144.0
2305,144.04
2306,144.37
2307,144.68
2308,144.64
2309,144.688
2310,144.89
2311,145.53
2312,145.11
2313,144.86
2314,144.95
2315,145.52
2316,145.44
2317,145.34
2318,145.19
2319,144.79
2320,144.035
2321,144.23
2322,144.27
2323,141.71
2324,142.14
2325,142.56
2326,142.205
2327,142.87
2328,143.365
2329,143.085
2330,143.87
2331,143.71
2332,143.72
2333,144.17
2334,144.12
2335,144.28
2336,144.2
2337,144.75
2338,145.05
2339,144.52
2340,144.67
2341,144.88
2342,144.87
2343,144.89
2344,144.72
2345,144.76
2346,144.61
2347,144.72
2348,144.98
2349,145.05
2350,144.44
2351,144.96
2352,144.44
2353,144.14
2354,144.68
2355,144.36
2356,144.56
2357,144.56
2358,144.17
2359,144.0
2360,143.77
2361,143.36
2362,143.66
2363,143.37
2364,143.94
2365,143.53
2366,142.9
2367,142.72
2368,142.25
2369,142.5
2370,142.61
2371,142.4
2372,142.134
2373,141.69
2374,141.69
2375,140.9
2376,140.97
2377,141.97
2378,140.66
2379,140.08
2380,139.98
2381,139.22
2382,139.37
2383,140.42
2384,140.5
2385,140.0
2386,139.42
2387,139.0
2388,139.32
2389,138.94
2390,139.49
2391,140.15
2392,139.87
2393,140.11
2394,140.54
2395,140.58
2396,140.977
2397,141.81
2398,141.64
2399,141.725
2400,141.82
2401,142.37
2402,142.66
2403,142.59
2404,142.0
2405,140.75
2406,141.29
2407,140.63
2408,141.59
2409,142.35
2410,141.64
2411,140.9
2412,141.31
2413,140.4
2414,140.32
2415,139.86
2416,140.37
2417,140.41
2418,140.95
2419,141.25
2420,141.22
2421,140.01
2422,140.4
2423,140.44
2424,140.33
2425,140.36
2426,140.3
2427,139.92
2428,139.75
2429,139.84
2430,139.83
2431,140.09
2432,140.96
2433,141.55
2434,141.68
2435,141.2
2436,141.885
2437,141.54
2438,141.78
2439,141.73
2440,141.41
2441,141.1
2442,140.84
2443,140.92
2444,140.81
2445,140.98
2446,141.04
2447,141.345
2448,141.75
2449,141.95
2450,141.84
2451,141.92
2452,141.68
2453,142.9
2454,142.0
2455,142.12
2456,142.75
2457,142.72
2458,143.1
2459,143.265
2460,143.37
2461,144.03
2462,143.48
2463,143.72
2464,143.25
2465,143.36
2466,143.49
2467,143.57
2468,143.58
2469,143.54
2470,143.5
2471,143.58
2472,144.22
2473,144.49
2474,144.63
2475,144.91
2476,144.95
2477,145.25
2478,145.66
2479,145.54
2480,145.91
2481,145.776
2482,146.06
2483,145.98
2484,145.98
2485,144.5
2486,144.24
2487,144.37
2488,145.16
2489,145.25
2490,145.43
2491,144.9
2492,144.64
2493,143.99
2494,144.48
2495,143.91
2496,143.92
2497,143.86
2498,143.77
2499,143.93
2500,144.36
2501,144.602
2502,144.94
2503,144.89
2504,145.05
2505,144.91
2506,144.78
2507,144.57
2508,144.8
2509,145.23
2510,145.2
2511,145.17
2512,146.39
2513,148.46
2514,148.35
2515,148.71
2516,148.3
2517,148.13
2518,147.561
2519,147.7
2520,147.92
2521,148.05
2522,147.89
2523,147.21
2524,147.04
2525,147.24
2526,146.91
2527,147.32
2528,148.12
2529,147.82
2530,147.63
2531,147.73
2532,147.33
2533,147.77
2534,147.84
2535,147.88
2536,147.81
2537,147.41
2538,147.39
2539,146.71
2540,147.21
2541,147.51
2542,147.6
2543,147.33
2544,147.48
2545,147.6
2546,147.68
2547,147.39
2548,146.87
2549,146.65
2550,146.39
2551,146.89
2552,147.48
2553,147.46
2554,147.57
2555,147.625
2556,147.89
2557,147.47
2558,147.0
2559,146.83
2560,146.87
2561,146.78
2562,147.11
2563,147.68
2564,147.65
2565,147.65
2566,148.91
2567,148.56
2568,147.3
2569,147.189
2570,147.08
2571,146.92
2572,145.75
2573,145.64
2574,145.5
2575,145.33
2576,145.01
2577,144.32
2578,144.4
2579,144.78
2580,145.11
2581,145.17
2582,145.08
2583,144.86
2584,144.69
2585,144.64
2586,144.06
2587,144.08
2588,144.04
2589,143.35
2590,143.1
2591,143.29
2592,143.3
2593,142.36
2594,142.75
2595,143.93
2596,143.52
2597,142.58
2598,142.68
2599,142.77
2600,142.7
2601,142.79
2602,142.57
2603,142.713
2604,142.77
2605,142.75
2606,142.71
2607,142.53
2608,142.46
2609,142.33
2610,142.702
2611,142.78
2612,142.75
2613,142.56
2614,142.89
2615,142.95
2616,142.555
2617,143.17
2618,142.88
2619,142.81
2620,141.64
2621,142.02
2622,142.3
2623,141.12
2624,140.98
2625,141.0
2626,140.56
2627,141.03
2628,140.99
2629,140.56
2630,140.76
2631,140.91
2632,140.585
2633,140.99
2634,140.7
2635,140.78
2636,140.76
2637,140.82
2638,140.865
2639,140.7
2640,140.48
2641,140.37
2642,140.74
2643,141.0
2644,140.77
2645,140.88
2646,140.89
2647,141.52
2648,140.15
2649,139.9
2650,139.27
2651,138.78
2652,138.83
2653,138.2
2654,138.79
2655,138.68
2656,139.15
2657,139.13
2658,139.44
2659,139.86
2660,139.68
2661,140.045
2662,140.0
2663,140.18
2664,140.52
2665,141.07
2666,140.68
2667,140.49
2668,140.38
2669,140.42
2670,140.71
2671,141.03
2672,140.7
2673,141.0
2674,140.06
2675,138.69
2676,139.04
2677,138.76
2678,138.55
2679,138.78
2680,137.89
2681,137.26
2682,137.74
2683,137.85
2684,138.01
2685,138.19
2686,137.79
2687,137.28
2688,137.42
2689,136.99
2690,137.02
2691,137.3
2692,137.21
2693,137.23
2694,137.02
2695,137.06
2696,137.11
2697,137.35
2698,137.95
2699,137.66
2700,138.0
2701,136.01
2702,135.93
2703,135.83
2704,135.95
2705,135.82
2706,135.5
2707,135.55
2708,135.36
2709,135.14
2710,134.89
2711,134.8
2712,134.75
2713,134.738
2714,134.938
2715,134.71
2716,134.63
2717,134.79
2718,134.9
2719,135.25
2720,135.11
2721,134.99
2722,134.97
2723,135.13
2724,135.28
2725,135.99
2726,136.31
2727,136.6
2728,136.5
2729,137.44
2730,138.26
2731,139.46
2732,139.57
2733,139.555
2734,139.75
2735,140.08
2736,140.21
2737,140.17
2738,140.09
2739,140.16
2740,140.07
2741,140.25
2742,140.12
2743,140.1
2744,140.03
2745,139.99
2746,139.98
2747,140.07
2748,140.02
2749,140.08
2750,140.315
2751,140.075
2752,139.93
2753,140.0
2754,140.06
2755,140.18
2756,140.36
2757,139.91
2758,139.38
2759,139.45
2760,139.59
2761,139.02
2762,139.4
2763,139.55
2764,139.33
2765,139.52
2766,139.33
2767,139.27
2768,139.32
2769,139.33
2770,139.41
2771,139.46
2772,139.516
2773,139.6
2774,139.73
2775,140.01
2776,140.03
2777,140.03
2778,140.02
2779,140.1
2780,140.46
2781,140.48
2782,140.65
2783,140.81
2784,141.83
2785,142.58
2786,142.6
2787,142.672
2788,143.58
2789,143.875
2790,143.96
2791,144.14
2792,143.73
2793,143.62
2794,143.65
2795,144.52
2796,144.57
2797,146.06
2798,145.13
2799,144.73
2800,145.2
2801,146.72
2802,147.45
2803,147.26
2804,147.84
2805,147.58
2806,148.07
2807,148.185
2808,148.52
2809,148.4
2810,148.9
2811,148.989
2812,148.865
2813,148.97
2814,149.52
2815,148.69
2816,148.525
2817,148.2
2818,148.18
2819,148.12
2820,148.22
2821,148.26
2822,147.65
2823,147.59
2824,147.39
2825,146.17
2826,145.52
2827,145.71
2828,145.0
2829,144.92
2830,144.59
2831,143.93
2832,143.91
2833,143.75
2834,143.46
2835,143.14
2836,143.21
2837,143.22
2838,143.59
2839,143.695
2840,143.84
2841,143.98
2842,143.59
2843,144.12
2844,144.74
2845,144.54
2846,144.26
2847,144.21
2848,144.63
2849,144.39
2850,144.42
2851,144.63
2852,143.48
2853,143.01
2854,142.64
2855,142.75
2856,143.15
2857,142.92
2858,143.005
2859,142.85
2860,142.43
2861,142.6
2862,142.4
2863,142.14
2864,142.01
2865,142.0
2866,142.09
2867,142.1
2868,142.0
2869,141.88
2870,141.56
2871,141.43
2872,142.07
2873,142.2
2874,142.25
2875,142.15
2876,142.4
2877,142.41
2878,145.8
2879,145.2
2880,144.61
2881,144.31
2882,143.64
2883,143.79
2884,143.5
2885,143.5
2886,144.23
2887,144.84
2888,144.2
2889,144.305
2890,144.59
2891,144.48
2892,144.43
2893,144.59
2894,144.38
2895,144.0
2896,143.72
2897,143.75
2898,143.66
2899,143.34
2900,142.89
2901,142.98
2902,143.18
2903,143.69
2904,143.7
2905,141.21
2906,140.61
2907,140.36
2908,139.62
2909,138.86
2910,137.81
2911,137.695
2912,137.99
2913,138.0
2914,137.92
2915,137.92
2916,137.92
2917,138.01
2918,137.93
2919,138.04
2920,137.85
2921,137.605
2922,137.89
2923,137.38
2924,137.06
2925,137.73
2926,137.835
2927,138.12
2928,138.03
2929,138.71
2930,138.79
2931,138.78
2932,135.335
2933,135.68
2934,135.09
2935,135.12
2936,134.79
2937,134.9
2938,134.64
2939,135.06
2940,135.175
2941,136.12
2942,135.44
2943,135.46
2944,135.32
2945,135.48
2946,136.34
2947,136.22
2948,136.71
2949,135.852
2950,136.0
2951,136.095
2952,136.63
2953,136.71
2954,136.89
2955,136.72
2956,137.22
2957,136.81
2958,136.87
2959,138.6
2960,139.39
2961,140.29
2962,139.62
2963,140.785
2964,140.87
2965,140.9
2966,141.18
2967,141.63
2968,141.29
2969,141.42
2970,141.05
2971,141.07
2972,140.67
2973,140.97
2974,140.79
2975,140.85
2976,140.94
2977,140.64
2978,140.88
2979,140.7
2980,140.56
2981,140.965
2982,140.85
2983,141.13
2984,141.0
2985,141.0
2986,139.19
2987,139.41
2988,139.77
2989,141.01
2990,142.09
2991,142.05
2992,142.51
2993,142.76
2994,141.98
2995,141.99
2996,141.858
2997,141.67
2998,141.61
2999,141.67
3000,141.67
3001,141.52
3002,141.33
3003,141.35
3004,141.57
3005,142.33
3006,142.52
3007,142.43
3008,142.06
3009,141.96
3010,141.88
3011,142.01
3012,142.0
3013,142.92
3014,143.56
3015,142.82
3016,142.93
3017,142.46
3018,142.28
3019,142.03
3020,141.55
3021,142.15
3022,142.11
3023,142.36
3024,142.37
3025,142.35
3026,142.05
3027,142.11
3028,142.28
3029,142.71
3030,142.49
3031,142.5
3032,142.44
3033,142.45
3034,142.18
3035,141.945
3036,141.915
3037,141.81
3038,142.02
3039,142.02
3040,140.31
3041,140.41
3042,140.5
3043,140.61
3044,140.595
3045,141.45
3046,141.4
3047,141.555
3048,142.235
3049,143.305
3050,143.78
3051,144.33
3052,144.44
3053,144.64
3054,145.17
3055,145.29
3056,145.59
3057,145.4
3058,144.92
3059,145.35
3060,144.71
3061,144.74
3062,144.56
3063,144.34
3064,144.63
3065,144.48
3066,144.48
3067,147.17
3068,149.78
3069,148.66
3070,149.19
3071,149.91
3072,149.92
3073,151.22
3074,151.67
3075,152.07
3076,151.67
3077,151.91
3078,153.44
3079,153.73
3080,152.89
3081,152.9
3082,152.32
3083,151.96
3084,151.015
3085,151.62
3086,151.2
3087,152.48
3088,152.47
3089,152.45
3090,152.39
3091,152.64
3092,152.26
3093,152.26
3094,149.77
3095,148.47
3096,149.1
3097,148.77
3098,148.22
3099,148.5
3100,148.98
3101,149.695
3102,149.2
3103,149.42
3104,149.14
3105,148.97
3106,148.965
3107,148.85
3108,148.87
3109,148.605
3110,148.49
3111,149.04
3112,149.935
3113,149.96
3114,149.32
3115,149.245
3116,148.88
3117,148.67
3118,148.88
3119,149.06
3120,149.08
3121,144.875
3122,144.48
3123,144.89
3124,145.52
3125,146.48
3126,146.26
3127,147.25
3128,147.12
3129,146.44
3130,146.6
3131,146.26
3132,146.14
3133,146.16
3134,146.37
3135,146.37
3136,146.79
3137,147.196
3138,147.58
3139,147.68
3140,147.43
3141,147.45
3142,147.18
3143,147.09
3144,147.9
3145,147.56
3146,147.23
3147,147.26
3148,147.78
3149,147.45
3150,146.95
3151,146.36
3152,146.87
3153,147.2
3154,147.22
3155,147.88
3156,147.37
3157,147.4
3158,146.85
3159,146.03
3160,146.23
3161,146.3
3162,146.34
3163,146.18
3164,145.88
3165,146.03
3166,145.85
3167,145.06
3168,145.03
3169,144.57
3170,144.65
3171,145.1
3172,144.9
3173,145.09
3174,145.07
3175,144.1
3176,142.86
3177,143.26
3178,142.81
3179,142.27
3180,140.63
3181,141.46
3182,140.56
3183,140.42
3184,140.82
3185,140.47
3186,140.59
3187,140.12
3188,140.13
3189,140.78
3190,141.57
3191,142.12
3192,142.6
3193,143.28
3194,143.5
3195,144.15
3196,144.21
3197,144.05
3198,143.68
3199,143.18
3200,143.11
3201,143.08
3202,147.73
3203,146.51
3204,146.68
3205,146.51
3206,145.18
3207,145.14
3208,145.06
3209,144.67
3210,143.97
3211,143.91
3212,143.93
3213,144.26
3214,144.27
3215,144.53
3216,144.78
3217,145.44899999999996
3218,145.75
3219,145.76
3220,146.45
3221,146.95
3222,146.59
3223,147.12
3224,147.51
3225,147.71
3226,148.21
3227,147.54
3228,147.54
3229,148.564
3230,148.77
3231,149.25
3232,149.1
3233,149.04
3234,149.13
3235,148.519
3236,148.46
3237,148.35
3238,148.21
3239,147.8
3240,147.91
3241,147.83
3242,147.74
3243,147.63
3244,148.34
3245,148.08
3246,148.3
3247,147.57
3248,147.38
3249,147.87
3250,148.05
3251,148.38
3252,148.54
3253,148.42
3254,148.13
3255,148.15
3256,147.47
3257,147.9
3258,148.15
3259,149.28
3260,147.47
3261,146.68
3262,147.0
3263,146.72
3264,146.53
3265,147.18
3266,147.33
3267,147.17
3268,147.18
3269,147.29
3270,147.68
3271,147.91
3272,147.81
3273,147.68
3274,147.4
3275,147.14
3276,147.07
3277,146.91
3278,146.74
3279,147.1
3280,147.24
3281,147.11
3282,147.11
3283,144.51
3284,144.85
3285,144.4
3286,145.1
3287,145.23
3288,144.83
3289,145.01
3290,145.31
3291,144.9
3292,144.88
3293,144.92
3294,144.85
3295,144.18
3296,143.74
3297,144.09
3298,144.91
3299,144.26
3300,144.48
3301,144.73
3302,145.08
3303,145.0
3304,144.72
3305,144.48
3306,144.79
3307,144.6
3308,144.35
3309,144.34
3310,143.67
3311,143.39
3312,143.69
3313,144.018
3314,144.42
3315,145.04
3316,144.61
3317,144.24
3318,143.96
3319,143.86
3320,143.36
3321,143.36
3322,143.69799999999995
3323,143.615
3324,143.39
3325,142.99
3326,143.03
3327,142.88
3328,142.45
3329,142.89
3330,142.84
3331,142.61
3332,142.74
3333,143.37
3334,142.94
3335,142.36
3336,142.33
3337,141.54
3338,141.79
3339,141.99
3340,141.13
3341,139.892
3342,139.64
3343,138.36
3344,137.06
3345,137.49
3346,137.62
3347,138.02
3348,138.31
3349,138.63
3350,139.34
3351,139.34
3352,139.4
3353,139.78
3354,138.96
3355,139.24
3356,139.7
3357,140.07
3358,139.84
3359,140.52
3360,140.38
3361,140.37
3362,140.12
3363,140.12
3364,144.89
3365,144.38
3366,144.24
3367,144.93
3368,144.79
3369,144.14
3370,144.55
3371,144.886
3372,144.7
3373,145.35
3374,144.86
3375,145.64
3376,145.05
3377,144.77
3378,144.71
3379,144.99
3380,144.87
3381,144.776
3382,145.31
3383,145.6
3384,145.34
3385,145.33
3386,145.42
3387,145.6
3388,145.62
3389,145.66
3390,145.67
3391,147.795
3392,147.65
3393,149.172
3394,150.0
3395,149.58
3396,150.07
3397,150.29
3398,150.09
3399,150.02
3400,149.965
3401,149.47
3402,149.87
3403,150.0
3404,150.01
3405,150.23
3406,150.03
3407,150.05
3408,150.006
3409,150.072
3410,150.21
3411,150.24
3412,150.36
3413,150.1
3414,150.19
3415,150.01
3416,150.06
3417,150.06
3418,155.18
3419,156.51000000000002
3420,155.98
3421,155.82
3422,155.81
3423,154.89
3424,153.98
3425,154.18
3426,154.35
3427,154.29
3428,153.88
3429,153.7
3430,153.2
3431,153.65
3432,153.73
3433,153.97
3434,154.62
3435,154.3
3436,154.21
3437,153.95
3438,153.98
3439,153.93
3440,153.71
3441,153.4
3442,153.33
3443,153.21
3444,153.03
3445,146.72
3446,146.88
3447,148.92
3448,149.7
3449,149.94
3450,149.85
3451,149.82
3452,150.22
3453,149.33
3454,149.18
3455,149.29
3456,149.855
3457,150.26
3458,150.46
3459,150.44
3460,151.27
3461,152.0
3462,152.0
3463,152.15
3464,151.59
3465,151.7
3466,151.41
3467,152.13
3468,151.62
3469,151.13
3470,151.39
3471,151.35
3472,149.95
3473,149.41
3474,149.98
3475,149.99
3476,149.42
3477,149.51
3478,149.31
3479,149.045
3480,148.93
3481,149.05
3482,149.23
3483,148.99
3484,148.59
3485,148.85
3486,148.945
3487,149.26
3488,149.19
3489,149.055
3490,148.75
3491,148.88
3492,149.11
3493,149.2
3494,149.29
3495,148.8
3496,148.69
3497,148.43
3498,148.43
3499,149.27200000000005
3500,149.65
3501,148.88
3502,149.0
3503,149.31
3504,149.29
3505,149.41
3506,149.48
3507,149.8
3508,149.96
3509,150.29
3510,149.94
3511,149.97
3512,150.15
3513,149.81
3514,149.965
3515,150.18
3516,150.0
3517,149.93
3518,150.08
3519,150.07
3520,150.04
3521,149.98
3522,149.83
3523,150.21
3524,150.18
3525,150.16
3526,150.09
3527,150.22
3528,150.05
3529,150.07
3530,150.0
3531,149.88
3532,150.08
3533,150.43
3534,150.92
3535,151.05
3536,150.98
3537,151.29
3538,151.17
3539,151.28
3540,151.41
3541,151.4
3542,151.8
3543,151.7
3544,151.86
3545,152.47
3546,152.47
3547,153.21
3548,153.2
3549,152.95
3550,152.95
3551,152.9
3552,153.01
3553,152.88
3554,153.34
3555,152.46
3556,152.34
3557,152.47
3558,152.61
3559,152.65
3560,152.21
3561,153.02
3562,152.91
3563,153.0
3564,153.14
3565,152.99
3566,152.87
3567,152.84
3568,152.6
3569,152.7
3570,152.42
3571,152.63
3572,152.68
3573,152.46
3574,152.765
3575,152.755
3576,152.73
3577,152.01
3578,152.17
3579,152.22
3580,152.35
3581,152.46
3582,152.98
3583,153.14
3584,153.39
3585,153.32
3586,153.52
3587,152.97
3588,153.4
3589,153.91
3590,153.75
3591,153.59
3592,153.35
3593,153.44
3594,153.235
3595,152.99
3596,152.91
3597,152.705
3598,152.64
3599,152.68
3600,152.76
3601,152.77
3602,152.87
3603,152.56
3604,152.35
3605,152.52
3606,152.51
3607,152.89
3608,153.1
3609,152.18
3610,151.93
3611,151.97
3612,152.0
3613,152.18
3614,152.26
3615,152.39
3616,152.58
3617,152.49
3618,152.495
3619,152.62
3620,152.61
3621,153.04
3622,153.22
3623,153.09
3624,152.955
3625,153.28
3626,153.18
3627,153.48
3628,153.25
3629,152.97
3630,152.92
3631,152.78
3632,152.43
3633,152.4
3634,156.12
3635,156.88
3636,156.99
3637,156.73
3638,157.06
3639,157.8
3640,157.88
3641,158.39
3642,158.56
3643,157.99
3644,158.395
3645,158.065
3646,158.48
3647,158.22
3648,158.635
3649,158.955
3650,159.25
3651,159.295
3652,159.68
3653,159.89
3654,160.075
3655,160.08
3656,160.26
3657,160.3
3658,160.21
3659,159.79
3660,159.79
3661,158.13
3662,157.83
3663,157.45
3664,156.945
3665,157.48
3666,157.58
3667,157.17
3668,156.889
3669,156.75
3670,156.76
3671,156.91
3672,156.78
3673,156.74
3674,156.73
3675,156.64
3676,156.54
3677,156.32
3678,156.38
3679,156.92
3680,156.59
3681,156.678
3682,156.72
3683,156.69
3684,156.91
3685,156.84
3686,157.15
3687,157.16
3688,156.918
3689,156.97
3690,156.99
3691,158.21
3692,157.98
3693,158.14
3694,157.91
3695,157.55
3696,157.47
3697,157.248
3698,157.31
3699,157.04
3700,157.1
3701,156.77
3702,156.9
3703,156.68
3704,156.6
3705,156.72
3706,156.72
3707,156.63
3708,156.7
3709,156.7
3710,156.03
3711,156.05
3712,156.13
3713,156.4
3714,156.39
3715,158.45
3716,157.67
3717,157.04
3718,157.0
3719,157.47899999999996
3720,157.06
3721,157.47
3722,157.4
3723,157.3
3724,157.21
3725,157.15
3726,157.08
3727,156.88
3728,156.94
3729,157.04
3730,157.47
3731,157.83
3732,157.67
3733,158.04
3734,157.77
3735,158.29
3736,158.41
3737,158.44
3738,158.0
3739,158.09
3740,158.08
3741,158.03
3742,156.42
3743,156.0
3744,155.76
3745,156.71
3746,156.48
3747,156.76
3748,156.77
3749,157.2
3750,156.46
3751,157.125
3752,156.67
3753,156.72
3754,157.18
3755,157.21
3756,156.45
3757,156.148
3758,156.36
3759,156.18
3760,156.14
3761,156.26
3762,156.61
3763,156.49200000000005
3764,156.89
3765,156.63
3766,156.4
3767,156.48
3768,156.48
3769,158.04
3770,158.83
3771,158.2
3772,158.312
3773,158.73
3774,159.14
3775,159.445
3776,159.95
3777,159.87
3778,160.2
3779,159.7
3780,160.02
3781,160.02
3782,159.76
3783,159.87
3784,159.93
3785,160.04
3786,160.22
3787,159.91
3788,159.95
3789,159.86
3790,159.8
3791,159.54
3792,159.66
3793,159.375
3794,159.57
3795,159.58
3796,158.22
3797,159.45
3798,158.72
3799,159.08
3800,159.25
3801,159.18
3802,159.16
3803,159.42
3804,158.82399999999996
3805,159.08
3806,159.415
3807,159.05
3808,159.06
3809,158.92
3810,158.95
3811,159.04
3812,158.75
3813,158.72
3814,158.95
3815,159.07
3816,159.11
3817,158.87
3818,158.67
3819,158.685
3820,158.63
3821,158.61
3822,158.6
3823,160.0
3824,159.13
3825,159.05
3826,159.38
3827,159.57
3828,159.43
3829,159.6
3830,159.31
3831,159.58
3832,159.88
3833,159.95
3834,160.01
3835,159.72
3836,159.98
3837,159.82
3838,159.5
3839,159.63
3840,159.765
3841,159.74
3842,159.78
3843,159.46
3844,159.41
3845,159.45
3846,159.17
3847,159.21
3848,159.06
3849,159.06
3850,159.83
3851,158.74
3852,159.63
3853,159.35399999999996
3854,159.02
3855,158.8
3856,159.02
3857,159.08
3858,159.32
3859,159.04
3860,159.23
3861,159.37
3862,159.59
3863,159.28
3864,159.46
3865,159.36
3866,159.7
3867,159.54
3868,159.56
3869,159.58
3870,159.59
3871,159.05
3872,159.16
3873,159.42
3874,159.47
3875,159.34
3876,159.34
3877,158.96
3878,159.51
3879,158.93
3880,158.15
3881,158.1
3882,158.25
3883,158.17
3884,158.58
3885,158.51
3886,159.035
3887,159.065
3888,158.57
3889,158.73
3890,158.65
3891,158.55700000000004
3892,158.1
3893,157.98
3894,157.91
3895,158.23
3896,158.04
3897,157.99
3898,158.13
3899,158.31
3900,158.38
3901,158.37
3902,157.84
3903,157.84
3904,158.15
3905,157.13
3906,156.45
3907,157.26
3908,157.82
3909,159.0
3910,158.61
3911,158.04
3912,158.59
3913,158.51
3914,158.32
3915,157.88
3916,158.01
3917,158.45
3918,158.03
3919,157.98
3920,158.01
3921,158.31
3922,158.44
3923,158.76
3924,158.73
3925,158.79
3926,158.42
3927,158.55
3928,158.44
3929,158.69
3930,158.65
3931,157.96
3932,157.92
3933,156.61
3934,156.44
3935,156.5
3936,156.65
3937,156.47
3938,156.4
3939,156.07
3940,156.82
3941,156.1
3942,156.13
3943,156.41
3944,156.53
3945,156.86
3946,156.64
3947,156.46
3948,156.39
3949,156.75
3950,157.21
3951,158.19
3952,157.55
3953,157.42
3954,157.59
3955,157.25
3956,157.02
3957,157.02
3958,155.95
3959,155.74
3960,155.86
3961,155.5
3962,155.09
3963,154.77
3964,155.02
3965,154.84
3966,154.71
3967,154.57
3968,154.89
3969,154.91
3970,154.91
3971,154.874
3972,154.87
3973,155.13
3974,154.81
3975,154.78
3976,154.85
3977,155.14
3978,155.19
3979,154.95
3980,154.93
3981,154.92
3982,154.9
3983,154.8
3984,154.8
3985,155.215
3986,154.93
3987,156.79
3988,156.85
3989,157.95
3990,157.46
3991,156.99
3992,157.4
3993,158.17
3994,158.05
3995,158.16
3996,157.83
3997,157.84
3998,157.86
3999,158.13
4000,158.19
4001,158.06
4002,157.99
4003,158.11
4004,158.21
4005,158.38
4006,158.27
4007,158.18
4008,158.27
4009,158.58
4010,158.77
4011,158.85
4012,160.39
4013,159.84
4014,159.94
4015,159.9
4016,160.07
4017,160.73
4018,160.66
4019,160.48
4020,159.86
4021,159.9
4022,159.99
4023,160.0
4024,160.498
4025,160.755
4026,160.72
4027,161.23
4028,161.15
4029,161.22
4030,161.56
4031,161.55
4032,162.0
4033,161.62
4034,161.475
4035,161.27
4036,160.803
4037,161.08
4038,161.08
4039,161.25
4040,161.33
4041,161.17
4042,161.72
4043,161.32
4044,161.0
4045,161.005
4046,161.0
4047,160.97
4048,161.04
4049,161.01
4050,161.0
4051,161.02
4052,160.941
4053,161.2
4054,161.18
4055,161.1
4056,160.95
4057,161.06
4058,161.05
4059,160.95
4060,160.95
4061,161.0
4062,160.88
4063,160.5
4064,160.32
4065,160.31
4066,155.07
4067,155.215
4068,155.215
4069,155.05
4070,155.05
4071,154.91
4072,155.06
4073,155.19
4074,155.04
4075,155.5
4076,155.58
4077,155.97
4078,155.95
4079,155.51
4080,155.4
4081,155.38
4082,155.35
4083,155.15
4084,155.06
4085,155.23
4086,155.055
4087,155.3
4088,155.59
4089,155.47
4090,156.34
4091,156.22
4092,156.22
4093,157.1
4094,156.74
4095,156.79
4096,156.59
4097,156.8
4098,156.82
4099,156.99
4100,157.378
4101,157.5
4102,157.15
4103,157.21
4104,157.25
4105,157.23
4106,157.34
4107,157.62
4108,157.44
4109,157.47
4110,158.0
4111,158.01
4112,158.08
4113,158.29
4114,158.62
4115,158.4
4116,158.3
4117,158.31
4118,158.57
4119,158.59
4120,157.66
4121,156.84
4122,157.25
4123,157.2
4124,157.34
4125,157.28
4126,157.35
4127,157.47
4128,157.49
4129,157.3
4130,157.25
4131,157.43
4132,157.78
4133,157.97
4134,158.05
4135,158.41
4136,158.96
4137,159.46
4138,159.56
4139,160.3
4140,160.5
4141,160.18
4142,160.22
4143,160.0
4144,160.5
4145,160.22
4146,160.21
4147,160.45
4148,160.42
4149,161.32
4150,162.111
4151,162.6
4152,162.58
4153,163.14
4154,163.8
4155,163.88
4156,163.83
4157,163.72
4158,163.965
4159,164.14
4160,163.83
4161,164.05
4162,163.3
4163,163.63
4164,163.722
4165,163.68
4166,163.815
4167,163.82
4168,163.87
4169,163.77
4170,163.16
4171,162.76
4172,162.96
4173,162.91
4174,162.82399999999996
4175,163.06
4176,162.53
4177,162.475
4178,162.21
4179,162.18
4180,162.27
4181,162.27
4182,162.39
4183,162.54
4184,162.52
4185,162.43
4186,162.57
4187,162.66
4188,162.958
4189,162.81
4190,162.85
4191,162.97
4192,162.8
4193,162.83
4194,162.91
4195,163.0
4196,162.93
4197,162.74
4198,162.81
4199,162.85
4200,162.85
4201,161.73
4202,161.64
4203,161.28
4204,160.97
4205,160.6
4206,160.22
4207,160.289
4208,160.22
4209,160.15
4210,160.05
4211,159.57
4212,159.55
4213,159.49
4214,159.27
4215,159.51
4216,159.65
4217,159.58
4218,159.251
4219,159.06
4220,159.07
4221,158.66
4222,158.63
4223,158.83
4224,158.85
4225,158.81
4226,159.0
4227,158.99
4228,159.23
4229,159.15
4230,159.25
4231,158.72
4232,158.44
4233,158.31
4234,158.56
4235,159.2
4236,159.265
4237,159.01
4238,158.93
4239,159.36
4240,159.43
4241,159.29
4242,159.62
4243,159.68
4244,159.46
4245,159.19
4246,159.4
4247,159.7
4248,159.7
4249,159.52
4250,159.58
4251,159.39
4252,159.53
4253,159.03
4254,159.04
4255,156.56
4256,155.66
4257,156.26
4258,156.44
4259,156.7
4260,156.81
4261,156.62
4262,156.25
4263,156.45
4264,156.19
4265,156.24
4266,156.11
4267,156.07
4268,156.23
4269,156.11
4270,156.32
4271,156.14
4272,155.87
4273,155.88
4274,156.02
4275,155.81
4276,155.798
4277,155.61
4278,155.63
4279,155.4
4280,155.48
4281,155.47
4282,157.06
4283,156.67
4284,157.22
4285,157.57
4286,157.18
4287,157.39
4288,157.77
4289,157.41
4290,156.68
4291,156.52
4292,156.4
4293,156.31
4294,156.51
4295,156.08
4296,155.68
4297,155.64
4298,155.91
4299,155.83
4300,155.53
4301,155.19
4302,155.63
4303,155.62
4304,155.76
4305,155.66
4306,155.56
4307,155.86
4308,155.85
4309,154.84
4310,154.92
4311,154.2
4312,153.84
4313,154.1
4314,154.31
4315,154.13
4316,154.41
4317,154.26
4318,154.31
4319,154.28
4320,154.24
4321,154.145
4322,154.19
4323,154.21
4324,154.24
4325,154.21
4326,153.98
4327,153.89
4328,154.02
4329,154.11
4330,154.15
4331,153.86
4332,153.91
4333,153.852
4334,153.72
4335,153.66
4336,153.75
4337,153.71
4338,154.3
4339,154.22
4340,154.36
4341,154.31
4342,154.14
4343,153.835
4344,154.0
4345,154.17
4346,153.98
4347,154.095
4348,153.42
4349,153.7
4350,153.56
4351,153.33
4352,153.32
4353,153.42
4354,153.28
4355,152.89
4356,152.81
4357,152.78
4358,152.11
4359,152.03
4360,151.75
4361,151.5
4362,151.49
4363,150.54
4364,149.9
4365,149.86
4366,149.4
4367,148.915
4368,149.18
4369,149.6
4370,149.81
4371,150.25
4372,150.67
4373,150.93
4374,150.97
4375,151.06
4376,151.99
4377,151.66
4378,152.05
4379,152.33
4380,151.62
4381,151.78
4382,151.63
4383,151.54
4384,151.46
4385,151.1
4386,150.89
4387,151.04
4388,150.91
4389,150.91
4390,150.63
4391,150.42
4392,150.0
4393,150.05
4394,149.94
4395,150.02
4396,150.17
4397,150.3
4398,150.45
4399,151.09
4400,151.45
4401,151.55
4402,151.37
4403,151.79
4404,151.97
4405,151.97
4406,152.41
4407,152.24
4408,152.33
4409,152.24
4410,152.71
4411,153.04
4412,152.75
4413,152.21
4414,152.12
4415,151.97
4416,151.97
4417,149.95
4418,148.7
4419,148.75
4420,148.2
4421,148.24
4422,148.855
4423,149.23
4424,149.41
4425,148.73
4426,149.1
4427,149.3
4428,149.53
4429,150.0
4430,150.34
4431,150.73
4432,151.33
4433,152.07
4434,151.84
4435,151.82
4436,151.46
4437,151.46
4438,151.83
4439,151.96
4440,151.93
4441,151.68
4442,151.24
4443,151.23
4444,151.98
4445,152.63
4446,153.65
4447,152.91
4448,152.93
4449,152.33
4450,152.47
4451,152.56
4452,152.45
4453,152.52
4454,152.12
4455,152.1
4456,152.0
4457,151.05700000000004
4458,151.04
4459,151.21
4460,151.0
4461,151.58
4462,151.8
4463,151.83
4464,152.0
4465,152.23
4466,151.74
4467,151.525
4468,151.34
4469,151.76
4470,151.76
4471,152.45
4472,152.69
4473,153.8
4474,154.06
4475,154.35
4476,154.24
4477,154.24
4478,154.22
4479,154.2
4480,153.82
4481,153.78
4482,154.34
4483,154.328
4484,154.7
4485,155.19
4486,154.94
4487,154.4
4488,154.51
4489,153.98
4490,153.84
4491,153.35
4492,152.98
4493,152.81
4494,153.21
4495,153.31
4496,153.8
4497,153.83
4498,154.97
4499,153.95
4500,154.91
4501,155.9
4502,155.1
4503,154.33
4504,155.04
4505,154.56
4506,154.55
4507,154.95
4508,155.0
4509,155.148
4510,155.21
4511,155.36
4512,154.94
4513,154.68
4514,154.33
4515,154.51
4516,154.42
4517,154.075
4518,154.6
4519,154.58
4520,154.21
4521,154.22
4522,154.35
4523,154.56
4524,154.55
4525,155.27
4526,155.44
4527,156.31
4528,157.08
4529,156.8
4530,156.48
4531,156.472
4532,155.99
4533,156.49
4534,156.86
4535,157.21
4536,157.07
4537,156.86
4538,156.75
4539,156.5
4540,157.15
4541,157.19
4542,157.63
4543,157.41
4544,158.52
4545,158.48
4546,158.56
4547,157.82
4548,158.09
4549,158.01
4550,158.07
4551,158.02
4552,159.865
4553,159.72
4554,158.67
4555,158.83
4556,158.55
4557,158.94
4558,159.16
4559,159.04
4560,159.04
4561,159.075
4562,159.685
4563,159.6
4564,160.01
4565,159.74
4566,159.51
4567,159.38
4568,159.44
4569,159.52
4570,159.28
4571,158.82
4572,158.64
4573,157.9
4574,157.68
4575,157.65
4576,157.25
4577,157.58
4578,157.57
4579,157.2
4580,158.11
4581,158.23
4582,157.78
4583,158.034
4584,157.53
4585,157.31
4586,157.1
4587,156.89
4588,156.72
4589,156.69
4590,156.602
4591,156.51
4592,156.47
4593,156.32
4594,156.23
4595,156.16
4596,155.94
4597,155.93
4598,155.93
4599,155.91
4600,155.92
4601,156.27
4602,156.33
4603,156.42
4604,156.33
4605,156.3
4606,157.61
4607,157.59
4608,157.31
4609,157.06
4610,156.67
4611,156.01
4612,155.71
4613,155.53
4614,155.62
4615,155.14
4616,155.12
4617,155.04
4618,155.13
4619,154.84
4620,155.01
4621,154.82
4622,154.49
4623,154.53
4624,154.46
4625,154.59
4626,154.65
4627,154.79
4628,154.7
4629,154.53
4630,154.42
4631,154.22
4632,154.22
4633,156.19
4634,156.88
4635,157.36
4636,158.423
4637,157.83
4638,157.905
4639,157.97
4640,157.44
4641,157.3
4642,157.26
4643,157.34
4644,157.09
4645,156.44
4646,155.84
4647,155.86
4648,155.87
4649,155.67
4650,155.635
4651,155.93
4652,155.98
4653,155.9
4654,155.98
4655,156.18
4656,155.75
4657,155.75
4658,155.97
4659,155.98
4660,157.98
4661,157.58
4662,157.06
4663,157.15
4664,157.66
4665,157.61
4666,157.23
4667,156.78
4668,156.41
4669,156.33
4670,156.32
4671,155.87
4672,155.75
4673,155.73
4674,156.23
4675,155.58
4676,155.31
4677,155.47
4678,155.86
4679,155.78
4680,155.83
4681,156.01
4682,156.03
4683,155.94
4684,155.68
4685,155.53
4686,155.54
4687,155.95
4688,156.43200000000004
4689,156.91
4690,155.54
4691,155.89
4692,156.13
4693,155.85
4694,155.59
4695,155.51
4696,155.65
4697,155.79
4698,155.64
4699,155.7
4700,155.55
4701,155.36
4702,155.19
4703,155.25
4704,155.63
4705,155.28
4706,155.52
4707,155.26
4708,155.34
4709,154.92
4710,154.84
4711,154.59
4712,154.86
4713,154.85
4714,157.1
4715,156.49
4716,156.51
4717,156.77
4718,157.14
4719,156.57
4720,157.12
4721,157.27
4722,157.49
4723,157.28
4724,157.77
4725,158.12
4726,158.37
4727,158.35
4728,158.53
4729,158.49
4730,158.7
4731,158.76
4732,159.15
4733,159.53
4734,159.26
4735,159.37
4736,159.46
4737,159.44
4738,159.53
4739,159.81
4740,159.81
4741,160.28
4742,160.83
4743,161.685
4744,161.95
4745,162.44
4746,162.8
4747,162.59
4748,162.47
4749,162.805
4750,162.85
4751,163.0
4752,163.125
4753,163.653
4754,163.45
4755,163.31
4756,163.51
4757,163.44
4758,163.66
4759,163.32
4760,163.56
4761,163.59
4762,163.63
4763,163.55
4764,163.67
4765,163.91
4766,163.88
4767,163.84
4768,164.51
4769,164.65
4770,163.84
4771,163.5
4772,163.74
4773,164.03
4774,163.9
4775,163.68
4776,163.68
4777,163.87
4778,164.25
4779,164.68
4780,164.26
4781,164.263
4782,164.28
4783,164.24
4784,163.88
4785,163.49
4786,163.622
4787,163.78
4788,163.61
4789,162.97
4790,162.5
4791,162.97
4792,162.95
4793,163.03
4794,163.02
4795,162.58100000000005
4796,163.14
4797,162.533
4798,162.425
4799,162.64
4800,162.861
4801,163.35
4802,163.5
4803,163.86
4804,164.48
4805,165.03
4806,165.15
4807,164.7
4808,164.9
4809,164.4
4810,164.625
4811,164.53
4812,163.6
4813,163.595
4814,163.6
4815,163.2
4816,163.67
4817,163.96
4818,164.14
4819,164.22
4820,164.232
4821,164.2
4822,162.78
4823,163.49
4824,164.19
4825,164.82
4826,164.57
4827,164.24
4828,163.58
4829,163.3
4830,163.59
4831,163.1
4832,162.85
4833,162.438
4834,163.03
4835,162.725
4836,162.44
4837,162.49
4838,162.55
4839,162.25
4840,162.52
4841,162.18
4842,161.77
4843,161.84
4844,161.62
4845,162.14
4846,162.11
4847,161.95
4848,161.93
4849,157.99
4850,157.89
4851,158.93
4852,158.56
4853,158.51
4854,159.13
4855,158.87
4856,158.88
4857,158.92
4858,159.55
4859,159.73
4860,159.7
4861,159.57
4862,159.57
4863,159.0
4864,158.68
4865,157.92
4866,157.93
4867,158.12
4868,158.63
4869,158.45
4870,157.95
4871,158.23
4872,158.34
4873,158.4
4874,159.0
4875,159.0
4876,156.45
4877,155.24
4878,154.809
4879,154.545
4880,154.46
4881,155.06
4882,154.77
4883,155.01
4884,155.13
4885,155.06
4886,155.18
4887,154.86
4888,156.09
4889,156.02
4890,155.72
4891,155.73
4892,155.81
4893,155.75799999999995
4894,155.62
4895,155.91
4896,155.87
4897,155.66
4898,155.59
4899,155.42
4900,154.96
4901,155.24
4902,155.24
4903,155.38
4904,154.84
4905,154.09
4906,153.2
4907,153.025
4908,153.1
4909,153.58
4910,153.48
4911,153.84
4912,153.65
4913,153.3
4914,153.35
4915,153.27
4916,153.014
4917,152.77
4918,153.06
4919,153.42
4920,153.94
4921,154.61
4922,154.61
4923,154.64
4924,154.52
4925,154.84
4926,154.375
4927,154.07
4928,154.49
4929,154.52
4930,155.99
4931,154.82
4932,154.27
4933,154.37
4934,153.99
4935,152.592
4936,153.29
4937,153.34
4938,153.25
4939,153.4
4940,153.4
4941,153.48
4942,153.2
4943,153.76
4944,153.69
4945,154.04
4946,153.86
4947,153.8
4948,153.82
4949,153.9
4950,154.16
4951,153.85
4952,154.0
4953,153.48
4954,153.28
4955,153.77
4956,153.75
4957,154.78
4958,154.0
4959,154.53
4960,153.44
4961,153.345
4962,152.66
4963,152.34
4964,152.548
4965,152.3
4966,151.8
4967,151.23
4968,151.25
4969,150.71
4970,150.94
4971,150.89
4972,151.065
4973,151.93
4974,151.83
4975,151.97
4976,152.06
4977,152.24
4978,151.97
4979,151.98
4980,152.3
4981,152.42
4982,152.53
4983,152.52
4984,155.82
4985,155.72
4986,155.64
4987,155.68
4988,155.36
4989,153.4
4990,153.4
4991,153.95
4992,153.1
4993,153.31
4994,153.06
4995,153.59
4996,153.5
4997,153.51
4998,152.96
4999,153.01
5000,153.27
5001,153.37
5002,153.596
5003,153.79
5004,153.8
5005,153.6
5006,153.66
5007,153.84
5008,153.68
5009,153.67
5010,153.69
5011,154.9
5012,155.842
5013,157.31
5014,157.7
5015,157.23
5016,157.19
5017,157.215
5018,157.17
5019,157.4
5020,157.56
5021,157.52
5022,157.68
5023,157.14
5024,157.03
5025,156.65
5026,156.75
5027,156.61
5028,157.425
5029,157.59
5030,157.25
5031,157.714
5032,158.5
5033,158.24
5034,158.69
5035,159.03
5036,159.006
5037,159.04
5038,161.15
5039,162.365
5040,162.989
5041,163.27
5042,163.07
5043,161.8
5044,162.1
5045,162.93
5046,162.85
5047,163.77
5048,162.82
5049,162.5
5050,162.232
5051,162.41
5052,162.96
5053,163.11
5054,163.61
5055,163.07
5056,162.49
5057,162.45
5058,162.34
5059,162.07
5060,161.6
5061,161.51
5062,160.33
5063,160.74
5064,160.75
5065,160.3
5066,160.64
5067,159.7
5068,159.32
5069,160.33
5070,160.39
5071,159.72
5072,160.02
5073,160.25
5074,160.22
5075,159.94
5076,159.56
5077,159.64
5078,159.88
5079,160.57
5080,160.47
5081,160.34
5082,160.46
5083,160.5
5084,160.56
5085,160.52
5086,160.5
5087,160.82
5088,161.01
5089,161.25
5090,161.24
5091,161.23
5092,160.754
5093,161.37
5094,161.23
5095,160.89
5096,160.33
5097,160.5
5098,160.34
5099,160.438
5100,160.91
5101,160.78
5102,161.2
5103,161.12
5104,161.19
5105,160.94
5106,160.99
5107,161.02
5108,161.14
5109,160.93
5110,160.96
5111,160.99
5112,160.91
5113,160.51
5114,160.62
5115,159.93
5116,160.01
5117,160.45
5118,160.44
5119,157.63
5120,157.91
5121,157.54
5122,156.86
5123,157.02
5124,155.88
5125,156.09
5126,155.14
5127,155.69
5128,156.5
5129,156.04
5130,155.71
5131,155.785
5132,156.03
5133,156.32
5134,156.31
5135,157.01
5136,157.2
5137,157.115
5138,156.69
5139,156.17
5140,156.44
5141,156.21
5142,156.24
5143,156.29
5144,155.91
5145,155.91
5146,154.63
5147,155.474
5148,154.94
5149,154.28
5150,153.98
5151,153.28
5152,152.52
5153,152.814
5154,153.24
5155,152.49
5156,152.2
5157,151.9
5158,151.45
5159,151.41
5160,151.25
5161,150.69
5162,151.32
5163,152.31
5164,152.33
5165,151.965
5166,151.77
5167,151.77
5168,151.38
5169,151.04
5170,150.87
5171,150.3
5172,150.3
5173,151.61
5174,150.36
5175,151.77
5176,151.16
5177,151.2
5178,150.91
5179,151.13
5180,151.08
5181,151.25
5182,151.65
5183,151.89
5184,152.02
5185,151.985
5186,151.68
5187,151.06
5188,150.78
5189,150.43
5190,151.115
5191,151.11
5192,151.57
5193,151.69
5194,151.77
5195,150.85
5196,151.16
5197,151.63
5198,151.23
5199,151.27
5200,151.99
5201,151.63
5202,151.253
5203,151.18
5204,151.208
5205,150.86
5206,151.1
5207,151.05
5208,151.06
5209,151.21
5210,151.26
5211,151.38
5212,151.58
5213,151.59
5214,152.39
5215,152.52
5216,152.02
5217,152.35
5218,151.97
5219,152.13
5220,151.79
5221,151.78
5222,151.72
5223,151.9
5224,152.08
5225,152.0
5226,151.89
5227,152.16
5228,152.925
5229,153.17
5230,152.85
5231,152.73
5232,153.19
5233,153.19
5234,153.11
5235,152.97
5236,153.15
5237,152.89
5238,152.71
5239,152.54
5240,152.82
5241,153.62
5242,153.515
5243,153.35
5244,153.42
5245,153.151
5246,153.23
5247,153.255
5248,153.245
5249,153.14
5250,152.84
5251,153.08
5252,152.53
5253,152.51
5254,151.85
5255,150.94
5256,151.39
5257,150.87
5258,150.33
5259,150.02
5260,150.1
5261,150.72
5262,150.98
5263,150.99
5264,150.65
5265,150.35
5266,150.76
5267,150.42
5268,150.59
5269,150.56
5270,150.72
5271,150.71
5272,150.59
5273,150.97
5274,150.86
5275,150.79
5276,150.39
5277,150.05
5278,149.215
5279,149.14
5280,149.13
5281,150.03
5282,148.982
5283,150.69
5284,150.15
5285,150.0
5286,149.865
5287,150.2
5288,149.93
5289,149.83
5290,149.866
5291,149.66
5292,149.66
5293,149.8
5294,149.55
5295,149.9
5296,150.16
5297,150.34
5298,150.51
5299,150.44
5300,150.095
5301,149.484
5302,149.71
5303,149.57
5304,149.639
5305,150.05
5306,149.85
5307,149.85
5308,150.86
5309,150.92
5310,150.98
5311,151.35
5312,150.84
5313,149.98
5314,149.81
5315,149.535
5316,150.04
5317,151.251
5318,150.76
5319,150.79
5320,151.59
5321,151.38
5322,151.06
5323,151.05
5324,151.03
5325,150.91
5326,150.81
5327,150.7
5328,150.53
5329,150.67
5330,150.82
5331,151.13
5332,151.68
5333,151.39
5334,151.38
5335,155.0
5336,154.95
5337,154.75
5338,155.13
5339,155.2
5340,154.94
5341,155.65
5342,156.15
5343,155.9
5344,155.895
5345,155.99
5346,155.99
5347,156.09
5348,156.02
5349,155.985
5350,156.001
5351,155.94
5352,156.05
5353,156.06
5354,156.09
5355,156.38
5356,156.29
5357,156.3
5358,156.13
5359,156.13
5360,156.55
5361,156.54
5362,155.79
5363,156.51
5364,156.09
5365,156.274
5366,155.95
5367,155.74
5368,156.0
5369,156.36
5370,156.18
5371,156.53
5372,156.17
5373,155.63
5374,155.71
5375,155.9
5376,155.165
5377,155.325
5378,155.57
5379,155.98
5380,155.73
5381,156.01
5382,155.69
5383,155.89
5384,156.145
5385,156.05
5386,156.22
5387,156.52
5388,156.51
5389,156.11
5390,156.27
5391,155.01
5392,155.59
5393,155.877
5394,156.62
5395,156.77
5396,157.0
5397,157.11
5398,157.0
5399,157.06
5400,157.2
5401,157.035
5402,157.01
5403,156.57
5404,156.47
5405,156.8
5406,156.85
5407,156.91
5408,157.01
5409,156.98
5410,156.76
5411,156.36
5412,156.65
5413,156.735
5414,156.47
5415,156.5
5416,157.44
5417,158.905
5418,159.28
5419,159.52
5420,158.75
5421,158.87
5422,159.06
5423,159.23
5424,158.94
5425,158.835
5426,158.82
5427,158.95
5428,159.22
5429,159.9
5430,159.9
5431,158.89
5432,159.67
5433,159.35
5434,158.58
5435,158.46
5436,158.56
5437,158.43
5438,158.32
5439,158.505
5440,158.705
5441,158.885
5442,158.77
5443,158.48
5444,158.47
5445,158.375
5446,158.95
5447,159.11
5448,158.39
5449,157.88
5450,157.475
5451,157.29
5452,157.67
5453,158.15
5454,158.71
5455,159.05
5456,158.87
5457,158.97
5458,159.58
5459,159.54
5460,158.67
5461,158.58
5462,158.58
5463,159.055
5464,158.75
5465,158.66
5466,159.15
5467,159.53
5468,159.49
5469,159.75
5470,159.9
5471,159.94
5472,160.0
5473,160.025
5474,160.24
5475,160.055
5476,160.01
5477,159.6
5478,159.74
5479,159.87
5480,159.923
5481,159.57
5482,159.19
5483,159.11
5484,159.12
5485,160.9
5486,161.73
5487,161.18
5488,161.1
5489,161.69
5490,161.61
5491,161.93
5492,162.59
5493,162.31
5494,162.87
5495,162.46
5496,163.21
5497,163.35
5498,163.54
5499,163.14
5500,163.28999999999996
5501,163.25000000000003
5502,163.24000000000004
5503,163.01
5504,163.08
5505,162.93
5506,162.99
5507,162.80999999999997
5508,162.79
5509,162.635
5510,162.54
5511,162.55
5512,161.82
5513,161.73
5514,161.42499999999998
5515,161.45000000000002
5516,160.55
5517,160.43
5518,160.50000000000003
5519,160.11
5520,159.37
5521,159.7
5522,160.12
5523,160.23
5524,160.31
5525,160.48
5526,160.42
5527,160.835
5528,160.83
5529,160.83
5530,160.76
5531,160.67
5532,160.83
5533,160.66
5534,160.4
5535,160.45
5536,160.66
5537,160.41
5538,160.4
5539,159.59500000000003
5540,158.82
5541,158.43
5542,158.45
5543,157.93
5544,157.76000000000002
5545,157.87
5546,157.47
5547,157.37
5548,157.02
5549,157.02
5550,157.02
5551,157.045
5552,156.93
5553,157.0
5554,157.0
5555,156.98
5556,156.91
5557,157.0
5558,157.15
5559,157.44
5560,157.12
5561,157.28000000000003
5562,157.22
5563,157.24
5564,157.1
5565,157.09
5566,158.20999999999998
5567,158.96
5568,158.42
5569,157.92
5570,158.59
5571,157.83
5572,158.05
5573,157.91
5574,157.75000000000003
5575,158.04
5576,157.94
5577,158.28
5578,158.07
5579,158.09
5580,158.13
5581,158.17
5582,157.834
5583,157.91
5584,157.91
5585,158.04
5586,158.02
5587,157.76999999999998
5588,157.75000000000003
5589,157.6
5590,157.7
5591,157.44
5592,157.46
5593,156.33000000000004
5594,155.64
5595,156.38000000000002
5596,155.395
5597,155.24
5598,155.4
5599,155.04500000000002
5600,154.906
5601,155.21
5602,154.72
5603,154.10000000000002
5604,154.48
5605,154.03
5606,153.6
5607,153.64
5608,153.93
5609,154.42
5610,155.06
5611,154.77
5612,154.53000000000003
5613,154.41
5614,154.59999999999997
5615,154.54
5616,154.94
5617,154.658
5618,154.47
5619,154.51
5620,154.31
5621,153.5
5622,153.45
5623,152.45
5624,151.56
5625,152.24000000000004
5626,152.425
5627,152.41
5628,152.7
5629,153.14
5630,153.35
5631,152.61
5632,153.36
5633,153.17
5634,153.55700000000004
5635,153.69999999999996
5636,153.0
5637,152.71000000000004
5638,152.73000000000002
5639,152.68000000000004
5640,153.08
5641,153.01
5642,153.46
5643,153.29
5644,152.75999999999996
5645,152.74999999999997
5646,152.73999999999998
5647,151.48
5648,151.56
5649,151.99
5650,152.20799999999997
5651,153.47
5652,153.82
5653,153.52
5654,153.74
5655,153.83
5656,153.82
5657,154.03
5658,153.53
5659,153.28
5660,153.153
5661,153.215
5662,153.29
5663,153.27
5664,153.25
5665,153.235
5666,153.06
5667,152.96
5668,153.12
5669,153.24
5670,153.34
5671,153.65499999999997
5672,153.69
5673,153.76
5674,154.79
5675,153.735
5676,153.82
5677,154.22
5678,153.9
5679,153.58
5680,153.24
5681,154.05000000000004
5682,153.97
5683,153.77
5684,154.65
5685,154.65
5686,154.84
5687,155.06
5688,155.15
5689,155.37
5690,155.01000000000002
5691,155.2
5692,155.08
5693,155.25
5694,155.00000000000003
5695,155.05
5696,154.91
5697,155.33
5698,155.49
5699,155.35
5700,155.35
5701,154.17
5702,153.64999999999998
5703,153.22999999999996
5704,153.56
5705,153.39
5706,153.555
5707,153.79
5708,153.92
5709,153.71
5710,153.51
5711,153.63000000000002
5712,153.73
5713,153.45
5714,153.46
5715,153.4
5716,153.25
5717,153.16
5718,153.26
5719,152.91
5720,152.53
5721,151.9
5722,151.83
5723,151.96
5724,152.06
5725,152.13
5726,151.98
5727,151.98
5728,152.11
5729,152.3
5730,151.56
5731,151.19
5732,151.97
5733,152.14
5734,152.31
5735,152.29000000000002
5736,152.9
5737,152.62
5738,152.982
5739,153.28
5740,153.5
5741,153.572
5742,153.57
5743,153.65999999999997
5744,153.77
5745,153.67000000000002
5746,153.56
5747,153.73
5748,153.62000000000003
5749,153.77
5750,153.52
5751,153.64999999999998
5752,153.81
5753,154.16
5754,154.16
5755,152.98
5756,151.72
5757,151.35000000000002
5758,152.41
5759,151.92
5760,151.36999999999998
5761,151.15
5762,151.28
5763,151.41
5764,151.37999999999997
5765,151.6
5766,151.62
5767,152.0
5768,152.1
5769,151.83
5770,151.54
5771,152.0
5772,152.09
5773,152.27999999999997
5774,151.80200000000002
5775,151.91
5776,151.99
5777,151.71
5778,151.2
5779,150.56
5780,150.59
5781,150.5
5782,150.88000000000002
5783,151.07
5784,150.92000000000002
5785,151.11
5786,151.32999999999998
5787,151.32999999999998
5788,150.8
5789,150.90999999999997
5790,150.58
5791,150.41
5792,149.945
5793,149.67
5794,149.68
5795,149.72
5796,149.256
5797,149.57
5798,149.33
5799,149.25
5800,148.984
5801,148.99
5802,148.88
5803,148.72
5804,148.59
5805,148.76
5806,149.46
5807,148.78
5808,148.77
5809,149.84
5810,150.75
5811,151.02
5812,150.61
5813,150.76
5814,150.78
5815,150.56
5816,149.82
5817,150.14
5818,150.005
5819,150.38
5820,150.31
5821,150.37
5822,150.33
5823,150.42
5824,150.5
5825,150.21
5826,150.55
5827,150.58
5828,150.51
5829,150.39500000000004
5830,150.16
5831,149.92
5832,149.93
5833,150.39
5834,150.083
5835,150.09
5836,150.37
5837,149.64
5838,149.31
5839,149.67
5840,149.04
5841,149.56
5842,149.73
5843,149.88
5844,150.38
5845,150.81
5846,150.98
5847,151.13
5848,151.45
5849,151.43
5850,151.56
5851,151.717
5852,151.15
5853,151.62
5854,151.84
5855,151.82000000000002
5856,152.09
5857,152.16
5858,152.4
5859,152.52
5860,152.84
5861,153.6
5862,153.6
5863,153.24
5864,153.565
5865,154.0
5866,154.02
5867,154.06
5868,154.01
5869,153.69
5870,153.616
5871,153.36
5872,153.62000000000003
5873,153.75
5874,154.01
5875,154.57000000000002
5876,154.576
5877,154.07999999999998
5878,153.61000000000004
5879,153.43
5880,153.26
5881,153.17
5882,152.74999999999997
5883,153.1
5884,153.07
5885,152.86
5886,152.25000000000003
5887,152.83
5888,152.54
5889,152.58
5890,152.31
5891,151.61
5892,152.4
5893,152.95
5894,153.98
5895,154.2
5896,153.92
5897,153.3
5898,153.305
5899,153.197
5900,153.91600000000003
5901,154.03
5902,154.49
5903,154.07999999999998
5904,154.37
5905,154.13499999999996
5906,153.61000000000004
5907,154.05000000000004
5908,153.45
5909,153.424
5910,153.726
5911,153.56
5912,153.725
5913,153.8
5914,154.03
5915,153.34
5916,153.3
5917,149.37
5918,149.15
5919,149.52
5920,149.28
5921,149.32
5922,149.4
5923,149.71
5924,149.71
5925,150.27
5926,150.64
5927,150.61
5928,150.40000000000003
5929,150.35
5930,150.08
5931,150.09
5932,150.45000000000002
5933,150.56
5934,150.89
5935,150.98
5936,151.16
5937,151.49
5938,151.36
5939,151.36999999999998
5940,151.11
5941,150.76
5942,151.315
5943,151.36
5944,149.21
5945,149.14
5946,150.21
5947,149.85
5948,149.99
5949,150.05
5950,150.40000000000003
5951,150.14
5952,150.09
5953,150.14
5954,149.91
5955,149.735
5956,149.95
5957,149.89
5958,149.705
5959,149.88
5960,150.32
5961,150.42
5962,150.15
5963,150.575
5964,150.76
5965,150.785
5966,150.89999999999998
5967,151.255
5968,151.42
5969,151.27
5970,151.26
5971,151.4
5972,150.52
5973,150.54
5974,150.64
5975,150.89
5976,150.76
5977,150.55
5978,150.6
5979,150.45000000000002
5980,150.745
5981,150.52
5982,150.51
5983,150.72
5984,151.03
5985,151.08
5986,149.98
5987,149.0
5988,148.01
5989,147.611
5990,146.91
5991,146.68
5992,145.83
5993,145.85
5994,145.56
5995,144.635
5996,145.03
5997,145.065
5998,145.04
5999,144.51
