,0
0,157.755
1,158.02
2,158.25
3,158.34
4,158.09
5,158.19
6,158.26
7,158.4
8,159.02
9,158.81
10,158.96
11,159.03
12,159.02
13,159.19
14,159.4
15,159.05
16,159.0
17,158.71
18,159.23
19,159.34
20,159.15
21,158.91
22,158.51
23,158.37
24,158.23
25,156.65
26,156.41
27,156.805
28,156.91
29,156.6
30,157.065
31,157.63
32,157.73
33,157.39
34,157.5
35,157.6
36,157.599
37,157.395
38,157.55
39,157.45
40,157.35
41,157.635
42,158.01
43,157.9
44,158.09
45,157.91
46,157.9868
47,157.74
48,157.65
49,157.13
50,156.88000000000002
51,156.56
52,156.6523
53,155.03
54,154.32
55,154.34
56,154.37
57,153.96
58,153.76
59,154.3299
60,153.8
61,153.44
62,153.695
63,153.98
64,153.8
65,153.6
66,152.95
67,153.22
68,153.51
69,153.95
70,154.07
71,153.915
72,153.61
73,153.79
74,153.89
75,153.6
76,153.61700000000005
77,156.24
78,154.97
79,155.44
80,154.78
81,154.75
82,154.37
83,154.915
84,154.37
85,154.69
86,154.739
87,155.17
88,155.05
89,155.31
90,154.91
91,155.01
92,154.81
93,155.62
94,155.5776
95,155.29999999999998
96,155.25
97,155.14
98,154.91
99,155.24
100,154.92
101,154.66
102,154.23
103,153.02
104,153.40200000000004
105,150.51
106,146.74
107,147.24
108,150.08
109,148.69
110,149.96
111,149.98
112,150.96
113,151.675
114,151.04
115,151.05100000000004
116,151.17500000000004
117,150.98
118,150.56000000000003
119,150.64
120,150.73
121,150.63
122,150.66
123,150.17
124,149.65
125,147.99
126,148.705
127,149.27
128,148.68
129,151.92
130,152.005
131,152.96989999999997
132,152.97
133,153.972
134,153.48
135,153.47
136,153.44
137,153.33
138,153.23
139,153.73
140,153.68
141,153.58
142,153.455
143,153.03
144,152.47
145,152.19
146,151.73000000000002
147,152.1
148,152.22
149,152.24
150,152.31
151,152.72
152,152.26
153,152.18
154,152.23
155,155.486
156,156.68
157,155.67
158,155.32
159,155.19
160,155.74
161,155.45
162,155.78
163,156.26
164,156.50000000000003
165,156.14
166,156.0788
167,156.025
168,156.4
169,156.6
170,156.86
171,156.7
172,156.33
173,156.01
174,155.88
175,156.02
176,156.01
177,155.99
178,156.06
179,156.31
180,155.81
181,155.28
182,155.185
183,155.06
184,155.03
185,154.79
186,154.74
187,154.79
188,155.07
189,155.1355
190,154.85
191,154.91
192,154.92
193,154.995
194,154.97
195,154.94
196,155.04
197,154.92
198,154.76
199,155.02
200,154.908
201,154.81
202,154.99
203,155.04
204,155.11
205,155.09
206,155.22
207,156.35
208,155.67
209,156.255
210,156.22
211,155.95
212,155.59
213,155.64
214,155.56
215,156.005
216,155.97
217,155.97
218,155.99
219,155.98
220,155.953
221,156.27
222,156.43
223,156.74
224,156.52
225,156.39
226,156.62
227,157.25
228,157.5
229,157.27
230,156.9
231,157.14
232,156.78
233,156.99
234,157.118
235,156.7175
236,156.51
237,155.82
238,155.39
239,155.29
240,154.97
241,155.412
242,155.55
243,155.07
244,155.05
245,154.96
246,154.955
247,154.88
248,154.99
249,154.88
250,155.05
251,155.2
252,155.5375
253,155.29999999999998
254,155.28
255,155.17
256,154.845
257,154.53
258,154.49
259,154.3175
260,154.44
261,154.725
262,155.1
263,155.22
264,155.48
265,155.27
266,155.5
267,155.35
268,154.94
269,155.05
270,155.09
271,155.22
272,155.62
273,155.7
274,156.18
275,156.22
276,156.39
277,156.36
278,156.11
279,156.13
280,156.14
281,156.17
282,155.98
283,156.04
284,156.11
285,156.13
286,156.35
287,156.81
288,157.72
289,158.1
290,158.42
291,158.7
292,159.32
293,159.56
294,159.76
295,159.89
296,159.685
297,159.34
298,158.999
299,158.86
300,158.95
301,159.09
302,159.205
303,159.09
304,159.0
305,158.94
306,158.92
307,158.71
308,158.895
309,158.78
310,158.38
311,157.45600000000005
312,156.982
313,157.09
314,157.31
315,157.08
316,156.675
317,157.1
318,156.98
319,156.98
320,157.0
321,157.03
322,157.0
323,157.16
324,157.32
325,157.13
326,156.9
327,156.68
328,156.53
329,156.96
330,157.07
331,157.15
332,157.13
333,157.13
334,157.15
335,157.08
336,157.15
337,157.16
338,157.69
339,157.91
340,157.63999999999996
341,157.16
342,157.18
343,157.01
344,156.97
345,157.21
346,156.99
347,157.3
348,157.32
349,157.32
350,157.62
351,157.88
352,157.97
353,158.01
354,157.84
355,158.05
356,157.96
357,157.6
358,157.5
359,157.25
360,156.99
361,157.11
362,157.0
363,156.97
364,157.63999999999996
365,157.49
366,157.87
367,158.65
368,158.55
369,158.63
370,158.75
371,158.71
372,158.425
373,158.31
374,158.27100000000004
375,158.68
376,158.6
377,158.43
378,158.6
379,158.81
380,158.5
381,158.03
382,157.65
383,157.27
384,157.6
385,158.01
386,157.95
387,157.83
388,157.7
389,157.66
390,158.2
391,158.03
392,158.7
393,158.56
394,158.67
395,158.69
396,158.53
397,158.42
398,158.42
399,158.3
400,158.33
401,158.58
402,158.75
403,158.54
404,158.5
405,158.38
406,158.28
407,158.275
408,158.05
409,158.04
410,158.18
411,158.33
412,158.43
413,158.689
414,158.36
415,158.41
416,159.03
417,159.59
418,159.76
419,160.08
420,159.99
421,160.125
422,160.17
423,160.57
424,160.52
425,160.6
426,160.826
427,161.21
428,161.02
429,160.97
430,160.95
431,161.1
432,160.98
433,160.775
434,160.74
435,160.56
436,160.57
437,160.25
438,159.96
439,159.65
440,159.56
441,159.27
442,158.72
443,158.57
444,158.5
445,158.53
446,158.805
447,159.03
448,159.484
449,159.96
450,160.38
451,159.99
452,160.05
453,160.43
454,160.27
455,160.235
456,159.895
457,160.30200000000005
458,160.16
459,159.9
460,159.67
461,159.88
462,160.09
463,160.06
464,160.01
465,160.01
466,159.93
467,159.98
468,161.95
469,161.95
470,162.625
471,163.04
472,163.07
473,162.78
474,162.83
475,163.08
476,162.94
477,162.82000000000002
478,162.77
479,162.64
480,162.85
481,162.9
482,162.98
483,163.36
484,163.3
485,163.02
486,162.5
487,162.25
488,162.09
489,161.97
490,162.3
491,162.055
492,161.81
493,162.13
494,162.12
495,161.44
496,160.5
497,160.49
498,161.0
499,160.9675
500,160.87000000000003
501,161.36
502,161.11
503,161.38
504,161.0
505,160.88
506,161.0
507,161.07
508,161.20000000000002
509,161.26
510,161.34
511,161.46
512,161.32
513,161.49
514,161.09000000000003
515,161.041
516,161.17
517,161.43500000000003
518,161.28
519,161.68
520,161.79
521,161.65499999999997
522,161.09000000000003
523,161.45
524,160.93
525,160.76
526,160.894
527,160.8
528,160.63
529,160.55
530,160.7
531,160.675
532,161.0
533,161.22
534,161.34
535,161.61
536,161.72
537,161.78000000000003
538,161.66
539,161.45
540,161.54
541,161.30999999999997
542,160.908
543,160.55
544,160.7
545,161.12
546,161.13
547,161.15
548,160.17
549,159.9
550,160.12
551,160.16
552,160.29000000000002
553,160.24
554,159.95
555,160.36
556,160.0
557,159.99
558,160.23
559,160.21
560,160.12
561,160.23
562,160.32
563,160.18000000000004
564,160.24
565,160.52
566,160.64
567,160.38
568,160.32
569,160.3525
570,160.0
571,160.22
572,160.19
573,160.29000000000002
574,161.22
575,161.84
576,162.1
577,161.94
578,161.97
579,162.11
580,161.99
581,161.95
582,161.96
583,161.994
584,162.09
585,161.89
586,161.62
587,161.75
588,161.84
589,161.81
590,161.81
591,161.56
592,161.76
593,161.69
594,161.61
595,161.99999999999997
596,162.04
597,162.2
598,162.1
599,161.99
600,161.3
601,161.24
602,161.65
603,161.53
604,161.61
605,160.97
606,161.02
607,161.0
608,161.0
609,161.0
610,160.92
611,161.04
612,161.13
613,161.02
614,161.07499999999996
615,160.96
616,161.16
617,161.08
618,161.02
619,161.11
620,161.18
621,161.18
622,161.14
623,161.184
624,161.225
625,161.44
626,161.25
627,161.30999999999997
628,160.98
629,161.34
630,161.63
631,161.605
632,161.45
633,161.415
634,161.48
635,161.31799999999993
636,161.465
637,161.26
638,161.4
639,161.37
640,161.46
641,161.605
642,161.47
643,161.47
644,161.47
645,161.84
646,161.79
647,162.07
648,162.07
649,162.005
650,162.23499999999999
651,162.15
652,163.5
653,163.52
654,164.18000000000004
655,164.13
656,164.205
657,163.91
658,163.60000000000002
659,163.62
660,163.51
661,163.66
662,163.72
663,164.0
664,163.84
665,163.99
666,164.16
667,163.94
668,164.01
669,164.01
670,164.06
671,164.07
672,163.96000000000004
673,164.2
674,164.03
675,163.915
676,164.0
677,164.06
678,163.62
679,163.43
680,162.88
681,162.7
682,162.4
683,162.48
684,162.675
685,162.61
686,162.59
687,162.36000000000004
688,162.29
689,162.51
690,162.73
691,162.75
692,162.89
693,162.995
694,163.08
695,163.24
696,163.2
697,163.3
698,163.46
699,163.48999999999998
700,163.5
701,163.56
702,163.79
703,164.28
704,164.29000000000002
705,163.69
706,164.31
707,164.31
708,164.28
709,164.39999999999998
710,164.53
711,164.46
712,164.27
713,164.015
714,164.0
715,163.74
716,163.70999999999998
717,163.89750000000004
718,163.74
719,164.01
720,163.91
721,163.81999999999996
722,164.01
723,163.99
724,163.43
725,162.83
726,162.5
727,162.19
728,161.9925
729,162.07
730,162.23
731,162.23
732,161.18
733,161.38
734,162.04
735,162.06
736,161.96
737,162.29
738,162.33
739,162.27
740,162.1
741,161.85
742,162.11
743,162.55
744,162.275
745,162.5
746,162.28
747,162.1
748,162.15
749,162.2
750,162.24
751,162.5
752,162.42
753,162.31
754,162.13
755,162.14
756,162.26
757,162.52
758,162.39
759,162.17
760,162.39
761,162.5
762,161.7
763,161.35
764,161.77
765,161.51
766,161.54
767,161.36
768,161.17
769,161.39
770,161.37
771,161.01
772,160.72
773,160.72999999999996
774,160.49
775,160.75
776,160.52
777,160.11
778,159.73
779,159.38
780,159.04
781,159.16
782,159.39
783,159.43
784,159.41
785,160.5
786,160.16
787,160.995
788,160.97
789,160.69
790,160.355
791,160.15
792,159.99
793,160.16
794,160.4975
795,160.37
796,160.16
797,160.665
798,160.81
799,160.79
800,160.605
801,160.42
802,160.51000000000002
803,160.53
804,160.48
805,160.42
806,160.08
807,160.01
808,159.94
809,160.03
810,160.1
811,161.28
812,161.49
813,160.93
814,160.83
815,160.62
816,160.17
817,160.3
818,160.48
819,160.2
820,160.23
821,160.82
822,160.97
823,161.39
824,161.17
825,161.0
826,161.0
827,160.995
828,160.94
829,160.98
830,161.29
831,161.39
832,161.42000000000002
833,161.352
834,161.49
835,161.56
836,161.51
837,162.92
838,163.16
839,163.83499999999998
840,164.03999999999996
841,163.99
842,163.55
843,162.81
844,163.116
845,162.77
846,163.02
847,163.09
848,162.36000000000004
849,162.74
850,162.84
851,162.9
852,162.92
853,163.0
854,163.15
855,163.21
856,163.41
857,163.36
858,163.43
859,163.52
860,163.7
861,163.93
862,163.77
863,163.12999999999997
864,163.8399
865,163.7
866,163.38
867,163.31
868,162.86249999999998
869,162.32
870,162.43
871,162.15
872,162.31
873,162.44
874,162.57999999999998
875,162.44
876,162.47
877,162.59
878,162.57
879,162.7
880,162.93
881,162.09
882,162.06
883,162.05
884,161.97
885,160.56
886,160.96
887,161.38
888,161.22
889,161.26
890,159.75
891,159.62
892,159.89
893,160.42
894,160.5
895,159.87
896,159.59
897,159.72799999999995
898,159.695
899,160.02
900,160.03
901,160.39
902,160.61
903,160.78
904,160.75
905,160.52
906,160.49
907,160.5
908,160.5
909,160.5199
910,160.44
911,160.62
912,160.34
913,160.34
914,160.21
915,160.45
916,160.36
917,161.13
918,161.26
919,161.87
920,161.67
921,162.56
922,162.76
923,162.68
924,162.86
925,162.69000000000003
926,162.645
927,162.6
928,162.45
929,162.34
930,162.25
931,161.96
932,161.77
933,161.74
934,162.07
935,161.83
936,161.92
937,161.99999999999997
938,161.6
939,161.5
940,161.09000000000003
941,161.04
942,161.76
943,161.535
944,161.095
945,160.84
946,159.96000000000004
947,159.7
948,159.7
949,159.565
950,159.309
951,159.31
952,159.32
953,158.90999999999997
954,158.97
955,159.05
956,159.48999999999998
957,159.38
958,159.52
959,159.4
960,159.36
961,159.405
962,159.09
963,159.22
964,159.47
965,159.63
966,159.84
967,159.9725
968,160.01
969,159.01
970,159.12999999999997
971,159.21
972,158.735
973,158.37
974,157.59
975,157.20000000000002
976,157.0
977,156.68
978,156.59
979,156.43
980,156.15
981,156.02
982,156.29000000000002
983,156.84
984,156.94799999999995
985,157.0
986,156.94
987,156.81
988,156.22
989,155.95
990,156.08
991,156.52
992,156.46
993,156.47
994,156.3
995,158.56
996,159.2
997,159.95
998,159.68
999,159.02
1000,158.26
1001,159.07
1002,159.03
1003,159.024
1004,158.82
1005,158.99
1006,158.79
1007,158.78
1008,158.765
1009,158.78
1010,158.38
1011,158.07
1012,157.72
1013,157.2
1014,157.66
1015,157.74
1016,157.63
1017,157.32
1018,156.96
1019,156.64
1020,156.48
1021,156.7389
1022,157.45
1023,157.54
1024,158.11
1025,158.2
1026,157.7
1027,157.34
1028,157.32
1029,156.95
1030,156.75
1031,157.005
1032,157.01
1033,156.79
1034,156.99
1035,156.96
1036,157.05
1037,156.895
1038,156.91
1039,156.7
1040,156.86
1041,156.72
1042,156.95
1043,156.7953
1044,157.01
1045,156.88
1046,156.97
1047,158.12
1048,157.82
1049,157.56
1050,157.5
1051,157.65
1052,157.81
1053,157.96
1054,158.68
1055,158.89
1056,158.61
1057,158.69
1058,159.12
1059,159.072
1060,159.12
1061,159.12
1062,158.8
1063,158.48
1064,158.42
1065,157.89
1066,158.47
1067,158.451
1068,158.645
1069,158.27
1070,158.32
1071,158.19
1072,158.19
1073,159.266
1074,159.42
1075,159.25
1076,159.73
1077,159.86
1078,160.09
1079,160.25
1080,160.43
1081,160.15
1082,160.31
1083,160.43
1084,160.73
1085,160.77
1086,160.85
1087,161.04
1088,161.1
1089,161.13
1090,161.07
1091,161.05
1092,160.79
1093,160.75
1094,160.83
1095,160.755
1096,160.75
1097,160.9
1098,160.93
1099,163.03
1100,162.9
1101,163.26
1102,163.41
1103,163.32
1104,163.25
1105,162.99
1106,163.0
1107,163.03
1108,162.972
1109,162.91
1110,162.97
1111,162.94
1112,163.0
1113,163.08
1114,163.0
1115,163.01
1116,163.17
1117,163.16
1118,163.02
1119,163.24
1120,163.23
1121,163.23
1122,163.475
1123,163.55
1124,163.71
1125,163.29
1126,164.01
1127,164.111
1128,164.66
1129,164.43
1130,163.98
1131,164.08
1132,163.99
1133,163.945
1134,163.95
1135,163.99
1136,164.01
1137,164.1
1138,164.0
1139,164.0
1140,164.08
1141,163.93
1142,163.76
1143,163.51
1144,163.52
1145,163.29
1146,163.2
1147,163.468
1148,163.52
1149,163.805
1150,163.41
1151,163.73
1152,163.7
1153,164.055
1154,164.44
1155,164.01
1156,163.35
1157,163.09
1158,162.83
1159,162.58
1160,162.26
1161,163.03
1162,162.8
1163,162.39
1164,162.47
1165,162.73
1166,162.69
1167,162.66
1168,162.64
1169,162.54
1170,162.34
1171,162.264
1172,162.07
1173,162.12
1174,162.34
1175,162.645
1176,162.66
1177,162.54
1178,162.87
1179,162.795
1180,162.775
1181,162.53
1182,162.49
1183,162.02
1184,161.23
1185,161.29
1186,160.6
1187,159.81
1188,159.62
1189,159.71
1190,159.29
1191,159.42
1192,159.44
1193,159.13
1194,159.195
1195,159.19
1196,158.972
1197,158.43
1198,158.79
1199,158.69
1200,159.15
1201,158.49
1202,158.67
1203,157.36
1204,157.41
1205,157.71
1206,157.1
1207,157.42
1208,156.75
1209,156.65
1210,155.99
1211,155.688
1212,155.51
1213,154.89
1214,154.79
1215,155.12
1216,155.13
1217,154.68
1218,154.63
1219,154.75
1220,155.12
1221,155.02
1222,154.81
1223,155.08
1224,155.45
1225,156.13
1226,156.19
1227,155.68
1228,155.56
1229,155.18
1230,155.57
1231,155.43
1232,154.71
1233,155.24
1234,154.91
1235,155.13
1236,155.71
1237,155.075
1238,155.29
1239,155.39
1240,155.21
1241,155.09
1242,154.7
1243,154.91
1244,155.77
1245,155.48
1246,155.48
1247,155.32
1248,154.69
1249,154.44
1250,155.03
1251,155.07
1252,155.32
1253,155.57
1254,155.91
1255,155.83
1256,155.71
1257,155.63
1258,155.92
1259,155.79
1260,155.532
1261,155.65
1262,155.42
1263,155.45
1264,155.855
1265,155.7
1266,155.97
1267,156.03
1268,155.68
1269,155.74
1270,155.89
1271,155.87
1272,155.725
1273,156.18
1274,156.66
1275,156.81
1276,156.98
1277,157.13
1278,157.32
1279,157.49
1280,157.45
1281,157.25
1282,157.535
1283,158.09
1284,158.045
1285,157.69
1286,157.05
1287,156.92
1288,156.46
1289,156.31
1290,156.02
1291,155.56
1292,155.85
1293,155.73
1294,155.69
1295,155.0
1296,155.03
1297,155.025
1298,155.18
1299,155.29
1300,155.01
1301,154.83
1302,154.55700000000004
1303,154.12
1304,153.91
1305,154.16
1306,153.79
1307,153.89
1308,154.16
1309,153.71
1310,153.57
1311,153.85
1312,154.4
1313,154.1
1314,154.095
1315,153.87
1316,153.7
1317,153.42
1318,153.83
1319,153.85
1320,153.81
1321,153.56
1322,153.7
1323,153.7
1324,153.5
1325,153.39
1326,153.3
1327,153.255
1328,153.72
1329,153.65
1330,153.975
1331,153.8
1332,153.56
1333,154.37
1334,154.66
1335,154.08
1336,154.19
1337,154.65
1338,154.64
1339,154.575
1340,155.0
1341,154.99
1342,154.5
1343,154.66
1344,154.35
1345,154.615
1346,154.755
1347,154.76
1348,154.41
1349,154.37
1350,153.92
1351,154.01
1352,153.69
1353,153.9
1354,153.79
1355,153.664
1356,153.81
1357,153.99
1358,154.39
1359,154.39
1360,155.02
1361,155.49
1362,154.84
1363,154.5
1364,154.76
1365,154.244
1366,154.11
1367,154.14
1368,154.055
1369,153.73
1370,153.49
1371,153.34
1372,153.32
1373,153.22
1374,152.88
1375,153.16
1376,153.355
1377,153.72
1378,154.14
1379,154.47
1380,154.83
1381,155.05
1382,155.12
1383,155.52
1384,155.33
1385,155.35
1386,155.34
1387,156.02200000000005
1388,156.01
1389,155.77
1390,156.08
1391,155.47
1392,155.52
1393,155.45
1394,155.38
1395,155.1
1396,155.41
1397,155.41
1398,155.435
1399,155.26
1400,155.02
1401,155.26
1402,155.45
1403,155.26
1404,155.2
1405,154.99
1406,154.75
1407,154.8
1408,154.95
1409,155.19
1410,155.28
1411,155.14
1412,155.04
1413,155.32
1414,155.46
1415,155.29
1416,155.73
1417,155.61
1418,155.83
1419,155.92
1420,156.08
1421,155.9
1422,155.125
1423,155.135
1424,155.21
1425,155.02
1426,155.01
1427,155.01
1428,155.005
1429,154.82
1430,154.79
1431,154.4
1432,154.38
1433,154.34
1434,154.24
1435,154.69
1436,154.81
1437,154.465
1438,154.42
1439,154.42
1440,154.7
1441,154.53
1442,154.58
1443,153.77
1444,153.74
1445,154.0101
1446,154.22
1447,154.26
1448,154.075
1449,154.105
1450,154.03
1451,154.25
1452,154.11
1453,154.04
1454,154.01
1455,154.02
1456,154.09
1457,153.99
1458,153.95
1459,153.95
1460,153.97
1461,153.79
1462,153.74
1463,153.835
1464,153.9
1465,154.65
1466,154.58
1467,155.095
1468,154.98
1469,154.41
1470,154.73
1471,154.55
1472,154.79
1473,154.84
1474,154.8
1475,155.03
1476,155.04
1477,155.0
1478,155.04
1479,155.17
1480,155.15
1481,155.31
1482,155.14
1483,155.04
1484,155.08
1485,155.1
1486,154.9
1487,154.91
1488,154.91
1489,154.95
1490,154.89
1491,155.26
1492,155.06
1493,155.03
1494,155.23
1495,155.29
1496,155.16
1497,154.86
1498,154.69
1499,154.67
1500,154.5
1501,154.5
1502,154.35
1503,154.3
1504,154.31
1505,154.06
1506,154.1
1507,153.905
1508,153.98
1509,154.01
1510,154.08
1511,153.98
1512,153.97
1513,154.0
1514,153.93
1515,153.99
1516,153.87
1517,153.785
1518,153.45
1519,153.01
1520,153.16
1521,153.13
1522,152.81
1523,152.585
1524,153.5
1525,153.51
1526,153.38
1527,153.19
1528,153.065
1529,153.59
1530,153.678
1531,154.14
1532,154.19
1533,153.79
1534,153.45
1535,154.0
1536,154.0
1537,154.0
1538,154.35
1539,154.52
1540,154.59
1541,154.56
1542,154.61
1543,154.53
1544,154.24
1545,154.31
1546,154.71
1547,154.58
1548,154.75
1549,154.3
1550,154.75
1551,154.51
1552,154.5
1553,154.67
1554,154.69
1555,154.38
1556,154.24
1557,154.04
1558,154.045
1559,153.74
1560,153.91
1561,153.57
1562,153.30100000000004
1563,153.27
1564,153.32
1565,153.08
1566,153.24
1567,153.11
1568,153.09
1569,152.98
1570,152.72
1571,154.34
1572,154.64
1573,154.53
1574,153.99
1575,153.37
1576,152.77
1577,152.7
1578,151.67
1579,151.66
1580,151.2
1581,151.41
1582,151.045
1583,150.2
1584,150.01
1585,149.57
1586,149.4325
1587,149.38
1588,150.53
1589,150.55
1590,150.66
1591,150.96
1592,151.43
1593,151.94
1594,151.48
1595,151.1
1596,151.49
1597,151.28
1598,151.11
1599,151.299
1600,151.33
1601,151.67
1602,152.38
1603,152.58
1604,152.67
1605,152.47
1606,152.37
1607,152.6
1608,152.47
1609,152.31
1610,152.13
1611,152.32
1612,152.66
1613,152.4
1614,152.33
1615,152.53
1616,152.83
1617,152.63
1618,152.54
1619,152.25
1620,152.31
1621,151.25
1622,151.07
1623,150.672
1624,150.6
1625,150.15
1626,150.45
1627,150.18
1628,150.45
1629,150.92
1630,151.34
1631,151.37
1632,151.6
1633,152.015
1634,151.988
1635,152.22
1636,151.85
1637,151.765
1638,151.66
1639,151.21
1640,151.42
1641,151.44
1642,151.44
1643,151.3
1644,151.38
1645,151.53
1646,151.44
1647,155.08
1648,154.875
1649,155.11
1650,155.36
1651,155.825
1652,155.37
1653,155.45
1654,155.52
1655,155.45
1656,155.56
1657,155.82
1658,155.68
1659,155.67
1660,155.56
1661,155.45
1662,155.29
1663,154.63
1664,154.57
1665,154.17
1666,154.06
1667,153.99
1668,153.86
1669,153.95
1670,153.85
1671,153.675
1672,153.88
1673,153.12
1674,152.0
1675,151.26
1676,151.18
1677,151.28
1678,151.16
1679,151.11
1680,150.63
1681,151.55
1682,152.0
1683,151.84
1684,151.58
1685,151.39
1686,150.74
1687,150.59
1688,150.59
1689,150.71
1690,150.93
1691,151.27
1692,152.01
1693,152.444
1694,152.238
1695,151.99
1696,151.9
1697,152.29
1698,152.57
1699,154.475
1700,154.94
1701,156.13
1702,155.29
1703,155.155
1704,154.65
1705,154.8
1706,154.75
1707,154.96
1708,155.06
1709,154.64
1710,154.75
1711,154.65
1712,154.341
1713,154.7
1714,154.55
1715,154.44
1716,154.25
1717,153.85
1718,153.95
1719,153.41
1720,153.34
1721,152.64
1722,153.0
1723,152.66
1724,151.99
1725,143.68
1726,144.4697
1727,143.74
1728,144.85
1729,145.1
1730,146.07
1731,145.835
1732,146.92
1733,146.82
1734,147.41
1735,148.04
1736,148.036
1737,148.01
1738,148.01
1739,147.8427
1740,148.2
1741,147.7
1742,148.32
1743,148.55
1744,148.46
1745,147.98
1746,148.71
1747,149.1625
1748,149.29
1749,148.76
1750,148.78
1751,147.39
1752,147.455
1753,148.14
1754,148.26
1755,148.63
1756,148.28
1757,148.07
1758,147.58
1759,147.8
1760,146.99
1761,147.12
1762,146.5
1763,146.62
1764,147.15
1765,148.415
1766,147.915
1767,147.86
1768,147.63
1769,147.64
1770,146.975
1771,147.05
1772,146.69
1773,146.77
1774,147.0872
1775,147.01
1776,147.32
1777,148.25
1778,148.15
1779,148.23
1780,148.45
1781,148.43
1782,148.19
1783,149.435
1784,150.0
1785,149.06
1786,148.95
1787,148.69
1788,148.93
1789,149.08
1790,149.425
1791,149.04
1792,149.14
1793,148.87
1794,149.09
1795,149.33
1796,149.47
1797,149.4
1798,149.3
1799,149.15
1800,149.1
1801,149.46
1802,149.17
1803,149.16
1804,148.344
1805,148.18
1806,148.25
1807,148.29
1808,148.27
1809,148.61
1810,148.5
1811,148.39
1812,148.06
1813,147.71
1814,148.04
1815,147.87
1816,147.87
1817,147.64
1818,148.042
1819,147.99
1820,147.9
1821,147.99
1822,147.89
1823,148.02
1824,147.92
1825,147.72
1826,147.68
1827,147.59
1828,147.4
1829,147.52
1830,147.52
1831,146.13
1832,146.27
1833,145.43
1834,146.05
1835,146.27
1836,146.16
1837,145.75
1838,145.81
1839,145.94
1840,146.1
1841,146.095
1842,146.219
1843,146.37
1844,146.785
1845,146.82
1846,146.89
1847,146.79
1848,146.95
1849,147.29
1850,147.18
1851,147.25
1852,147.54
1853,147.45
1854,147.24
1855,147.68
1856,147.44
1857,148.48
1858,148.53
1859,148.1
1860,147.96
1861,148.0
1862,147.69
1863,148.5
1864,148.29
1865,148.55
1866,148.64
1867,148.87
1868,148.95
1869,148.9
1870,148.85
1871,149.0
1872,149.1
1873,149.23
1874,149.28
1875,148.88
1876,148.95
1877,149.22
1878,149.55
1879,149.55
1880,149.52
1881,149.75
1882,149.79
1883,150.0901
1884,150.59
1885,150.65
1886,150.5
1887,150.55
1888,150.34
1889,150.73
1890,150.65
1891,150.46
1892,150.5
1893,150.39
1894,150.54
1895,150.585
1896,150.98
1897,150.89
1898,150.942
1899,150.87
1900,150.99
1901,150.79
1902,150.68
1903,150.61
1904,150.8
1905,150.86
1906,151.03
1907,151.12
1908,150.99
1909,150.67
1910,150.33
1911,150.13
1912,150.09
1913,150.67
1914,150.77
1915,150.71
1916,150.67
1917,150.66
1918,150.7
1919,150.686
1920,150.485
1921,150.62
1922,150.45
1923,150.23
1924,150.25
1925,150.05
1926,150.13
1927,149.9
1928,149.92
1929,149.905
1930,149.92
1931,150.0
1932,149.91
1933,150.15
1934,150.25
1935,150.61
1936,150.35
1937,150.47
1938,150.75
1939,150.5
1940,150.45
1941,150.35
1942,150.23
1943,150.19
1944,150.22
1945,150.11
1946,150.19
1947,150.57
1948,150.59
1949,150.56
1950,150.47
1951,150.3
1952,150.09
1953,150.21
1954,150.59
1955,150.62
1956,150.66
1957,150.84
1958,151.1
1959,150.94
1960,150.85
1961,150.82
1962,151.38
1963,151.47
1964,151.15
1965,151.25
1966,151.33
1967,151.9
1968,151.93
1969,152.1
1970,152.02
1971,152.14
1972,152.04
1973,152.037
1974,151.968
1975,151.86
1976,151.83
1977,151.75
1978,151.78
1979,151.68
1980,151.68
1981,151.685
1982,151.63
1983,151.67
1984,151.63
1985,151.7
1986,151.92
1987,152.0
1988,151.69
1989,151.58
1990,152.0
1991,152.15
1992,151.94
1993,151.7
1994,152.137
1995,151.79
1996,151.81
1997,151.78
1998,151.82
1999,151.89
2000,152.32
2001,152.27
2002,152.13
2003,152.2
2004,152.38
2005,152.28
2006,152.25
2007,152.34
2008,152.25
2009,152.38
2010,152.56
2011,152.49
2012,152.44
2013,152.72
2014,153.77
2015,154.03
2016,154.05
2017,154.09
2018,153.62
2019,153.68
2020,153.44
2021,153.55
2022,153.24
2023,153.45
2024,153.53
2025,153.32
2026,153.29
2027,153.16
2028,153.195
2029,153.18
2030,153.22
2031,153.27
2032,153.2698
2033,153.27
2034,153.26
2035,153.275
2036,153.44
2037,153.57
2038,153.50999999999996
2039,152.8
2040,152.75
2041,152.75
2042,153.05
2043,152.62
2044,152.71
2045,152.62
2046,152.4
2047,152.6
2048,153.05
2049,152.98
2050,152.8
2051,152.79
2052,152.76
2053,152.94
2054,152.85
2055,152.83
2056,152.97000000000003
2057,152.69
2058,152.61
2059,152.71
2060,152.83
2061,152.94
2062,152.92
2063,152.83
2064,152.6
2065,152.6
2066,152.94
2067,152.73
2068,152.23
2069,152.24
2070,152.395
2071,152.39
2072,152.22
2073,152.8899
2074,152.79
2075,152.6399
2076,152.775
2077,152.62999999999997
2078,152.755
2079,152.845
2080,152.71
2081,152.83
2082,152.7
2083,152.74
2084,152.8
2085,152.8425
2086,153.01
2087,152.91
2088,152.8
2089,152.745
2090,152.792
2091,153.07
2092,153.026
2093,153.41
2094,153.57
2095,153.09
2096,152.87
2097,152.91
2098,153.125
2099,153.3
2100,153.55
2101,153.55
2102,153.56
2103,153.61
2104,153.15
2105,153.36
2106,153.37
2107,153.27
2108,153.31000000000003
2109,153.25
2110,153.44
2111,153.5
2112,153.4
2113,153.225
2114,153.34
2115,153.34
2116,153.15
2117,153.47
2118,153.2
2119,153.23
2120,153.36
2121,153.03
2122,153.02
2123,153.10500000000002
2124,153.19
2125,153.49
2126,153.54
2127,153.53
2128,153.43
2129,153.47
2130,153.46
2131,153.42
2132,153.33
2133,153.4
2134,153.25
2135,153.25
2136,153.21
2137,153.2
2138,153.26
2139,153.29
2140,153.19
2141,153.28
2142,153.41
2143,153.16
2144,153.33
2145,153.29
2146,153.52
2147,153.66
2148,153.67
2149,153.71
2150,153.69
2151,153.42
2152,152.82
2153,152.82
2154,152.77000000000004
2155,153.04
2156,153.14
2157,153.23
2158,153.45
2159,153.56
2160,153.6
2161,153.62
2162,153.81
2163,154.02
2164,153.841
2165,153.79
2166,153.95
2167,154.24
2168,154.41
2169,154.27
2170,153.21
2171,154.26
2172,154.45999999999998
2173,154.51
2174,154.48
2175,154.45
2176,154.64
2177,154.98
2178,154.91
2179,155.35
2180,155.39
2181,155.45
2182,155.47
2183,155.66
2184,155.43
2185,155.57
2186,155.67999999999998
2187,155.84
2188,155.82
2189,155.72
2190,155.7
2191,155.66
2192,155.5
2193,155.44
2194,155.5
2195,155.42
2196,153.59
2197,153.45
2198,153.4
2199,153.49
2200,153.83
2201,153.46
2202,153.32
2203,153.36
2204,154.14
2205,154.36
2206,154.59
2207,154.57
2208,154.61
2209,154.55
2210,154.67
2211,154.62
2212,154.59
2213,153.99
2214,153.76
2215,153.94
2216,154.11
2217,154.03
2218,154.02
2219,154.08
2220,154.02
2221,154.28
2222,154.2
2223,154.546
2224,154.47
2225,154.56
2226,154.78
2227,154.72
2228,154.6
2229,154.42
2230,154.6
2231,154.61
2232,154.63
2233,154.6
2234,154.63
2235,154.58
2236,154.48
2237,154.6
2238,154.55
2239,154.61
2240,154.6
2241,154.64
2242,154.534
2243,154.505
2244,154.48
2245,154.6
2246,154.49
2247,154.49
2248,155.01
2249,155.16
2250,154.88
2251,155.33
2252,155.02
2253,155.05
2254,155.33999999999997
2255,155.3
2256,155.431
2257,155.35
2258,155.18
2259,155.08
2260,155.07000000000002
2261,155.03
2262,155.01
2263,154.99
2264,155.07000000000002
2265,154.9701
2266,154.86
2267,155.07000000000002
2268,155.1
2269,155.18
2270,155.72
2271,155.55
2272,155.35
2273,155.3
2274,154.79
2275,155.0
2276,154.99
2277,154.84
2278,154.38999999999996
2279,154.89
2280,154.91
2281,154.93
2282,154.88
2283,154.905
2284,154.82
2285,154.95
2286,154.69
2287,154.82
2288,154.85
2289,154.83
2290,154.9278
2291,154.89
2292,154.925
2293,154.95
2294,154.97
2295,155.0
2296,154.94
2297,154.97
2298,154.86
2299,154.63
2300,153.9
2301,153.88
2302,153.64
2303,153.41
2304,153.54
2305,153.4
2306,153.53
2307,153.47
2308,153.50999999999996
2309,153.5534
2310,153.53
2311,153.475
2312,153.37499999999997
2313,153.365
2314,153.22
2315,153.3
2316,153.35
2317,153.2
2318,153.25
2319,153.29
2320,153.225
2321,153.2983
2322,153.44
2323,153.395
2324,153.46
2325,153.44
2326,153.18
2327,153.13
2328,153.01
2329,153.05
2330,152.95
2331,152.8
2332,152.8974
2333,152.88
2334,152.86
2335,152.83
2336,152.95
2337,152.825
2338,152.89
2339,152.86
2340,152.86
2341,152.81
2342,152.79
2343,152.6
2344,152.66
2345,152.56
2346,152.541
2347,152.51
2348,152.41
2349,152.43000000000004
2350,152.48
2351,152.69
2352,152.825
2353,152.68
2354,152.62999999999997
2355,152.6
2356,152.99
2357,153.15
2358,153.4
2359,153.615
2360,153.62
2361,153.38
2362,153.29
2363,153.47
2364,153.34
2365,153.5069
2366,153.35
2367,153.36
2368,153.44
2369,153.57
2370,153.52
2371,153.486
2372,153.43
2373,153.43
2374,153.55
2375,153.32
2376,153.44
2377,153.53
2378,153.12
2379,152.975
2380,153.39
2381,153.26
2382,153.11
2383,153.0
2384,152.89
2385,152.75
2386,152.72
2387,152.75
2388,152.99
2389,153.07
2390,153.09
2391,153.06
2392,153.21
2393,153.0
2394,153.0
2395,153.09
2396,153.01
2397,153.02
2398,152.98
2399,152.99
2400,152.82
2401,152.92
2402,153.02
2403,152.99
2404,153.57
2405,153.43
2406,153.92
2407,153.92
2408,153.5
2409,153.69
2410,153.69
2411,154.01
2412,154.2
2413,154.315
2414,154.45999999999998
2415,154.35
2416,154.5
2417,154.44
2418,154.58
2419,154.65
2420,154.885
2421,154.92
2422,154.74
2423,154.9
2424,154.93200000000004
2425,154.96
2426,154.82
2427,154.84
2428,154.71
2429,154.69
2430,154.69
2431,154.72999999999996
2432,154.91
2433,154.7
2434,154.81
2435,154.92
2436,154.78
2437,154.78
2438,154.78
2439,154.97
2440,154.98
2441,155.07000000000002
2442,154.99
2443,154.75
2444,154.79999999999998
2445,154.85
2446,154.82
2447,154.76
2448,154.75
2449,155.36
2450,155.38
2451,155.51
2452,155.69
2453,155.93
2454,155.78
2455,156.0401
2456,156.0
2457,156.0
2458,156.4
2459,155.42
2460,155.6
2461,155.54
2462,155.415
2463,155.0
2464,154.35
2465,154.48
2466,154.44
2467,154.49
2468,154.5
2469,154.6
2470,154.525
2471,154.5
2472,154.08
2473,154.13
2474,154.19000000000003
2475,154.15
2476,154.0
2477,154.34
2478,154.32
2479,154.21
2480,154.27
2481,154.24
2482,154.38999999999996
2483,154.25
2484,154.375
2485,154.29
2486,154.5
2487,154.69
2488,154.72999999999996
2489,155.04
2490,155.54
2491,155.05
2492,155.06
2493,155.035
2494,155.1
2495,155.01
2496,155.235
2497,155.28
2498,155.31
2499,155.292
2500,155.2
2501,155.17
2502,155.25000000000003
2503,155.21
2504,155.23
2505,155.24
2506,155.31
2507,155.29
2508,155.34
2509,155.52
2510,155.45
2511,155.565
2512,155.09
2513,155.75
2514,155.65
2515,155.605
2516,155.64
2517,155.45
2518,155.564
2519,155.61
2520,155.49
2521,155.525
2522,155.55
2523,155.67
2524,155.59
2525,155.595
2526,155.61
2527,155.73
2528,155.71
2529,155.71
2530,155.78
2531,155.85
2532,155.88
2533,155.87
2534,156.122
2535,156.01
2536,156.09
2537,156.54
2538,156.605
2539,157.68
2540,157.88
2541,158.15
2542,158.77
2543,159.24
2544,160.01
2545,160.0
2546,160.24
2547,159.92
2548,159.619
2549,159.59
2550,159.54
2551,159.33
2552,159.07999999999998
2553,159.0
2554,158.88
2555,158.9
2556,158.58
2557,158.35
2558,158.39
2559,158.04
2560,157.884
2561,157.69
2562,157.91
2563,157.04
2564,156.93
2565,156.965
2566,156.76999999999998
2567,156.9
2568,157.1
2569,156.98
2570,156.93
2571,156.78
2572,156.56
2573,156.41
2574,156.37
2575,156.305
2576,156.01
2577,156.05
2578,156.12
2579,156.14
2580,156.19
2581,155.99
2582,156.01
2583,155.76
2584,155.91
2585,156.22
2586,156.26
2587,156.05
2588,155.91999999999996
2589,155.925
2590,155.58
2591,155.15999999999997
2592,155.35
2593,155.78
2594,155.87
2595,155.985
2596,156.015
2597,156.245
2598,156.435
2599,156.48
2600,156.225
2601,156.22
2602,156.21
2603,156.12
2604,156.27
2605,156.62
2606,156.68
2607,156.91
2608,156.7162
2609,156.755
2610,156.80000000000004
2611,156.93
2612,156.91
2613,156.95
2614,157.08
2615,157.08
2616,158.345
2617,158.54
2618,158.71500000000003
2619,159.28
2620,159.65
2621,159.77
2622,159.605
2623,159.93
2624,160.12
2625,160.32
2626,160.1
2627,160.06
2628,159.96
2629,159.52
2630,159.56
2631,159.44
2632,159.49
2633,159.69
2634,159.87000000000003
2635,160.01
2636,160.41
2637,159.94
2638,160.09
2639,160.25
2640,160.50999999999996
2641,160.43
2642,159.53
2643,159.65
2644,159.74
2645,159.58
2646,159.31
2647,159.16
2648,159.22
2649,159.3799
2650,159.61
2651,159.655
2652,159.79
2653,159.77999999999997
2654,159.79
2655,159.93
2656,160.11
2657,160.22
2658,160.28
2659,160.21
2660,160.42
2661,160.4
2662,160.7
2663,160.52
2664,160.99
2665,160.9075
2666,160.4
2667,160.67
2668,161.59
2669,161.77
2670,162.3
2671,162.385
2672,163.45
2673,163.26
2674,162.44
2675,162.02
2676,161.73
2677,162.11999999999998
2678,161.83
2679,161.77
2680,161.74
2681,161.67
2682,162.05
2683,162.115
2684,162.11
2685,161.91
2686,161.87
2687,161.69
2688,161.49
2689,161.76
2690,161.79
2691,161.89
2692,161.8
2693,161.64
2694,161.715
2695,161.65
2696,161.49
2697,161.48
2698,161.42
2699,161.42
2700,161.41
2701,161.5
2702,161.68
2703,161.35
2704,161.48
2705,161.46
2706,161.48
2707,161.58
2708,161.57
2709,161.68
2710,161.6
2711,161.58
2712,161.38
2713,161.54
2714,161.415
2715,161.49
2716,161.55
2717,161.5
2718,161.5
2719,161.44
2720,162.5325
2721,162.71
2722,162.71
2723,163.0
2724,163.12
2725,163.25
2726,163.09
2727,163.22
2728,163.2
2729,163.16
2730,163.17
2731,163.02
2732,163.03
2733,162.91000000000003
2734,162.88000000000002
2735,162.5
2736,162.46
2737,162.2
2738,162.27
2739,162.415
2740,162.08
2741,162.1
2742,162.13
2743,162.08
2744,162.0
2745,162.23
2746,162.11999999999998
2747,162.2
2748,162.16
2749,162.0025
2750,162.01
2751,162.08999999999997
2752,162.15000000000003
2753,161.98
2754,161.8
2755,161.64
2756,161.89
2757,161.97
2758,161.87
2759,161.74
2760,161.82
2761,161.82
2762,160.97
2763,161.165
2764,160.955
2765,161.045
2766,161.115
2767,161.09
2768,160.99
2769,160.45
2770,160.88
2771,160.76
2772,160.72
2773,160.71
2774,160.77
2775,161.03
2776,161.01
2777,161.0
2778,161.11
2779,161.06
2780,161.02
2781,160.93
2782,160.91
2783,160.78
2784,160.8
2785,160.9
2786,161.065
2787,160.98
2788,162.515
2789,162.46
2790,161.85
2791,161.68
2792,161.95
2793,162.07
2794,162.03
2795,162.08999999999997
2796,162.13
2797,162.41
2798,162.55
2799,162.68
2800,162.56
2801,162.43
2802,162.43
2803,162.25
2804,162.745
2805,162.7915
2806,162.81
2807,162.91000000000003
2808,162.87
2809,162.8
2810,162.91000000000003
2811,162.995
2812,163.19
2813,162.93
2814,160.26
2815,160.9625
2816,160.417
2817,160.4
2818,160.53
2819,160.915
2820,161.04
2821,160.67
2822,160.45
2823,160.49
2824,160.68
2825,160.74
2826,160.47
2827,160.29
2828,160.43
2829,160.56
2830,160.5
2831,160.44
2832,160.34
2833,160.28
2834,160.0
2835,160.0
2836,159.96
2837,160.19
2838,160.0
2839,159.97
2840,158.83
2841,159.0
2842,159.115
2843,159.29
2844,159.01
2845,159.06
2846,158.88
2847,158.79
2848,158.75
2849,158.54
2850,158.82
2851,158.86
2852,158.87
2853,158.95
2854,158.88
2855,158.92
2856,158.83
2857,158.89
2858,158.91
2859,158.95
2860,159.0601
2861,159.02
2862,159.0
2863,159.19
2864,159.31
2865,159.16
2866,159.16
2867,159.75
2868,159.58
2869,159.52
2870,159.32
2871,159.35
2872,159.5
2873,159.995
2874,159.89
2875,159.97
2876,159.96
2877,159.955
2878,159.73
2879,159.82
2880,159.72
2881,159.55
2882,159.45
2883,159.42
2884,159.04
2885,159.37
2886,159.41
2887,159.28
2888,159.41
2889,159.3425
2890,159.36
2891,159.36
2892,159.45
2893,159.45
2894,159.4
2895,159.125
2896,158.85
2897,159.12
2898,158.98
2899,158.81
2900,158.91
2901,158.99
2902,158.79
2903,158.62
2904,158.76
2905,158.97
2906,159.04999999999998
2907,158.88
2908,159.07999999999998
2909,159.41
2910,159.35
2911,159.23
2912,158.88
2913,159.1575
2914,158.94
2915,159.07999999999998
2916,158.91
2917,158.78
2918,158.83
2919,158.86
2920,158.86
2921,158.05
2922,157.91
2923,157.94
2924,157.88
2925,158.34
2926,158.19999999999996
2927,158.32
2928,158.26000000000002
2929,158.06
2930,158.05
2931,158.28
2932,158.22
2933,158.34
2934,158.29000000000002
2935,158.26000000000002
2936,158.36
2937,158.4
2938,158.5
2939,158.5
2940,158.21
2941,157.85
2942,157.91
2943,158.03
2944,158.09
2945,158.0
2946,158.02
2947,157.42
2948,157.96
2949,158.0
2950,157.95
2951,157.58
2952,157.72
2953,157.27
2954,156.99
2955,157.52
2956,157.45
2957,157.45
2958,157.61
2959,157.68
2960,157.65
2961,157.91
2962,157.8
2963,157.45
2964,157.48
2965,157.75
2966,157.46999999999997
2967,157.63
2968,157.7975
2969,157.565
2970,157.48
2971,156.99
2972,157.2
2973,157.27
2974,157.74
2975,157.43
2976,157.14
2977,156.99
2978,157.27
2979,157.03
2980,156.845
2981,157.2
2982,157.04
2983,157.25
2984,157.225
2985,157.145
2986,157.02
2987,156.62
2988,156.815
2989,156.986
2990,157.05
2991,157.09
2992,157.39
2993,157.37
2994,157.25
2995,157.335
2996,157.42
2997,157.59
2998,157.69
2999,157.415
3000,157.92
3001,157.5
3002,157.37
3003,157.08
3004,157.08
3005,157.02
3006,157.31
3007,157.33
3008,157.48
3009,157.36
3010,157.35
3011,157.45
3012,157.4
3013,157.52
3014,157.64
3015,157.92
3016,158.07
3017,158.33
3018,158.15
3019,158.01
3020,158.11
3021,157.98
3022,158.01
3023,157.915
3024,157.775
3025,158.66
3026,158.93
3027,158.67
3028,158.58
3029,158.95
3030,159.29
3031,159.47
3032,159.13
3033,159.35
3034,159.075
3035,159.151
3036,159.26
3037,159.48
3038,159.47
3039,159.6
3040,159.51
3041,159.606
3042,159.64
3043,159.7
3044,159.97
3045,159.87
3046,159.67
3047,159.62
3048,159.53
3049,159.37
3050,159.23
3051,158.57
3052,158.85
3053,159.01
3054,159.12
3055,159.23
3056,159.04
3057,159.17
3058,159.045
3059,159.01
3060,159.2
3061,159.195
3062,158.96
3063,159.07
3064,159.02
3065,159.11
3066,159.12
3067,159.27
3068,159.35
3069,159.35
3070,159.4
3071,159.48
3072,159.5
3073,159.6
3074,159.7
3075,159.63
3076,159.54
3077,160.96
3078,160.93
3079,161.24
3080,161.32
3081,161.31
3082,161.3
3083,161.52
3084,161.78
3085,161.48
3086,161.59
3087,161.51
3088,161.52
3089,161.65
3090,161.61
3091,161.4
3092,161.55
3093,161.44
3094,161.46
3095,161.5
3096,161.38
3097,161.33
3098,161.35
3099,161.41
3100,161.495
3101,161.79
3102,161.54
3103,161.28
3104,161.2795
3105,160.595
3106,160.725
3107,160.39
3108,160.16
3109,160.13
3110,159.99
3111,160.135
3112,159.68
3113,160.0
3114,159.77
3115,159.79
3116,160.0
3117,159.98
3118,159.86
3119,159.7438
3120,159.75
3121,159.71
3122,159.86
3123,159.9
3124,159.99
3125,159.67
3126,159.745
3127,159.5
3128,159.65
3129,159.64
3130,159.76
3131,159.8
3132,159.4
3133,159.26
3134,159.23
3135,159.24
3136,159.32
3137,159.74
3138,159.9
3139,159.82
3140,159.59
3141,159.68
3142,159.73
3143,159.92
3144,159.86
3145,160.09
3146,160.54
3147,160.56
3148,160.46
3149,160.465
3150,160.39
3151,160.45
3152,160.22
3153,160.06
3154,160.03
3155,159.92
3156,159.92
3157,159.9
3158,159.18
3159,159.2
3160,159.37
3161,159.55
3162,159.08
3163,159.11
3164,158.98
3165,158.71
3166,158.77
3167,158.81
3168,159.02
3169,159.24
3170,159.32
3171,159.11
3172,158.93
3173,158.98
3174,158.91
3175,158.775
3176,158.7401
3177,158.66
3178,158.63
3179,158.7
3180,158.51
3181,158.5
3182,158.33
3183,159.27
3184,159.635
3185,159.49
3186,159.41
3187,158.91
3188,158.96
3189,158.92
3190,159.08
3191,158.89
3192,158.79
3193,158.93
3194,158.98
3195,159.0
3196,159.07
3197,159.2
3198,159.07
3199,159.01
3200,159.05
3201,159.61
3202,159.6
3203,159.29
3204,159.21
3205,159.47
3206,159.66
3207,159.47
3208,159.34
3209,159.35
3210,157.98
3211,157.97
3212,157.86
3213,157.54
3214,157.47
3215,156.93
3216,157.05
3217,157.11
3218,157.11
3219,156.61
3220,156.48
3221,156.12
3222,156.23
3223,155.77
3224,155.75
3225,156.33
3226,156.5
3227,156.58
3228,156.84
3229,157.0
3230,156.88
3231,156.5
3232,156.27
3233,156.04
3234,155.95
3235,155.92
3236,156.025
3237,155.91
3238,155.13
3239,155.19
3240,154.925
3241,154.63
3242,154.43
3243,154.57
3244,154.33
3245,154.05
3246,154.07
3247,154.24
3248,154.22
3249,154.27
3250,154.35
3251,154.52
3252,154.73
3253,154.96
3254,154.705
3255,154.47
3256,154.53
3257,154.55
3258,154.77
3259,154.77
3260,154.88
3261,154.55
3262,155.42
3263,155.56
3264,155.31
3265,155.11
3266,154.57
3267,154.445
3268,154.545
3269,154.8
3270,154.74
3271,155.355
3272,155.3425
3273,155.415
3274,155.66
3275,155.62
3276,155.41
3277,155.68
3278,156.06
3279,156.43
3280,156.25
3281,156.19
3282,156.44
3283,156.38
3284,156.46
3285,156.29
3286,156.32
3287,156.28
3288,155.7
3289,155.89
3290,156.06
3291,155.84
3292,156.25
3293,156.67
3294,157.27
3295,157.04
3296,156.84
3297,156.51
3298,156.15
3299,156.05
3300,156.275
3301,156.43
3302,156.51
3303,156.57
3304,155.35
3305,155.24
3306,154.9799
3307,155.5
3308,155.66
3309,156.05
3310,155.9375
3311,156.11
3312,156.16
3313,156.62
3314,154.1
3315,155.96
3316,155.96
3317,155.18
3318,155.01
3319,154.95
3320,155.0
3321,154.965
3322,155.9199
3323,156.58
3324,156.41
3325,156.72
3326,157.06
3327,157.27
3328,157.15
3329,157.365
3330,157.6858
3331,157.28
3332,157.66
3333,157.87
3334,157.94
3335,157.74
3336,157.47
3337,157.42
3338,157.115
3339,156.88
3340,157.62
3341,159.21
3342,159.54
3343,159.48
3344,159.18
3345,159.23
3346,158.37
3347,159.0975
3348,159.03
3349,159.1
3350,159.25
3351,159.26
3352,159.01
3353,158.99
3354,159.42
3355,159.39
3356,159.35
3357,159.404
3358,159.37
3359,159.4
3360,159.25
3361,159.07
3362,158.51
3363,158.27
3364,158.12
3365,158.17
3366,157.38
3367,158.22
3368,158.67
3369,158.39
3370,159.29
3371,159.018
3372,159.76
3373,159.93
3374,159.67
3375,159.57
3376,159.44
3377,159.35
3378,159.3
3379,159.39
3380,159.6
3381,160.18
3382,160.18
3383,160.24
3384,160.37
3385,160.26
3386,160.19
3387,160.215
3388,160.22
3389,160.4
3390,160.43
3391,160.42
3392,161.34
3393,161.92
3394,162.19
3395,161.89
3396,162.11
3397,162.07000000000002
3398,162.18
3399,162.62
3400,162.33
3401,162.395
3402,162.49
3403,162.63
3404,162.52
3405,162.36
3406,162.63
3407,162.4621
3408,162.615
3409,162.54
3410,162.91
3411,162.78
3412,162.74000000000004
3413,162.5
3414,162.7
3415,162.55
3416,162.645
3417,162.76
3418,162.92999999999998
3419,163.675
3420,163.56
3421,163.78
3422,163.66000000000003
3423,163.41
3424,162.85
3425,162.99
3426,162.985
3427,162.83
3428,162.78
3429,162.38999999999996
3430,162.55
3431,162.54
3432,162.60000000000002
3433,162.51
3434,162.52
3435,162.47000000000003
3436,162.35
3437,162.12999999999997
3438,162.43500000000003
3439,162.51
3440,162.48749999999998
3441,162.48
3442,162.525
3443,162.82
3444,161.325
3445,160.06
3446,160.43
3447,160.3
3448,160.3
3449,161.451
3450,161.825
3451,162.26999999999998
3452,162.03
3453,162.28
3454,162.24
3455,162.7
3456,162.52999999999997
3457,162.78999999999996
3458,162.52
3459,162.59
3460,162.38
3461,162.19
3462,162.07000000000002
3463,162.04
3464,162.09
3465,162.15
3466,161.885
3467,162.06
3468,162.35
3469,162.22
3470,162.24
3471,161.46
3472,161.5
3473,162.17
3474,161.79
3475,162.22
3476,162.265
3477,162.32
3478,162.25
3479,162.64
3480,162.725
3481,162.65
3482,162.74000000000004
3483,162.745
3484,162.81
3485,163.02
3486,163.11
3487,162.85
3488,162.78999999999996
3489,162.675
3490,162.69499999999996
3491,162.75
3492,162.95
3493,163.05
3494,163.27000000000004
3495,163.14
3496,163.18
3497,164.13
3498,164.17
3499,164.06000000000003
3500,163.625
3501,163.28
3502,163.0
3503,162.765
3504,162.78
3505,163.1
3506,162.69
3507,162.74
3508,163.21
3509,163.62
3510,163.98
3511,164.14
3512,163.85
3513,163.54
3514,163.49
3515,163.7
3516,164.01
3517,163.9
3518,163.82
3519,163.66
3520,163.47
3521,163.47
3522,163.55
3523,165.3
3524,166.18
3525,165.774
3526,165.86
3527,165.68
3528,165.84
3529,165.71
3530,165.94
3531,165.99
3532,165.87
3533,165.86
3534,165.71
3535,165.76
3536,165.63
3537,165.55
3538,165.5
3539,165.44
3540,165.61
3541,165.79
3542,165.69
3543,165.7
3544,165.61
3545,165.48
3546,165.33
3547,165.35
3548,165.34
3549,166.47
3550,166.16
3551,166.32
3552,166.28
3553,166.48
3554,166.64
3555,166.76
3556,166.705
3557,166.71
3558,166.605
3559,166.36
3560,166.51
3561,166.38
3562,166.32
3563,166.26
3564,166.47
3565,166.56
3566,166.54
3567,166.53
3568,166.7
3569,166.66
3570,166.495
3571,166.58
3572,166.71
3573,166.78
3574,167.0
3575,167.21
3576,167.3875
3577,168.08
3578,168.355
3579,168.04
3580,168.25
3581,168.57
3582,168.25
3583,168.35
3584,168.38
3585,168.24400000000003
3586,168.27
3587,168.11
3588,167.89
3589,168.04
3590,168.02
3591,168.58
3592,168.55
3593,168.19
3594,168.22
3595,168.38
3596,169.02
3597,169.44
3598,169.75
3599,169.86
3600,169.36
3601,169.68
3602,168.69
3603,168.54
3604,168.575
3605,168.78
3606,168.7
3607,168.85
3608,168.74
3609,168.95
3610,168.89
3611,168.81
3612,168.77
3613,168.875
3614,168.89
3615,168.96
3616,169.4
3617,169.16
3618,169.2108
3619,169.0002
3620,169.16
3621,169.31
3622,169.25
3623,169.44
3624,169.45
3625,169.39
3626,169.33
3627,168.85
3628,170.2
3629,170.36
3630,170.23
3631,170.05
3632,169.52
3633,169.61
3634,169.53
3635,169.44
3636,169.81
3637,169.78
3638,169.82
3639,169.8
3640,169.785
3641,169.77
3642,169.98
3643,170.03
3644,169.95
3645,170.11
3646,169.98
3647,169.94
3648,169.94
3649,170.07
3650,169.93
3651,169.89
3652,169.76
3653,170.41
3654,170.51
3655,170.38
3656,169.97
3657,169.975
3658,170.07
3659,170.02
3660,170.0525
3661,170.085
3662,170.16
3663,169.83
3664,169.77
3665,169.95
3666,170.0859
3667,170.1
3668,170.13
3669,169.99
3670,170.02
3671,170.04
3672,169.74
3673,169.985
3674,169.995
3675,170.15
3676,169.9825
3677,169.97
3678,169.97
3679,169.405
3680,169.08
3681,169.09
3682,169.48
3683,169.66
3684,169.525
3685,169.505
3686,169.3
3687,169.13
3688,169.04
3689,169.14
3690,168.87
3691,168.94
3692,168.99
3693,169.06
3694,169.0
3695,169.06
3696,169.06
3697,169.03
3698,168.91
3699,168.98
3700,168.96
3701,169.005
3702,169.08
3703,168.94
3704,168.94
3705,169.68
3706,169.47
3707,168.715
3708,168.91
3709,169.35
3710,169.36
3711,169.38
3712,169.29
3713,169.18
3714,169.33
3715,169.3
3716,169.4
3717,169.31
3718,169.28
3719,169.37
3720,169.28
3721,169.35
3722,169.33
3723,169.22
3724,169.24
3725,169.23
3726,169.59
3727,169.33
3728,169.44
3729,169.7
3730,169.67
3731,168.6
3732,168.24
3733,168.27
3734,168.18
3735,168.36
3736,168.66
3737,169.1
3738,169.05
3739,169.25
3740,169.205
3741,169.255
3742,169.21
3743,169.01
3744,169.01
3745,169.0
3746,169.0288
3747,169.0
3748,169.0899
3749,169.07
3750,169.11
3751,168.975
3752,169.04
3753,169.0475
3754,169.03
3755,169.01
3756,169.18
3757,169.22
3758,169.81
3759,170.04
3760,170.29
3761,169.7683
3762,169.42
3763,169.41
3764,169.17
3765,169.42
3766,169.04
3767,169.37
3768,169.34
3769,168.87
3770,169.02
3771,169.17
3772,169.09
3773,168.99
3774,169.0
3775,168.98
3776,169.29
3777,169.15
3778,169.23
3779,169.2
3780,169.34
3781,169.765
3782,169.81
3783,169.08
3784,169.55
3785,169.65
3786,169.25
3787,169.865
3788,169.52
3789,169.58
3790,169.36
3791,169.265
3792,169.23
3793,169.38
3794,169.2
3795,169.33
3796,169.18
3797,169.5
3798,169.47
3799,169.21
3800,169.041
3801,169.4
3802,169.2
3803,169.05
3804,168.89
3805,168.93
3806,168.94
3807,168.89
3808,169.03
3809,171.45
3810,171.115
3811,171.98
3812,171.515
3813,171.63
3814,171.745
3815,171.89
3816,172.48
3817,172.13
3818,172.61
3819,172.22
3820,172.27
3821,172.24
3822,172.08
3823,172.1
3824,172.35
3825,172.42
3826,173.26
3827,173.27
3828,172.96
3829,172.815
3830,172.52
3831,172.58
3832,172.58
3833,172.53
3834,172.46
3835,171.9
3836,172.13
3837,171.9
3838,172.19
3839,171.74
3840,172.26
3841,172.43
3842,172.34
3843,172.3
3844,172.41
3845,172.34
3846,172.45
3847,172.82
3848,172.9
3849,172.90400000000002
3850,172.615
3851,172.4
3852,172.36
3853,172.56
3854,172.67
3855,172.61
3856,172.67
3857,172.64
3858,172.47
3859,172.85
3860,172.855
3861,172.81
3862,172.94
3863,172.68
3864,172.68
3865,172.25
3866,172.6
3867,172.68
3868,172.91
3869,173.07
3870,172.85
3871,172.77
3872,172.88
3873,172.95
3874,172.8
3875,172.83
3876,172.57
3877,172.5
3878,172.39
3879,172.38
3880,172.41
3881,172.38
3882,172.29
3883,172.38
3884,172.4
3885,172.52
3886,172.46
3887,173.59
3888,173.39
3889,173.44
3890,173.48
3891,173.78
3892,173.64
3893,173.76
3894,173.77
3895,174.09
3896,174.245
3897,174.32
3898,174.32
3899,173.9
3900,173.77
3901,173.99
3902,174.01
3903,174.11
3904,174.25
3905,174.0
3906,173.9
3907,173.97
3908,174.02
3909,173.95
3910,173.56
3911,173.4
3912,173.56
3913,173.76
3914,173.5
3915,173.44
3916,173.59
3917,173.54
3918,173.76
3919,173.97
3920,173.96
3921,173.97
3922,173.88
3923,174.1
3924,174.18
3925,174.4
3926,174.42
3927,174.52
3928,174.52
3929,174.39
3930,174.6
3931,174.66
3932,174.65
3933,174.6
3934,174.5
3935,174.57
3936,174.72
3937,174.615
3938,174.71
3939,174.84
3940,174.8
3941,174.56
3942,174.66
3943,174.6
3944,174.7
3945,174.697
3946,174.63
3947,174.39
3948,174.185
3949,174.02
3950,174.37
3951,173.95
3952,173.98
3953,173.88
3954,173.23
3955,173.29
3956,172.92
3957,173.07
3958,173.24
3959,173.005
3960,173.05
3961,173.18
3962,173.09
3963,173.11
3964,173.28
3965,173.5
3966,173.53
3967,173.513
3968,173.54
3969,173.65
3970,173.64
3971,173.31
3972,173.53
3973,173.6
3974,173.62
3975,173.49
3976,173.42
3977,173.44
3978,173.32
3979,173.45
3980,173.27
3981,173.61
3982,173.87
3983,173.97
3984,173.78
3985,173.64
3986,173.4
3987,173.625
3988,173.43
3989,173.22
3990,173.74
3991,172.38
3992,171.59
3993,172.49
3994,172.62
3995,171.88
3996,171.99
3997,171.71
3998,171.08
3999,171.07
4000,171.19
4001,171.15
4002,171.0825
4003,170.89
4004,171.0
4005,171.07
4006,171.016
4007,170.92
4008,170.845
4009,170.94
4010,171.05
4011,171.25
4012,170.95
4013,171.01
4014,171.2
4015,170.94
4016,170.99
4017,170.95
4018,171.555
4019,171.39
4020,171.0
4021,171.12
4022,171.04
4023,171.12
4024,171.4
4025,171.535
4026,172.065
4027,172.1601
4028,172.29
4029,172.2
4030,172.14
4031,172.16
4032,172.03
4033,172.385
4034,172.47
4035,172.39
4036,172.31
4037,172.18
4038,172.12
4039,172.33
4040,172.33
4041,172.4
4042,172.59
4043,172.79
4044,172.28
4045,172.5
4046,172.48
4047,172.57
4048,172.415
4049,172.645
4050,172.73
4051,172.36
4052,172.27
4053,172.19
4054,172.17
4055,172.26
4056,172.04
4057,171.9
4058,171.82
4059,172.03
4060,172.06
4061,172.46
4062,172.49
4063,171.95
4064,172.37
4065,173.0
4066,173.11
4067,172.84
4068,172.76
4069,172.77
4070,173.43
4071,172.83
4072,173.29
4073,172.945
4074,172.81
4075,172.79
4076,172.81
4077,172.98
4078,172.93
4079,172.97
4080,172.78
4081,172.68
4082,172.445
4083,172.49
4084,172.55
4085,172.6
4086,172.84
4087,172.89
4088,173.02200000000005
4089,172.895
4090,172.72
4091,172.79
4092,172.89
4093,173.02
4094,173.13
4095,172.83
4096,172.735
4097,172.86
4098,172.91
4099,172.885
4100,172.3
4101,172.14
4102,172.89
4103,172.65
4104,172.44
4105,172.21
4106,171.99
4107,172.04
4108,172.06
4109,171.98
4110,171.79
4111,171.9325
4112,171.72
4113,171.91
4114,172.01
4115,172.12
4116,172.13
4117,172.02
4118,172.0
4119,172.07
4120,172.06
4121,171.96
4122,170.7
4123,170.88
4124,170.78
4125,170.42
4126,170.145
4127,170.0398
4128,169.64
4129,169.99
4130,169.5225
4131,169.48
4132,169.36
4133,169.48
4134,169.65
4135,169.79
4136,169.87
4137,170.14
4138,169.74
4139,169.51
4140,169.69
4141,169.57
4142,169.8
4143,169.95
4144,169.73
4145,169.895
4146,170.07
4147,169.84
4148,170.31
4149,170.21
4150,170.3699
4151,170.155
4152,170.055
4153,169.95
4154,169.95
4155,169.87
4156,169.9
4157,170.02
4158,170.23
4159,170.08700000000005
4160,169.98
4161,169.98
4162,169.93
4163,169.99
4164,170.11
4165,169.75
4166,169.52
4167,169.59
4168,169.6
4169,169.61
4170,169.71
4171,169.72
4172,169.92
4173,170.01
4174,169.01
4175,168.11
4176,168.06
4177,167.46
4178,167.6025
4179,167.615
4180,167.66
4181,168.0
4182,168.06
4183,167.57
4184,167.34
4185,167.12
4186,167.33
4187,167.315
4188,167.43
4189,167.43
4190,167.765
4191,167.52
4192,167.08
4193,167.34
4194,167.37
4195,167.43
4196,167.41
4197,167.37
4198,167.59
4199,167.66
4200,167.0
4201,166.59
4202,165.87
4203,165.39
4204,164.78
4205,164.77
4206,164.23
4207,164.46
4208,164.72
4209,164.58
4210,164.48
4211,164.04
4212,164.15
4213,164.21
4214,164.93
4215,165.0
4216,165.125
4217,165.21
4218,165.27
4219,165.13
4220,165.29
4221,165.16
4222,165.16
4223,165.15
4224,165.46
4225,164.89
4226,165.6
4227,165.08
4228,164.99
4229,165.08
4230,165.03
4231,164.61
4232,164.0
4233,163.3
4234,163.518
4235,163.88
4236,163.98
4237,163.99
4238,164.02
4239,164.08
4240,164.425
4241,164.72
4242,164.77
4243,165.04
4244,165.31
4245,165.64
4246,165.775
4247,165.57
4248,165.89
4249,165.5175
4250,165.415
4251,165.6
4252,165.175
4253,165.69
4254,165.76
4255,165.655
4256,165.81
4257,165.58
4258,165.65
4259,165.42
4260,165.26
4261,165.4
4262,165.1
4263,165.09
4264,164.9
4265,164.94
4266,164.98
4267,165.345
4268,165.24
4269,165.35
4270,165.18
4271,164.99
4272,164.9
4273,165.27
4274,165.39
4275,165.31
4276,165.025
4277,165.06
4278,164.37
4279,164.18
4280,164.1
4281,163.97
4282,164.62
4283,164.93
4284,165.37
4285,165.485
4286,165.3
4287,165.19
4288,165.215
4289,165.075
4290,165.02
4291,165.05
4292,165.23
4293,164.99
4294,164.97
4295,164.89
4296,164.83
4297,164.82
4298,164.705
4299,164.77
4300,164.59
4301,164.83
4302,164.91099999999997
4303,164.75
4304,163.935
4305,164.3
4306,163.78
4307,163.79
4308,163.395
4309,163.76
4310,164.05
4311,163.52
4312,163.17
4313,163.38
4314,163.25
4315,163.36
4316,163.05
4317,163.0
4318,162.6479
4319,162.47
4320,162.08
4321,161.95
4322,162.21
4323,162.57
4324,162.69
4325,162.3
4326,162.29
4327,162.87
4328,163.305
4329,163.35
4330,164.16
4331,164.85
4332,164.49
4333,164.38
4334,164.08
4335,164.165
4336,164.35
4337,164.495
4338,164.22
4339,164.49
4340,164.78
4341,164.84
4342,164.72
4343,165.52
4344,166.57
4345,166.99
4346,166.44
4347,166.46
4348,167.09
4349,166.98
4350,167.0
4351,167.21
4352,167.2
4353,167.1
4354,166.97
4355,167.13
4356,167.05
4357,167.34
4358,167.78
4359,168.22
4360,166.96400000000003
4361,167.31
4362,167.21
4363,167.22
4364,167.08
4365,167.12
4366,167.0
4367,167.04
4368,167.22
4369,167.06
4370,166.94
4371,166.865
4372,166.63
4373,166.62
4374,166.65
4375,166.59
4376,166.83
4377,166.81
4378,166.99
4379,166.89
4380,166.62
4381,166.4
4382,166.31
4383,166.1599
4384,165.7
4385,165.78
4386,165.74
4387,164.86
4388,164.97
4389,164.72
4390,164.12
4391,164.31
4392,164.48
4393,165.04
4394,164.18
4395,164.4
4396,164.43
4397,164.44
4398,164.55
4399,164.43
4400,164.23
4401,164.37
4402,164.35
4403,164.46
4404,164.21
4405,164.64
4406,164.46
4407,164.39
4408,163.75
4409,163.65
4410,164.0
4411,164.31
4412,164.52
4413,164.15
4414,164.09
4415,163.95
4416,164.04
4417,164.12
4418,164.34
4419,164.63
4420,164.79
4421,164.57
4422,164.455
4423,164.6
4424,164.46
4425,164.65
4426,164.64
4427,164.33
4428,164.5
4429,164.33
4430,164.03
4431,163.195
4432,163.14
4433,163.12
4434,163.1
4435,163.975
4436,163.56
4437,164.22
4438,164.74
4439,164.035
4440,163.7
4441,162.92
4442,163.21
4443,163.445
4444,163.51
4445,163.61
4446,163.57
4447,163.74
4448,163.88
4449,164.13
4450,163.99
4451,163.89
4452,164.41
4453,165.29
4454,165.635
4455,165.68
4456,165.32
4457,165.9
4458,166.13
4459,166.23
4460,166.08
4461,165.76
4462,165.24
4463,165.93
4464,165.7
4465,165.1
4466,165.195
4467,165.255
4468,165.412
4469,165.0
4470,164.85
4471,164.59
4472,163.965
4473,164.17
4474,164.21
4475,163.11
4476,163.19
4477,163.64
4478,163.49
4479,163.01
4480,163.055
4481,163.275
4482,163.31
4483,163.425
4484,163.74
4485,163.54
4486,163.01
4487,164.12
4488,162.77
4489,161.92
4490,161.11
4491,161.06
4492,161.07
4493,161.65
4494,161.11
4495,161.25
4496,161.31
4497,162.17
4498,162.0
4499,162.35
4500,162.11
4501,162.05
4502,161.52
4503,162.01
4504,161.87
4505,161.81
4506,161.22
4507,161.35
4508,160.935
4509,160.96
4510,160.84
4511,160.47
4512,159.76
4513,158.61
4514,159.43
4515,158.72
4516,158.48
4517,158.83
4518,159.3
4519,158.49999999999997
4520,158.95
4521,158.97
4522,159.12
4523,159.49
4524,159.99
4525,159.69
4526,159.48
4527,159.64
4528,159.714
4529,159.76
4530,159.69
4531,159.57
4532,159.04
4533,158.6
4534,158.81
4535,158.485
4536,157.6
4537,157.51
4538,158.65
4539,157.42
4540,157.87
4541,157.46
4542,157.55
4543,158.08
4544,158.09
4545,158.48
4546,158.69
4547,158.63
4548,158.64
4549,158.33
4550,158.34
4551,158.28
4552,158.52
4553,158.04
4554,158.04
4555,157.94
4556,158.3
4557,157.5
4558,157.6
4559,157.36
4560,157.48
4561,157.34
4562,157.7
4563,157.7
4564,154.94
4565,154.86
4566,156.01
4567,156.385
4568,155.63
4569,156.06
4570,156.27
4571,155.29
4572,155.205
4573,155.26
4574,154.74
4575,154.59
4576,154.2
4577,154.26
4578,154.37
4579,153.86
4580,154.03
4581,154.63
4582,154.37
4583,154.41
4584,155.02
4585,155.13
4586,155.55
4587,156.17
4588,157.38
4589,156.69
4590,155.67
4591,156.035
4592,155.04
4593,156.15
4594,156.24
4595,157.34
4596,157.51
4597,158.71
4598,158.74
4599,158.05
4600,157.68
4601,157.59
4602,157.67
4603,158.47
4604,158.77
4605,159.03
4606,159.41
4607,158.52
4608,158.555
4609,158.27
4610,158.08
4611,157.59799999999996
4612,157.929
4613,158.14
4614,157.66
4615,157.7
4616,158.135
4617,158.35
4618,157.99
4619,157.45
4620,156.67
4621,156.96
4622,157.3
4623,157.32
4624,157.565
4625,157.51
4626,157.15
4627,156.91
4628,157.06
4629,157.12
4630,157.04
4631,157.0
4632,156.76
4633,156.42
4634,156.32
4635,155.98
4636,156.1
4637,156.06
4638,156.25
4639,156.01
4640,156.185
4641,156.26
4642,155.69
4643,155.34
4644,155.93
4645,156.2
4646,156.255
4647,155.93
4648,156.09
4649,156.15
4650,156.1
4651,156.305
4652,156.56
4653,156.65
4654,156.68
4655,156.53
4656,156.38
4657,156.72
4658,156.61
4659,156.55
4660,156.92
4661,156.9001
4662,157.09
4663,157.145
4664,157.45
4665,157.15
4666,157.19000000000003
4667,157.19000000000003
4668,158.98000000000002
4669,158.81
4670,159.09
4671,158.86
4672,158.76
4673,158.57
4674,158.74
4675,159.38
4676,159.89
4677,160.07
4678,160.09
4679,160.22
4680,160.23
4681,159.8
4682,159.76
4683,159.73
4684,160.045
4685,160.13
4686,160.54
4687,160.72
4688,160.78
4689,160.47
4690,160.84
4691,161.11
4692,160.955
4693,161.14
4694,161.62000000000003
4695,162.36
4696,162.05
4697,162.48
4698,162.39
4699,162.52
4700,162.81
4701,162.91
4702,162.81
4703,162.82
4704,162.41
4705,162.39
4706,161.78
4707,161.85
4708,161.68
4709,161.6397
4710,161.93
4711,161.69
4712,161.7
4713,161.44
4714,161.46
4715,161.69
4716,161.44
4717,161.46
4718,161.08
4719,160.58
4720,162.695
4721,161.7999
4722,162.5
4723,162.42
4724,162.36
4725,163.13
4726,163.32
4727,162.94
4728,162.68
4729,162.715
4730,162.34
4731,162.33
4732,161.8
4733,161.47
4734,161.46
4735,161.49
4736,161.41
4737,161.27
4738,161.96999999999997
4739,162.09
4740,161.87
4741,161.49
4742,161.21
4743,161.22
4744,161.41
4745,161.17
4746,160.54
4747,159.72
4748,159.86
4749,159.69
4750,159.99
4751,160.29
4752,160.42
4753,160.3
4754,160.335
4755,160.28
4756,160.17969999999997
4757,160.055
4758,160.15
4759,160.36
4760,160.54
4761,160.42
4762,160.48
4763,160.3
4764,160.22
4765,160.1
4766,160.03
4767,160.01
4768,159.91
4769,159.5
4770,160.14
4771,160.23
4772,160.0
4773,159.27
4774,158.6
4775,159.01
4776,159.19
4777,159.13
4778,159.44
4779,159.35
4780,159.49
4781,159.345
4782,159.98
4783,159.84
4784,159.915
4785,160.29
4786,160.7
4787,160.48
4788,160.32
4789,160.56
4790,160.91
4791,160.92
4792,160.88
4793,160.7
4794,161.025
4795,161.07
4796,161.3
4797,161.31
4798,160.09
4799,159.87
4800,159.81
4801,159.83000000000004
4802,160.2
4803,160.24
4804,160.05
4805,160.25
4806,160.7
4807,160.36
4808,160.65
4809,160.69
4810,160.96
4811,160.96
4812,161.06
4813,161.2075
4814,161.14
4815,161.3364
4816,160.97
4817,160.5
4818,160.28
4819,160.13
4820,160.68
4821,160.77
4822,161.17
4823,160.91
4824,159.87
4825,165.83
4826,164.84
4827,162.41
4828,164.0
4829,164.2544
4830,164.63
4831,164.65
4832,164.06499999999997
4833,163.72
4834,164.0
4835,163.99
4836,164.01
4837,163.55
4838,163.48
4839,163.47
4840,162.92999999999998
4841,162.66
4842,161.61
4843,163.04
4844,162.52
4845,162.6
4846,161.5
4847,161.61
4848,161.7
4849,161.85
4850,162.44
4851,163.225
4852,163.3
4853,163.68
4854,164.57
4855,164.93
4856,165.6
4857,165.47
4858,165.61
4859,165.97
4860,165.81
4861,165.83
4862,165.82
4863,165.73
4864,165.96
4865,166.22
4866,166.34
4867,166.5
4868,166.17
4869,166.45
4870,166.56
4871,166.08
4872,166.35
4873,165.98
4874,165.89
4875,166.11
4876,166.838
4877,167.45
4878,166.75
4879,166.44
4880,166.33
4881,166.36
4882,166.37
4883,166.16000000000003
4884,165.47
4885,165.26
4886,165.43999999999997
4887,165.29
4888,165.29
4889,165.4
4890,165.4
4891,165.35
4892,165.38
4893,164.9234
4894,165.11700000000005
4895,164.77
4896,164.6
4897,164.55
4898,164.6
4899,164.55
4900,164.56
4901,164.81
4902,164.83
4903,164.75
4904,164.93
4905,164.76
4906,165.07
4907,165.69
4908,165.69
4909,165.56
4910,165.83
4911,166.25
4912,166.43
4913,166.24
4914,166.1901
4915,166.07
4916,166.16000000000003
4917,166.39
4918,166.54
4919,166.41
4920,166.2
4921,166.03
4922,165.77
4923,165.66
4924,165.81
4925,165.545
4926,165.5
4927,165.74
4928,163.64
4929,163.47
4930,163.48
4931,163.16
4932,163.09
4933,162.55
4934,162.63
4935,162.91
4936,163.04
4937,163.01
4938,163.24
4939,163.39
4940,163.6
4941,163.56
4942,163.88
4943,163.71
4944,163.43
4945,164.16
4946,164.29
4947,164.21
4948,163.91
4949,164.18
4950,164.15
4951,164.0
4952,163.78
4953,164.13000000000002
4954,164.97
4955,164.475
4956,164.705
4957,164.32
4958,164.09
4959,164.7
4960,164.77
4961,164.85
4962,164.965
4963,165.32
4964,165.43999999999997
4965,165.405
4966,165.25
4967,164.9476
4968,165.02
4969,164.82
4970,164.53
4971,164.7
4972,164.85
4973,164.99
4974,164.76
4975,164.8
4976,164.74
4977,164.67
4978,164.7
4979,164.76
4980,166.13
4981,166.709
4982,167.7
4983,167.63
4984,168.36
4985,169.14
4986,168.94
4987,168.94
4988,169.52
4989,169.29
4990,169.065
4991,169.08
4992,169.41
4993,169.7308
4994,169.679
4995,169.97999999999996
4996,170.15
4997,170.6
4998,170.52
4999,170.37
5000,170.28
5001,170.4499
5002,170.6
5003,170.81
5004,171.5
5005,171.38
5006,171.26
5007,171.77
5008,172.79
5009,172.45
5010,172.00099999999995
5011,172.7575
5012,172.71
5013,173.06
5014,173.16
5015,173.28
5016,173.26
5017,173.75
5018,173.905
5019,174.08
5020,174.04
5021,174.73
5022,174.595
5023,174.68
5024,174.7
5025,174.38
5026,174.45
5027,174.2
5028,174.09
5029,174.0
5030,173.94
5031,174.03
5032,174.62
5033,174.52
5034,174.73
5035,174.92
5036,174.925
5037,175.32
5038,174.76
5039,174.63
5040,174.4
5041,174.17
5042,174.1464
5043,173.92
5044,173.61
5045,173.77
5046,173.61
5047,173.41
5048,173.37
5049,173.13
5050,172.43599999999995
5051,172.33
5052,172.03
5053,171.78599999999997
5054,171.82
5055,171.75
5056,171.58
5057,171.91
5058,170.82
5059,171.95
5060,172.11
5061,171.9
5062,171.85
5063,171.9
5064,172.13
5065,171.95
5066,171.6
5067,171.64
5068,171.92
5069,171.64
5070,171.67
5071,171.48
5072,171.04
5073,171.25
5074,171.2
5075,170.89
5076,170.58
5077,170.53
5078,170.61
5079,171.06
5080,171.11
5081,171.05
5082,171.0
5083,171.01
5084,171.27
5085,170.63
5086,170.81
5087,170.7
5088,170.26
5089,169.9
5090,170.45
5091,171.03
5092,170.835
5093,170.96
5094,170.93
5095,171.15
5096,171.28599999999997
5097,171.61
5098,171.5458
5099,171.62
5100,172.13
5101,172.47
5102,172.59
5103,172.92
5104,172.53
5105,172.56
5106,172.57
5107,173.11
5108,173.36
5109,172.92
5110,172.79
5111,172.625
5112,172.81
5113,173.87
5114,173.115
5115,173.41
5116,172.9325
5117,172.65
5118,171.535
5119,172.44
5120,172.91
5121,172.91
5122,172.54
5123,172.51
5124,172.5399
5125,172.34
5126,172.48
5127,172.795
5128,172.48
5129,172.4
5130,172.5
5131,172.39
5132,172.805
5133,172.76
5134,172.99
5135,173.11
5136,172.87
5137,173.14
5138,173.78
5139,173.56
5140,173.52
5141,173.87
5142,173.58
5143,173.745
5144,173.57
5145,173.56
5146,173.64
5147,173.83
5148,174.01
5149,173.98
5150,174.03
5151,173.95
5152,173.99
5153,173.95
5154,174.06
5155,174.14
5156,174.17
5157,174.4
5158,174.655
5159,174.56
5160,174.56
5161,174.24
5162,174.56
5163,174.94
5164,175.01
5165,175.385
5166,175.86
5167,175.88
5168,175.38
5169,175.33
5170,175.45
5171,175.73
5172,175.86
5173,176.13
5174,175.79
5175,175.99
5176,175.94
5177,176.15
5178,175.87
5179,175.79
5180,175.73
5181,175.68
5182,175.8
5183,175.81
5184,175.8
5185,175.86
5186,175.9
5187,176.02
5188,175.75
5189,175.86
5190,175.47
5191,175.49
5192,175.19
5193,174.7
5194,175.23
5195,175.34
5196,175.71
5197,175.81
5198,175.68
5199,175.58
5200,175.675
5201,175.56
5202,175.67
5203,175.615
5204,175.865
5205,176.135
5206,176.2
5207,176.28
5208,176.4
5209,176.22
5210,176.55
5211,176.475
5212,176.645
5213,176.56
5214,176.78
5215,177.25
5216,176.92
5217,176.9
5218,176.79
5219,176.64
5220,177.15
5221,177.23
5222,177.23
5223,177.24
5224,177.2
5225,177.35
5226,177.69
5227,178.56
5228,178.63
5229,178.62
5230,178.87
5231,178.98
5232,179.1
5233,179.25
5234,179.19
5235,179.26
5236,179.12
5237,179.69
5238,179.48
5239,179.65
5240,178.75
5241,179.78
5242,180.12
5243,180.25
5244,181.2
5245,180.49
5246,181.06
5247,180.935
5248,181.06
5249,180.9
5250,181.34099999999998
5251,181.665
5252,181.82
5253,181.53
5254,181.535
5255,181.22
5256,180.965
5257,180.71
5258,180.33
5259,180.21
5260,179.86
5261,179.97
5262,179.68
5263,179.76
5264,179.79
5265,179.75
5266,182.185
5267,182.14
5268,181.96
5269,181.64
5270,181.2
5271,180.69
5272,180.4
5273,180.31
5274,180.15
5275,180.01
5276,180.7
5277,180.64
5278,180.52
5279,180.305
5280,179.99
5281,179.65
5282,179.59
5283,179.69
5284,179.56
5285,179.66
5286,179.65
5287,179.53
5288,179.9399
5289,180.0
5290,180.26
5291,180.11
5292,180.13
5293,179.04
5294,178.88
5295,180.23
5296,180.2
5297,180.53
5298,180.55
5299,180.6
5300,180.26
5301,180.68
5302,180.75
5303,180.99
5304,180.88
5305,180.87
5306,180.73
5307,180.9
5308,181.17
5309,181.24
5310,181.51
5311,181.65
5312,181.59
5313,181.29
5314,181.11
5315,181.04
5316,181.09
5317,181.17
5318,181.28
5319,182.65
5320,183.24
5321,181.925
5322,182.28
5323,181.97
5324,181.61
5325,181.34
5326,181.34
5327,181.69
5328,181.34
5329,181.41
5330,181.27
5331,182.18
5332,181.87
5333,181.85
5334,182.45
5335,182.88
5336,182.83
5337,183.36
5338,183.21
5339,183.07
5340,182.715
5341,183.06
5342,183.09
5343,182.88
5344,182.66
5345,182.66
5346,182.225
5347,182.99
5348,183.135
5349,182.74
5350,182.49
5351,182.52
5352,182.41
5353,182.79
5354,182.64
5355,182.89
5356,182.89
5357,182.62
5358,182.52
5359,182.45
5360,182.545
5361,182.26
5362,182.1
5363,181.86
5364,181.74
5365,181.93
5366,181.981
5367,182.01
5368,181.81
5369,181.68
5370,182.02
5371,183.48
5372,184.52
5373,184.71
5374,184.85
5375,184.95
5376,184.97
5377,184.91
5378,184.61
5379,184.99
5380,185.04
5381,185.02
5382,185.05
5383,184.8
5384,184.89
5385,184.9
5386,181.83
5387,181.06
5388,181.44
5389,181.58
5390,181.25
5391,180.98
5392,180.98
5393,181.05
5394,181.36
5395,181.4
5396,181.35
5397,181.12
5398,180.9
5399,181.22
5400,181.12
5401,181.16
5402,181.225
5403,181.26
5404,180.9
5405,180.87
5406,181.04
5407,181.07
5408,181.11
5409,181.43
5410,181.16
5411,181.34
5412,181.36
5413,181.78
5414,182.145
5415,182.33
5416,182.27
5417,180.98
5418,180.92
5419,181.45
5420,180.78
5421,180.77
5422,180.521
5423,180.53
5424,180.62
5425,180.45
5426,180.335
5427,180.43
5428,180.93
5429,180.75
5430,180.79
5431,180.85
5432,180.71
5433,180.73
5434,180.86
5435,180.83
5436,180.97
5437,180.68
5438,180.57
5439,180.6
5440,181.81
5441,181.45
5442,181.43
5443,183.04
5444,183.2
5445,182.63
5446,182.81
5447,182.6
5448,182.85
5449,182.45
5450,182.58
5451,182.29
5452,182.34
5453,182.43
5454,182.65
5455,182.83
5456,182.71
5457,182.17
5458,182.355
5459,182.46
5460,182.53
5461,182.26
5462,183.06
5463,183.35
5464,183.26
5465,183.23
5466,183.28
5467,183.36
5468,183.33
5469,183.5
5470,182.88
5471,182.665
5472,183.48
5473,183.3275
5474,183.03
5475,183.33
5476,183.445
5477,183.67
5478,183.88099999999997
5479,184.01
5480,183.72
5481,183.77
5482,183.57
5483,183.59
5484,183.155
5485,183.5
5486,183.34
5487,183.3
5488,183.32
5489,182.98
5490,182.61
5491,182.995
5492,183.15
5493,183.16
5494,182.8975
5495,182.548
5496,182.415
5497,182.19
5498,182.175
5499,181.91
