,0
0,168.58
1,168.47
2,168.35
3,168.1
4,167.9
5,168.0
6,168.04
7,168.03
8,168.0
9,168.02
10,167.95
11,167.95
12,167.78
13,167.65
14,167.59
15,167.08
16,166.51
17,166.91
18,167.07
19,167.17
20,167.28
21,167.28
22,167.34
23,167.0
24,167.12
25,167.01
26,167.41
27,167.79
28,167.735
29,167.96999999999997
30,167.88
31,168.06
32,167.8
33,167.81000000000003
34,167.72
35,167.35
36,167.13999999999996
37,167.26
38,167.42
39,165.94
40,166.12
41,165.69
42,165.55
43,165.97
44,165.928
45,166.14
46,166.4
47,165.41
48,165.91
49,166.005
50,165.82
51,166.1
52,166.3
53,166.4
54,166.31
55,166.5
56,166.22999999999996
57,166.43
58,166.3
59,166.71
60,166.79
61,166.59
62,166.58
63,166.58
64,166.46
65,166.48
66,162.89
67,162.4
68,163.19
69,161.56
70,162.48
71,162.53
72,162.6
73,161.65
74,161.62
75,161.98
76,162.22
77,161.72
78,162.06
79,161.57
80,161.65
81,161.88
82,161.82
83,161.48000000000002
84,161.403
85,161.71
86,161.67
87,161.83
88,161.9
89,161.73
90,161.49
91,161.55
92,161.54
93,162.55
94,163.465
95,163.93
96,163.23
97,163.668
98,163.01
99,163.06
100,162.795
101,162.03
102,162.0
103,161.995
104,161.91
105,161.99
106,162.03
107,162.23
108,162.05
109,162.13
110,162.2
111,162.42
112,162.64
113,163.05
114,163.15
115,162.86
116,162.82
117,162.72
118,162.37
119,162.38
120,163.415
121,163.99
122,164.0
123,163.87
124,163.78
125,163.91
126,163.91
127,163.88
128,163.6
129,163.89
130,163.94
131,163.63
132,163.695
133,163.48
134,163.865
135,164.75
136,164.56
137,164.42
138,164.185
139,164.3
140,164.17000000000002
141,164.13000000000002
142,164.3
143,164.43
144,164.53
145,164.98
146,164.91
147,178.0
148,176.9
149,177.49
150,177.61
151,176.85
152,177.16
153,176.65
154,177.25
155,177.17
156,177.38999999999996
157,178.07
158,178.11
159,177.53
160,177.68
161,176.69
162,176.33
163,176.16000000000003
164,176.04
165,175.285
166,174.97099999999998
167,175.84
168,175.26
169,175.09
170,174.95
171,174.75
172,174.63
173,174.63
174,173.62
175,174.48
176,175.15
177,175.11
178,175.23
179,174.57
180,175.49
181,176.16000000000003
182,175.36999999999998
183,175.27
184,175.61
185,175.5
186,175.95
187,176.36599999999999
188,176.63
189,176.94
190,177.38
191,177.6
192,177.64499999999998
193,177.24
194,176.97
195,177.37
196,177.27
197,177.43200000000004
198,177.62
199,178.06000000000003
200,178.06000000000003
201,178.615
202,178.38
203,178.07
204,177.97
205,177.82
206,176.85
207,177.56
208,177.71
209,177.735
210,178.10000000000002
211,177.71
212,177.65
213,177.67
214,177.04
215,177.045
216,176.93
217,177.42
218,177.36
219,178.12
220,177.72
221,177.22
222,177.2
223,177.56
224,177.53
225,177.43
226,177.47
227,177.56
228,177.53
229,178.257
230,177.27
231,177.18
232,177.21
233,177.42
234,177.38
235,177.28
236,177.22
237,177.019
238,176.84
239,176.55
240,176.62
241,176.7
242,176.64
243,176.53
244,176.76
245,176.61
246,176.7
247,176.73
248,176.74
249,176.85
250,177.02
251,176.98
252,177.04
253,177.01
254,177.01
255,177.78
256,177.91
257,177.47
258,177.34
259,177.5
260,177.49
261,177.48
262,177.0
263,176.89
264,176.66
265,176.95
266,177.4
267,177.27
268,177.18999999999997
269,177.04
270,177.2
271,177.10999999999999
272,176.85
273,176.68
274,177.13
275,176.76
276,176.8
277,176.7
278,176.74
279,176.78
280,176.79
281,176.79
282,177.21
283,177.33
284,177.165
285,177.6
286,177.71
287,177.52
288,177.06
289,176.75
290,176.39
291,176.68
292,176.69500000000002
293,176.85
294,177.10999999999999
295,177.01
296,176.98
297,176.99000000000004
298,177.09
299,176.87
300,176.505
301,176.385
302,175.935
303,175.7
304,175.62
305,175.93
306,175.81
307,175.63
308,175.63
309,174.39
310,173.285
311,174.265
312,174.06
313,173.83
314,173.75
315,173.52
316,173.52
317,173.58599999999996
318,174.18
319,174.575
320,174.585
321,174.775
322,175.0
323,174.73
324,174.83
325,175.03
326,174.796
327,174.76
328,174.9
329,174.82
330,174.93
331,175.11
332,175.04
333,174.9
334,174.84
335,174.86
336,176.55
337,176.17
338,176.52
339,176.57
340,176.41
341,176.445
342,176.49
343,176.47
344,176.15
345,176.69
346,176.39
347,176.51
348,176.55
349,176.44
350,176.67
351,176.85
352,177.31
353,177.08
354,176.4
355,175.24
356,175.58
357,176.01
358,175.58
359,175.805
360,176.41
361,176.01
362,176.07
363,175.61
364,176.012
365,176.61
366,177.41
367,176.77200000000005
368,176.18
369,176.31
370,176.33
371,175.85
372,176.15
373,175.94
374,175.63
375,175.75
376,175.84
377,176.01
378,176.25
379,176.21
380,176.29
381,176.9
382,177.35
383,177.31
384,177.16899999999998
385,177.28
386,176.83
387,176.928
388,176.99000000000004
389,177.04
390,176.4
391,175.99
392,176.45500000000004
393,176.21
394,176.38
395,175.72
396,175.19
397,175.6
398,175.4
399,175.565
400,175.88
401,175.85
402,175.875
403,175.88
404,175.61
405,175.438
406,175.44
407,175.04
408,175.247
409,175.24
410,174.885
411,174.26
412,173.97
413,173.63
414,173.61
415,173.41
416,173.51000000000002
417,171.61
418,171.66
419,171.92
420,171.76
421,171.923
422,172.45
423,172.19
424,172.34
425,172.24
426,171.56
427,171.14
428,171.18
429,171.08
430,171.06599999999997
431,170.83
432,170.97
433,170.57
434,170.65
435,170.49
436,170.28
437,170.84
438,170.98
439,171.43
440,171.26
441,170.47
442,170.61
443,170.62000000000003
444,171.64
445,171.625
446,171.26
447,171.32
448,171.2
449,170.503
450,170.435
451,170.76
452,171.02
453,170.8
454,170.8
455,170.67
456,170.56
457,170.85
458,170.826
459,170.8
460,171.19
461,171.18
462,171.24
463,171.2
464,170.75
465,170.81
466,170.71
467,170.76
468,170.62000000000003
469,171.17
470,171.12
471,172.47
472,173.0
473,173.59
474,173.41
475,173.19
476,172.57
477,172.42
478,172.39
479,172.15
480,172.19
481,171.83
482,171.84
483,171.92
484,172.1
485,172.16
486,171.88
487,171.67
488,171.095
489,171.0
490,171.1
491,170.84
492,170.81
493,170.81999999999996
494,170.31
495,169.94
496,168.87999999999997
497,168.87999999999997
498,171.24
499,171.61
500,170.43
501,170.79
502,170.45
503,170.03
504,169.11
505,169.1
506,168.47
507,169.03
508,169.53000000000003
509,169.95
510,170.38099999999994
511,169.79
512,169.99
513,169.81999999999996
514,169.86
515,169.84
516,170.05
517,170.59
518,170.35
519,170.18
520,170.11
521,170.32
522,170.25999999999996
523,170.21
524,170.12
525,172.21
526,171.10200000000003
527,171.38
528,171.96
529,173.035
530,172.43
531,172.64
532,172.82
533,172.78
534,172.74
535,172.94
536,172.61
537,172.585
538,172.28
539,172.61
540,172.72
541,172.4
542,172.51
543,172.83
544,172.77800000000002
545,172.21
546,171.10200000000003
547,173.24
548,171.96
549,173.035
550,173.31999999999996
551,172.64
552,172.82
553,172.78
554,172.74
555,172.94
556,172.61
557,172.585
558,172.28
559,172.61
560,172.72
561,172.4
562,172.51
563,172.83
564,172.77800000000002
565,173.11
566,173.55599999999995
567,173.24
568,173.31999999999996
569,173.7
570,173.31999999999996
571,173.31
572,173.79
573,173.93
574,173.81
575,173.7
576,173.07
577,172.52
578,173.21
579,173.41
580,173.67
581,173.75700000000003
582,173.65
583,173.56
584,174.05
585,173.84
586,173.84
587,174.04
588,174.06
589,174.07
590,174.17999999999998
591,174.7
592,173.79
593,173.93
594,173.81
595,173.7
596,173.07
597,172.52
598,173.21
599,173.41
600,173.67
601,173.75700000000003
602,173.65
603,173.56
604,174.05
605,173.84
606,173.84
607,174.04
608,174.06
609,174.07
610,174.17999999999998
611,174.7
612,174.085
613,174.514
614,173.935
615,173.97999999999996
616,173.854
617,173.51
618,173.47000000000003
619,171.99
620,171.91
621,172.86000000000004
622,172.53
623,173.63
624,173.99
625,174.14500000000004
626,174.02
627,173.16
628,174.01
629,174.025
630,174.1
631,174.21499999999997
632,174.09
633,174.04
634,174.02
635,174.06
636,173.63
637,174.19999999999996
638,174.09
639,171.99
640,171.91
641,172.86000000000004
642,172.53
643,173.63
644,173.99
645,174.14500000000004
646,174.02
647,173.16
648,174.01
649,174.025
650,174.1
651,174.21499999999997
652,174.09
653,174.04
654,174.02
655,174.06
656,173.63
657,174.19999999999996
658,174.09
659,173.73
660,173.69000000000003
661,173.70500000000004
662,173.88
663,173.79
664,174.24
665,174.17
666,174.11000000000004
667,174.13000000000002
668,174.38
669,174.67
670,174.12
671,173.97
672,173.8
673,173.91000000000003
674,173.89
675,173.73
676,173.64000000000001
677,173.29999999999998
678,173.26
679,173.5
680,173.33
681,173.89
682,173.915
683,173.81
684,174.12
685,174.04
686,174.11000000000004
687,174.13000000000002
688,174.38
689,174.67
690,174.12
691,173.97
692,173.8
693,173.91000000000003
694,173.89
695,173.73
696,173.64000000000001
697,173.29999999999998
698,173.26
699,173.5
700,173.33
701,173.89
702,173.915
703,173.81
704,174.12
705,174.04
706,173.95999999999998
707,173.97999999999996
708,174.12
709,173.97999999999996
710,174.07
711,174.41
712,174.39999999999998
713,175.92
714,176.0
715,175.76999999999998
716,176.424
717,176.14
718,176.27
719,176.0
720,176.13
721,176.11
722,176.43
723,176.61
724,176.57
725,176.81999999999996
726,176.79
727,176.87
728,177.05
729,177.07
730,176.97000000000003
731,177.07
732,176.76
733,175.92
734,176.0
735,175.76999999999998
736,176.424
737,176.14
738,176.27
739,176.0
740,176.13
741,176.11
742,176.43
743,176.61
744,176.57
745,176.81999999999996
746,176.79
747,176.87
748,177.05
749,177.07
750,176.97000000000003
751,177.07
752,176.76
753,176.77
754,176.87
755,176.87
756,176.93500000000003
757,177.0
758,177.03999999999996
759,177.09
760,177.06
761,177.755
762,178.25
763,178.00000000000003
764,177.94
765,177.79
766,177.57
767,177.47
768,177.44
769,177.54
770,177.38
771,177.4
772,177.74
773,177.45
774,177.40999999999997
775,177.51
776,177.58
777,177.47999999999996
778,177.35
779,177.45
780,177.06
781,177.755
782,178.25
783,178.00000000000003
784,177.94
785,177.79
786,177.57
787,177.47
788,177.44
789,177.54
790,177.38
791,177.4
792,177.74
793,177.45
794,177.40999999999997
795,177.51
796,177.58
797,177.47999999999996
798,177.35
799,177.45
800,177.42500000000004
801,177.42
802,177.44
803,177.38
804,177.44
805,177.40099999999995
806,177.42
807,177.19000000000003
808,177.83000000000004
809,178.3
810,178.11
811,178.48
812,178.2
813,178.36
814,178.42
815,178.2
816,178.37
817,177.925
818,177.83000000000004
819,177.84
820,177.84999999999997
821,178.00000000000003
822,177.8
823,177.55
824,177.72
825,177.47
826,177.62
827,177.19000000000003
828,177.83000000000004
829,178.3
830,177.32
831,178.48
832,177.25999999999996
833,178.36
834,178.42
835,178.2
836,178.37
837,177.925
838,177.83000000000004
839,177.84
840,177.84999999999997
841,178.00000000000003
842,177.8
843,177.55
844,177.72
845,177.47
846,177.62
847,177.5
848,177.84
849,177.78000000000003
850,177.32
851,176.99
852,177.25999999999996
853,177.18
854,176.63
855,177.37
856,176.41
857,176.68
858,177.2
859,177.13
860,177.01999999999998
861,177.11
862,176.72
863,176.83
864,176.93
865,176.865
866,176.70000000000002
867,176.78
868,176.98
869,176.995
870,177.08
871,177.0
872,177.21
873,177.31
874,176.63
875,177.37
876,176.41
877,176.68
878,177.2
879,177.45999999999998
880,177.01999999999998
881,177.11
882,176.72
883,176.83
884,176.93
885,176.76
886,176.70000000000002
887,176.78
888,176.98
889,176.995
890,177.08
891,177.0
892,177.21
893,177.31
894,177.53
895,177.82
896,177.69
897,177.47
898,177.29
899,177.45999999999998
900,177.45999999999998
901,176.455
902,177.0
903,176.99
904,177.12000000000003
905,177.206
906,176.92000000000002
907,176.94
908,177.16
909,177.31
910,177.19000000000003
911,177.01999999999998
912,176.89
913,176.99400000000003
914,176.89
915,177.11
916,177.33
917,176.455
918,177.0
919,176.99
920,177.12000000000003
921,177.206
922,176.92000000000002
923,176.94
924,177.16
925,177.31
926,177.19000000000003
927,177.01999999999998
928,176.89
929,176.99400000000003
930,176.89
931,177.11
932,177.33
933,177.11
934,177.06
935,177.08
936,177.06
937,177.19000000000003
938,176.89
939,176.78
940,176.83
941,176.778
942,176.5
943,176.5
944,175.68
945,176.06
946,176.07
947,175.97
948,175.51
949,175.36
950,175.495
951,175.09
952,175.35
953,175.18
954,175.71
955,175.48
956,175.25
957,175.53
958,175.37
959,175.43000000000004
960,175.58
961,176.06
962,176.07
963,175.97
964,175.51
965,175.36
966,175.495
967,175.09
968,175.35
969,175.18
970,175.71
971,175.48
972,175.25
973,175.53
974,175.37
975,175.43000000000004
976,175.295
977,174.95
978,175.1
979,174.83999999999997
980,174.65
981,174.48
982,174.575
983,174.52
984,174.46
985,174.44
986,174.41
987,174.78
988,174.38
989,174.48
990,174.61
991,174.38
992,174.44
993,174.01
994,174.1
995,173.59
996,173.06
997,173.7
998,173.845
999,174.035
1000,174.035
1001,174.1
1002,174.43
1003,174.0
1004,173.885
1005,174.48
1006,173.8
1007,173.632
1008,173.43
1009,173.49
1010,173.38
1011,172.98
1012,173.002
1013,173.03
1014,174.12
1015,173.79
1016,173.62
1017,172.77999999999997
1018,173.27
1019,173.32999999999998
1020,173.38999999999996
1021,173.32999999999998
1022,173.26
1023,173.12
1024,173.32999999999998
1025,173.4
1026,173.26
1027,173.4
1028,173.6
1029,173.34
1030,173.23
1031,173.18
1032,173.26
1033,173.22
1034,173.08
1035,173.1
1036,173.14
1037,173.06
1038,173.23
1039,173.14
1040,173.16
1041,173.2
1042,173.71
1043,172.86
1044,172.65
1045,172.76000000000002
1046,172.73
1047,172.58
1048,172.46
1049,172.5
1050,172.46
1051,172.36
1052,172.36
1053,172.51
1054,172.35
1055,172.234
1056,172.19000000000003
1057,172.315
1058,172.22
1059,171.82
1060,171.73
1061,171.72
1062,171.68
1063,171.79
1064,171.68
1065,171.54
1066,171.31
1067,171.3
1068,169.53
1069,170.03
1070,169.57
1071,169.87000000000003
1072,170.04
1073,169.542
1074,170.32
1075,170.98
1076,170.8
1077,171.19
1078,170.9
1079,171.01
1080,170.87
1081,170.56
1082,170.49
1083,170.17
1084,170.45
1085,170.45999999999998
1086,170.39
1087,170.24
1088,170.52
1089,169.88
1090,170.29
1091,169.47
1092,168.98
1093,169.22
1094,169.22
1095,169.62
1096,169.775
1097,168.355
1098,167.92
1099,168.09
1100,168.15200000000004
1101,168.7
1102,169.08
1103,168.61
1104,167.30599999999993
1105,166.97400000000005
1106,168.14
1107,167.77
1108,167.14
1109,166.648
1110,166.1
1111,165.89
1112,166.24
1113,166.86
1114,166.75
1115,166.99
1116,166.945
1117,167.00000000000003
1118,166.975
1119,166.91
1120,167.21
1121,167.2
1122,168.49
1123,168.71000000000004
1124,168.78
1125,168.34
1126,167.74
1127,168.05
1128,168.09
1129,168.59
1130,168.75000000000003
1131,168.93
1132,169.04
1133,169.17
1134,169.25
1135,169.13
1136,169.24
1137,169.4
1138,169.46
1139,169.452
1140,169.38
1141,169.85
1142,170.355
1143,170.1
1144,170.39
1145,170.3
1146,170.65
1147,170.63
1148,170.51
1149,169.01
1150,169.29999999999998
1151,169.44
1152,169.178
1153,169.52
1154,169.67
1155,169.23
1156,169.93
1157,169.93
1158,170.09
1159,170.3
1160,170.55
1161,170.49999999999997
1162,170.35
1163,170.31
1164,169.81
1165,169.21
1166,169.155
1167,169.09
1168,169.02499999999998
1169,169.13
1170,169.06
1171,169.0
1172,168.822
1173,168.75000000000003
1174,168.6
1175,168.59
1176,169.56
1177,169.69
1178,169.89
1179,169.838
1180,169.88
1181,170.19
1182,170.02599999999995
1183,170.0
1184,169.01
1185,169.14
1186,168.95
1187,168.81
1188,168.87
1189,168.64
1190,167.73
1191,168.48
1192,168.36
1193,168.13
1194,168.33
1195,168.42
1196,168.61
1197,168.68
1198,168.688
1199,168.41
1200,168.23
1201,168.41
1202,168.41
1203,168.45
1204,168.425
1205,168.44
1206,168.0
1207,167.29
1208,166.97
1209,166.949
1210,166.24
1211,166.33
1212,166.685
1213,167.2
1214,166.93
1215,166.66
1216,166.15
1217,166.105
1218,167.17
1219,166.9
1220,167.53
1221,167.59000000000003
1222,167.74
1223,167.48
1224,167.322
1225,167.4
1226,167.28
1227,167.33
1228,167.52
1229,167.44
1230,167.7
1231,166.75
1232,167.26
1233,166.74
1234,166.05
1235,166.27
1236,165.98
1237,166.07
1238,166.43000000000004
1239,167.29
1240,167.26
1241,167.25
1242,167.22
1243,167.21
1244,167.37
1245,167.59000000000003
1246,167.53
1247,167.34
1248,167.25
1249,167.39
1250,167.22
1251,167.01
1252,167.00000000000003
1253,167.04000000000002
1254,167.23
1255,167.51
1256,167.57
1257,166.13
1258,167.16
1259,166.65
1260,166.985
1261,167.24
1262,167.3
1263,167.78
1264,168.07
1265,168.20000000000002
1266,168.43
1267,168.325
1268,168.39
1269,168.35
1270,168.21
1271,167.98
1272,168.11
1273,168.23
1274,168.65
1275,168.735
1276,169.13
1277,169.24
1278,169.51
1279,169.17
1280,169.511
1281,169.69
1282,169.73
1283,169.71
1284,169.27
1285,169.03
1286,168.75000000000003
1287,168.5
1288,168.51
1289,168.5
1290,168.66
1291,168.64
1292,168.96
1293,168.8
1294,168.92
1295,168.695
1296,168.97
1297,168.965
1298,169.06
1299,169.32000000000002
1300,169.02
1301,169.18
1302,169.16
1303,169.18
1304,169.03
1305,169.145
1306,169.051
1307,169.19
1308,169.01
1309,169.32000000000002
1310,169.31
1311,167.89
1312,167.7
1313,167.16
1314,167.42
1315,167.185
1316,167.14
1317,167.18
1318,166.72400000000005
1319,166.9
1320,166.9
1321,167.01999999999998
1322,167.01
1323,167.03
1324,167.35
1325,167.27
1326,167.26
1327,167.105
1328,167.00000000000003
1329,167.07
1330,166.83
1331,166.415
1332,166.7
1333,167.00000000000003
1334,166.97
1335,166.872
1336,166.81
1337,166.75
1338,167.7
1339,167.52
1340,167.81
1341,167.72
1342,167.62999999999997
1343,168.06
1344,168.64
1345,168.36
1346,168.465
1347,168.01
1348,167.82
1349,168.36
1350,168.20000000000002
1351,168.20000000000002
1352,168.17
1353,168.58
1354,168.77
1355,168.81799999999996
1356,168.99
1357,168.78999999999996
1358,168.59400000000005
1359,168.59
1360,168.68
1361,168.53
1362,168.15
1363,167.92
1364,167.93
1365,168.385
1366,167.919
1367,168.26
1368,169.365
1369,169.33999999999997
1370,169.56
1371,168.78
1372,168.06
1373,168.43
1374,169.12
1375,169.69
1376,169.89
1377,170.0
1378,169.39
1379,168.86
1380,168.56
1381,168.16000000000003
1382,168.275
1383,168.44
1384,168.89
1385,168.935
1386,168.74
1387,168.815
1388,168.72
1389,168.9
1390,168.69
1391,168.73
1392,169.0
1393,168.925
1394,169.11
1395,168.8
1396,169.13
1397,168.82
1398,169.32000000000002
1399,169.49
1400,169.25
1401,169.22
1402,168.94
1403,169.24
1404,169.05
1405,169.36
1406,169.09
1407,169.14
1408,169.36
1409,169.15
1410,169.43
1411,169.57
1412,169.35
1413,169.09
1414,169.18
1415,169.14
1416,169.17
1417,169.62
1418,169.62
1419,166.28
1420,167.07
1421,167.42
1422,167.82
1423,167.91
1424,168.12
1425,167.94
1426,167.81
1427,167.51
1428,167.43
1429,167.44
1430,167.1
1431,167.56
1432,167.58
1433,167.361
1434,167.56
1435,167.51
1436,167.35
1437,167.62
1438,167.94
1439,167.98
1440,168.02
1441,168.44
1442,168.065
1443,168.98
1444,168.75000000000003
1445,168.73
1446,169.2
1447,167.77
1448,168.19
1449,167.79
1450,167.95
1451,168.03
1452,168.17
1453,168.15
1454,168.56
1455,168.48
1456,168.21999999999997
1457,167.91
1458,167.91
1459,167.62
1460,168.01
1461,168.20000000000002
1462,168.21
1463,168.51
1464,168.76
1465,168.82299999999995
1466,168.94
1467,169.24
1468,169.54
1469,169.67
1470,169.78
1471,169.59
1472,169.6
1473,169.2
1474,169.01
1475,169.705
1476,170.03
1477,169.235
1478,168.99
1479,169.64
1480,169.89
1481,169.86
1482,169.6
1483,169.79
1484,169.75
1485,170.104
1486,170.18
1487,169.94
1488,170.26
1489,170.39
1490,170.45
1491,170.54
1492,170.58
1493,170.79
1494,170.61
1495,170.36
1496,170.28
1497,170.03
1498,170.1
1499,170.08
1500,170.6
1501,171.39
1502,172.05
1503,172.01
1504,172.24900000000005
1505,172.7
1506,172.84
1507,172.845
1508,172.91
1509,172.86
1510,172.58
1511,172.3
1512,172.64
1513,172.7
1514,172.45
1515,172.84
1516,172.77
1517,172.87
1518,172.85
1519,172.63
1520,172.38
1521,172.46
1522,172.04
1523,172.33
1524,172.37
1525,172.53
1526,172.6
1527,174.75
1528,174.74
1529,174.65
1530,174.09
1531,174.3
1532,175.04
1533,175.05
1534,175.4
1535,175.59
1536,175.25
1537,175.2
1538,175.19
1539,175.55
1540,175.53
1541,175.83
1542,175.25
1543,175.68
1544,175.74
1545,175.35
1546,175.08
1547,175.23
1548,175.28
1549,175.45
1550,175.31
1551,175.02
1552,174.9
1553,174.99
1554,174.47
1555,173.23
1556,173.62
1557,173.98
1558,172.775
1559,173.07
1560,172.82
1561,173.26
1562,172.99599999999995
1563,173.518
1564,173.59
1565,173.41
1566,173.6
1567,173.75
1568,173.83
1569,173.83
1570,173.87
1571,173.76
1572,173.77
1573,173.8
1574,173.67
1575,173.67
1576,173.83
1577,173.71
1578,173.99
1579,174.04
1580,174.02
1581,173.81
1582,173.76
1583,173.3
1584,173.84
1585,173.55
1586,173.85
1587,173.59
1588,173.48
1589,173.5
1590,172.49
1591,172.62
1592,171.87
1593,171.71
1594,171.68
1595,172.04
1596,172.25
1597,172.13
1598,172.19
1599,172.13
1600,172.29
1601,172.87
1602,172.77
1603,172.09
1604,171.54
1605,171.21
1606,170.9
1607,170.85
1608,171.16
1609,170.68
1610,170.93
1611,169.87
1612,169.38
1613,169.57
1614,170.24
1615,169.945
1616,170.197
1617,170.4
1618,170.38
1619,170.01
1620,169.845
1621,170.34
1622,170.255
1623,170.74
1624,170.989
1625,170.68
1626,170.61
1627,170.51
1628,170.72
1629,170.69
1630,170.73
1631,170.87
1632,170.96
1633,171.28
1634,171.28
1635,168.46400000000003
1636,169.815
1637,169.52
1638,169.19
1639,168.68
1640,167.90599999999995
1641,167.65
1642,168.23
1643,168.94
1644,168.965
1645,168.6
1646,167.89
1647,168.04
1648,168.0
1649,167.9
1650,167.98
1651,169.025
1652,168.715
1653,168.73
1654,168.78
1655,168.42
1656,168.55
1657,168.605
1658,168.65
1659,168.6
1660,168.57
1661,168.57
1662,167.83
1663,167.02
1664,167.39
1665,167.265
1666,167.78
1667,168.21
1668,167.958
1669,166.91
1670,166.58
1671,166.9
1672,166.76
1673,166.88
1674,166.38
1675,166.92
1676,168.2
1677,167.83
1678,167.43
1679,167.61
1680,167.19
1681,167.11
1682,167.01
1683,166.61
1684,166.88
1685,167.15
1686,167.37
1687,167.39
1688,167.35
1689,169.06
1690,169.11
1691,168.93
1692,167.97
1693,169.265
1694,169.17
1695,169.26
1696,169.57
1697,169.625
1698,169.79
1699,169.56
1700,169.23
1701,168.872
1702,168.48
1703,168.55
1704,168.56
1705,168.49
1706,168.47
1707,168.82
1708,169.18
1709,168.97
1710,168.81
1711,168.87
1712,169.11
1713,169.18
1714,169.13
1715,169.14
1716,166.81099999999995
1717,166.98
1718,166.61
1719,166.79
1720,166.29
1721,166.18
1722,166.31
1723,165.68
1724,165.89
1725,165.98
1726,166.12
1727,166.17
1728,166.09
1729,166.11
1730,165.775
1731,165.89
1732,165.94
1733,165.71
1734,165.95
1735,166.22
1736,166.15
1737,166.22
1738,165.66
1739,165.925
1740,165.82
1741,165.91
1742,165.93
1743,170.06
1744,168.55
1745,169.41
1746,169.826
1747,169.84
1748,169.72
1749,169.75
1750,170.28
1751,170.2
1752,170.89
1753,170.66
1754,170.979
1755,170.71
1756,170.24
1757,170.43
1758,170.16
1759,169.48
1760,170.01
1761,170.01
1762,169.83
1763,169.71
1764,170.3
1765,170.38
1766,170.51
1767,170.57
1768,170.76
1769,170.75
1770,170.75
1771,170.19
1772,170.168
1773,171.06
1774,171.0
1775,171.21
1776,171.08
1777,171.4
1778,171.31
1779,171.03
1780,171.21
1781,171.25
1782,171.14
1783,171.1
1784,171.18
1785,171.1
1786,171.16
1787,170.85
1788,171.28900000000004
1789,171.43
1790,171.34
1791,171.41
1792,171.31
1793,171.22
1794,171.25
1795,171.43
1796,171.44
1797,172.82
1798,172.675
1799,173.41
1800,174.34
1801,174.042
1802,173.58
1803,173.59
1804,174.03
1805,174.54
1806,174.38
1807,174.465
1808,174.34
1809,175.07
1810,175.285
1811,175.17
1812,175.85
1813,175.71
1814,176.06
1815,175.97
1816,175.9
1817,175.72
1818,175.55
1819,175.21
1820,175.04
1821,175.33
1822,175.39
1823,175.38
1824,175.34
1825,174.76
1826,174.445
1827,174.24
1828,174.29
1829,174.36
1830,173.96
1831,174.25
1832,174.3
1833,174.45
1834,174.25
1835,174.35
1836,174.5
1837,174.525
1838,174.74
1839,174.84
1840,174.79
1841,174.63
1842,174.73
1843,174.7
1844,174.899
1845,174.94
1846,175.32
1847,175.47
1848,175.67
1849,175.6
1850,175.6
1851,175.042
1852,174.8
1853,175.93
1854,176.18
1855,175.77
1856,175.62
1857,175.22
1858,175.75
1859,176.65
1860,176.69
1861,176.7
1862,176.71
1863,176.88
1864,177.07
1865,176.85
1866,177.03
1867,177.15
1868,176.89
1869,177.16
1870,177.16
1871,177.17
1872,177.12
1873,176.48
1874,176.73
1875,176.74
1876,177.0
1877,177.0
1878,178.02
1879,179.1
1880,179.31
1881,179.75
1882,180.2
1883,181.05
1884,180.72
1885,180.93
1886,180.35
1887,180.41
1888,181.14
1889,181.3
1890,181.67
1891,181.13
1892,181.06
1893,180.69
1894,180.96
1895,181.02
1896,180.30200000000002
1897,180.79
1898,180.87
1899,180.67
1900,180.44
1901,181.15
1902,181.28
1903,181.57
1904,181.58
1905,180.74
1906,180.82
1907,180.16
1908,179.65
1909,180.04
1910,179.72
1911,179.77
1912,179.62
1913,179.25
1914,179.12
1915,178.668
1916,179.69
1917,179.91
1918,180.07
1919,179.89
1920,180.18
1921,179.7
1922,180.3
1923,180.45
1924,180.71
1925,180.3
1926,180.18
1927,179.37
1928,178.63
1929,178.3
1930,178.57
1931,178.57
1932,178.5
1933,178.515
1934,178.64
1935,178.4
1936,177.56
1937,176.84
1938,177.87
1939,177.702
1940,177.99
1941,178.0
1942,178.0
1943,177.72
1944,178.02
1945,177.99
1946,178.06
1947,177.86
1948,177.76
1949,177.64
1950,177.81
1951,178.0
1952,178.05
1953,178.12
1954,177.95
1955,177.86
1956,177.46
1957,177.5
1958,177.54
1959,179.27
1960,179.67
1961,179.63
1962,179.625
1963,179.87
1964,180.03
1965,180.39
1966,180.12
1967,180.21
1968,180.33
1969,180.65
1970,180.34
1971,180.13
1972,180.1
1973,180.01
1974,179.95
1975,179.885
1976,179.83
1977,179.915
1978,180.14
1979,179.84
1980,179.555
1981,179.2
1982,179.38
1983,179.37
1984,179.25
1985,179.26
1986,179.185
1987,179.95
1988,180.74
1989,180.49
1990,181.025
1991,180.28
1992,180.745
1993,181.28
1994,180.995
1995,181.67
1996,181.23
1997,180.775
1998,180.895
1999,180.84
2000,181.07
2001,181.11
2002,181.27
2003,181.75799999999998
2004,181.4
2005,181.38
2006,181.29
2007,180.89
2008,180.89
2009,181.0
2010,181.13
2011,181.05
2012,180.92
2013,181.98
2014,182.3
2015,181.985
2016,182.19
2017,182.21
2018,182.27
2019,183.37
2020,183.3
2021,183.33
2022,183.65999999999997
2023,183.67
2024,183.785
2025,183.86
2026,184.165
2027,184.0
2028,183.88
2029,184.33
2030,184.25000000000003
2031,184.46
2032,184.37
2033,184.06
2034,184.26
2035,184.725
2036,184.865
2037,184.89
2038,185.07
2039,185.01
2040,184.09
2041,185.05
2042,184.81
2043,184.88
2044,184.75
2045,184.62
2046,185.08
2047,184.85
2048,185.1
2049,184.94
2050,185.2
2051,185.01
2052,185.16
2053,185.13999999999996
2054,185.07
2055,185.1
2056,185.01
2057,184.89
2058,184.76
2059,184.89
2060,184.575
2061,184.71
2062,184.72
2063,184.91
2064,185.04000000000002
2065,185.44999999999996
2066,185.37
2067,185.12
2068,185.18000000000004
2069,184.86
2070,184.05
2071,184.266
2072,183.95
2073,184.0
2074,184.03
2075,184.07500000000002
2076,184.25000000000003
2077,183.87000000000003
2078,183.7
2079,183.71
2080,183.67
2081,183.78
2082,184.1
2083,184.42000000000002
2084,185.205
2085,184.64
2086,184.91
2087,184.58
2088,183.39
2089,183.9
2090,184.3
2091,183.96999999999997
2092,183.63
2093,183.925
2094,184.99
2095,184.7
2096,185.07
2097,184.36
2098,184.35000000000002
2099,184.72
2100,184.635
2101,184.99
2102,184.54
2103,184.24
2104,184.62
2105,184.85
2106,184.85
2107,184.89
2108,184.96
2109,184.87000000000003
2110,184.88
2111,184.99
2112,185.07
2113,185.06799999999998
2114,184.92
2115,184.89
2116,184.95
2117,184.95
2118,185.0
2119,185.0
2120,184.69500000000002
2121,184.7
2122,185.0
2123,184.96999999999997
2124,184.72
2125,184.77
2126,184.47
2127,184.91
2128,185.02
2129,184.87099999999998
2130,184.85
2131,184.68
2132,184.74900000000002
2133,184.658
2134,184.55
2135,184.51
2136,184.32
2137,184.41
2138,184.35000000000002
2139,184.31
2140,184.65999999999997
2141,184.37
2142,184.08000000000004
2143,184.08000000000004
2144,183.79
2145,183.79
2146,183.895
2147,183.98
2148,183.96999999999997
2149,184.21
2150,184.68
2151,185.205
2152,185.13
2153,185.28400000000002
2154,184.93
2155,185.13999999999996
2156,185.055
2157,184.67
2158,184.98
2159,184.99
2160,184.95
2161,185.06
2162,185.71
2163,185.62
2164,186.38
2165,185.93
2166,185.99
2167,185.905
2168,186.05
2169,186.26
2170,186.488
2171,186.54
2172,186.55
2173,185.905
2174,186.287
2175,185.615
2176,185.45499999999998
2177,185.54
2178,185.92
2179,186.22
2180,186.6
2181,186.62
2182,186.67
2183,186.96
2184,186.96
2185,187.09
2186,187.275
2187,187.29
2188,187.16
2189,187.19
2190,187.19
2191,187.335
2192,186.96
2193,186.49000000000004
2194,186.63
2195,186.92
2196,186.685
2197,186.68
2198,186.67
2199,186.71
2200,185.12
2201,186.51
2202,186.27999999999997
2203,186.08
2204,186.01
2205,186.25
2206,186.53
2207,186.745
2208,186.5
2209,186.62
2210,186.33
2211,185.94
2212,185.95
2213,185.82
2214,185.26
2215,185.09
2216,184.19
2217,183.36
2218,184.64
2219,184.77
2220,185.12
2221,185.54
2222,185.65
2223,185.13200000000003
2224,184.95
2225,184.75
2226,184.79999999999998
2227,185.6
2228,186.66000000000003
2229,187.31
2230,187.62
2231,187.65
2232,187.58
2233,187.52
2234,186.92
2235,187.24
2236,187.34
2237,187.055
2238,187.4
2239,187.48
2240,187.44
2241,187.53
2242,187.63
2243,187.15
2244,187.24
2245,187.06
2246,187.2
2247,187.15
2248,187.22
2249,187.2
2250,187.22
2251,187.12
2252,187.01
2253,187.01
2254,186.84
2255,187.32
2256,186.91
2257,187.02
2258,187.08
2259,187.09
2260,186.99
2261,186.61
2262,186.89
2263,186.89999999999998
2264,186.83
2265,186.86
2266,186.74
2267,186.81
2268,186.89
2269,186.274
2270,186.44
2271,186.67
2272,186.66000000000003
2273,186.81
2274,186.81
2275,186.72
2276,186.85
2277,186.93
2278,186.86
2279,186.69
2280,186.68
2281,187.63
2282,188.43
2283,188.09
2284,188.02
2285,187.85
2286,188.29
2287,188.05
2288,187.88
2289,188.13
2290,188.3
2291,188.24
2292,188.18
2293,188.09
2294,188.0
2295,188.04
2296,188.35
2297,188.48
2298,188.82999999999998
2299,189.31
2300,189.44
2301,189.18
2302,189.5
2303,189.61
2304,189.55
2305,189.47
2306,189.56
2307,189.56
2308,190.16
2309,190.29
2310,191.231
2311,191.88
2312,190.7
2313,189.99999999999997
2314,190.44
2315,190.67
2316,190.97
2317,191.12
2318,190.68
2319,190.86
2320,191.09
2321,191.75
2322,191.6
2323,191.64
2324,191.43
2325,190.88
2326,190.11000000000004
2327,190.037
2328,189.57
2329,189.98
2330,189.3
2331,188.68999999999997
2332,189.19
2333,188.1
2334,188.06
2335,181.21499999999997
2336,182.7
2337,181.755
2338,182.69
2339,182.14
2340,183.79
2341,183.45
2342,183.44
2343,182.93400000000003
2344,183.33
2345,182.96999999999997
2346,183.85
2347,183.454
2348,183.62
2349,183.56000000000003
2350,183.325
2351,183.33
2352,183.98
2353,183.96
2354,183.42000000000002
2355,184.21
2356,183.79
2357,183.6
2358,183.46
2359,183.52
2360,183.6
2361,183.69
2362,182.25000000000003
2363,182.02
2364,182.65999999999997
2365,182.23
2366,182.1
2367,181.84
2368,181.64
2369,181.0
2370,181.62
2371,180.83
2372,181.17
2373,180.41
2374,180.52
2375,180.24999999999997
2376,181.1
2377,181.97
2378,181.66
2379,181.575
2380,182.09
2381,181.86999999999998
2382,181.57
2383,181.89
2384,181.65
2385,180.67
2386,180.31
2387,180.97
2388,180.97
2389,181.8
2390,181.55999999999997
2391,182.19
2392,182.38499999999996
2393,180.99
2394,180.63000000000002
2395,181.19
2396,180.88
2397,180.165
2398,179.35
2399,180.345
2400,179.99
2401,180.14
2402,180.24999999999997
2403,180.0
2404,179.87
2405,179.92
2406,179.47
2407,178.65
2408,179.36000000000004
2409,179.0
2410,178.99
2411,179.23300000000003
2412,179.23
2413,179.14
2414,178.45999999999998
2415,178.47
2416,177.48
2417,178.49
2418,179.385
2419,178.76999999999998
2420,178.2
2421,178.075
2422,178.29
2423,178.27
2424,177.9
2425,178.21
2426,177.68
2427,177.74
2428,177.68
2429,177.382
2430,176.87
2431,177.27
2432,177.76999999999998
2433,178.14999999999998
2434,177.83
2435,177.64
2436,177.76
2437,177.43
2438,177.62
2439,177.95
2440,177.66
2441,177.37
2442,177.33
2443,177.39000000000001
2444,177.35100000000003
2445,176.79
2446,176.29
2447,176.17
2448,176.505
2449,175.78
2450,175.52999999999997
2451,175.83599999999996
2452,176.1
2453,176.05000000000004
2454,175.67
2455,175.65
2456,175.895
2457,176.21
2458,176.11
2459,176.31999999999996
2460,176.14999999999998
2461,176.0
2462,176.14
2463,176.18
2464,176.07
2465,176.2
2466,176.09
2467,175.95
2468,175.57
2469,175.57
2470,176.06
2471,176.11
2472,176.27
2473,176.78
2474,177.13
2475,177.03
2476,177.1
2477,177.313
2478,177.47
2479,177.5
2480,177.58
2481,177.61
2482,177.70000000000002
2483,177.39000000000001
2484,177.69
2485,177.37
2486,177.72
2487,177.57
2488,176.93
2489,176.59
2490,176.37
2491,176.1
2492,176.39000000000001
2493,176.00999999999996
2494,175.9
2495,175.09
2496,175.09
2497,173.0
2498,173.48
2499,173.61
2500,173.8
2501,173.12
2502,173.47
2503,173.44
2504,172.74
2505,172.79
2506,172.57
2507,172.97
2508,173.31
2509,173.67
2510,173.595
2511,173.61
2512,173.85
2513,173.615
2514,174.16
2515,174.43
2516,173.96
2517,173.99
2518,174.085
2519,174.04
2520,174.665
2521,175.22299999999996
2522,175.66
2523,175.65
2524,176.95
2525,177.24
2526,177.08
2527,177.27
2528,177.3
2529,177.3
2530,177.36
2531,177.96
2532,178.25
2533,178.26
2534,177.78
2535,177.495
2536,177.18
2537,177.02
2538,177.12
2539,176.41
2540,176.08
2541,175.548
2542,175.205
2543,175.59
2544,176.3
2545,176.512
2546,175.79
2547,176.3
2548,176.97
2549,176.36
2550,176.32
2551,175.7
2552,175.25
2553,174.81
2554,175.235
2555,175.38
2556,174.7
2557,175.0
2558,175.17
2559,175.35
2560,175.02
2561,174.563
2562,174.61
2563,174.17
2564,174.06
2565,174.67
2566,174.9
2567,174.98
2568,174.65
2569,174.66
2570,173.84
2571,174.4
2572,174.13
2573,174.29
2574,174.78
2575,174.34
2576,173.78
2577,173.74
2578,173.13
2579,173.75
2580,173.0
2581,173.51
2582,173.83
2583,174.21
2584,174.11
2585,174.2
2586,174.34
2587,174.05
2588,173.69
2589,173.2
2590,173.57
2591,173.2
2592,173.54
2593,173.33
2594,173.65
2595,173.84
2596,173.63
2597,174.32
2598,174.13
2599,174.09
2600,173.91
2601,174.16
2602,174.33
2603,174.6
2604,174.59
2605,175.22
2606,176.01
2607,176.65
2608,176.55
2609,176.515
2610,176.32
2611,176.06
2612,176.15
2613,176.25
2614,176.08
2615,175.912
2616,176.0
2617,175.71
2618,175.87
2619,176.0
2620,175.82
2621,175.85
2622,175.72
2623,175.94
2624,175.84
2625,175.85
2626,175.908
2627,175.87
2628,175.79
2629,176.0
2630,175.92
2631,175.94
2632,175.95
2633,175.5
2634,175.71
2635,175.75
2636,175.72
2637,175.52
2638,175.76
2639,175.61
2640,175.8
2641,176.24599999999995
2642,176.06
2643,176.32
2644,176.235
2645,176.2
2646,176.11
2647,176.04
2648,176.0
2649,175.89
2650,175.42
2651,175.55
2652,175.57
2653,175.86
2654,175.54
2655,175.75
2656,175.94
2657,175.81
2658,175.8
2659,173.39
2660,173.24
2661,173.61
2662,174.37
2663,174.18
2664,174.13
2665,174.32
2666,174.85
2667,174.48
2668,174.79
2669,175.16
2670,174.7
2671,174.91
2672,174.835
2673,174.72
2674,174.84
2675,174.32
2676,174.36
2677,174.81
2678,174.82
2679,174.57
2680,174.57
2681,174.74
2682,174.54
2683,174.1
2684,173.79
2685,173.78
2686,174.52
2687,174.44
2688,173.79
2689,173.77
2690,173.6
2691,173.33
2692,173.233
2693,173.33
2694,173.21
2695,172.92
2696,172.565
2697,172.68
2698,172.8
2699,172.9
2700,173.55
2701,173.53
2702,173.55
2703,173.46
2704,172.8
2705,172.93
2706,172.79
2707,172.78
2708,172.67
2709,172.44
2710,172.83
2711,172.55
2712,172.46
2713,174.27
2714,173.035
2715,173.32
2716,173.42
2717,174.17
2718,173.94
2719,173.96
2720,174.1
2721,174.0
2722,173.88
2723,174.12
2724,174.4
2725,174.11
2726,174.09
2727,173.87
2728,174.115
2729,173.95
2730,174.02
2731,174.5
2732,174.59
2733,174.458
2734,173.54
2735,174.0
2736,174.33
2737,174.68
2738,174.44
2739,174.43
2740,174.335
2741,174.58
2742,174.72
2743,174.013
2744,174.03
2745,173.88
2746,173.8
2747,173.775
2748,173.6
2749,173.83
2750,173.63
2751,173.42
2752,173.575
2753,173.625
2754,173.59
2755,173.19
2756,173.22
2757,173.19
2758,173.07
2759,173.51
2760,173.62
2761,173.205
2762,173.35
2763,173.24
2764,173.07
2765,173.15
2766,173.15
2767,175.2
2768,175.735
2769,175.8
2770,175.27
2771,175.51
2772,175.86
2773,175.72
2774,175.6
2775,175.75
2776,175.59
2777,175.95
2778,175.8
2779,176.3
2780,176.66099999999997
2781,176.56
2782,176.9
2783,177.32
2784,177.08
2785,176.83
2786,176.62
2787,176.09
2788,175.66
2789,175.66
2790,175.86
2791,176.2
2792,176.19
2793,176.1
2794,177.0
2795,176.86
2796,176.93
2797,177.05
2798,177.03
2799,177.49
2800,177.66
2801,177.41
2802,177.57
2803,178.015
2804,178.11
2805,178.665
2806,178.49
2807,178.79
2808,178.31
2809,178.39
2810,178.31
2811,178.42
2812,178.42
2813,177.97
2814,178.03
2815,178.25
2816,178.44
2817,178.65
2818,178.71
2819,178.93
2820,178.9
2821,178.605
2822,178.3
2823,178.42
2824,178.69
2825,179.01
2826,178.82
2827,178.93
2828,179.31
2829,179.01
2830,179.1
2831,179.35
2832,179.4
2833,179.48
2834,179.31
2835,179.46
2836,179.87
2837,179.56
2838,179.71
2839,179.62
2840,179.35
2841,179.67
2842,178.09
2843,178.28
2844,178.66
2845,178.38
2846,177.85
2847,177.81
2848,175.4
2849,175.46
2850,174.75
2851,174.32
2852,174.38
2853,174.46
2854,174.012
2855,173.7
2856,173.64
2857,173.74
2858,173.815
2859,173.35
2860,173.34
2861,172.96
2862,172.96
2863,172.8
2864,172.75
2865,172.75099999999995
2866,172.38400000000001
2867,171.87
2868,171.75
2869,171.02
2870,171.11
2871,170.57
2872,169.97
2873,170.33
2874,170.33
2875,170.78
2876,170.175
2877,169.99
2878,169.3
2879,168.3
2880,168.21
2881,167.61
2882,167.89
2883,168.0
2884,168.05
2885,167.94
2886,168.21
2887,168.01
2888,168.82
2889,169.09
2890,168.93
2891,169.15
2892,168.73
2893,168.24
2894,168.54
2895,168.175
2896,168.46
2897,168.965
2898,169.155
2899,169.06
2900,169.09
2901,169.09
2902,169.09
2903,166.35
2904,166.41
2905,166.5
2906,166.685
2907,167.04
2908,167.05
2909,167.01
2910,166.32
2911,166.53
2912,166.54
2913,166.44
2914,166.51
2915,166.71
2916,166.93
2917,167.41
2918,167.42
2919,167.43
2920,167.69
2921,168.86
2922,169.44
2923,169.968
2924,169.82
2925,169.63
2926,169.51
2927,169.35
2928,168.53
2929,168.58
2930,171.51
2931,170.15
2932,169.98
2933,170.39
2934,169.73
2935,170.44
2936,171.2
2937,170.84
2938,171.04
2939,171.29
2940,171.28
2941,171.1
2942,171.195
2943,171.02
2944,170.99
2945,170.64
2946,171.15
2947,171.38
2948,171.62
2949,171.4
2950,171.01
2951,171.015
2952,171.01
2953,170.97
2954,170.76
2955,170.28
2956,170.26
2957,172.695
2958,172.72
2959,172.21
2960,171.07
2961,171.37
2962,171.07
2963,170.76
2964,170.71
2965,170.4
2966,170.15
2967,170.53
2968,170.97
2969,170.57
2970,170.672
2971,170.984
2972,170.71
2973,170.58
2974,170.42
2975,170.31
2976,170.56400000000005
2977,170.58
2978,170.5
2979,170.57
2980,170.83
2981,170.8
2982,170.35
2983,170.37
2984,172.42
2985,171.99400000000003
2986,171.755
2987,172.63
2988,172.95
2989,172.87400000000005
2990,172.46
2991,173.01
2992,172.96
2993,173.2
2994,173.115
2995,172.97
2996,173.32
2997,173.32
2998,173.7
2999,173.96
3000,173.74
3001,173.29
3002,173.4
3003,173.9
3004,173.23
3005,173.75
3006,173.73
3007,174.04
3008,173.85
3009,173.67
3010,173.65
3011,172.52
3012,172.245
3013,172.44
3014,172.24
3015,172.695
3016,173.04
3017,173.935
3018,173.26
3019,173.14
3020,173.17
3021,173.15400000000002
3022,172.93
3023,173.3
3024,173.46
3025,173.98
3026,174.03
3027,174.29
3028,174.43
3029,174.96
3030,174.95
3031,175.07
3032,175.07
3033,174.52
3034,174.85
3035,174.8
3036,173.76
3037,173.74
3038,174.5
3039,175.06
3040,175.79
3041,175.87
3042,175.37
3043,175.09
3044,174.93
3045,174.96
3046,175.02
3047,175.11
3048,175.4
3049,174.98
3050,175.22
3051,175.09
3052,174.915
3053,174.71
3054,174.392
3055,173.79
3056,173.96
3057,174.24
3058,174.35
3059,174.29
3060,174.58
3061,174.29
3062,173.83
3063,173.99
3064,173.94
3065,174.4
3066,174.03
3067,173.45
3068,173.46
3069,173.57
3070,173.39
3071,173.72
3072,173.64
3073,174.29
3074,174.4
3075,174.38
3076,174.34
3077,173.815
3078,173.6
3079,173.35
3080,173.12
3081,172.71
3082,172.87
3083,172.275
3084,172.3
3085,172.23
3086,172.31
3087,172.42
3088,172.09
3089,172.12
3090,172.66
3091,172.67
3092,172.58
3093,173.14
3094,172.81
3095,172.8
3096,172.69
3097,172.13
3098,172.53
3099,172.87
3100,172.7
3101,173.322
3102,173.05
3103,173.185
3104,172.705
3105,172.85
3106,172.79
3107,174.46
3108,173.94
3109,173.36
3110,173.1
3111,173.55
3112,173.76
3113,173.6
3114,173.25
3115,173.26
3116,173.0
3117,172.67
3118,172.75
3119,172.77
3120,172.8
3121,173.04
3122,173.15
3123,173.09
3124,173.09
3125,173.29
3126,173.28
3127,173.21
3128,173.17
3129,173.31
3130,173.51
3131,173.62
3132,174.02
3133,174.03
3134,174.85
3135,175.79
3136,175.665
3137,175.55
3138,175.4
3139,175.17
3140,175.49
3141,175.37
3142,175.53
3143,175.36
3144,175.199
3145,175.13
3146,175.06
3147,175.06
3148,175.36
3149,175.26
3150,175.27
3151,175.49
3152,175.49
3153,175.49
3154,175.45
3155,175.53
3156,175.58
3157,175.45
3158,175.77
3159,175.94
3160,175.96
3161,176.0
3162,175.35
3163,175.17
3164,175.42
3165,175.14
3166,175.66
3167,176.17
3168,176.05
3169,176.11
3170,176.34
3171,176.44
3172,176.72
3173,176.81
3174,177.02
3175,176.85
3176,176.87
3177,176.82
3178,177.34
3179,177.5
3180,177.34
3181,177.5
3182,177.74
3183,177.71
3184,178.05
3185,177.97
3186,177.64
3187,177.63
3188,178.26
3189,179.21
3190,179.49
3191,179.08
3192,179.0
3193,178.93
3194,178.53
3195,178.61
3196,178.615
3197,178.63400000000001
3198,178.8
3199,178.92
3200,179.17
3201,179.15
3202,179.17
3203,179.01
3204,179.2
3205,179.17
3206,179.49
3207,179.21
3208,179.3
3209,179.38
3210,179.37
3211,179.48
3212,179.73
3213,180.02
3214,180.02
3215,181.72
3216,182.41
3217,182.28999999999996
3218,182.605
3219,182.33
3220,182.37
3221,182.6
3222,182.49
3223,182.43
3224,182.63
3225,182.4
3226,182.325
3227,182.775
3228,182.52
3229,182.72
3230,182.93
3231,182.679
3232,182.65
3233,182.68
3234,182.84
3235,183.14
3236,183.08999999999997
3237,183.08999999999997
3238,183.08999999999997
3239,183.29
3240,183.24
3241,183.24
3242,182.68999999999997
3243,182.17
3244,182.89
3245,183.21
3246,183.4
3247,183.15
3248,183.01000000000002
3249,183.19
3250,183.43000000000004
3251,183.28
3252,183.06000000000003
3253,183.02
3254,183.02
3255,182.67
3256,182.43
3257,182.14
3258,182.2
3259,182.205
3260,182.17
3261,182.3
3262,182.10000000000002
3263,182.25
3264,182.08
3265,182.05
3266,182.3
3267,182.38
3268,182.4
3269,182.0
3270,181.98
3271,181.53
3272,181.39
3273,181.71
3274,181.94000000000003
3275,181.39
3276,181.705
3277,181.91
3278,181.52
3279,181.66
3280,181.87
3281,181.72999999999996
3282,181.72999999999996
3283,181.45
3284,181.65
3285,181.378
3286,181.25
3287,181.294
3288,181.22
3289,181.38
3290,181.32
3291,181.458
3292,181.51
3293,181.56
3294,181.75000000000003
3295,180.96
3296,181.16
3297,180.92
3298,180.52
3299,180.84
3300,180.34
3301,179.53
3302,179.65
3303,179.595
3304,179.58
3305,179.65
3306,180.27
3307,180.23
3308,180.13
3309,180.06
3310,179.97
3311,180.38
3312,180.065
3313,180.12
3314,180.28
3315,180.13
3316,180.12
3317,180.12
3318,180.01
3319,180.035
3320,180.09
3321,180.35
3322,180.35
3323,180.31
3324,180.24
3325,179.89
3326,180.0
3327,179.79
3328,179.59
3329,179.8
3330,179.29
3331,179.4
3332,179.5
3333,179.88
3334,179.66
3335,179.76
3336,179.43
3337,179.43
3338,179.322
3339,179.35
3340,179.08
3341,179.0
3342,178.46
3343,178.51
3344,178.41
3345,178.5
3346,178.57
3347,178.54
3348,179.32
3349,179.5
3350,179.34
3351,179.41
3352,179.5
3353,179.38
3354,179.3
3355,179.31
3356,179.21
3357,178.8
3358,178.97
3359,178.61
3360,178.31
3361,178.65
3362,178.6
3363,178.58
3364,178.6
3365,178.6
3366,178.73
3367,178.79
3368,179.31
3369,179.45
3370,179.55
3371,179.56
3372,179.75
3373,179.99
3374,179.4
3375,178.5
3376,178.69
3377,178.52
3378,178.65
3379,178.89
3380,178.857
3381,178.64
3382,178.875
3383,178.74
3384,178.69
3385,178.77
3386,178.85
3387,178.74
3388,179.03
3389,179.06
3390,178.79
3391,178.78
3392,178.93
3393,178.94
3394,179.14
3395,179.13
3396,179.1
3397,179.3
3398,179.11
3399,179.22
3400,179.96
3401,180.25
3402,180.22
3403,180.1
3404,180.25
3405,180.36
3406,180.51
3407,181.05
3408,181.35
3409,180.85
3410,180.77
3411,180.88
3412,180.66
3413,180.685
3414,181.16099999999997
3415,180.52
3416,180.44
3417,180.5
3418,180.72
3419,180.56
3420,180.51
3421,180.208
3422,180.57
3423,180.35
3424,180.42
3425,180.43
3426,181.23
3427,181.36
3428,180.84
3429,180.71
3430,180.795
3431,180.49
3432,180.07
3433,180.49
3434,180.73
3435,180.9
3436,180.91
3437,180.78
3438,181.01
3439,180.86
3440,181.04
3441,180.96
3442,181.13
3443,181.43
3444,181.79
3445,181.72
3446,181.64
3447,181.49
3448,181.1
3449,180.95
3450,180.57
3451,180.15
3452,180.63
3453,180.66
3454,180.16
3455,180.35
3456,180.4
3457,180.5
3458,180.28
3459,180.5
3460,180.46
3461,180.5
3462,180.12
3463,180.05599999999995
3464,179.875
3465,179.56
3466,179.72
3467,179.61
3468,179.8
3469,179.84
3470,179.97
3471,180.01
3472,179.5
3473,179.59
3474,179.3
3475,179.25
3476,179.19
3477,179.14
3478,180.075
3479,180.25
3480,180.51
3481,180.66
3482,180.91
3483,180.6
3484,180.325
3485,180.06
3486,180.045
3487,180.0
3488,180.25
3489,179.98
3490,180.15
3491,180.05
3492,180.06
3493,180.08
3494,180.0
3495,179.83
3496,179.67
3497,179.68
3498,179.51
3499,179.48
3500,179.5
3501,179.59
3502,179.655
3503,179.22
3504,178.72
3505,179.69
3506,179.37
3507,179.22
3508,179.42
3509,178.98
3510,178.82000000000002
3511,178.89
3512,179.43999999999997
3513,179.6
3514,179.9
3515,179.795
3516,179.7
3517,179.8
3518,179.81500000000003
3519,179.88
3520,179.74
3521,179.75
3522,180.33999999999997
3523,179.99
3524,179.88
3525,180.47
3526,180.58
3527,180.73
3528,180.82
3529,181.00999999999996
3530,180.66
3531,180.52999999999997
3532,180.85999999999999
3533,180.64
3534,180.61
3535,180.6
3536,180.45
3537,179.93
3538,180.11
3539,180.13
3540,180.18
3541,180.19
3542,180.18
3543,180.22
3544,180.48
3545,180.352
3546,180.05000000000004
3547,180.07
3548,180.25
3549,180.25
3550,180.28400000000002
3551,180.32
3552,180.19
3553,180.14999999999998
3554,180.3
3555,180.37
3556,180.285
3557,180.36
3558,180.52
3559,180.42
3560,180.5
3561,180.21099999999996
3562,180.398
3563,180.89
3564,180.93
3565,181.14499999999998
3566,181.19999999999996
3567,181.3
3568,181.72
3569,181.935
3570,181.58
3571,181.28799999999998
3572,181.17
3573,181.394
3574,181.3
3575,181.49
3576,181.51
3577,181.47
3578,181.57
3579,181.635
3580,181.835
3581,181.69
3582,182.78
3583,182.82
3584,182.63
3585,182.47
3586,182.56
3587,181.92
3588,181.55
3589,181.58
3590,181.89
3591,182.15
3592,181.94
3593,181.78
3594,181.3
3595,181.18200000000002
3596,181.19999999999996
3597,181.15
3598,181.445
3599,181.61
3600,181.80999999999997
3601,181.7
3602,182.49
3603,182.49
3604,182.80000000000004
3605,183.12
3606,182.65200000000002
3607,182.07
3608,182.146
3609,184.3
3610,184.41
3611,184.639
3612,185.47
3613,185.74999999999997
3614,185.86
3615,185.17999999999998
3616,185.44
3617,185.55
3618,186.0
3619,186.07
3620,186.25
3621,186.48
3622,186.25
3623,185.81
3624,186.00199999999998
3625,186.37
3626,186.26999999999998
3627,186.56
3628,187.11
3629,187.21999999999997
3630,187.132
3631,187.07
3632,187.25
3633,187.35999999999999
3634,187.02999999999997
3635,185.85
3636,185.14
3637,186.12999999999997
3638,186.61
3639,186.07999999999998
3640,186.28
3641,186.61
3642,186.94
3643,186.78
3644,186.89000000000001
3645,187.57
3646,187.4
3647,187.56
3648,187.79000000000002
3649,187.81
3650,188.08
3651,188.15
3652,188.07
3653,188.27
3654,188.50000000000003
3655,188.47
3656,188.47
3657,188.59999999999997
3658,188.30999999999997
3659,188.14
3660,187.94
3661,188.40999999999997
3662,187.985
3663,189.01999999999998
3664,187.92
3665,188.24
3666,188.425
3667,188.63
3668,188.69499999999996
3669,188.21999999999997
3670,188.415
3671,188.43
3672,187.72
3673,188.55
3674,188.72
3675,188.84
3676,189.0
3677,189.0
3678,189.37
3679,189.67
3680,189.51
3681,189.44
3682,189.16999999999996
3683,189.42
3684,189.315
3685,189.54
3686,179.24
3687,179.24999999999997
3688,177.98
3689,177.14
3690,177.5
3691,177.85
3692,177.79
3693,177.43
3694,177.66
3695,177.9
3696,177.17
3697,176.92
3698,177.44
3699,177.61
3700,177.665
3701,177.82
3702,177.5
3703,177.31
3704,177.15
3705,177.7
3706,177.84
3707,177.59
3708,177.83
3709,177.265
3710,176.74
3711,173.12999999999997
3712,173.12999999999997
3713,173.45
3714,174.66
3715,175.74400000000003
3716,175.82999999999998
3717,176.1
3718,177.75
3719,177.09
3720,177.984
3721,178.37
3722,178.49
3723,178.42
3724,178.89
3725,178.533
3726,178.61700000000005
3727,178.234
3728,178.5
3729,178.41
3730,178.09
3731,178.02
3732,178.1
3733,178.5
3734,178.31
3735,178.12
3736,178.15500000000003
3737,177.985
3738,177.73000000000002
3739,178.15
3740,178.36
3741,177.99
3742,177.63
3743,177.88
3744,178.63000000000002
3745,178.57
3746,178.09
3747,177.79
3748,178.07
3749,178.21200000000002
3750,178.14
3751,178.53
3752,178.41
3753,178.53
3754,178.51
3755,178.55
3756,178.48
3757,178.14
3758,178.24
3759,178.09
3760,178.4
3761,178.34
3762,178.86999999999998
3763,178.93
3764,178.93
3765,177.53
3766,177.35000000000002
3767,177.7
3768,177.2
3769,177.72
3770,177.6
3771,177.43
3772,177.98
3773,177.87000000000003
3774,177.7
3775,177.59
3776,177.264
3777,177.48999999999998
3778,177.82
3779,177.39
3780,177.55
3781,177.692
3782,177.72
3783,178.08
3784,177.82500000000002
3785,178.04
3786,178.13400000000001
3787,177.82
3788,177.91
3789,178.38
3790,178.12
3791,177.715
3792,177.832
3793,177.65
3794,177.774
3795,177.77999999999997
3796,177.83
3797,177.58000000000004
3798,177.84
3799,178.01
3800,177.89
3801,177.88
3802,177.96999999999997
3803,178.06000000000003
3804,178.32
3805,178.43
3806,178.53999999999996
3807,178.67999999999998
3808,178.53
3809,178.45
3810,178.57999999999998
3811,178.78
3812,178.7
3813,178.76999999999998
3814,178.86999999999998
3815,178.99
3816,178.55
3817,178.03
3818,177.93
3819,177.54499999999996
3820,177.74
3821,177.37
3822,176.92
3823,176.7
3824,176.84
3825,176.87000000000003
3826,176.11000000000004
3827,176.07000000000002
3828,176.58
3829,176.35
3830,176.49000000000004
3831,176.63
3832,176.82
3833,176.77999999999997
3834,176.75
3835,176.83
3836,177.01
3837,177.0
3838,177.085
3839,177.153
3840,176.98
3841,176.895
3842,176.76
3843,175.14
3844,174.31000000000003
3845,174.45
3846,174.67
3847,174.58
3848,174.50000000000003
3849,174.69000000000003
3850,174.7
3851,174.815
3852,174.832
3853,174.72
3854,174.66
3855,174.235
3856,174.21999999999997
3857,173.77
3858,173.83999999999997
3859,174.11
3860,174.28
3861,174.02
3862,174.8
3863,174.97999999999996
3864,174.92999999999998
3865,174.78
3866,174.45
3867,174.392
3868,174.48
3869,172.71
3870,172.39
3871,172.13000000000002
3872,171.88
3873,171.96400000000003
3874,172.2
3875,171.93
3876,171.91
3877,171.99
3878,171.95
3879,171.83
3880,171.87099999999992
3881,171.35
3882,171.12
3883,170.98999999999998
3884,171.3
3885,170.91
3886,170.87
3887,170.93
3888,171.24
3889,170.86
3890,170.71
3891,170.49
3892,170.27
3893,170.24
3894,170.21
3895,172.0
3896,171.34
3897,171.55
3898,171.45
3899,172.03
3900,172.535
3901,172.89000000000001
3902,173.22000000000003
3903,173.47
3904,173.31
3905,173.11
3906,173.23
3907,172.84000000000003
3908,172.76
3909,173.14
3910,173.08
3911,173.01
3912,172.96
3913,172.84000000000003
3914,172.61
3915,172.21
3916,172.125
3917,172.28
3918,172.29
3919,172.05
3920,171.89
3921,172.995
3922,171.75000000000003
3923,171.83
3924,172.0
3925,172.06799999999996
3926,172.07999999999998
3927,172.25
3928,171.84999999999997
3929,171.7
3930,171.36
3931,171.45
3932,171.29
3933,171.16
3934,171.382
3935,171.64
3936,171.75000000000003
3937,172.21
3938,172.16
3939,171.64
3940,171.78
3941,172.43099999999995
3942,172.84000000000003
3943,172.77
3944,172.54
3945,172.49
3946,171.9
3947,172.24
3948,172.14
3949,172.41
3950,173.11
3951,173.34
3952,172.99
3953,172.57200000000003
3954,172.60500000000002
3955,172.91
3956,172.97
3957,172.84000000000003
3958,173.11
3959,173.15
3960,172.545
3961,172.76
3962,172.6
3963,172.69
3964,172.64
3965,172.72
3966,172.48
3967,172.07999999999998
3968,171.94000000000003
3969,171.74
3970,172.22999999999996
3971,172.34
3972,172.31
3973,172.64
3974,171.71
3975,171.24
3976,170.89
3977,171.19
3978,171.54
3979,171.53
3980,171.36
3981,171.52
3982,171.55999999999997
3983,171.92
3984,171.93
3985,171.72
3986,172.02
3987,171.62
3988,171.52
3989,171.55
3990,171.53
3991,171.53
3992,171.535
3993,171.7
3994,171.68
3995,171.605
3996,171.59
3997,171.49
3998,171.55999999999997
3999,171.28
4000,171.52000000000004
4001,171.88
4002,172.16099999999997
4003,171.99
4004,172.36999999999998
4005,172.08000000000004
4006,172.03
4007,172.12
4008,171.63
4009,171.66
4010,171.54999999999998
4011,171.77
4012,171.42
4013,171.19
4014,171.26
4015,171.255
4016,171.49
4017,171.43
4018,171.47
4019,170.87
4020,170.46
4021,170.61
4022,170.14
4023,169.42
4024,169.82
4025,169.73999999999998
4026,169.01
4027,169.19
4028,168.86
4029,168.73
4030,168.8
4031,168.63
4032,168.65
4033,168.2
4034,168.12
4035,168.05
4036,167.92
4037,167.8
4038,167.13999999999996
4039,167.28
4040,167.08000000000004
4041,166.67
4042,166.59
4043,166.5
4044,166.47
4045,166.46400000000003
4046,165.56
4047,165.75999999999996
4048,165.56
4049,165.52999999999997
4050,165.745
4051,165.54
4052,165.82
4053,165.88400000000001
4054,165.95999999999998
4055,166.0
4056,166.294
4057,166.13
4058,165.98
4059,165.88999999999996
4060,165.75999999999996
4061,165.87
4062,165.88
4063,165.6
4064,165.92
4065,165.75
4066,165.69099999999997
4067,165.55
4068,165.51
4069,165.51
4070,165.54
4071,166.39
4072,166.04
4073,166.07
4074,165.87
4075,166.26
4076,166.30200000000005
4077,166.41
4078,166.44999999999996
4079,166.64999999999998
4080,166.66
4081,166.54
4082,166.51
4083,166.49000000000004
4084,166.62000000000003
4085,166.42000000000002
4086,166.08999999999997
4087,165.97
4088,166.0
4089,166.34999999999997
4090,166.77999999999997
4091,166.89
4092,166.915
4093,166.61
4094,166.41
4095,166.27
4096,166.21200000000007
4097,166.44999999999996
4098,166.79
4099,165.95
4100,166.08999999999997
4101,165.82
4102,165.92
4103,166.11
4104,165.82
4105,165.815
4106,165.67
4107,165.97
4108,165.87
4109,165.97
4110,165.82999999999998
4111,165.585
4112,165.575
4113,165.65
4114,165.3
4115,165.3
4116,165.56
4117,165.68
4118,165.51
4119,165.75
4120,165.92
4121,165.35
4122,165.41
4123,167.74
4124,167.68
4125,167.77000000000004
4126,167.33399999999997
4127,167.22
4128,166.97
4129,167.08700000000005
4130,166.72
4131,166.93
4132,166.75000000000003
4133,166.615
4134,166.505
4135,166.635
4136,166.06000000000003
4137,166.005
4138,166.29
4139,166.49000000000004
4140,166.17
4141,166.27
4142,166.345
4143,166.28
4144,166.46
4145,167.06
4146,167.01000000000002
4147,167.53
4148,167.11
4149,167.09
4150,167.22
4151,167.49
4152,167.5
4153,167.5
4154,167.5
4155,167.28
4156,167.26
4157,167.42
4158,167.49
4159,167.51
4160,167.24500000000003
4161,167.28
4162,167.37
4163,167.37
4164,167.44000000000003
4165,167.38
4166,167.36
4167,167.37
4168,167.29
4169,167.33999999999997
4170,167.23
4171,167.2
4172,166.76
4173,166.89
4174,166.64
4175,167.13
4176,166.90999999999997
4177,166.8
4178,166.72
4179,166.83
4180,166.74
4181,166.33
4182,166.21
4183,166.44
4184,166.53
4185,166.44999999999996
4186,166.38
4187,166.4
4188,166.32000000000002
4189,166.1
4190,166.11
4191,166.13
4192,166.04
4193,165.91
4194,165.47
4195,165.86
4196,166.08
4197,166.21
4198,166.21
4199,165.94
4200,165.92
4201,164.83
4202,163.98
4203,163.41
4204,163.58999999999997
4205,164.89
4206,165.19999999999996
4207,165.245
4208,165.16
4209,164.72
4210,164.75
4211,164.85
4212,165.04000000000002
4213,164.91
4214,164.85
4215,164.86
4216,165.06999999999996
4217,165.13
4218,165.295
4219,165.37000000000003
4220,165.425
4221,165.37000000000003
4222,165.46
4223,165.43
4224,165.36
4225,165.49
4226,165.18
4227,165.42
4228,165.51199999999997
4229,165.68
4230,165.21
4231,165.42
4232,165.23
4233,165.48
4234,165.50000000000003
4235,165.51
4236,165.59
4237,165.6
4238,165.50000000000003
4239,165.51
4240,165.46
4241,165.50000000000003
4242,165.55
4243,165.37000000000003
4244,165.43
4245,165.50000000000003
4246,165.51
4247,165.65
4248,165.49
4249,165.52
4250,165.50000000000003
4251,165.54
4252,165.74
4253,163.28
4254,163.32
4255,163.275
4256,163.62
4257,163.515
4258,163.515
4259,163.25999999999996
4260,163.22
4261,163.22
4262,162.81799999999996
4263,163.30000000000004
4264,163.2
4265,163.25
4266,163.34
4267,163.12999999999997
4268,163.03
4269,162.99
4270,163.04
4271,162.99999999999997
4272,162.89
4273,162.69999999999996
4274,163.01
4275,162.82
4276,162.99
4277,162.845
4278,163.02
4279,163.88
4280,163.08
4281,163.2
4282,163.48
4283,163.45
4284,163.44
4285,163.446
4286,163.7
4287,163.94
4288,163.85
4289,163.8
4290,163.9
4291,163.9
4292,163.935
4293,164.195
4294,164.14
4295,164.07
4296,164.01999999999998
4297,163.933
4298,164.00200000000004
4299,163.98
4300,163.93
4301,163.815
4302,163.45
4303,163.71
4304,163.93
4305,163.19
4306,163.42
4307,164.10800000000003
4308,163.99000000000004
4309,163.76
4310,163.86000000000004
4311,163.4
4312,163.43000000000004
4313,163.2
4314,163.10000000000002
4315,162.71
4316,162.89
4317,163.14
4318,163.25
4319,163.25999999999996
4320,163.30000000000004
4321,163.30000000000004
4322,163.4
4323,163.41
4324,163.406
4325,163.29
4326,163.37
4327,163.28
4328,163.25999999999996
4329,163.16
4330,163.04
4331,164.19
4332,164.27999999999997
4333,163.91
4334,164.03
4335,164.73
4336,164.91
4337,164.96400000000003
4338,165.01
4339,165.06
4340,164.98
4341,165.22
4342,165.44
4343,165.37900000000005
4344,165.45
4345,165.49
4346,165.50000000000003
4347,165.7
4348,165.84
4349,166.13
4350,166.13
4351,166.25
4352,166.486
4353,166.62000000000003
4354,166.79
4355,166.44
4356,166.37
4357,166.34
4358,167.93
4359,167.46
4360,167.2
4361,167.46
4362,167.26
4363,166.97
4364,167.37
4365,167.32
4366,167.70500000000004
4367,167.58
4368,167.35
4369,167.41
4370,167.27
4371,167.46
4372,167.48
4373,167.53
4374,167.11
4375,167.33999999999997
4376,167.143
4377,167.17
4378,167.25
4379,167.37
4380,167.4
4381,167.55599999999995
4382,167.26
4383,167.22
4384,166.86
4385,166.42000000000002
4386,166.69
4387,166.62000000000003
4388,166.51
4389,166.61
4390,166.6
4391,166.98
4392,166.84499999999997
4393,167.05
4394,166.83
4395,166.74
4396,166.59
4397,166.64999999999998
4398,166.61
4399,166.59
4400,166.62000000000003
4401,166.76
4402,166.763
4403,166.66
4404,166.46
4405,166.59
4406,166.6
4407,166.67
4408,166.59
4409,166.72
4410,167.04
4411,166.53
4412,166.41
4413,166.4
4414,165.94
4415,166.6
4416,166.46
4417,166.26
4418,166.33
4419,165.95
4420,166.015
4421,165.81
4422,166.02
4423,166.088
4424,166.23
4425,166.26
4426,166.05
4427,165.86
4428,167.62
4429,167.96
4430,168.1
4431,169.205
4432,168.97
4433,168.23
4434,168.42
4435,168.12
4436,168.12
4437,168.63
4438,168.84999999999997
4439,168.54
4440,168.332
4441,168.385
4442,168.428
4443,168.81
4444,168.94
4445,169.08
4446,169.02000000000004
4447,169.09
4448,168.9
4449,168.986
4450,168.7
4451,168.84
4452,168.762
4453,168.465
4454,167.917
4455,168.26000000000002
4456,168.04
4457,168.18
4458,168.09
4459,168.26000000000002
4460,168.43
4461,168.43200000000004
4462,168.24
4463,168.26600000000002
4464,168.24
4465,167.96
4466,167.77000000000004
4467,167.365
4468,167.4
4469,167.42
4470,167.37
4471,167.61
4472,167.49
4473,167.215
4474,167.26
4475,167.122
4476,167.27
4477,167.38
4478,167.36
4479,167.266
4480,167.294
4481,167.15
4482,167.1
4483,167.296
4484,167.3
4485,167.4
4486,167.44000000000003
4487,167.33999999999997
4488,167.75
4489,167.33999999999997
4490,165.55
4491,165.44
4492,165.32
4493,164.47
4494,164.62
4495,164.12000000000003
4496,164.16
4497,164.68000000000004
4498,164.65
4499,164.81000000000003
4500,165.03
4501,165.02
4502,165.03
4503,165.03
4504,164.75
4505,164.995
4506,165.02
4507,165.10000000000002
4508,165.06999999999996
4509,165.05
4510,165.27
4511,165.26
4512,165.11999999999998
4513,165.06999999999996
4514,165.025
4515,165.0
4516,164.99799999999996
4517,164.8
4518,164.92
4519,164.31
4520,165.10000000000002
4521,165.615
4522,165.42
4523,165.45
4524,165.6
4525,166.05
4526,166.208
4527,166.27
4528,166.47
4529,166.31
4530,166.3
4531,166.23
4532,165.99999999999997
4533,166.00999999999996
4534,165.97999999999996
4535,166.00999999999996
4536,165.76
4537,165.78
4538,165.67
4539,165.59
4540,165.44
4541,165.08
4542,165.15000000000003
4543,163.32
4544,163.28000000000003
4545,163.37
4546,163.56
4547,163.51
4548,163.1
4549,163.32
4550,163.765
4551,163.91
4552,164.17999999999998
4553,164.06
4554,163.865
4555,163.88
4556,163.86
4557,163.855
4558,163.42
4559,161.985
4560,162.59
4561,162.59
4562,162.74
4563,162.71
4564,162.87
4565,162.94
4566,162.5
4567,162.82
4568,162.98
4569,165.06499999999997
4570,165.29
4571,165.26
4572,165.03999999999996
4573,165.65
4574,164.95
4575,165.02
4576,165.11
4577,165.32
4578,165.54
4579,165.56
4580,165.55
4581,165.52
4582,165.61
4583,165.72
4584,165.67
4585,165.38
4586,165.51
4587,165.62
4588,165.87
4589,165.88
4590,165.91999999999996
4591,165.59
4592,165.38
4593,165.35
4594,165.58
4595,165.39
4596,165.06999999999996
4597,165.55
4598,165.45
4599,165.39
4600,165.34
4601,165.31
4602,165.49
4603,165.4
4604,165.44
4605,165.28
4606,165.48
4607,165.47
4608,165.77
4609,165.99
4610,166.10000000000002
4611,166.10000000000002
4612,166.04000000000002
4613,165.63
4614,165.63
4615,165.5
4616,165.53
4617,165.59
4618,165.39
4619,165.5
4620,165.38
4621,165.63
4622,163.45
4623,163.99
4624,163.77
4625,164.36
4626,164.35
4627,164.52
4628,164.6
4629,165.08
4630,165.16000000000003
4631,165.15500000000003
4632,164.53
4633,164.41
4634,164.65
4635,164.77
4636,164.94
4637,164.85
4638,164.87099999999998
4639,164.64
4640,164.68
4641,165.05
4642,165.29
4643,165.08999999999997
4644,164.8
4645,164.55
4646,164.66
4647,164.8
4648,165.69
4649,164.46
4650,165.06999999999996
4651,165.21000000000004
4652,165.85
4653,165.79
4654,165.58
4655,165.61
4656,165.86
4657,165.84
4658,166.10000000000002
4659,166.09000000000003
4660,166.17
4661,165.86
4662,165.71
4663,165.655
4664,165.59
4665,165.41
4666,165.11
4667,164.77
4668,165.03
4669,165.43
4670,165.02
4671,164.715
4672,164.6
4673,164.92
4674,162.7
4675,163.20000000000002
4676,162.01
4677,162.38
4678,163.07
4679,163.41
4680,163.12999999999997
4681,163.29
4682,163.56
4683,163.85
4684,163.84
4685,163.47
4686,163.76
4687,163.43
4688,163.72
4689,163.98
4690,163.88
4691,164.0
4692,163.98
4693,164.25
4694,164.12999999999997
4695,164.12999999999997
4696,164.03999999999996
4697,163.81
4698,163.78
4699,163.97
4700,165.82
4701,165.93
4702,165.77
4703,165.75
4704,165.84
4705,165.79
4706,165.03999999999996
4707,164.57
4708,164.08
4709,163.5
4710,163.55
4711,163.95
4712,163.81
4713,164.14999999999998
4714,164.48
4715,165.27
4716,165.63
4717,165.59400000000005
4718,165.2
4719,165.34
4720,165.4
4721,165.18000000000004
4722,165.08
4723,165.2
4724,164.89
4725,164.5
4726,164.35
4727,164.928
4728,165.03999999999996
4729,165.21000000000004
4730,165.44
4731,165.72
4732,165.9
4733,165.882
4734,165.99
4735,166.53
4736,166.57
4737,166.73
4738,166.87
4739,166.64
4740,166.61
4741,166.79
4742,166.8
4743,166.85
4744,167.28
4745,167.34
4746,167.245
4747,167.36
4748,167.43
4749,167.19
4750,166.74
4751,166.68
4752,165.13000000000002
4753,164.97999999999996
4754,165.45
4755,165.475
4756,164.955
4757,165.03499999999997
4758,164.82
4759,164.97
4760,165.26
4761,165.44
4762,165.4
4763,165.11999999999998
4764,165.00999999999996
4765,165.0
4766,165.02
4767,165.2
4768,165.03
4769,165.19
4770,165.35
4771,165.45
4772,165.05999999999997
4773,165.22
4774,165.14
4775,165.15000000000003
4776,164.9
4777,164.36
4778,164.32
4779,164.11
4780,163.95
4781,164.16000000000003
4782,163.82
4783,163.08
4784,162.88
4785,162.325
4786,161.75
4787,161.61
4788,161.24
4789,161.05
4790,161.35000000000002
4791,161.73
4792,161.86
4793,161.91
4794,161.84
4795,161.56
4796,161.19999999999996
4797,161.49
4798,161.27999999999997
4799,161.43
4800,161.32999999999998
4801,161.86
4802,161.44
4803,161.11
4804,160.22
4805,159.99
4806,159.65
4807,160.45
4808,160.3
4809,159.66
4810,159.83
4811,159.42999999999998
4812,160.27
4813,161.19999999999996
4814,161.855
4815,161.45
4816,161.69
4817,161.8
4818,162.15
4819,162.78
4820,163.0
4821,163.29
4822,163.23999999999998
4823,163.63
4824,163.515
4825,163.42
4826,163.14000000000001
4827,162.7
4828,162.65
4829,162.388
4830,164.86
4831,164.81
4832,164.95
4833,164.34
4834,164.53
4835,164.6
4836,164.21000000000004
4837,164.11
4838,164.51
4839,164.56
4840,164.72
4841,164.57
4842,164.53
4843,164.58
4844,164.39
4845,163.9
4846,163.89
4847,164.15599999999995
4848,163.69
4849,163.7
4850,163.42
4851,163.49
4852,163.99
4853,163.89
4854,163.82
4855,163.64
4856,163.44
4857,162.83
4858,162.9
4859,162.13
4860,161.585
4861,162.02
4862,162.46
4863,162.47
4864,162.55
4865,162.81
4866,162.452
4867,162.24999999999997
4868,162.20000000000002
4869,162.26999999999998
4870,162.26999999999998
4871,161.72
4872,161.49
4873,161.76
4874,161.67
4875,161.63
4876,161.52
4877,161.52
4878,161.38
4879,161.45
4880,161.39
4881,161.35000000000002
4882,161.775
4883,161.67
4884,161.19
4885,160.95
4886,160.8
4887,161.27999999999997
4888,161.32999999999998
4889,161.24999999999997
4890,161.39
4891,161.58
4892,161.29000000000002
4893,161.35000000000002
4894,161.27999999999997
4895,161.30999999999997
4896,161.42
4897,161.29999999999998
4898,161.11
4899,161.29999999999998
4900,161.22999999999996
4901,161.34000000000003
4902,161.30999999999997
4903,161.19
4904,161.32000000000002
4905,161.28699999999998
4906,161.24999999999997
4907,161.1
4908,160.01
4909,160.22
4910,160.08
4911,159.94
4912,160.04
4913,159.42
4914,159.28299999999996
4915,159.34999999999997
4916,159.73
4917,159.79
4918,159.815
4919,159.91
4920,160.0
4921,159.96
4922,160.02
4923,159.52000000000004
4924,159.79
4925,159.66
4926,159.39999999999998
4927,159.08
4928,158.77
4929,158.68
4930,159.31
4931,159.04
4932,158.655
4933,158.69
4934,159.025
4935,158.88
4936,158.86
4937,158.79
4938,158.64
4939,159.05
4940,158.99
4941,158.4
4942,158.64
4943,158.43999999999997
4944,158.42000000000002
4945,158.16
4946,158.0
4947,157.82
4948,157.9
4949,158.127
4950,158.155
4951,157.998
4952,158.0
4953,157.82
4954,157.85
4955,157.82
4956,158.2
4957,158.52000000000004
4958,158.73
4959,158.62
4960,158.77
4961,158.93
4962,159.12
4963,158.96
4964,159.15
4965,159.08
4966,159.26
4967,159.95
4968,160.094
4969,160.55
4970,160.65
4971,160.87
4972,160.97
4973,161.083
4974,161.40000000000003
4975,161.27
4976,161.35399999999996
4977,161.22
4978,160.48
4979,160.75
4980,161.0
4981,160.93
4982,161.22
4983,161.35999999999999
4984,161.58
4985,161.65
4986,161.69
4987,161.73
4988,162.422
4989,162.88
4990,162.26000000000002
4991,162.16999999999996
4992,162.18999999999997
4993,162.13
4994,162.13999999999996
4995,162.45
4996,162.55
4997,162.62
4998,162.76
4999,162.825
5000,162.83
5001,162.78
5002,162.99
5003,163.13500000000002
5004,163.27
5005,163.25
5006,163.185
5007,163.33
5008,163.41
5009,163.37
5010,163.25
5011,163.43
5012,163.7
5013,163.89
5014,164.05
5015,164.125
5016,164.041
5017,163.85
5018,163.84
5019,163.68
5020,163.81
5021,163.83
5022,163.53
5023,163.85
5024,163.65
5025,163.75
5026,163.81
5027,163.72
5028,163.73
5029,163.61
5030,163.43
5031,163.406
5032,163.45
5033,163.15
5034,163.23
5035,163.22
5036,163.34
5037,163.43
5038,163.49999999999997
5039,163.6
5040,164.82
5041,164.59000000000003
5042,165.04
5043,165.075
5044,164.88
5045,164.47000000000003
5046,164.75499999999997
5047,164.76
5048,164.82
5049,165.13
5050,165.15
5051,165.27
5052,165.46
5053,165.7
5054,166.391
5055,166.93999999999997
5056,166.55
5057,166.63
5058,166.75
5059,166.52
5060,166.6
5061,166.53
5062,166.49000000000004
5063,166.59
5064,166.61
5065,166.54
5066,165.9
5067,165.08
5068,165.59
5069,164.62
5070,164.82
5071,164.57699999999997
5072,164.48
5073,164.3
5074,164.34
5075,164.26
5076,164.04
5077,163.85
5078,163.65
5079,163.7
5080,163.66000000000003
5081,163.85
5082,163.45
5083,163.39
5084,163.27
5085,163.34
5086,163.68
5087,163.75
5088,163.93
5089,164.12
5090,164.18
5091,164.21
5092,164.21
5093,164.66
5094,164.57
5095,164.395
5096,164.11900000000003
5097,164.34
5098,164.49
5099,164.365
5100,164.33
5101,164.44
5102,164.46
5103,164.8
5104,164.99
5105,164.91
5106,165.08
5107,165.08
5108,165.04
5109,164.97
5110,164.78
5111,164.71
5112,164.94
5113,164.94
5114,165.0
5115,164.86
5116,164.81599999999997
5117,164.71
5118,164.68
5119,164.69
5120,165.408
5121,165.12
5122,164.67
5123,164.29
5124,164.28
5125,164.34999999999997
5126,164.33
5127,164.34
5128,164.44
5129,164.34
5130,164.0
5131,164.14
5132,164.28
5133,164.39000000000001
5134,164.52
5135,164.48
5136,164.67
5137,164.61
5138,164.81299999999996
5139,164.78
5140,164.59000000000003
5141,164.46
5142,164.22999999999996
5143,164.39000000000001
5144,164.53
5145,164.54
5146,164.57
5147,164.1
5148,164.03
5149,163.75
5150,163.87
5151,163.94
5152,163.26
5153,163.505
5154,164.16
5155,163.9
5156,163.91
5157,164.2
5158,164.25
5159,164.45
5160,164.65
5161,164.75
5162,165.03
5163,165.07
5164,164.94
5165,164.99
5166,165.09
5167,165.18
5168,165.105
5169,165.0
5170,164.95
5171,165.01
5172,165.04
5173,165.35999999999999
5174,165.46
5175,165.576
5176,165.35999999999999
5177,164.91
5178,165.01
5179,165.04
5180,165.025
5181,164.88
5182,164.602
5183,164.63
5184,164.94
5185,165.13
5186,165.255
5187,165.06
5188,164.91
5189,165.04
5190,165.02
5191,165.1
5192,165.13
5193,165.025
5194,164.97799999999998
5195,165.13
5196,165.485
5197,165.49
5198,165.6
5199,165.62
5200,166.02
5201,165.895
5202,166.04
5203,166.37000000000003
5204,166.5
5205,167.10000000000002
5206,167.24
5207,166.92
5208,166.62
5209,166.89
5210,166.93
5211,166.72
5212,166.82
5213,166.7
5214,166.84
5215,166.74
5216,167.43
5217,167.32
5218,167.2
5219,166.38
5220,166.24
5221,166.79
5222,166.97
5223,167.08
5224,167.23
5225,166.87
5226,165.89
5227,165.53
5228,165.71
5229,165.13
5230,165.42
5231,165.33
5232,165.54
5233,165.93
5234,165.88
5235,166.04
5236,165.85
5237,165.89
5238,166.06
5239,165.87099999999995
5240,165.91
5241,166.02
5242,166.20999999999998
5243,166.2
5244,166.32999999999998
5245,166.622
5246,166.58900000000003
5247,166.11
5248,165.95
5249,165.57
5250,165.61
5251,165.64
5252,167.54
5253,167.338
5254,167.96
5255,167.65200000000004
5256,167.89
5257,167.89
5258,167.48
5259,167.83
5260,167.685
5261,167.61
5262,167.74
5263,168.3
5264,168.5
5265,168.42
5266,168.201
5267,168.1
5268,168.24
5269,168.42
5270,168.532
5271,168.58
5272,168.7
5273,168.65
5274,168.89
5275,168.69
5276,168.82
5277,168.86
5278,168.95
5279,170.52
5280,169.97899999999998
5281,170.25
5282,169.73000000000002
5283,169.28
5284,168.98
5285,168.63
5286,168.8
5287,169.02
5288,168.75
5289,168.59500000000003
5290,168.85
5291,168.83
5292,168.74
5293,168.46
5294,168.53
5295,168.52
5296,168.66
5297,168.94
5298,168.92
5299,169.03
5300,168.95999999999998
5301,168.79
5302,169.08000000000004
5303,169.15
5304,169.59
5305,169.99
5306,170.235
5307,170.76
5308,171.9
5309,171.63000000000002
5310,171.53
5311,171.33
5312,171.0
5313,171.17
5314,171.11
5315,171.36
5316,170.96
5317,170.88
5318,170.545
5319,170.66000000000003
5320,171.18
5321,171.2
5322,171.01
5323,170.97
5324,170.76
5325,171.32
5326,171.67
5327,171.91
5328,171.44
5329,170.97
5330,171.18
5331,177.65
5332,178.045
5333,178.59799999999996
5334,178.37
5335,177.65
5336,177.34
5337,177.73999999999998
5338,177.85
5339,177.89
5340,178.02000000000004
5341,178.38
5342,178.27599999999995
5343,178.99
5344,178.855
5345,178.99
5346,179.33
5347,179.38299999999995
5348,179.72
5349,179.92
5350,180.04
5351,179.22
5352,180.0
5353,180.145
5354,180.04
5355,180.42
5356,180.32
5357,177.85999999999999
5358,178.12
5359,177.32
5360,175.875
5361,175.55
5362,176.25
5363,175.02
5364,174.13
5365,174.39
5366,173.955
5367,174.89
5368,174.35
5369,174.886
5370,174.69
5371,174.65
5372,174.09999999999997
5373,173.96
5374,173.6
5375,173.68
5376,173.79
5377,173.54
5378,173.95
5379,173.69
5380,173.05
5381,172.86
5382,172.75799999999995
5383,172.8
5384,173.385
5385,172.73
5386,172.85
5387,172.65
5388,172.57
5389,172.75
5390,172.54
5391,172.65
5392,172.85
5393,173.06
5394,173.16999999999996
5395,173.16999999999996
5396,173.2
5397,173.09
5398,172.9
5399,173.28
5400,173.11
5401,173.05
5402,173.11
5403,173.12999999999997
5404,173.02
5405,172.735
5406,172.59
5407,172.8
5408,173.2
5409,173.42
5410,173.34
5411,172.77
5412,172.465
5413,172.26
5414,172.352
5415,172.47
5416,172.05
5417,171.87
5418,172.25
5419,172.19999999999996
5420,172.195
5421,172.36
5422,172.265
5423,172.25
5424,172.19
5425,172.33
5426,172.34
5427,172.55
5428,172.45
5429,172.3
5430,172.17
5431,172.39
5432,172.53
5433,172.26
5434,172.46
5435,172.5
5436,172.31
5437,171.96
5438,171.43
5439,171.9
5440,172.1
5441,171.96
5442,172.23
5443,172.65
5444,172.19999999999996
5445,172.21
5446,172.14
5447,172.28
5448,172.39
5449,172.15
5450,172.3
5451,172.24
5452,172.22
5453,172.27
5454,172.39999999999998
5455,172.3
5456,172.25
5457,172.26
5458,171.98
5459,171.73
5460,171.54
5461,171.46
5462,174.43
5463,174.14000000000001
5464,173.75
5465,173.86
5466,173.85
5467,173.899
5468,174.34000000000003
5469,174.63
5470,174.82
5471,175.64
5472,175.73
5473,176.28599999999997
5474,176.12000000000003
5475,176.01
5476,176.16
5477,176.19
5478,175.81
5479,175.485
5480,175.36
5481,175.31
5482,175.13
5483,175.08
5484,175.26
5485,175.47
5486,175.52
5487,176.06
5488,176.15
5489,175.19000000000003
5490,175.02
5491,175.55
5492,175.265
5493,175.84
5494,175.62
5495,176.07
5496,176.13
5497,175.95999999999998
5498,175.95999999999998
5499,176.12000000000003
5500,176.22299999999996
5501,176.06
5502,175.98
5503,175.8
5504,175.9
5505,175.78
5506,175.935
5507,175.925
5508,176.07
5509,176.07
5510,176.05
5511,176.07
5512,176.07
5513,176.32
5514,176.67
5515,174.54
5516,174.44400000000005
5517,174.7
5518,174.155
5519,174.32
5520,174.27
5521,174.33
5522,174.55
5523,174.13
5524,174.139
5525,174.185
5526,173.82
5527,173.76
5528,173.8
5529,173.98
5530,174.41
5531,174.98
5532,175.02
5533,175.095
5534,174.96
5535,175.12
5536,175.59
5537,175.78
5538,175.83
5539,176.07
5540,175.9
5541,175.085
5542,175.225
5543,175.19400000000005
5544,174.695
5545,174.86
5546,174.83
5547,174.89
5548,174.98
5549,174.96
5550,174.945
5551,175.03
5552,175.16
5553,174.98
5554,174.91
5555,174.97
5556,174.97
5557,174.613
5558,174.745
5559,174.795
5560,174.86
5561,174.45
5562,174.19
5563,173.175
5564,172.985
5565,173.042
5566,173.02
5567,172.92
5568,173.45
5569,173.75
5570,173.37
5571,173.59
5572,173.385
5573,173.04
5574,173.22
5575,173.035
5576,173.53
5577,173.5
5578,173.64
5579,173.56
5580,173.38
5581,173.07
5582,172.78
5583,173.08
5584,172.91
5585,173.065
5586,173.0
5587,173.43
5588,173.37
5589,173.43
5590,173.53
5591,173.38
5592,173.27
5593,174.62
5594,173.76
5595,173.95
5596,173.635
5597,173.12
5598,173.2
5599,173.05
5600,173.26
5601,173.14
5602,173.1
5603,173.03
5604,173.16
5605,173.26
5606,173.12
5607,173.04
5608,173.08
5609,173.01
5610,173.09
5611,172.7
5612,173.0
5613,172.64
5614,172.54
5615,172.34
5616,172.1
5617,172.23
5618,172.03
5619,171.55
5620,171.42
5621,171.62
5622,172.22
5623,172.33
5624,172.6
5625,172.72
5626,172.57
5627,172.45
5628,172.61
5629,172.595
5630,172.56
5631,172.14
5632,172.16
5633,172.24
5634,172.28
5635,172.29
5636,172.47
5637,172.22
5638,172.24
5639,172.37
5640,172.33
5641,172.39
5642,172.35
5643,172.125
5644,171.98
5645,172.35
5646,173.1
5647,173.09
5648,172.7
5649,172.93
5650,173.06
5651,173.19
5652,173.3
5653,173.33
5654,173.33599999999996
5655,173.71
5656,173.78
5657,173.865
5658,174.42
5659,174.14
5660,174.32
5661,174.01
5662,174.28
5663,174.27
5664,174.34
5665,174.41
5666,174.46
5667,174.46
5668,174.4
5669,174.52
5670,175.01
5671,175.76
5672,175.35
5673,175.57
5674,175.23
5675,175.2
5676,175.1
5677,174.92
5678,174.92
5679,174.95
5680,175.2
5681,175.195
5682,175.28
5683,175.26
5684,175.22
5685,175.4
5686,175.3
5687,175.43
5688,175.54
5689,175.65
5690,175.53
5691,175.73
5692,175.74
5693,175.39
5694,175.63
5695,175.42
5696,175.54
5697,176.45
5698,176.541
5699,176.29
5700,176.7
5701,176.5
5702,176.6
5703,176.6
5704,176.55
5705,176.64
5706,176.54
5707,176.63
5708,176.66
5709,176.65
5710,176.58
5711,176.72
5712,176.55
5713,176.59
5714,176.55
5715,176.34
5716,176.335
5717,176.225
5718,176.0
5719,175.895
5720,175.93
5721,175.83
5722,175.35
5723,174.5
5724,174.32
5725,174.33
5726,174.2
5727,174.23
5728,174.15
5729,174.92
5730,174.82
5731,174.38
5732,174.44
5733,174.46
5734,174.385
5735,174.38
5736,173.98
5737,173.89
5738,173.925
5739,174.185
5740,174.17
5741,174.13
5742,174.22
5743,174.41
5744,174.59
5745,174.57
5746,174.39
5747,174.41
5748,174.3
5749,174.93
5750,174.52
5751,174.25
5752,174.43
5753,174.43
5754,174.3
5755,174.28
5756,174.75
5757,175.05
5758,175.02
5759,175.24
5760,175.22
5761,175.41
5762,175.27
5763,175.23
5764,174.28
5765,173.44
5766,174.01
5767,174.15
5768,174.08
5769,174.8
5770,174.14
5771,173.85
5772,174.25
5773,174.28
5774,174.39
5775,174.15
5776,174.16
5777,173.45
5778,173.18
5779,172.47
5780,172.475
5781,172.4
5782,172.61
5783,172.67
5784,172.49
5785,172.01
5786,171.89
5787,172.28
5788,172.29
5789,172.12
5790,172.395
5791,172.68
5792,172.78
5793,172.88
5794,172.88
5795,173.07
5796,173.08
5797,173.16
5798,173.92
5799,174.0
5800,173.778
5801,174.06
5802,174.03
5803,173.85
5804,174.01
5805,173.91
5806,173.07
5807,173.23
5808,173.43
5809,173.283
5810,173.12
5811,172.9
5812,172.78
5813,172.83
5814,173.35
5815,173.19
5816,173.48
5817,173.22
5818,173.253
5819,173.66
5820,174.09
5821,173.62
5822,172.88
5823,172.9
5824,173.18
5825,173.22
5826,173.22
5827,172.98
5828,173.0
5829,173.0
5830,173.04
5831,173.03
5832,173.03
5833,173.25
5834,173.12
5835,173.03
5836,172.95
5837,173.225
5838,173.16
5839,173.18
5840,173.113
5841,173.18599999999995
5842,173.22
5843,173.136
5844,173.35
5845,173.32
5846,173.72
5847,173.53
5848,173.5
5849,173.39
5850,173.23
5851,172.85
5852,172.75
5853,172.63
5854,172.16
5855,172.4
5856,172.24
5857,172.67
5858,172.7
5859,172.85
5860,173.04
5861,172.99
5862,173.142
5863,173.115
5864,172.92
5865,173.14
5866,172.82
5867,173.04
5868,172.91
5869,172.96
5870,172.86
5871,172.59
5872,172.04
5873,172.12
5874,172.19
5875,172.87
5876,173.22
5877,173.125
5878,173.08
5879,173.03
5880,172.95
5881,172.68
5882,172.86
5883,172.95
5884,172.86
5885,172.41
5886,172.31
5887,172.39
5888,172.31
5889,172.26
5890,172.43
5891,172.3
5892,171.91
5893,172.11
5894,171.91
5895,171.71
5896,171.77
5897,171.78
5898,171.29
5899,171.53
5900,171.17
5901,171.584
5902,171.76
5903,171.6
5904,171.98
5905,172.21
5906,172.16
5907,172.12
5908,172.197
5909,172.38
5910,172.324
5911,172.08
5912,172.0
5913,171.8
5914,171.95
5915,171.81
5916,171.49
5917,171.71
5918,171.67
5919,171.78
5920,171.95
5921,171.75
5922,171.74
5923,171.83
5924,172.05
5925,171.85
5926,171.76
5927,172.94
5928,172.43
5929,172.2
5930,172.39
5931,172.36
5932,172.92
5933,172.87
5934,172.87
5935,172.625
5936,172.6
5937,172.26
5938,171.73
5939,171.77
5940,171.8
5941,172.11
5942,172.05
5943,172.42
5944,172.47
5945,172.375
5946,172.3
5947,172.07
5948,171.75
5949,171.72
5950,171.59
5951,171.17
5952,171.1
5953,171.42
5954,170.64
5955,171.0
5956,172.14
5957,171.93
5958,172.17
5959,172.75
5960,172.605
5961,172.91
5962,173.0
5963,172.51
5964,172.62
5965,172.5
5966,172.562
5967,173.03
5968,173.01
5969,172.975
5970,173.02
5971,173.07
5972,173.155
5973,173.29
5974,173.22
5975,173.09
5976,173.114
5977,173.175
5978,173.04
5979,174.3
5980,173.61
5981,173.38
5982,174.02
5983,174.37
5984,174.57
5985,174.49
5986,174.64
5987,174.49
5988,174.62
5989,174.88
5990,174.85
5991,174.81
5992,175.07
5993,175.11
5994,175.16
5995,175.02
5996,174.76
5997,174.58
5998,174.56
5999,174.7
