,0
0,12.682162284851074
1,12.663908004760742
2,12.803027153015137
3,12.851806640625
4,13.072205543518066
5,12.773058891296387
6,12.655874252319336
7,12.66964340209961
8,12.67413330078125
9,12.690972328186035
10,12.709702491760254
11,12.759422302246094
12,12.740476608276367
13,12.789732933044434
14,12.842167854309082
15,12.837799072265625
16,12.894989013671875
17,12.920289039611816
18,12.90076732635498
19,12.885300636291504
20,12.963811874389648
21,12.933673858642578
22,12.938202857971191
23,12.95179557800293
24,12.947853088378906
25,12.971696853637695
26,12.955129623413086
27,12.961213111877441
28,12.957347869873047
29,13.009175300598145
30,13.061901092529297
31,13.124306678771973
32,13.0507173538208
33,13.065969467163086
34,13.03035831451416
35,13.003397941589355
36,12.931587219238281
37,12.921165466308594
38,12.915321350097656
39,12.925642013549805
40,12.916092872619629
41,12.934099197387695
42,12.925456047058105
43,12.933072090148926
44,12.961583137512207
45,12.962079048156738
46,12.986083030700684
47,12.961677551269531
48,12.889677047729492
49,12.92950439453125
50,12.87171745300293
51,12.858171463012695
52,12.881926536560059
53,12.918448448181152
54,12.914295196533203
55,12.914718627929688
56,12.912613868713379
57,12.935629844665527
58,12.951150894165039
59,12.850494384765625
60,12.821853637695312
61,12.82990837097168
62,12.866301536560059
63,12.912554740905762
64,12.944379806518555
65,12.968213081359863
66,12.953953742980957
67,12.939484596252441
68,12.933571815490723
69,12.946208000183105
70,12.945012092590332
71,12.973535537719727
72,12.970571517944336
73,12.981339454650879
74,12.973633766174316
75,12.990262985229492
76,13.005609512329102
77,13.031841278076172
78,13.008951187133789
79,13.001239776611328
80,12.976263046264648
81,13.002084732055664
82,12.99271011352539
83,13.012126922607422
84,13.013530731201172
85,13.00425910949707
86,12.908639907836914
87,12.738213539123535
88,12.719107627868652
89,12.755945205688477
90,12.68466567993164
91,12.668968200683594
92,12.627843856811523
93,12.622125625610352
94,12.61409854888916
95,12.621801376342773
96,12.43882942199707
97,12.481447219848633
98,12.526885032653809
99,12.457250595092773
100,12.58444881439209
101,12.708325386047363
102,12.695197105407715
103,12.704996109008789
104,12.689379692077637
105,12.531968116760254
106,12.542154312133789
107,12.5543851852417
108,12.450760841369629
109,12.543144226074219
110,12.57406234741211
111,12.551698684692383
112,12.477933883666992
113,12.5010347366333
114,12.4407320022583
115,12.491209030151367
116,12.50948715209961
117,12.512513160705566
118,12.4669771194458
119,12.385502815246582
120,12.160965919494629
121,12.133695602416992
122,12.154966354370117
123,12.113299369812012
124,12.123773574829102
125,12.017511367797852
126,11.97558307647705
127,11.886404991149902
128,11.889622688293457
129,11.85731029510498
130,11.924039840698242
131,11.93801498413086
132,11.905911445617676
133,12.073318481445312
134,12.131390571594238
135,11.946846961975098
136,12.008881568908691
137,11.934319496154785
138,11.911018371582031
139,11.927035331726074
140,11.96932601928711
141,12.08382797241211
142,11.993120193481445
143,11.902739524841309
144,11.856348991394043
145,11.819197654724121
146,11.959673881530762
147,11.969335556030273
148,11.963698387145996
149,12.055023193359375
150,12.081634521484375
151,12.083364486694336
152,12.06145191192627
153,12.089147567749023
154,12.197837829589844
155,12.259455680847168
156,12.285161972045898
157,12.269975662231445
158,12.241477012634277
159,12.238868713378906
160,12.281007766723633
161,12.241211891174316
162,12.133626937866211
163,12.140735626220703
164,12.177571296691895
165,12.161171913146973
166,12.17953109741211
167,12.34448528289795
168,12.2424898147583
169,12.205374717712402
170,12.186579704284668
171,12.166826248168945
172,12.226676940917969
173,12.22322940826416
174,12.105653762817383
175,11.857264518737793
176,11.701334953308105
177,11.370573997497559
178,11.168601036071777
179,11.103591918945312
180,11.12952709197998
181,11.246192932128906
182,11.456729888916016
183,11.525717735290527
184,11.408411026000977
185,11.249549865722656
186,11.128094673156738
187,11.264798164367676
188,11.465080261230469
189,11.57520580291748
190,11.549226760864258
191,11.753158569335938
192,11.901774406433105
193,12.26681137084961
194,12.064830780029297
195,12.13646125793457
196,12.326050758361816
197,12.233306884765625
198,12.240835189819336
199,12.29856014251709
200,12.365856170654297
201,12.301426887512207
202,12.306870460510254
203,12.357975006103516
204,12.362188339233398
205,12.46815299987793
206,12.445003509521484
207,12.425061225891113
208,12.427350044250488
209,12.406477928161621
210,12.375360488891602
211,12.331561088562012
212,12.304829597473145
213,12.201916694641113
214,12.160078048706055
215,12.222853660583496
216,12.13559341430664
217,12.075552940368652
218,12.034646987915039
219,11.989174842834473
220,11.954451560974121
221,12.191104888916016
222,11.912610054016113
223,11.699430465698242
224,11.723912239074707
225,11.612010955810547
226,11.610980033874512
227,11.633944511413574
228,11.628447532653809
229,11.574748039245605
230,11.655526161193848
231,11.759605407714844
232,11.887442588806152
233,11.857004165649414
234,11.856689453125
235,11.86109447479248
236,11.8473539352417
237,11.900551795959473
238,11.927506446838379
239,11.910126686096191
240,11.836030006408691
241,11.784186363220215
242,11.758849143981934
243,11.696249008178711
244,11.580608367919922
245,11.642945289611816
246,11.675286293029785
247,11.685290336608887
248,12.587968826293945
249,12.602723121643066
250,12.638818740844727
251,12.658729553222656
252,12.725000381469727
253,12.822807312011719
254,12.886066436767578
255,12.936155319213867
256,12.986413955688477
257,13.017404556274414
258,12.977416038513184
259,12.986160278320312
260,12.981332778930664
261,12.992831230163574
262,12.997241973876953
263,12.966165542602539
264,12.95287799835205
265,12.925249099731445
266,12.894125938415527
267,12.91136646270752
268,12.91020393371582
269,13.017668724060059
270,12.991705894470215
271,13.013376235961914
272,13.015044212341309
273,13.076983451843262
274,13.110820770263672
275,13.150823593139648
276,13.07469367980957
277,12.967113494873047
278,12.945757865905762
279,12.941099166870117
280,12.912736892700195
281,12.914545059204102
282,12.911827087402344
283,12.924141883850098
284,12.917308807373047
285,12.918471336364746
286,12.94293212890625
287,12.975296020507812
288,12.93816089630127
289,12.944019317626953
290,12.90126895904541
291,12.864595413208008
292,12.876163482666016
293,12.90915584564209
294,12.937031745910645
295,12.912858009338379
296,12.840917587280273
297,12.809895515441895
298,12.867692947387695
299,12.766819953918457
300,12.784743309020996
301,12.860750198364258
302,12.827047348022461
303,12.848662376403809
304,12.81829833984375
305,12.817424774169922
306,12.863479614257812
307,12.911067008972168
308,12.90380859375
309,12.932947158813477
310,12.987398147583008
311,13.052818298339844
312,13.05112075805664
313,13.031411170959473
314,13.049175262451172
315,13.06141471862793
316,13.065340042114258
317,13.06865406036377
318,13.063851356506348
319,13.095134735107422
320,13.095114707946777
321,13.091007232666016
322,13.087869644165039
323,13.105676651000977
324,13.108233451843262
325,13.138636589050293
326,13.134016990661621
327,13.139314651489258
328,13.118216514587402
329,13.10818862915039
330,12.86195182800293
331,12.856670379638672
332,12.884681701660156
333,12.855583190917969
334,12.85530948638916
335,12.847736358642578
336,12.890337944030762
337,12.863665580749512
338,12.86042308807373
339,12.844066619873047
340,12.764026641845703
341,12.73621940612793
342,12.72266674041748
343,12.685138702392578
344,12.711897850036621
345,12.704743385314941
346,12.75522232055664
347,12.805410385131836
348,12.873775482177734
349,12.976137161254883
350,13.007015228271484
351,13.004653930664062
352,13.012418746948242
353,12.961064338684082
354,12.957931518554688
355,12.94141674041748
356,12.948962211608887
357,12.725118637084961
358,12.87317943572998
359,12.790715217590332
360,12.739286422729492
361,12.73342227935791
362,12.71632194519043
363,12.69945240020752
364,12.667551040649414
365,12.660174369812012
366,12.642130851745605
367,12.69523811340332
368,12.732033729553223
369,12.680517196655273
370,12.68420124053955
371,12.695587158203125
372,12.597414016723633
373,12.559444427490234
374,12.571261405944824
375,12.570603370666504
376,12.559112548828125
377,12.544419288635254
378,12.55765151977539
379,12.615260124206543
380,12.615360260009766
381,12.566436767578125
382,12.66417407989502
383,12.623424530029297
384,12.712715148925781
385,12.68553638458252
386,12.596413612365723
387,12.577481269836426
388,12.500997543334961
389,12.44365406036377
390,12.369807243347168
391,12.500920295715332
392,12.528899192810059
393,12.647817611694336
394,12.431453704833984
395,12.364533424377441
396,12.29523754119873
397,12.251980781555176
398,12.286425590515137
399,12.285707473754883
400,12.324249267578125
401,12.203394889831543
402,12.15935230255127
403,12.084437370300293
404,12.081865310668945
405,12.017646789550781
406,12.014312744140625
407,12.026864051818848
408,12.006292343139648
409,11.998997688293457
410,11.962715148925781
411,11.91020393371582
412,11.774731636047363
413,11.926090240478516
414,12.117234230041504
415,12.185643196105957
416,12.157186508178711
417,12.101012229919434
418,12.088321685791016
419,12.085606575012207
420,12.052194595336914
421,12.005823135375977
422,12.030875205993652
423,12.046398162841797
424,12.11352252960205
425,12.108217239379883
426,12.082969665527344
427,12.088055610656738
428,12.132044792175293
429,12.069457054138184
430,12.002615928649902
431,12.033825874328613
432,12.047760963439941
433,12.004304885864258
434,11.9636812210083
435,11.964877128601074
436,11.986567497253418
437,12.009186744689941
438,11.947244644165039
439,11.99935245513916
440,12.081841468811035
441,12.01791000366211
442,12.029149055480957
443,12.030165672302246
444,12.088334083557129
445,12.075640678405762
446,12.095457077026367
447,12.104936599731445
448,12.159979820251465
449,12.332964897155762
450,12.35500431060791
451,12.467117309570312
452,12.502188682556152
453,12.488560676574707
454,12.424415588378906
455,12.438613891601562
456,12.415611267089844
457,12.365524291992188
458,12.355907440185547
459,12.366354942321777
460,12.365776062011719
461,12.377659797668457
462,12.334525108337402
463,12.426125526428223
464,12.357193946838379
465,12.370330810546875
466,12.345808982849121
467,12.302863121032715
468,12.338846206665039
469,12.382427215576172
470,12.423599243164062
471,12.539552688598633
472,12.522241592407227
473,12.55869197845459
474,12.578071594238281
475,12.64267635345459
476,12.633955955505371
477,12.604117393493652
478,12.631973266601562
479,12.601663589477539
480,12.582297325134277
481,12.636726379394531
482,12.65820026397705
483,12.753464698791504
484,12.831247329711914
485,12.944299697875977
486,12.958098411560059
487,12.955594062805176
488,12.95864486694336
489,12.968749046325684
490,12.947367668151855
491,12.952493667602539
492,12.633395195007324
493,12.737181663513184
494,12.67635726928711
495,12.450702667236328
496,12.493209838867188
497,12.4631986618042
498,12.472227096557617
499,12.461433410644531
500,13.006967544555664
501,12.954718589782715
502,13.004707336425781
503,12.96509075164795
504,12.908411979675293
505,12.950657844543457
506,12.94564151763916
507,12.934694290161133
508,12.942122459411621
509,12.935107231140137
510,12.94864273071289
511,12.970298767089844
512,12.97325611114502
513,12.956025123596191
514,12.9153470993042
515,13.001992225646973
516,13.140558242797852
517,13.168025016784668
518,13.401796340942383
519,12.983118057250977
520,13.053763389587402
521,13.136049270629883
522,13.125809669494629
523,13.12621021270752
524,13.16680908203125
525,13.340271949768066
526,13.57267951965332
527,13.595525741577148
528,13.602485656738281
529,13.546175956726074
530,13.505271911621094
531,13.530559539794922
532,13.570433616638184
533,13.596565246582031
534,13.553943634033203
535,13.458635330200195
536,13.49084758758545
537,13.54755973815918
538,13.44111156463623
539,13.387502670288086
540,13.415329933166504
541,13.313828468322754
542,13.333364486694336
543,13.363031387329102
544,13.337273597717285
545,13.296385765075684
546,13.428114891052246
547,13.565677642822266
548,13.521129608154297
549,13.385610580444336
550,13.348753929138184
551,13.374739646911621
552,13.421412467956543
553,13.46717357635498
554,13.438663482666016
555,13.548348426818848
556,13.584586143493652
557,13.537793159484863
558,13.516473770141602
559,13.46332836151123
560,13.44985294342041
561,13.449429512023926
562,13.37977409362793
563,13.375720024108887
564,13.340222358703613
565,13.430058479309082
566,13.493414878845215
567,13.49323558807373
568,13.406584739685059
569,13.400982856750488
570,13.412938117980957
571,13.429089546203613
572,13.37125015258789
573,13.490619659423828
574,13.69873046875
575,13.77436351776123
576,13.827774047851562
577,13.730249404907227
578,13.78162670135498
579,13.85041332244873
580,13.843274116516113
581,13.821603775024414
582,13.77966594696045
583,13.76569652557373
584,13.745025634765625
585,13.726338386535645
586,13.70298957824707
587,13.664345741271973
588,13.697681427001953
589,13.661614418029785
590,13.535239219665527
591,13.533561706542969
592,13.472434997558594
593,13.493081092834473
594,13.581808090209961
595,13.491174697875977
596,13.431292533874512
597,13.3532133102417
598,13.374724388122559
599,13.43139934539795
600,13.791367530822754
601,13.997875213623047
602,14.14761734008789
603,14.154889106750488
604,14.140806198120117
605,14.1660737991333
606,14.139588356018066
607,14.086140632629395
608,13.972878456115723
609,13.946311950683594
610,14.017189979553223
611,14.079870223999023
612,13.964385032653809
613,13.929526329040527
614,13.899903297424316
615,13.895366668701172
616,13.899468421936035
617,13.894299507141113
618,13.858250617980957
619,13.801040649414062
620,14.089089393615723
621,13.954503059387207
622,13.880024909973145
623,13.884235382080078
624,13.867359161376953
625,13.826056480407715
626,13.803018569946289
627,14.182411193847656
628,14.340374946594238
629,14.364415168762207
630,14.381852149963379
631,14.461567878723145
632,14.526320457458496
633,14.56588077545166
634,14.498510360717773
635,14.445703506469727
636,14.479300498962402
637,14.555737495422363
638,14.52267837524414
639,14.487558364868164
640,14.370299339294434
641,14.316389083862305
642,14.256832122802734
643,14.266159057617188
644,14.298715591430664
645,14.27292251586914
646,14.285689353942871
647,14.238204956054688
648,14.20632266998291
649,14.253412246704102
650,14.344033241271973
651,14.433055877685547
652,14.578405380249023
653,15.567330360412598
654,15.093703269958496
655,15.166619300842285
656,15.284673690795898
657,15.342907905578613
658,15.459087371826172
659,15.544097900390625
660,15.557197570800781
661,15.715394973754883
662,15.678901672363281
663,15.731017112731934
664,15.869946479797363
665,16.16059684753418
666,16.6300106048584
667,16.403451919555664
668,16.38970184326172
669,16.133052825927734
670,16.05485725402832
671,15.997491836547852
672,15.939135551452637
673,15.845697402954102
674,15.945741653442383
675,15.752206802368164
676,15.712420463562012
677,15.65310001373291
678,15.777275085449219
679,15.649656295776367
680,15.533499717712402
681,15.368016242980957
682,15.298675537109375
683,15.404467582702637
684,15.515104293823242
685,15.528400421142578
686,15.628304481506348
687,15.692830085754395
688,15.76412296295166
689,15.840784072875977
690,15.835870742797852
691,15.770672798156738
692,15.943489074707031
693,16.00528907775879
694,15.9928617477417
695,16.082374572753906
696,16.17027473449707
697,16.149879455566406
698,16.258045196533203
699,16.220542907714844
700,16.1436767578125
701,16.172685623168945
702,16.152965545654297
703,16.043094635009766
704,15.936965942382812
705,15.805488586425781
706,15.777527809143066
707,15.629294395446777
708,15.991619110107422
709,16.294118881225586
710,16.269594192504883
711,16.26186752319336
712,16.287569046020508
713,16.237529754638672
714,16.219280242919922
715,16.188669204711914
716,16.27265739440918
717,16.26889991760254
718,16.5123348236084
719,16.456857681274414
720,16.502685546875
721,16.63666343688965
722,16.599523544311523
723,16.57976531982422
724,16.57433319091797
725,16.551830291748047
726,16.539915084838867
727,16.521957397460938
728,16.492650985717773
729,16.566879272460938
730,16.567489624023438
731,16.538700103759766
732,16.644155502319336
733,16.774667739868164
734,16.698280334472656
735,16.47691535949707
736,16.739364624023438
737,16.80881690979004
738,16.801729202270508
739,16.726900100708008
740,16.76445198059082
741,16.829336166381836
742,16.820528030395508
743,16.813247680664062
744,16.79625701904297
745,16.9307918548584
746,16.837797164916992
747,16.766420364379883
748,16.81592559814453
749,16.805675506591797
750,16.822200775146484
751,16.697452545166016
752,16.600730895996094
753,16.606733322143555
754,16.544095993041992
755,16.422019958496094
756,16.360876083374023
757,16.503982543945312
758,16.57453727722168
759,16.589025497436523
760,16.565425872802734
761,16.468379974365234
762,16.629074096679688
763,16.43622589111328
764,16.479230880737305
765,16.368125915527344
766,16.452007293701172
767,16.42223358154297
768,16.498254776000977
769,16.548038482666016
770,16.651296615600586
771,16.5933837890625
772,16.798128128051758
773,16.857208251953125
774,16.74637222290039
775,16.777799606323242
776,16.755834579467773
777,16.731950759887695
778,16.713619232177734
779,16.632524490356445
780,16.59939193725586
781,16.525426864624023
782,16.55678367614746
783,16.48944854736328
784,16.506853103637695
785,16.603063583374023
786,16.433006286621094
787,16.336423873901367
788,16.184764862060547
789,16.369998931884766
790,16.44884490966797
791,16.496173858642578
792,16.43882942199707
793,16.47386360168457
794,16.34903335571289
795,16.370668411254883
796,16.37110137939453
797,16.354267120361328
798,16.362220764160156
799,16.390972137451172
800,16.58002281188965
801,16.47478675842285
802,16.486291885375977
803,16.334482192993164
804,16.333784103393555
805,16.369474411010742
806,16.305246353149414
807,16.34603500366211
808,16.372880935668945
809,16.450607299804688
810,16.42411994934082
811,16.44134521484375
812,16.39796257019043
813,16.366214752197266
814,16.318832397460938
815,16.35389518737793
816,16.32779312133789
817,16.392118453979492
818,16.431303024291992
819,16.52771759033203
820,16.425996780395508
821,16.320402145385742
822,16.39923667907715
823,16.120695114135742
824,16.0017032623291
825,15.868375778198242
826,15.853216171264648
827,15.838479995727539
828,15.814837455749512
829,15.75827407836914
830,15.648414611816406
831,15.606762886047363
832,15.298299789428711
833,15.455049514770508
834,15.467497825622559
835,15.470817565917969
836,15.548782348632812
837,15.518210411071777
838,15.55550479888916
839,15.507773399353027
840,15.621430397033691
841,15.440298080444336
842,15.28727912902832
843,15.603670120239258
844,15.687045097351074
845,15.679864883422852
846,15.628189086914062
847,15.57388687133789
848,15.704629898071289
849,15.655614852905273
850,15.655341148376465
851,15.70688533782959
852,15.848295211791992
853,15.786847114562988
854,15.92050838470459
855,15.812156677246094
856,15.804885864257812
857,15.830131530761719
858,15.920330047607422
859,15.947006225585938
860,15.840256690979004
861,15.843249320983887
862,15.849996566772461
863,15.794002532958984
864,15.824259757995605
865,15.754895210266113
866,15.771120071411133
867,15.688511848449707
868,15.670463562011719
869,15.581268310546875
870,16.09885597229004
871,16.249937057495117
872,16.21756935119629
873,16.14975929260254
874,16.15814971923828
875,16.263446807861328
876,16.303695678710938
877,16.275489807128906
878,16.27149772644043
879,16.270517349243164
880,16.635650634765625
881,16.519588470458984
882,16.558713912963867
883,16.7936954498291
884,16.841400146484375
885,16.718212127685547
886,16.656892776489258
887,16.65165138244629
888,16.649370193481445
889,16.654184341430664
890,16.627159118652344
891,16.639930725097656
892,16.6103572845459
893,16.6004695892334
894,16.606962203979492
895,16.552072525024414
896,16.559349060058594
897,16.671527862548828
898,16.675268173217773
899,16.629348754882812
900,16.573528289794922
901,16.511838912963867
902,16.601871490478516
903,16.632776260375977
904,16.633953094482422
905,16.60350227355957
906,16.619836807250977
907,16.564340591430664
908,16.5341796875
909,16.4476375579834
910,16.396530151367188
911,16.404020309448242
912,16.40308952331543
913,16.370553970336914
914,16.335277557373047
915,16.438508987426758
916,16.529552459716797
917,16.58797836303711
918,16.64683723449707
919,16.645282745361328
920,16.766056060791016
921,16.677045822143555
922,16.633996963500977
923,16.59859848022461
924,16.86510467529297
925,16.753793716430664
926,16.69952964782715
927,16.62609100341797
928,16.597152709960938
929,16.50340461730957
930,16.421789169311523
931,16.452016830444336
932,16.463096618652344
933,16.60420799255371
934,16.522218704223633
935,16.517982482910156
936,16.49921226501465
937,16.48862075805664
938,16.44253921508789
939,16.39203643798828
940,16.36318016052246
941,16.355918884277344
942,16.40050506591797
943,16.330644607543945
944,16.360198974609375
945,16.3227481842041
946,16.278621673583984
947,16.265165328979492
948,16.109493255615234
949,16.17668342590332
950,16.158262252807617
951,16.33928680419922
952,16.330299377441406
953,16.314146041870117
954,16.39174461364746
955,16.38651466369629
956,16.37241554260254
957,16.37248420715332
958,16.451879501342773
959,16.42561149597168
960,16.409345626831055
961,16.490915298461914
962,16.472488403320312
963,16.461135864257812
964,16.481416702270508
965,16.547975540161133
966,16.550071716308594
967,16.536273956298828
968,16.412822723388672
969,16.4128475189209
970,16.367177963256836
971,16.338510513305664
972,16.278419494628906
973,16.33952522277832
974,16.255016326904297
975,16.336101531982422
976,16.241756439208984
977,16.170719146728516
978,16.46710968017578
979,16.480628967285156
980,16.47979164123535
981,16.517248153686523
982,16.41295051574707
983,16.515235900878906
984,16.480140686035156
985,16.446996688842773
986,16.443222045898438
987,16.386131286621094
988,16.36154556274414
989,16.38723373413086
990,16.42499351501465
991,16.39689064025879
992,16.219165802001953
993,16.158151626586914
994,16.2248592376709
995,16.20549964904785
996,16.125001907348633
997,16.071428298950195
998,16.155574798583984
999,16.13068199157715
1000,16.804733276367188
1001,16.81937599182129
1002,16.84029197692871
1003,16.739749908447266
1004,16.72935676574707
1005,17.23467445373535
1006,17.23762321472168
1007,17.273908615112305
1008,17.227096557617188
1009,17.447490692138672
1010,17.469758987426758
1011,17.485958099365234
1012,17.511545181274414
1013,17.47748374938965
1014,17.49529457092285
1015,17.52318572998047
1016,17.4980411529541
1017,17.423336029052734
1018,17.444761276245117
1019,17.482908248901367
1020,17.472684860229492
1021,17.468963623046875
1022,17.280620574951172
1023,17.346172332763672
1024,17.302690505981445
1025,17.318946838378906
1026,17.198993682861328
1027,17.325960159301758
1028,17.324562072753906
1029,17.504436492919922
1030,17.51404571533203
1031,17.619300842285156
1032,17.645206451416016
1033,17.571550369262695
1034,17.585168838500977
1035,17.662134170532227
1036,17.648488998413086
1037,17.678407669067383
1038,17.674299240112305
1039,17.68016815185547
1040,17.680774688720703
1041,17.70415496826172
1042,17.757474899291992
1043,17.745685577392578
1044,17.796621322631836
1045,17.788854598999023
1046,17.79900360107422
1047,17.8391056060791
1048,17.86724090576172
1049,17.830020904541016
1050,17.80377960205078
1051,17.812572479248047
1052,17.840349197387695
1053,17.849063873291016
1054,17.804821014404297
1055,17.82765769958496
1056,17.8823184967041
1057,17.71613121032715
1058,17.743839263916016
1059,17.692842483520508
1060,17.642715454101562
1061,17.620622634887695
1062,17.586444854736328
1063,17.584728240966797
1064,17.636049270629883
1065,17.65151596069336
1066,17.814523696899414
1067,17.83133316040039
1068,17.877193450927734
1069,17.91692352294922
1070,18.04056739807129
1071,18.06894302368164
1072,18.01179313659668
1073,17.98627471923828
1074,17.99017906188965
1075,17.98919677734375
1076,17.965726852416992
1077,17.991212844848633
1078,17.977731704711914
1079,17.972795486450195
1080,17.944604873657227
1081,17.860754013061523
1082,17.813764572143555
1083,17.632526397705078
1084,17.796571731567383
1085,17.707733154296875
1086,17.805482864379883
1087,17.868539810180664
1088,17.804004669189453
1089,17.843708038330078
1090,17.76796531677246
1091,17.732824325561523
1092,17.790416717529297
1093,17.806255340576172
1094,17.883350372314453
1095,17.88533592224121
1096,17.881824493408203
1097,17.897306442260742
1098,17.91990852355957
1099,17.956348419189453
1100,17.931926727294922
1101,17.95663833618164
1102,17.91155242919922
1103,17.92030143737793
1104,17.901716232299805
1105,17.88246726989746
1106,17.854299545288086
1107,17.96697998046875
1108,17.924057006835938
1109,17.916057586669922
1110,17.896032333374023
1111,17.87883758544922
1112,17.879236221313477
1113,17.773672103881836
1114,17.776874542236328
1115,17.839893341064453
1116,17.825355529785156
1117,17.85848045349121
1118,17.866640090942383
1119,17.879358291625977
1120,17.853506088256836
1121,17.806747436523438
1122,17.798229217529297
1123,17.894189834594727
1124,17.888200759887695
1125,17.939184188842773
1126,17.959089279174805
1127,17.95349884033203
1128,17.93891143798828
1129,17.94295310974121
1130,17.95321273803711
1131,17.949138641357422
1132,17.95998191833496
1133,17.97749137878418
1134,17.965486526489258
1135,18.009477615356445
1136,17.963661193847656
1137,17.93678855895996
1138,17.817392349243164
1139,17.824254989624023
1140,17.87177085876465
1141,17.807418823242188
1142,17.81960105895996
1143,17.875362396240234
1144,17.883968353271484
1145,17.879602432250977
1146,17.879234313964844
1147,17.866365432739258
1148,17.813068389892578
1149,17.772541046142578
1150,17.77674674987793
1151,17.80443572998047
1152,17.894229888916016
1153,17.86727523803711
1154,17.82433319091797
1155,17.859615325927734
1156,17.9003849029541
1157,17.879457473754883
1158,17.819580078125
1159,17.92561149597168
1160,17.9031982421875
1161,17.938581466674805
1162,17.909225463867188
1163,17.90702247619629
1164,17.914514541625977
1165,17.833162307739258
1166,17.853424072265625
1167,17.793292999267578
1168,17.858440399169922
1169,17.787776947021484
1170,17.881500244140625
1171,17.90053939819336
1172,17.894540786743164
1173,18.00080108642578
1174,18.006683349609375
1175,18.017261505126953
1176,17.987518310546875
1177,17.967782974243164
1178,17.972646713256836
1179,17.97043800354004
1180,17.96791648864746
1181,17.9625186920166
1182,17.97456932067871
1183,17.944490432739258
1184,17.86914825439453
1185,17.936359405517578
1186,17.82950210571289
1187,17.846485137939453
1188,17.862625122070312
1189,17.99005126953125
1190,17.960844039916992
1191,17.975364685058594
1192,17.868318557739258
1193,17.805225372314453
1194,17.85317039489746
1195,17.857568740844727
1196,17.883867263793945
1197,17.92437171936035
1198,17.910898208618164
1199,17.914859771728516
1200,17.887615203857422
1201,17.893611907958984
1202,17.879907608032227
1203,17.858224868774414
1204,17.901594161987305
1205,17.85921859741211
1206,17.863618850708008
1207,17.858078002929688
1208,17.885465621948242
1209,17.901039123535156
1210,17.889095306396484
1211,17.887075424194336
1212,17.90767478942871
1213,17.89891242980957
1214,17.934303283691406
1215,17.915315628051758
1216,17.908004760742188
1217,17.889039993286133
1218,17.9320011138916
1219,17.753623962402344
1220,17.820558547973633
1221,17.889482498168945
1222,17.825748443603516
1223,17.882137298583984
1224,17.892410278320312
1225,17.771303176879883
1226,17.410205841064453
1227,17.11208724975586
1228,16.975879669189453
1229,17.041669845581055
1230,17.142431259155273
1231,16.945463180541992
1232,17.042537689208984
1233,17.07592010498047
1234,16.88298797607422
1235,16.80560302734375
1236,16.646129608154297
1237,16.660926818847656
1238,16.632177352905273
1239,16.703210830688477
1240,16.632509231567383
1241,16.611827850341797
1242,16.705219268798828
1243,16.723308563232422
1244,16.798259735107422
1245,16.83458137512207
1246,16.87889289855957
1247,16.7103328704834
1248,16.651397705078125
1249,16.691347122192383
1250,16.672269821166992
1251,16.464462280273438
1252,16.45999526977539
1253,16.4063777923584
1254,16.438594818115234
1255,16.438735961914062
1256,16.523038864135742
1257,16.61069679260254
1258,16.820350646972656
1259,17.074861526489258
1260,16.94524383544922
1261,16.83379364013672
1262,16.84201431274414
1263,16.701602935791016
1264,16.721887588500977
1265,16.64767074584961
1266,16.644351959228516
1267,16.58827781677246
1268,16.613014221191406
1269,16.62856674194336
1270,16.641630172729492
1271,16.70615005493164
1272,16.664609909057617
1273,16.92342185974121
1274,16.86257553100586
1275,16.82280158996582
1276,16.793466567993164
1277,16.99750328063965
1278,17.000642776489258
1279,17.22530746459961
1280,17.203039169311523
1281,17.264741897583008
1282,17.27895164489746
1283,17.224828720092773
1284,17.199954986572266
1285,17.243762969970703
1286,17.105838775634766
1287,17.181262969970703
1288,17.1778621673584
1289,17.075942993164062
1290,17.0423641204834
1291,16.97410774230957
1292,16.833049774169922
1293,16.828710556030273
1294,16.819721221923828
1295,16.767162322998047
1296,16.821533203125
1297,16.852432250976562
1298,17.096601486206055
1299,17.209651947021484
1300,17.483158111572266
1301,17.460725784301758
1302,17.48542594909668
1303,17.460323333740234
1304,17.47317886352539
1305,17.496240615844727
1306,17.52534294128418
1307,17.508089065551758
1308,17.460987091064453
1309,17.48015594482422
1310,17.50657081604004
1311,17.506441116333008
1312,17.492422103881836
1313,17.427642822265625
1314,17.447521209716797
1315,17.573068618774414
1316,17.537256240844727
1317,17.46125602722168
1318,17.407764434814453
1319,17.221790313720703
1320,17.4399471282959
1321,17.451786041259766
1322,17.397066116333008
1323,17.33060646057129
1324,17.402938842773438
1325,17.410219192504883
1326,17.543724060058594
1327,17.701608657836914
1328,17.52207374572754
1329,17.524852752685547
1330,17.50168228149414
1331,17.53349494934082
1332,17.536231994628906
1333,17.58558464050293
1334,17.515634536743164
1335,17.503435134887695
1336,17.49921226501465
1337,17.456905364990234
1338,17.555166244506836
1339,17.16097068786621
1340,17.0545711517334
1341,17.194961547851562
1342,17.377504348754883
1343,17.40833854675293
1344,17.343036651611328
1345,17.41061782836914
1346,17.51441192626953
1347,17.622554779052734
1348,17.539785385131836
1349,17.559663772583008
1350,17.55409812927246
1351,17.42778205871582
1352,17.29521369934082
1353,17.15999984741211
1354,17.5924129486084
1355,17.72223472595215
1356,16.63934326171875
1357,16.651269912719727
1358,16.66779899597168
1359,16.603586196899414
1360,16.589773178100586
1361,16.624547958374023
1362,17.223060607910156
1363,17.009235382080078
1364,16.86542510986328
1365,16.812423706054688
1366,16.74616813659668
1367,16.823606491088867
1368,16.919748306274414
1369,16.959474563598633
1370,16.974102020263672
1371,16.853164672851562
1372,16.699851989746094
1373,16.674652099609375
1374,16.679847717285156
1375,16.679000854492188
1376,16.6723690032959
1377,16.690475463867188
1378,16.73448371887207
1379,16.705495834350586
1380,16.700725555419922
1381,17.382339477539062
1382,17.124618530273438
1383,16.52739715576172
1384,16.53507423400879
1385,16.464399337768555
1386,16.49009132385254
1387,16.489166259765625
1388,16.544023513793945
1389,16.545278549194336
1390,16.61855125427246
1391,16.531749725341797
1392,16.516643524169922
1393,16.50147247314453
1394,16.476428985595703
1395,16.493881225585938
1396,16.505281448364258
1397,16.50490951538086
1398,16.756637573242188
1399,16.72947120666504
1400,16.68834114074707
1401,16.855606079101562
1402,16.828289031982422
1403,16.677392959594727
1404,16.724727630615234
1405,17.185579299926758
1406,17.374067306518555
1407,17.42261505126953
1408,17.39450454711914
1409,17.26096534729004
1410,17.22628402709961
1411,17.3017635345459
1412,17.287124633789062
1413,17.243379592895508
1414,17.43185806274414
1415,17.3571834564209
1416,17.32782554626465
1417,17.30216407775879
1418,17.445133209228516
1419,17.128690719604492
1420,17.053770065307617
1421,17.028892517089844
1422,17.173757553100586
1423,17.102968215942383
1424,17.005178451538086
1425,17.036712646484375
1426,17.10199546813965
1427,17.068761825561523
1428,17.165220260620117
1429,17.121257781982422
1430,17.27660369873047
1431,17.288768768310547
1432,17.368825912475586
1433,17.195100784301758
1434,17.13140296936035
1435,16.675762176513672
1436,16.827388763427734
1437,16.874225616455078
1438,16.6716251373291
1439,16.561155319213867
1440,16.570743560791016
1441,16.54842758178711
1442,16.583738327026367
1443,16.640018463134766
1444,16.640689849853516
1445,16.561391830444336
1446,16.52871322631836
1447,16.551103591918945
1448,16.598901748657227
1449,16.571147918701172
1450,16.54817771911621
1451,16.784643173217773
1452,16.82882308959961
1453,16.949607849121094
1454,17.009981155395508
1455,17.057050704956055
1456,17.191926956176758
1457,17.238521575927734
1458,17.3394775390625
1459,17.423809051513672
1460,17.524234771728516
1461,17.427459716796875
1462,17.279926300048828
1463,17.282474517822266
1464,17.04907989501953
1465,17.043052673339844
1466,17.211406707763672
1467,17.187522888183594
1468,17.056915283203125
1469,16.87253761291504
1470,16.854028701782227
1471,16.83512306213379
1472,16.777833938598633
1473,16.851537704467773
1474,16.843164443969727
1475,16.89180564880371
1476,16.91420555114746
1477,17.202167510986328
1478,17.284303665161133
1479,17.271381378173828
1480,17.163728713989258
1481,17.1455135345459
1482,17.008453369140625
1483,17.032241821289062
1484,17.07801055908203
1485,17.182018280029297
1486,17.010343551635742
1487,16.93380355834961
1488,16.961288452148438
1489,16.570133209228516
1490,16.522188186645508
1491,16.848617553710938
1492,16.975858688354492
1493,17.08738899230957
1494,17.09727668762207
1495,17.236671447753906
1496,17.367029190063477
1497,17.36798095703125
1498,17.3358211517334
1499,17.404619216918945
1500,17.27874755859375
1501,17.30682945251465
1502,17.355588912963867
1503,17.365999221801758
1504,17.371219635009766
1505,17.372053146362305
1506,17.38633918762207
1507,17.334869384765625
1508,17.191869735717773
1509,17.227643966674805
1510,17.177913665771484
1511,17.224130630493164
1512,17.28458023071289
1513,17.27163314819336
1514,17.389802932739258
1515,17.397544860839844
1516,17.2665958404541
1517,17.284618377685547
1518,17.349594116210938
1519,17.37413787841797
1520,17.408733367919922
1521,17.472890853881836
1522,17.503313064575195
1523,17.503761291503906
1524,17.52713394165039
1525,17.509788513183594
1526,17.473487854003906
1527,17.479660034179688
1528,17.478790283203125
1529,17.446430206298828
1530,17.47167205810547
1531,17.454511642456055
1532,17.50002098083496
1533,17.544700622558594
1534,17.560436248779297
1535,17.526962280273438
1536,17.582374572753906
1537,17.60457992553711
1538,17.599123001098633
1539,17.607624053955078
1540,17.59604835510254
1541,17.599971771240234
1542,17.623191833496094
1543,17.491857528686523
1544,17.451980590820312
1545,17.464284896850586
1546,17.479339599609375
1547,17.520538330078125
1548,17.53654670715332
1549,17.547067642211914
1550,17.54234504699707
1551,17.518047332763672
1552,17.494752883911133
1553,17.479238510131836
1554,17.49730110168457
1555,17.522579193115234
1556,17.538183212280273
1557,17.555728912353516
1558,17.525733947753906
1559,17.485105514526367
1560,17.460561752319336
1561,17.434072494506836
1562,17.416807174682617
1563,17.40275001525879
1564,17.461631774902344
1565,17.594066619873047
1566,17.634784698486328
1567,17.594568252563477
1568,17.55355453491211
1569,17.66960334777832
1570,17.334819793701172
1571,17.199466705322266
1572,17.117591857910156
1573,17.19953155517578
1574,17.11968421936035
1575,17.082149505615234
1576,17.04248046875
1577,17.027944564819336
1578,17.008296966552734
1579,17.027339935302734
1580,17.14800453186035
1581,17.13018035888672
1582,17.15185546875
1583,17.13985252380371
1584,17.051910400390625
1585,17.091552734375
1586,17.098161697387695
1587,17.065563201904297
1588,16.993793487548828
1589,16.99232292175293
1590,16.93769645690918
1591,16.968494415283203
1592,16.978252410888672
1593,17.48788833618164
1594,17.218645095825195
1595,17.091480255126953
1596,17.071638107299805
1597,17.54343032836914
1598,17.57244873046875
1599,17.589439392089844
1600,17.62578582763672
1601,17.614490509033203
1602,17.640504837036133
1603,17.697845458984375
1604,17.676481246948242
1605,17.677061080932617
1606,17.689746856689453
1607,17.74418830871582
1608,17.7620792388916
1609,17.75464630126953
1610,17.719451904296875
1611,17.803926467895508
1612,17.724157333374023
1613,17.751068115234375
1614,17.70197296142578
1615,17.583656311035156
1616,17.5853271484375
1617,17.7386417388916
1618,17.61720085144043
1619,17.51483154296875
1620,17.74645233154297
1621,17.619617462158203
1622,17.60955047607422
1623,17.59903907775879
1624,17.703044891357422
1625,17.700952529907227
1626,17.729169845581055
1627,17.746288299560547
1628,17.732336044311523
1629,17.73918342590332
1630,17.75698471069336
1631,17.774412155151367
1632,17.802669525146484
1633,17.79543685913086
1634,17.8134708404541
1635,17.810285568237305
1636,17.829097747802734
1637,17.850021362304688
1638,17.851844787597656
1639,17.848918914794922
1640,17.833906173706055
1641,17.857112884521484
1642,17.8571720123291
1643,17.88558578491211
1644,17.92188835144043
1645,17.91835594177246
1646,17.955286026000977
1647,17.867019653320312
1648,17.738048553466797
1649,17.514095306396484
1650,17.286182403564453
1651,17.531875610351562
1652,17.522903442382812
1653,17.24748992919922
1654,17.173986434936523
1655,17.05733299255371
1656,17.063613891601562
1657,17.161312103271484
1658,17.016746520996094
1659,16.95107078552246
1660,16.929338455200195
1661,16.907011032104492
1662,16.90834617614746
1663,16.8438720703125
1664,16.800722122192383
1665,16.751466751098633
1666,16.83524513244629
1667,16.701744079589844
1668,16.576242446899414
1669,16.595333099365234
1670,16.544666290283203
1671,16.600799560546875
1672,16.657535552978516
1673,16.852968215942383
1674,16.91952896118164
1675,16.81626319885254
1676,16.791810989379883
1677,16.790512084960938
1678,16.708898544311523
1679,16.607852935791016
1680,16.6469783782959
1681,16.67714500427246
1682,16.66992950439453
1683,16.627668380737305
1684,16.57657814025879
1685,16.5328369140625
1686,16.497455596923828
1687,16.52613067626953
1688,16.4537296295166
1689,16.38625717163086
1690,16.4029483795166
1691,16.359630584716797
1692,16.347837448120117
1693,16.3524227142334
1694,16.347095489501953
1695,16.4018611907959
1696,16.508316040039062
1697,16.46914291381836
1698,16.45658302307129
1699,16.510705947875977
1700,16.508520126342773
1701,16.538034439086914
1702,16.510269165039062
1703,16.458148956298828
1704,16.415651321411133
1705,16.608705520629883
1706,16.626995086669922
1707,16.626127243041992
1708,16.624473571777344
1709,16.57454490661621
1710,16.527605056762695
1711,16.573925018310547
1712,16.617446899414062
1713,16.591426849365234
1714,16.61125946044922
1715,16.66426658630371
1716,16.66244888305664
1717,16.68539047241211
1718,16.665868759155273
1719,16.636627197265625
1720,16.7763671875
1721,16.859140396118164
1722,16.933305740356445
1723,16.902408599853516
1724,16.973690032958984
1725,16.98537826538086
1726,16.944406509399414
1727,16.99908447265625
1728,17.116714477539062
1729,17.208782196044922
1730,17.21100616455078
1731,17.30425262451172
1732,17.434663772583008
1733,17.440067291259766
1734,17.433120727539062
1735,17.415132522583008
1736,17.410459518432617
1737,17.375701904296875
1738,17.353710174560547
1739,17.35848617553711
1740,17.326501846313477
1741,17.290624618530273
1742,17.28069496154785
1743,17.26787567138672
1744,17.24629783630371
1745,17.347349166870117
1746,17.463298797607422
1747,17.427181243896484
1748,17.44550323486328
1749,17.440366744995117
1750,17.423242568969727
1751,17.38298797607422
1752,17.419572830200195
1753,17.40433120727539
1754,17.371734619140625
1755,17.303478240966797
1756,17.18868637084961
1757,17.074138641357422
1758,16.999984741210938
1759,17.25374984741211
1760,16.919248580932617
1761,16.80394744873047
1762,16.780683517456055
1763,16.80742073059082
1764,16.678510665893555
1765,16.611282348632812
1766,16.68300437927246
1767,16.659093856811523
1768,16.666065216064453
1769,16.65838623046875
1770,16.61409568786621
1771,16.675769805908203
1772,16.786314010620117
1773,16.93227767944336
1774,16.874969482421875
1775,16.850101470947266
1776,16.86374282836914
1777,16.809825897216797
1778,16.771066665649414
1779,16.784175872802734
1780,16.756607055664062
1781,16.640546798706055
1782,16.595558166503906
1783,16.64916229248047
1784,16.641658782958984
1785,16.88144874572754
1786,17.072311401367188
1787,16.915611267089844
1788,16.739707946777344
1789,16.664066314697266
1790,16.70038414001465
1791,16.69597816467285
1792,16.645483016967773
1793,16.85406494140625
1794,16.837690353393555
1795,16.84627342224121
1796,16.80535888671875
1797,16.738313674926758
1798,16.69510269165039
1799,16.677738189697266
1800,16.637542724609375
1801,16.539602279663086
1802,16.481409072875977
1803,16.531770706176758
1804,16.491207122802734
1805,16.412342071533203
1806,16.456409454345703
1807,16.36457633972168
1808,16.419374465942383
1809,16.296754837036133
1810,16.22723388671875
1811,16.230703353881836
1812,16.21309471130371
1813,16.18589973449707
1814,16.2103214263916
1815,16.137187957763672
1816,16.10872459411621
1817,16.216676712036133
1818,16.180543899536133
1819,16.15180206298828
1820,16.158859252929688
1821,16.148197174072266
1822,16.146276473999023
1823,16.130691528320312
1824,16.164207458496094
1825,16.186931610107422
1826,16.247943878173828
1827,16.320009231567383
1828,16.368925094604492
1829,16.386859893798828
1830,16.401334762573242
1831,16.383893966674805
1832,16.38622283935547
1833,16.433677673339844
1834,16.39823341369629
1835,16.35221290588379
1836,16.2630558013916
1837,16.312116622924805
1838,16.368600845336914
1839,16.57457160949707
1840,16.6925048828125
1841,16.7673282623291
1842,16.77492904663086
1843,16.81129264831543
1844,16.790346145629883
1845,16.800796508789062
1846,16.779476165771484
1847,16.79469871520996
1848,16.8134708404541
1849,16.87456703186035
1850,16.95301628112793
1851,16.989656448364258
1852,16.9649715423584
1853,16.930356979370117
1854,16.97927474975586
1855,16.927207946777344
1856,16.941879272460938
1857,16.958131790161133
1858,16.928071975708008
1859,16.9617862701416
1860,17.022680282592773
1861,17.001483917236328
1862,17.019060134887695
1863,17.08985137939453
1864,17.1032657623291
1865,17.07453727722168
1866,17.270545959472656
1867,17.36252212524414
1868,17.383617401123047
1869,17.371686935424805
1870,17.401033401489258
1871,17.381744384765625
1872,17.431520462036133
1873,17.43093490600586
1874,17.418720245361328
1875,17.43561363220215
1876,17.513444900512695
1877,17.45431900024414
1878,17.46702766418457
1879,17.222063064575195
1880,17.31822967529297
1881,17.204492568969727
1882,17.127595901489258
1883,17.023555755615234
1884,16.89507293701172
1885,16.803964614868164
1886,16.8179931640625
1887,16.77360725402832
1888,16.998554229736328
1889,17.084558486938477
1890,16.93720817565918
1891,16.943876266479492
1892,16.943132400512695
1893,17.203533172607422
1894,17.21019172668457
1895,17.272668838500977
1896,17.242515563964844
1897,17.248159408569336
1898,17.352052688598633
1899,17.372802734375
1900,17.413618087768555
1901,17.396215438842773
1902,17.362323760986328
1903,17.42263412475586
1904,17.489593505859375
1905,17.474803924560547
1906,17.42616844177246
1907,17.44196891784668
1908,17.414264678955078
1909,17.399438858032227
1910,17.47124671936035
1911,17.20321273803711
1912,17.225215911865234
1913,17.221080780029297
1914,17.448883056640625
1915,17.491365432739258
1916,17.474985122680664
1917,17.43260383605957
1918,17.495574951171875
1919,17.441265106201172
1920,17.54780387878418
1921,17.544382095336914
1922,17.567928314208984
1923,17.616182327270508
1924,17.59659194946289
1925,17.619775772094727
1926,17.610143661499023
1927,17.654281616210938
1928,17.66582679748535
1929,17.665233612060547
1930,17.70136070251465
1931,17.687297821044922
1932,17.705472946166992
1933,17.68589973449707
1934,17.53326988220215
1935,17.522058486938477
1936,17.511592864990234
1937,17.502410888671875
1938,17.436161041259766
1939,17.3701114654541
1940,17.399126052856445
1941,17.312088012695312
1942,17.203657150268555
1943,17.213497161865234
1944,17.242233276367188
1945,17.304914474487305
1946,17.25046157836914
1947,17.431428909301758
1948,17.494247436523438
1949,17.50164031982422
1950,17.457721710205078
1951,17.42241668701172
1952,17.416608810424805
1953,17.45092010498047
1954,17.472251892089844
1955,17.480369567871094
1956,17.452608108520508
1957,17.382272720336914
1958,17.33452606201172
1959,17.341045379638672
1960,17.4300594329834
1961,17.39241600036621
1962,17.446338653564453
1963,17.443937301635742
1964,17.499759674072266
1965,17.433761596679688
1966,17.361209869384766
1967,17.453121185302734
1968,17.499608993530273
1969,17.52615737915039
1970,17.537492752075195
1971,17.540422439575195
1972,17.61177635192871
1973,17.55438232421875
1974,17.67680549621582
1975,17.674131393432617
1976,17.61745834350586
1977,17.60443687438965
1978,17.680179595947266
1979,17.65807342529297
1980,17.71438217163086
1981,17.72517204284668
1982,17.73828887939453
1983,17.766429901123047
1984,17.81427001953125
1985,17.82145118713379
1986,17.80577278137207
1987,17.845556259155273
1988,17.862943649291992
1989,17.846717834472656
1990,17.85472297668457
1991,17.87384605407715
1992,17.8785343170166
1993,17.85466766357422
1994,17.874658584594727
1995,17.891681671142578
1996,17.907506942749023
1997,17.922025680541992
1998,17.934341430664062
1999,17.93286895751953
2000,17.75803565979004
2001,17.61094093322754
2002,17.523073196411133
2003,17.429744720458984
2004,17.172632217407227
2005,17.072956085205078
2006,17.117752075195312
2007,17.145048141479492
2008,17.07221794128418
2009,17.13747787475586
2010,17.179494857788086
2011,17.309303283691406
2012,17.33041000366211
2013,17.357383728027344
2014,17.40353012084961
2015,17.36952781677246
2016,17.366836547851562
2017,17.44702911376953
2018,17.386808395385742
2019,17.41185188293457
2020,17.377729415893555
2021,17.443645477294922
2022,17.523387908935547
2023,17.552766799926758
2024,17.734092712402344
2025,17.746583938598633
2026,17.773561477661133
2027,17.75971031188965
2028,17.575763702392578
2029,17.668062210083008
2030,17.659914016723633
2031,17.719820022583008
2032,17.69783592224121
2033,17.80185890197754
2034,17.78953742980957
2035,17.8319091796875
2036,17.79517936706543
2037,17.766225814819336
2038,17.901775360107422
2039,17.90798568725586
2040,17.89259910583496
2041,17.887311935424805
2042,17.909835815429688
2043,17.989227294921875
2044,17.957115173339844
2045,17.979230880737305
2046,18.028547286987305
2047,17.98755645751953
2048,18.047225952148438
2049,17.979408264160156
2050,18.038923263549805
2051,18.03020477294922
2052,18.042755126953125
2053,18.010469436645508
2054,18.02623748779297
2055,18.03691291809082
2056,17.634191513061523
2057,17.6551456451416
2058,17.60445213317871
2059,17.543331146240234
2060,17.429771423339844
2061,17.42817497253418
2062,17.549955368041992
2063,17.381792068481445
2064,17.413450241088867
2065,17.34101104736328
2066,17.335309982299805
2067,17.339155197143555
2068,17.23940086364746
2069,17.369869232177734
2070,17.314247131347656
2071,17.476606369018555
2072,17.509225845336914
2073,17.532596588134766
2074,17.489212036132812
2075,17.556074142456055
2076,17.501415252685547
2077,18.118358612060547
2078,17.72163200378418
2079,17.714872360229492
2080,17.772388458251953
2081,17.892953872680664
2082,16.96937370300293
2083,16.651020050048828
2084,16.4421443939209
2085,16.34259033203125
2086,16.302400588989258
2087,16.283010482788086
2088,16.25632095336914
2089,16.277311325073242
2090,16.346420288085938
2091,16.244998931884766
2092,16.347064971923828
2093,16.37244415283203
2094,16.35110855102539
2095,16.33147430419922
2096,16.460094451904297
2097,16.578258514404297
2098,16.927270889282227
2099,16.76314353942871
2100,16.733713150024414
2101,16.63632583618164
2102,16.66329002380371
2103,16.6492862701416
2104,16.801382064819336
2105,16.771114349365234
2106,16.86071014404297
2107,16.98619842529297
2108,17.062780380249023
2109,16.258808135986328
2110,16.189050674438477
2111,16.249116897583008
2112,16.311960220336914
2113,16.61127281188965
2114,16.628252029418945
2115,16.712121963500977
2116,16.673582077026367
2117,16.72470474243164
2118,16.700838088989258
2119,16.753726959228516
2120,16.822614669799805
2121,16.750253677368164
2122,16.746639251708984
2123,16.792007446289062
2124,16.813793182373047
2125,16.885311126708984
2126,16.98779296875
2127,17.142589569091797
2128,17.282041549682617
2129,17.28829574584961
2130,17.17814064025879
2131,17.165821075439453
2132,17.188383102416992
2133,16.99565315246582
2134,17.084531784057617
2135,17.18160629272461
2136,16.335018157958984
2137,16.354969024658203
2138,16.405345916748047
2139,16.405874252319336
2140,16.474185943603516
2141,16.81825828552246
2142,16.952295303344727
2143,16.974327087402344
2144,16.940208435058594
2145,16.911632537841797
2146,16.958255767822266
2147,16.885074615478516
2148,16.85567283630371
2149,16.866897583007812
2150,16.906370162963867
2151,16.978824615478516
2152,17.004087448120117
2153,16.947731018066406
2154,16.916988372802734
2155,16.872501373291016
2156,16.855220794677734
2157,16.92475700378418
2158,16.946578979492188
2159,16.774829864501953
2160,16.780181884765625
2161,16.804235458374023
2162,16.826791763305664
2163,16.06477165222168
2164,16.13251304626465
2165,16.16204071044922
2166,16.150911331176758
2167,16.170427322387695
2168,16.24002456665039
2169,16.190336227416992
2170,16.215620040893555
2171,16.259784698486328
2172,16.268901824951172
2173,16.530033111572266
2174,16.176197052001953
2175,16.277374267578125
2176,16.208324432373047
2177,16.206846237182617
2178,16.301889419555664
2179,16.262222290039062
2180,16.168441772460938
2181,16.311861038208008
2182,16.363492965698242
2183,16.411396026611328
2184,16.424264907836914
2185,16.52430534362793
2186,16.462661743164062
2187,16.34556770324707
2188,16.207538604736328
2189,16.146800994873047
2190,15.929593086242676
2191,15.897661209106445
2192,15.871277809143066
2193,15.864899635314941
2194,15.862711906433105
2195,15.808053016662598
2196,15.76659107208252
2197,15.785543441772461
2198,15.852055549621582
2199,15.878392219543457
2200,15.92238998413086
2201,15.94730281829834
2202,15.783589363098145
2203,15.783039093017578
2204,15.743570327758789
2205,15.750449180603027
2206,15.766733169555664
2207,15.775470733642578
2208,16.037315368652344
2209,16.207456588745117
2210,16.290550231933594
2211,16.352354049682617
2212,16.287919998168945
2213,16.482053756713867
2214,16.45151710510254
2215,16.428356170654297
2216,16.528610229492188
2217,16.304935455322266
2218,16.259235382080078
2219,16.304779052734375
2220,16.29724884033203
2221,16.15491485595703
2222,15.998019218444824
2223,15.948396682739258
2224,15.984174728393555
2225,15.916476249694824
2226,15.953699111938477
2227,16.02009391784668
2228,15.97324275970459
2229,15.951472282409668
2230,15.952674865722656
2231,15.941071510314941
2232,16.02327537536621
2233,15.923741340637207
2234,15.899266242980957
2235,15.944408416748047
2236,15.948017120361328
2237,15.893806457519531
2238,15.995708465576172
2239,15.954010009765625
2240,16.00628662109375
2241,15.926803588867188
2242,15.946358680725098
2243,16.050325393676758
2244,15.830462455749512
2245,15.784713745117188
2246,15.808786392211914
2247,15.747849464416504
2248,15.77463150024414
2249,15.764544486999512
2250,15.673147201538086
2251,15.759722709655762
2252,15.816011428833008
2253,15.83663272857666
2254,15.75674819946289
2255,15.718405723571777
2256,15.654251098632812
2257,15.632267951965332
2258,15.614005088806152
2259,15.671136856079102
2260,15.803317070007324
2261,15.793401718139648
2262,15.813344955444336
2263,15.834155082702637
2264,15.81313705444336
2265,15.784582138061523
2266,15.764760971069336
2267,15.789247512817383
2268,15.741786003112793
2269,15.748433113098145
2270,15.743767738342285
2271,15.732101440429688
2272,15.657503128051758
2273,15.659029006958008
2274,15.630592346191406
2275,15.65397834777832
2276,15.690443992614746
2277,15.696306228637695
2278,15.68543815612793
2279,15.679886817932129
2280,15.66304874420166
2281,15.667146682739258
2282,15.65188217163086
2283,15.647438049316406
2284,15.6965970993042
2285,15.656131744384766
2286,15.694892883300781
2287,15.6810884475708
2288,15.711014747619629
2289,15.726069450378418
2290,15.68949031829834
2291,15.642350196838379
2292,15.670170783996582
2293,15.95228099822998
2294,16.024398803710938
2295,15.972848892211914
2296,16.041484832763672
2297,16.08052635192871
2298,15.801224708557129
2299,15.733922958374023
2300,15.696155548095703
2301,15.67204475402832
2302,15.674676895141602
2303,15.690866470336914
2304,15.706262588500977
2305,15.60636043548584
2306,15.645861625671387
2307,15.694134712219238
2308,15.700278282165527
2309,15.660721778869629
2310,15.65767765045166
2311,15.72325611114502
2312,15.658047676086426
2313,15.63050365447998
2314,15.629737854003906
2315,15.652053833007812
2316,15.747236251831055
2317,15.692638397216797
2318,15.673786163330078
2319,15.675481796264648
2320,15.780383110046387
2321,15.7744779586792
2322,15.766077041625977
2323,15.862415313720703
2324,15.880505561828613
2325,15.63633918762207
2326,15.588665962219238
2327,15.681037902832031
2328,15.839520454406738
2329,15.783247947692871
2330,15.849265098571777
2331,15.887892723083496
2332,15.955920219421387
2333,15.981046676635742
2334,15.952166557312012
2335,15.960091590881348
2336,15.993577003479004
2337,16.042409896850586
2338,16.00982666015625
2339,16.065837860107422
2340,16.068992614746094
2341,16.327289581298828
2342,16.499725341796875
2343,16.475215911865234
2344,16.422239303588867
2345,16.43939208984375
2346,16.414499282836914
2347,16.45081901550293
2348,16.467308044433594
2349,16.42560577392578
2350,16.428369522094727
2351,16.527545928955078
2352,15.97290325164795
2353,15.919878959655762
2354,15.887134552001953
2355,15.834588050842285
2356,15.789543151855469
2357,15.747085571289062
2358,15.80532455444336
2359,15.791532516479492
2360,15.821484565734863
2361,15.771781921386719
2362,15.752333641052246
2363,15.751916885375977
2364,15.684354782104492
2365,15.722245216369629
2366,15.724754333496094
2367,15.77847957611084
2368,15.681791305541992
2369,15.66751766204834
2370,15.548398971557617
2371,15.634203910827637
2372,15.744525909423828
2373,15.705684661865234
2374,15.681422233581543
2375,15.688215255737305
2376,15.60519790649414
2377,15.662293434143066
2378,15.805255889892578
2379,15.510480880737305
2380,15.631315231323242
2381,15.789064407348633
2382,15.979708671569824
2383,15.96517276763916
2384,15.918403625488281
2385,15.938599586486816
2386,15.915603637695312
2387,15.934578895568848
2388,15.900370597839355
2389,15.779982566833496
2390,15.69029712677002
2391,15.766717910766602
2392,15.859457969665527
2393,15.696869850158691
2394,15.630762100219727
2395,15.682859420776367
2396,15.737732887268066
2397,15.635000228881836
2398,15.599530220031738
2399,15.623128890991211
2400,15.651406288146973
2401,15.700796127319336
2402,15.808182716369629
2403,15.87827205657959
2404,15.857751846313477
2405,15.835729598999023
2406,15.66658878326416
2407,15.652605056762695
2408,15.630976676940918
2409,15.606460571289062
2410,15.588638305664062
2411,15.574851989746094
2412,15.576683044433594
2413,15.587227821350098
2414,15.59802532196045
2415,15.545572280883789
2416,15.577412605285645
2417,15.54438591003418
2418,15.582653045654297
2419,15.594803810119629
2420,15.582202911376953
2421,15.584569931030273
2422,15.660614967346191
2423,15.768277168273926
2424,15.914204597473145
2425,15.797745704650879
2426,15.786308288574219
2427,15.770086288452148
2428,15.883353233337402
2429,15.94351863861084
2430,16.123111724853516
2431,16.071094512939453
2432,16.063032150268555
2433,16.234495162963867
2434,16.351001739501953
2435,16.423477172851562
2436,16.441164016723633
2437,16.418935775756836
2438,16.395326614379883
2439,16.368892669677734
2440,16.252355575561523
2441,16.1669864654541
2442,16.05947494506836
2443,15.955168724060059
2444,15.898009300231934
2445,15.86815071105957
2446,15.97512149810791
2447,15.879556655883789
2448,15.868041038513184
2449,15.87779712677002
2450,15.825728416442871
2451,15.793624877929688
2452,15.936799049377441
2453,15.826951026916504
2454,15.843281745910645
2455,15.855393409729004
2456,15.855940818786621
2457,15.832125663757324
2458,15.860594749450684
2459,15.856168746948242
2460,15.594197273254395
2461,15.557069778442383
2462,15.576289176940918
2463,15.592244148254395
2464,15.576416969299316
2465,15.602323532104492
2466,15.655269622802734
2467,15.609189987182617
2468,15.623335838317871
2469,15.637788772583008
2470,15.647409439086914
2471,15.625150680541992
2472,15.62540054321289
2473,15.637602806091309
2474,15.642900466918945
2475,15.649886131286621
2476,15.750041961669922
2477,15.783714294433594
2478,15.795995712280273
2479,15.825571060180664
2480,15.799065589904785
2481,15.835149765014648
2482,15.919288635253906
2483,15.964669227600098
2484,15.921382904052734
2485,16.049991607666016
2486,16.108421325683594
2487,15.892292022705078
2488,15.847359657287598
2489,15.787654876708984
2490,15.761041641235352
2491,15.726279258728027
2492,15.662056922912598
2493,15.697503089904785
2494,15.66104507446289
2495,15.626798629760742
2496,15.654504776000977
2497,15.657293319702148
2498,15.70876693725586
2499,15.739344596862793
2500,14.987666130065918
2501,14.982462882995605
2502,15.02438735961914
2503,15.006314277648926
2504,14.985194206237793
2505,14.97181510925293
2506,14.95790958404541
2507,14.965523719787598
2508,15.033804893493652
2509,15.015064239501953
2510,14.969344139099121
2511,14.936174392700195
2512,14.94375991821289
2513,14.93871784210205
2514,15.03990650177002
2515,15.087320327758789
2516,15.160198211669922
2517,15.156256675720215
2518,15.190793991088867
2519,15.202818870544434
2520,15.2217378616333
2521,15.26566219329834
2522,15.323443412780762
2523,15.353765487670898
2524,15.53701400756836
2525,15.54020881652832
2526,15.532217025756836
2527,15.52243709564209
2528,15.648500442504883
2529,15.633917808532715
2530,15.720205307006836
2531,15.826374053955078
2532,15.982260704040527
2533,15.901206970214844
2534,15.950591087341309
2535,15.963788032531738
2536,15.990837097167969
2537,15.972918510437012
2538,15.97261905670166
2539,16.04999351501465
2540,16.07610321044922
2541,15.998687744140625
2542,16.144895553588867
2543,16.173486709594727
2544,16.24549674987793
2545,16.28799057006836
2546,16.243488311767578
2547,16.212383270263672
2548,16.182735443115234
2549,16.158771514892578
2550,16.113767623901367
2551,16.077749252319336
2552,16.03375816345215
2553,15.985771179199219
2554,16.028852462768555
2555,16.075159072875977
2556,16.01326560974121
2557,16.051485061645508
2558,16.062000274658203
2559,16.09381675720215
2560,16.131179809570312
2561,16.232450485229492
2562,16.246089935302734
2563,16.263774871826172
2564,16.28695297241211
2565,16.24341583251953
2566,16.226581573486328
2567,16.205318450927734
2568,16.244884490966797
2569,16.29395294189453
2570,16.348543167114258
2571,16.39337921142578
2572,16.416500091552734
2573,16.389938354492188
2574,16.394088745117188
2575,16.38915252685547
2576,16.40377426147461
2577,16.40658187866211
2578,16.37030792236328
2579,16.4011173248291
2580,16.398345947265625
2581,16.34403419494629
2582,16.36204719543457
2583,16.378742218017578
2584,16.32914924621582
2585,16.34720230102539
2586,16.381420135498047
2587,16.326854705810547
2588,16.31806755065918
2589,16.38248634338379
2590,16.421157836914062
2591,16.461034774780273
2592,16.482128143310547
2593,16.425113677978516
2594,16.381608963012695
2595,16.196596145629883
2596,16.318727493286133
2597,16.27793312072754
2598,16.29576873779297
2599,16.298439025878906
2600,16.24416732788086
2601,16.136735916137695
2602,16.076278686523438
2603,16.04393196105957
2604,16.019763946533203
2605,16.074567794799805
2606,16.040454864501953
2607,16.05103302001953
2608,16.068632125854492
2609,16.004106521606445
2610,16.013765335083008
2611,16.034543991088867
2612,16.01696014404297
2613,16.01094627380371
2614,15.96690845489502
2615,15.936653137207031
2616,15.911121368408203
2617,15.8970308303833
2618,15.86352825164795
2619,15.84070873260498
2620,15.829724311828613
2621,15.826168060302734
2622,15.814945220947266
2623,15.830382347106934
2624,15.84325885772705
2625,15.816119194030762
2626,15.830105781555176
2627,15.81507396697998
2628,15.820476531982422
2629,15.753717422485352
2630,15.751404762268066
2631,15.747334480285645
2632,15.729823112487793
2633,15.831632614135742
2634,15.92025375366211
2635,15.911582946777344
2636,15.905466079711914
2637,15.934746742248535
2638,15.951481819152832
2639,15.878046989440918
2640,15.84573745727539
2641,15.780587196350098
2642,15.811163902282715
2643,15.749159812927246
2644,15.713468551635742
2645,15.668540000915527
2646,15.69401741027832
2647,15.759505271911621
2648,15.722090721130371
2649,15.998291015625
2650,16.008136749267578
2651,16.043214797973633
2652,16.090986251831055
2653,16.10770034790039
2654,16.161693572998047
2655,16.14691925048828
2656,16.1269474029541
2657,16.1268367767334
2658,16.054929733276367
2659,16.05337142944336
2660,15.989192008972168
2661,16.068199157714844
2662,16.0534725189209
2663,16.030593872070312
2664,15.999767303466797
2665,16.033048629760742
2666,16.058273315429688
2667,16.1137752532959
2668,16.13848876953125
2669,16.195695877075195
2670,16.1798038482666
2671,16.037996292114258
2672,15.936249732971191
2673,15.832535743713379
2674,15.814496040344238
2675,15.738794326782227
2676,15.720098495483398
2677,15.675162315368652
2678,15.67291259765625
2679,15.656856536865234
2680,15.63632583618164
2681,15.544675827026367
2682,15.461341857910156
2683,15.473075866699219
2684,15.432068824768066
2685,15.441740989685059
2686,15.359905242919922
2687,15.396527290344238
2688,15.396788597106934
2689,15.419861793518066
2690,15.389519691467285
2691,15.40269947052002
2692,15.421830177307129
2693,15.459835052490234
2694,15.392597198486328
2695,15.37645435333252
2696,15.379046440124512
2697,15.3954496383667
2698,15.452245712280273
2699,15.411450386047363
2700,15.573541641235352
2701,15.544604301452637
2702,15.519477844238281
2703,15.934029579162598
2704,16.080053329467773
2705,16.0922908782959
2706,16.157978057861328
2707,16.17729377746582
2708,16.25721549987793
2709,16.253456115722656
2710,16.27660369873047
2711,16.287080764770508
2712,16.28977394104004
2713,16.338008880615234
2714,16.32680320739746
2715,16.34963035583496
2716,16.3267879486084
2717,16.26199722290039
2718,16.192678451538086
2719,16.19918441772461
2720,16.174524307250977
2721,16.270092010498047
2722,16.309715270996094
2723,16.34960174560547
2724,16.42243766784668
2725,16.445404052734375
2726,16.42599105834961
2727,16.422866821289062
2728,16.437158584594727
2729,16.431964874267578
2730,16.30002784729004
2731,16.338171005249023
2732,16.289751052856445
2733,16.194782257080078
2734,16.120309829711914
2735,16.054563522338867
2736,16.057743072509766
2737,16.087505340576172
2738,16.042299270629883
2739,16.0430850982666
2740,16.047704696655273
2741,16.0371150970459
2742,16.035755157470703
2743,16.00201988220215
2744,15.99013614654541
2745,15.956417083740234
2746,15.973270416259766
2747,15.999458312988281
2748,15.976153373718262
2749,15.950257301330566
2750,15.989569664001465
2751,15.994820594787598
2752,15.948753356933594
2753,15.949554443359375
2754,16.036027908325195
2755,15.974162101745605
2756,15.87326717376709
2757,15.959891319274902
2758,15.914935111999512
2759,15.888751029968262
2760,15.857877731323242
2761,15.85222053527832
2762,15.8633451461792
2763,15.90005874633789
2764,15.828423500061035
2765,15.940868377685547
2766,15.96946907043457
2767,15.97362232208252
2768,15.964432716369629
2769,16.048757553100586
2770,15.995150566101074
2771,16.073719024658203
2772,16.09678840637207
2773,16.09670066833496
2774,16.133649826049805
2775,16.118080139160156
2776,16.10264015197754
2777,16.06212615966797
2778,16.03173065185547
2779,16.004127502441406
2780,15.94180965423584
2781,16.084897994995117
2782,15.996251106262207
2783,15.910325050354004
2784,16.17483901977539
2785,16.217330932617188
2786,16.276052474975586
2787,16.330528259277344
2788,16.352088928222656
2789,16.35741424560547
2790,16.35643196105957
2791,16.332319259643555
2792,16.34124755859375
2793,16.318965911865234
2794,16.26705551147461
2795,16.254270553588867
2796,16.212963104248047
2797,16.14539909362793
2798,16.07987403869629
2799,16.096227645874023
2800,16.08728790283203
2801,16.06810188293457
2802,16.030092239379883
2803,16.024803161621094
2804,16.027976989746094
2805,16.0159912109375
2806,16.12869644165039
2807,16.136594772338867
2808,16.05063819885254
2809,16.144878387451172
2810,16.2100772857666
2811,15.959210395812988
2812,15.903828620910645
2813,15.877054214477539
2814,15.88439655303955
2815,15.830294609069824
2816,15.870043754577637
2817,15.916947364807129
2818,15.92176342010498
2819,15.898574829101562
2820,15.900039672851562
2821,16.08283042907715
2822,16.1458740234375
2823,16.095195770263672
2824,16.075876235961914
2825,16.163997650146484
2826,16.12685775756836
2827,16.114883422851562
2828,16.03504753112793
2829,15.991352081298828
2830,15.979080200195312
2831,16.001110076904297
2832,16.003564834594727
2833,15.997703552246094
2834,15.943863868713379
2835,15.91327953338623
2836,15.889835357666016
2837,15.867414474487305
2838,15.894997596740723
2839,15.87985610961914
2840,15.933371543884277
2841,15.924897193908691
2842,15.882375717163086
2843,15.902894973754883
2844,15.85792064666748
2845,15.832013130187988
2846,15.813973426818848
2847,15.815109252929688
2848,15.856379508972168
2849,15.767033576965332
2850,15.769126892089844
2851,15.74962329864502
2852,15.73587417602539
2853,15.71338939666748
2854,15.700023651123047
2855,15.714435577392578
2856,15.702364921569824
2857,15.6809720993042
2858,15.735872268676758
2859,15.669389724731445
2860,15.652884483337402
2861,15.68680477142334
2862,15.691483497619629
2863,15.701559066772461
2864,15.654709815979004
2865,15.594815254211426
2866,15.545795440673828
2867,15.504400253295898
2868,15.496691703796387
2869,15.478673934936523
2870,15.484792709350586
2871,15.507153511047363
2872,15.49791145324707
2873,15.524662017822266
2874,15.518606185913086
2875,15.392141342163086
2876,15.397430419921875
2877,15.388650894165039
2878,15.397843360900879
2879,15.328367233276367
2880,15.286882400512695
2881,15.273691177368164
2882,15.284151077270508
2883,15.246068000793457
2884,15.239554405212402
2885,15.217083930969238
2886,15.18529987335205
2887,15.190791130065918
2888,15.153284072875977
2889,15.170265197753906
2890,15.173523902893066
2891,15.399712562561035
2892,15.495479583740234
2893,15.56672477722168
2894,15.60643196105957
2895,15.605240821838379
2896,15.550853729248047
2897,15.526642799377441
2898,15.505227088928223
2899,15.48354434967041
2900,15.43572998046875
2901,15.494497299194336
2902,15.466568946838379
2903,15.520003318786621
2904,15.455378532409668
2905,15.404842376708984
2906,15.374500274658203
2907,15.398573875427246
2908,15.380878448486328
2909,15.377153396606445
2910,15.364276885986328
2911,15.388887405395508
2912,15.474708557128906
2913,15.51195240020752
2914,15.586594581604004
2915,15.726680755615234
2916,15.831274032592773
2917,15.988765716552734
2918,15.937357902526855
2919,15.910676956176758
2920,15.932992935180664
2921,15.928041458129883
2922,15.884573936462402
2923,15.916104316711426
2924,15.884607315063477
2925,15.88466739654541
2926,15.848859786987305
2927,15.792527198791504
2928,15.782881736755371
2929,15.774087905883789
2930,15.738805770874023
2931,15.668163299560547
2932,15.690715789794922
2933,15.747401237487793
2934,15.746700286865234
2935,15.740511894226074
2936,15.801258087158203
2937,15.925617218017578
2938,15.985604286193848
2939,15.97353458404541
2940,16.01026153564453
2941,16.060253143310547
2942,15.898980140686035
2943,15.95430850982666
2944,15.944794654846191
2945,15.745555877685547
2946,15.678192138671875
2947,15.658419609069824
2948,15.654590606689453
2949,15.632441520690918
2950,15.599692344665527
2951,15.596918106079102
2952,15.490891456604004
2953,15.52794361114502
2954,15.465720176696777
2955,15.406538963317871
2956,15.413273811340332
2957,15.44429874420166
2958,15.395186424255371
2959,15.408341407775879
2960,15.35782527923584
2961,15.333434104919434
2962,15.361529350280762
2963,15.439159393310547
2964,15.334346771240234
2965,15.363333702087402
2966,15.318109512329102
2967,15.285470008850098
2968,15.343938827514648
2969,15.373502731323242
2970,15.363340377807617
2971,15.31871509552002
2972,16.199865341186523
2973,16.25763702392578
2974,16.18116569519043
2975,16.15474510192871
2976,16.171524047851562
2977,16.08080291748047
2978,16.118349075317383
2979,16.131092071533203
2980,16.203977584838867
2981,16.187000274658203
2982,16.189695358276367
2983,16.184722900390625
2984,16.226490020751953
2985,16.285133361816406
2986,16.306547164916992
2987,16.293066024780273
2988,16.334491729736328
2989,16.351375579833984
2990,16.330602645874023
2991,16.171613693237305
2992,16.218692779541016
2993,16.130205154418945
2994,16.09567642211914
2995,16.033109664916992
2996,15.923677444458008
2997,15.87408447265625
2998,15.771120071411133
2999,15.823365211486816
3000,15.746502876281738
3001,15.760162353515625
3002,15.931208610534668
3003,15.989615440368652
3004,16.01009750366211
3005,16.009990692138672
3006,16.0113582611084
3007,15.959769248962402
3008,15.894160270690918
3009,15.971529006958008
3010,15.98702621459961
3011,16.02503204345703
3012,16.070554733276367
3013,16.133621215820312
3014,16.131555557250977
3015,16.120216369628906
3016,16.11070442199707
3017,16.083791732788086
3018,16.127178192138672
3019,16.12578773498535
3020,16.129329681396484
3021,16.190675735473633
3022,16.24363899230957
3023,16.25928497314453
3024,16.265106201171875
3025,16.258968353271484
3026,16.14900779724121
3027,16.102853775024414
3028,16.117164611816406
3029,16.136287689208984
3030,16.131954193115234
3031,16.165002822875977
3032,16.12212562561035
3033,16.116914749145508
3034,16.11992073059082
3035,16.10978889465332
3036,16.097614288330078
3037,16.117948532104492
3038,16.107990264892578
3039,16.128347396850586
3040,16.143070220947266
3041,16.13300323486328
3042,16.16892433166504
3043,16.209543228149414
3044,16.215303421020508
3045,16.22967529296875
3046,16.19485855102539
3047,16.10818862915039
3048,16.148990631103516
3049,16.118091583251953
3050,16.052001953125
3051,16.061798095703125
3052,16.02730369567871
3053,15.809402465820312
3054,15.724808692932129
3055,15.691025733947754
3056,15.643672943115234
3057,15.622735977172852
3058,15.623292922973633
3059,15.520563125610352
3060,15.543691635131836
3061,15.564943313598633
3062,15.554011344909668
3063,15.538006782531738
3064,15.514449119567871
3065,15.51450252532959
3066,15.492713928222656
3067,15.50317668914795
3068,15.48729419708252
3069,15.460128784179688
3070,15.477338790893555
3071,15.483234405517578
3072,15.503172874450684
3073,15.517389297485352
3074,15.527239799499512
3075,15.540243148803711
3076,15.554207801818848
3077,15.575935363769531
3078,15.586955070495605
3079,15.569425582885742
3080,15.411392211914062
3081,15.402190208435059
3082,15.472230911254883
3083,15.464488983154297
3084,15.540844917297363
3085,15.60578727722168
3086,15.62238597869873
3087,15.624441146850586
3088,15.60219955444336
3089,15.58161735534668
3090,15.56708812713623
3091,15.536802291870117
3092,15.549798965454102
3093,15.566659927368164
3094,15.574329376220703
3095,15.58276653289795
3096,15.593801498413086
3097,15.569978713989258
3098,15.594915390014648
3099,15.613082885742188
3100,15.66845989227295
3101,15.755433082580566
3102,15.755380630493164
3103,15.784794807434082
3104,15.772928237915039
3105,15.715758323669434
3106,15.666508674621582
3107,15.63193416595459
3108,15.536323547363281
3109,15.504263877868652
3110,15.458314895629883
3111,15.443086624145508
3112,15.426511764526367
3113,15.424555778503418
3114,15.441218376159668
3115,15.431529998779297
3116,15.477753639221191
3117,15.448601722717285
3118,15.421782493591309
3119,15.401165962219238
3120,15.388443946838379
3121,15.407295227050781
3122,15.424468994140625
3123,15.408977508544922
3124,15.426915168762207
3125,15.431246757507324
3126,15.457745552062988
3127,15.521564483642578
3128,15.510234832763672
3129,15.525821685791016
3130,15.531794548034668
3131,15.529134750366211
3132,15.540470123291016
3133,15.537579536437988
3134,15.56964111328125
3135,15.57606029510498
3136,15.627559661865234
3137,15.598031044006348
3138,15.553513526916504
3139,15.528887748718262
3140,15.549920082092285
3141,15.535585403442383
3142,15.538320541381836
3143,15.591287612915039
3144,15.61571216583252
3145,15.618819236755371
3146,15.657978057861328
3147,15.675782203674316
3148,15.71236801147461
3149,15.79761028289795
3150,15.813643455505371
3151,15.872958183288574
3152,15.893786430358887
3153,15.90186882019043
3154,15.895808219909668
3155,15.910682678222656
3156,15.951184272766113
3157,15.99035930633545
3158,16.01010513305664
3159,16.017887115478516
3160,16.022600173950195
3161,15.805354118347168
3162,15.744203567504883
3163,15.742807388305664
3164,15.694098472595215
3165,15.69258975982666
3166,15.69913387298584
3167,15.712998390197754
3168,15.72415828704834
3169,15.718456268310547
3170,15.727008819580078
3171,15.820202827453613
3172,15.821391105651855
3173,15.876282691955566
3174,15.904203414916992
3175,15.898720741271973
3176,15.884751319885254
3177,15.890745162963867
3178,15.88254451751709
3179,15.885598182678223
3180,15.897275924682617
3181,15.890027046203613
3182,15.873310089111328
3183,15.903327941894531
3184,15.910122871398926
3185,15.900761604309082
3186,15.93581485748291
3187,15.955730438232422
3188,15.56601333618164
3189,15.53563404083252
3190,15.510488510131836
3191,15.520225524902344
3192,15.474958419799805
3193,15.467905044555664
3194,15.472854614257812
3195,15.474348068237305
3196,15.476685523986816
3197,15.482494354248047
3198,15.473023414611816
3199,15.47586441040039
3200,15.459756851196289
3201,15.419952392578125
3202,15.425331115722656
3203,15.434405326843262
3204,15.438643455505371
3205,15.43392562866211
3206,15.471447944641113
3207,15.462689399719238
3208,15.444684982299805
3209,15.452252388000488
3210,15.453291893005371
3211,15.490432739257812
3212,15.473775863647461
3213,15.473907470703125
3214,15.497467994689941
3215,15.529325485229492
3216,15.543840408325195
3217,15.572324752807617
3218,15.57165813446045
3219,15.605113983154297
3220,15.629698753356934
3221,15.657357215881348
3222,15.666644096374512
3223,15.641546249389648
3224,15.647591590881348
3225,15.639082908630371
3226,15.640068054199219
3227,15.634700775146484
3228,15.68159294128418
3229,15.693486213684082
3230,15.670731544494629
3231,15.660109519958496
3232,15.685251235961914
3233,15.679032325744629
3234,15.6507568359375
3235,15.679853439331055
3236,15.668726921081543
3237,15.724170684814453
3238,15.6505765914917
3239,15.653517723083496
3240,15.631230354309082
3241,15.663043975830078
3242,15.461304664611816
3243,15.440430641174316
3244,15.406027793884277
3245,15.39724063873291
3246,15.377889633178711
3247,15.421064376831055
3248,15.432598114013672
3249,15.436905860900879
3250,15.449372291564941
3251,15.445301055908203
3252,15.438485145568848
3253,15.440922737121582
3254,15.43157958984375
3255,15.4241943359375
3256,15.432352066040039
3257,15.442633628845215
3258,15.44507122039795
3259,15.471269607543945
3260,15.454854011535645
3261,15.463479042053223
3262,15.486308097839355
3263,15.511934280395508
3264,15.44813060760498
3265,15.421302795410156
3266,15.369641304016113
3267,15.390937805175781
3268,15.383540153503418
3269,15.275117874145508
3270,15.285612106323242
3271,15.2973051071167
3272,15.306927680969238
3273,15.319326400756836
3274,15.325801849365234
3275,15.343165397644043
3276,15.342409133911133
3277,15.35474681854248
3278,15.347813606262207
3279,15.369874954223633
3280,15.37933349609375
3281,15.445829391479492
3282,15.477965354919434
3283,15.46426010131836
3284,15.480616569519043
3285,15.485337257385254
3286,15.512174606323242
3287,15.501487731933594
3288,15.490676879882812
3289,15.518836975097656
3290,15.540189743041992
3291,15.613101959228516
3292,15.622529029846191
3293,15.557581901550293
3294,15.553439140319824
3295,15.721268653869629
3296,15.692415237426758
3297,15.709931373596191
3298,15.717641830444336
3299,15.68687629699707
3300,15.695640563964844
3301,15.677454948425293
3302,15.710190773010254
3303,15.736747741699219
3304,15.719098091125488
3305,15.714866638183594
3306,15.687397956848145
3307,15.691742897033691
3308,15.657700538635254
3309,15.651786804199219
3310,15.650103569030762
3311,15.641478538513184
3312,15.64428424835205
3313,15.625701904296875
3314,15.649774551391602
3315,15.664721488952637
3316,15.672240257263184
3317,15.675329208374023
3318,15.670509338378906
3319,15.64915657043457
3320,15.662846565246582
3321,15.64793872833252
3322,15.68343734741211
3323,15.674324989318848
3324,15.659571647644043
3325,15.603643417358398
3326,15.607624053955078
3327,15.609331130981445
3328,15.602285385131836
3329,15.62541389465332
3330,15.623064041137695
3331,15.613852500915527
3332,15.644604682922363
3333,15.656074523925781
3334,15.64795207977295
3335,15.650121688842773
3336,15.652092933654785
3337,15.652910232543945
3338,15.647915840148926
3339,15.653345108032227
3340,15.685993194580078
3341,15.704460144042969
3342,15.699437141418457
3343,15.68257999420166
3344,15.714576721191406
3345,15.757726669311523
3346,15.764143943786621
3347,15.76311206817627
3348,15.777067184448242
3349,15.7669677734375
3350,15.609465599060059
3351,15.5809907913208
3352,15.52768611907959
3353,15.50232982635498
3354,15.473947525024414
3355,15.486083984375
3356,15.479080200195312
3357,15.478608131408691
3358,15.454303741455078
3359,15.465776443481445
3360,15.487861633300781
3361,15.485614776611328
3362,15.472628593444824
3363,15.44470500946045
3364,15.468334197998047
3365,15.46816349029541
3366,15.473044395446777
3367,15.470213890075684
3368,15.487088203430176
3369,15.522233009338379
3370,15.534297943115234
3371,15.533040046691895
3372,15.543876647949219
3373,15.547155380249023
3374,15.561335563659668
3375,15.556114196777344
3376,15.539142608642578
3377,15.457818031311035
3378,15.440013885498047
3379,15.443414688110352
3380,15.458048820495605
3381,15.44953727722168
3382,15.450498580932617
3383,15.47252082824707
3384,15.473280906677246
3385,15.477785110473633
3386,15.49247932434082
3387,15.497981071472168
3388,15.498272895812988
3389,15.498998641967773
3390,15.552974700927734
3391,15.581488609313965
3392,15.620040893554688
3393,15.606321334838867
3394,15.576326370239258
3395,15.573943138122559
3396,15.55789566040039
3397,15.538847923278809
3398,15.56770133972168
3399,15.572830200195312
3400,15.599218368530273
3401,15.576848030090332
3402,15.598834991455078
3403,15.594634056091309
3404,15.563910484313965
3405,15.5659761428833
3406,15.586160659790039
3407,15.575972557067871
3408,15.57103157043457
3409,15.57162857055664
3410,15.71422290802002
3411,15.54433536529541
3412,15.51214599609375
3413,15.531096458435059
3414,15.527870178222656
3415,15.544280052185059
3416,15.548858642578125
3417,15.611111640930176
3418,15.653153419494629
3419,15.47330379486084
3420,15.422955513000488
3421,15.435020446777344
3422,15.479171752929688
3423,15.48059368133545
3424,15.450587272644043
3425,15.454127311706543
3426,15.437544822692871
3427,15.434348106384277
3428,15.432100296020508
3429,15.449844360351562
3430,15.464417457580566
3431,15.461742401123047
3432,15.468729972839355
3433,15.495274543762207
3434,15.49566650390625
3435,15.5054931640625
3436,15.523893356323242
3437,15.519856452941895
3438,15.483043670654297
3439,15.4851655960083
3440,15.523618698120117
3441,15.514957427978516
3442,15.51266098022461
3443,15.558218955993652
3444,15.542744636535645
3445,15.533199310302734
3446,15.375741004943848
3447,15.363815307617188
3448,15.387659072875977
3449,15.362685203552246
3450,15.379829406738281
3451,15.371623992919922
3452,15.395956039428711
3453,15.396485328674316
3454,15.4048433303833
3455,15.373494148254395
3456,15.386829376220703
3457,15.373775482177734
3458,15.389450073242188
3459,15.382535934448242
3460,15.399767875671387
3461,15.40902328491211
3462,15.38785171508789
3463,15.403043746948242
3464,15.418449401855469
3465,15.421991348266602
3466,15.42192268371582
3467,15.473665237426758
3468,15.47542953491211
3469,15.495200157165527
3470,15.513607025146484
3471,15.562170028686523
3472,15.564723014831543
3473,15.477011680603027
3474,15.466574668884277
3475,15.449256896972656
3476,15.497293472290039
3477,15.489160537719727
3478,15.483409881591797
3479,15.46615219116211
3480,15.489357948303223
3481,15.539739608764648
3482,15.555750846862793
3483,15.610370635986328
3484,15.594897270202637
3485,15.604341506958008
3486,15.600579261779785
3487,15.623130798339844
3488,15.627470970153809
3489,15.62099552154541
3490,15.605000495910645
3491,15.610343933105469
3492,15.572871208190918
3493,15.573829650878906
3494,15.561175346374512
3495,15.571549415588379
3496,15.549159049987793
3497,15.572839736938477
3498,15.545029640197754
3499,15.585053443908691
