,0
0,19.543331146240234
1,19.542354583740234
2,19.543407440185547
3,19.5509033203125
4,19.54541778564453
5,19.550357818603516
6,19.483945846557617
7,19.39743423461914
8,19.44890594482422
9,19.48663902282715
10,19.574270248413086
11,19.565494537353516
12,19.590011596679688
13,19.614727020263672
14,19.60335350036621
15,19.614200592041016
16,19.5906982421875
17,19.577903747558594
18,19.5903263092041
19,19.598827362060547
20,19.41530418395996
21,19.296449661254883
22,19.171876907348633
23,19.277956008911133
24,19.3018741607666
25,19.331361770629883
26,19.34428596496582
27,19.35824203491211
28,19.368711471557617
29,19.395822525024414
30,19.414209365844727
31,19.486692428588867
32,19.486230850219727
33,19.514699935913086
34,19.51535987854004
35,19.519826889038086
36,19.49159812927246
37,19.558446884155273
38,19.550128936767578
39,19.465866088867188
40,19.532625198364258
41,19.505292892456055
42,19.51424217224121
43,19.507980346679688
44,19.504119873046875
45,19.530370712280273
46,19.531068801879883
47,19.277667999267578
48,19.5642147064209
49,19.586658477783203
50,19.588045120239258
51,19.59053611755371
52,19.58235740661621
53,19.589794158935547
54,19.58942985534668
55,19.61028289794922
56,19.588424682617188
57,19.583154678344727
58,19.570446014404297
59,19.57021713256836
60,19.565296173095703
61,19.506629943847656
62,19.450420379638672
63,19.459365844726562
64,19.53326416015625
65,19.490968704223633
66,19.521265029907227
67,19.553024291992188
68,19.579200744628906
69,19.56371307373047
70,19.58711814880371
71,19.591442108154297
72,19.59712028503418
73,19.58673095703125
74,19.592065811157227
75,19.60135269165039
76,19.596508026123047
77,19.60562515258789
78,19.601394653320312
79,19.597412109375
80,19.607177734375
81,19.61786651611328
82,19.604923248291016
83,19.620933532714844
84,19.65275764465332
85,19.644922256469727
86,19.64984130859375
87,19.650362014770508
88,19.67205047607422
89,19.682828903198242
90,19.670738220214844
91,19.703411102294922
92,19.70085334777832
93,19.694517135620117
94,19.713455200195312
95,19.690166473388672
96,19.67930793762207
97,19.68281364440918
98,19.68272590637207
99,19.698511123657227
100,19.692447662353516
101,19.672931671142578
102,19.65484046936035
103,19.648860931396484
104,19.6612491607666
105,19.671043395996094
106,19.664447784423828
107,19.690990447998047
108,19.669647216796875
109,19.665523529052734
110,19.64511489868164
111,19.59077262878418
112,19.539955139160156
113,19.554548263549805
114,19.584514617919922
115,19.62322425842285
116,19.62615203857422
117,19.63683319091797
118,19.672664642333984
119,19.63840675354004
120,19.67244529724121
121,19.660268783569336
122,19.66353988647461
123,19.626903533935547
124,19.60860252380371
125,19.545909881591797
126,19.542255401611328
127,19.581159591674805
128,19.098337173461914
129,19.19113540649414
130,19.193145751953125
131,19.1470890045166
132,18.911481857299805
133,19.010581970214844
134,19.013973236083984
135,19.023242950439453
136,19.037954330444336
137,19.030517578125
138,19.010780334472656
139,18.983890533447266
140,18.85382843017578
141,18.833065032958984
142,18.778776168823242
143,18.704191207885742
144,18.50979232788086
145,18.817569732666016
146,18.854400634765625
147,19.016611099243164
148,19.00703239440918
149,18.901411056518555
150,18.965953826904297
151,19.061450958251953
152,19.096160888671875
153,19.207406997680664
154,19.300350189208984
155,19.192092895507812
156,19.007835388183594
157,18.82427978515625
158,18.70614242553711
159,18.69190216064453
160,18.646303176879883
161,18.576383590698242
162,18.545738220214844
163,18.54486846923828
164,18.518714904785156
165,18.445566177368164
166,18.42544174194336
167,18.43149185180664
168,18.546112060546875
169,18.610431671142578
170,18.717575073242188
171,18.95157814025879
172,19.240501403808594
173,19.25830078125
174,19.314130783081055
175,19.328081130981445
176,19.355512619018555
177,19.308019638061523
178,19.371309280395508
179,19.389328002929688
180,19.383407592773438
181,19.338321685791016
182,18.70792007446289
183,18.851980209350586
184,18.9201717376709
185,19.17162322998047
186,19.269926071166992
187,19.27843475341797
188,19.044761657714844
189,19.034948348999023
190,19.200441360473633
191,19.269794464111328
192,19.322053909301758
193,19.27019500732422
194,19.35553741455078
195,19.417909622192383
196,19.56639289855957
197,19.5654296875
198,19.549789428710938
199,19.555513381958008
200,19.56360626220703
201,19.573989868164062
202,19.571762084960938
203,19.552579879760742
204,19.55449676513672
205,19.577058792114258
206,19.55484390258789
207,19.526222229003906
208,19.516876220703125
209,19.535526275634766
210,19.529621124267578
211,19.539485931396484
212,19.609130859375
213,19.615402221679688
214,19.54906463623047
215,19.545053482055664
216,19.563920974731445
217,19.570735931396484
218,19.577438354492188
219,19.602481842041016
220,19.63373565673828
221,19.598365783691406
222,19.602025985717773
223,19.611228942871094
224,19.619104385375977
225,19.57437515258789
226,19.559432983398438
227,19.550212860107422
228,19.536951065063477
229,19.548786163330078
230,19.52267837524414
231,19.564373016357422
232,19.59474754333496
233,19.597171783447266
234,19.581899642944336
235,19.57391357421875
236,19.567583084106445
237,19.568593978881836
238,19.58025550842285
239,19.624202728271484
240,19.605459213256836
241,19.61797332763672
242,19.618099212646484
243,19.614347457885742
244,19.608285903930664
245,19.61853790283203
246,19.625900268554688
247,19.63227653503418
248,19.631872177124023
249,19.579992294311523
250,19.605224609375
251,19.610700607299805
252,19.62337875366211
253,19.602962493896484
254,19.576984405517578
255,19.599889755249023
256,19.581497192382812
257,19.552825927734375
258,19.498748779296875
259,19.496469497680664
260,19.484228134155273
261,19.526517868041992
262,19.495365142822266
263,19.513471603393555
264,19.51810646057129
265,19.528806686401367
266,19.579830169677734
267,19.585676193237305
268,19.574281692504883
269,19.608476638793945
270,19.60757827758789
271,19.60007667541504
272,19.626611709594727
273,19.621816635131836
274,19.641246795654297
275,19.61090087890625
276,19.595970153808594
277,19.60848045349121
278,19.59943389892578
279,19.62069320678711
280,19.60779571533203
281,19.607641220092773
282,19.61684799194336
283,19.61149787902832
284,19.615446090698242
285,19.627134323120117
286,19.543973922729492
287,19.594144821166992
288,19.614477157592773
289,19.614253997802734
290,19.628406524658203
291,19.610424041748047
292,19.597814559936523
293,19.655017852783203
294,19.6124267578125
295,19.609405517578125
296,19.61510467529297
297,19.620861053466797
298,19.62569808959961
299,19.62499237060547
300,19.61552619934082
301,19.628597259521484
302,19.633852005004883
303,19.590763092041016
304,19.60403060913086
305,19.614105224609375
306,19.626001358032227
307,19.64322280883789
308,19.63829803466797
309,19.64487648010254
310,19.62630271911621
311,19.6300048828125
312,19.62281608581543
313,19.62963104248047
314,19.64910125732422
315,19.63853645324707
316,19.65861701965332
317,19.144433975219727
318,18.917036056518555
319,18.28797721862793
320,17.911916732788086
321,17.831436157226562
322,17.803699493408203
323,17.8072452545166
324,17.98632049560547
325,18.117019653320312
326,18.05389404296875
327,18.12005615234375
328,18.15912628173828
329,18.118757247924805
330,18.125749588012695
331,18.15227699279785
332,18.099525451660156
333,18.106098175048828
334,18.136516571044922
335,18.138240814208984
336,18.44306755065918
337,18.322053909301758
338,18.21900177001953
339,18.164535522460938
340,18.174880981445312
341,18.263675689697266
342,18.21428680419922
343,18.185258865356445
344,18.15556526184082
345,18.15201187133789
346,17.72811508178711
347,17.716217041015625
348,17.695878982543945
349,17.80352210998535
350,17.842018127441406
351,17.769590377807617
352,17.76746368408203
353,17.759944915771484
354,17.76072120666504
355,17.776405334472656
356,17.816883087158203
357,17.82874870300293
358,17.911930084228516
359,17.933286666870117
360,17.954530715942383
361,17.997329711914062
362,18.042903900146484
363,18.24006462097168
364,18.24160385131836
365,18.373779296875
366,18.4132137298584
367,18.549531936645508
368,18.575668334960938
369,18.67662239074707
370,18.693349838256836
371,18.819740295410156
372,18.835769653320312
373,18.993989944458008
374,18.69024658203125
375,18.797813415527344
376,18.825166702270508
377,18.90892219543457
378,19.05147933959961
379,19.06108283996582
380,19.010740280151367
381,18.873247146606445
382,18.915271759033203
383,18.80052947998047
384,18.783023834228516
385,18.750547409057617
386,18.6949405670166
387,18.876646041870117
388,18.786157608032227
389,18.96009063720703
390,19.360593795776367
391,19.407732009887695
392,19.252531051635742
393,19.218154907226562
394,19.124786376953125
395,19.262008666992188
396,19.289958953857422
397,19.253482818603516
398,19.16640853881836
399,19.10385513305664
400,18.630088806152344
401,18.445234298706055
402,18.170778274536133
403,18.202102661132812
404,18.122106552124023
405,17.99252700805664
406,17.981840133666992
407,18.014711380004883
408,18.017780303955078
409,17.962316513061523
410,18.037124633789062
411,18.075401306152344
412,18.197153091430664
413,18.313575744628906
414,18.36402130126953
415,18.49805450439453
416,18.523855209350586
417,18.788938522338867
418,18.811580657958984
419,18.718338012695312
420,18.643342971801758
421,18.658740997314453
422,18.746244430541992
423,18.73540496826172
424,18.662677764892578
425,18.729101181030273
426,18.740840911865234
427,18.708431243896484
428,18.712566375732422
429,18.54279899597168
430,18.385568618774414
431,18.249380111694336
432,18.387264251708984
433,18.50448226928711
434,18.550804138183594
435,18.557140350341797
436,18.544273376464844
437,18.579299926757812
438,18.71411895751953
439,18.803693771362305
440,18.785425186157227
441,18.75588035583496
442,18.865581512451172
443,18.845956802368164
444,19.07282066345215
445,18.964982986450195
446,19.04389190673828
447,19.149667739868164
448,19.088031768798828
449,19.18308448791504
450,19.190217971801758
451,19.224178314208984
452,19.244976043701172
453,19.174209594726562
454,18.419448852539062
455,18.78488540649414
456,18.703832626342773
457,18.60289192199707
458,18.621477127075195
459,18.806978225708008
460,18.89971160888672
461,18.9198055267334
462,18.92250633239746
463,18.94440269470215
464,18.950557708740234
465,18.85179901123047
466,18.946693420410156
467,18.942211151123047
468,18.793197631835938
469,18.754215240478516
470,18.740564346313477
471,18.980579376220703
472,19.019319534301758
473,18.96305274963379
474,19.042743682861328
475,19.02159881591797
476,19.032155990600586
477,19.00302505493164
478,18.86939811706543
479,18.88990592956543
480,18.829452514648438
481,19.411972045898438
482,19.46619987487793
483,19.428836822509766
484,19.288087844848633
485,19.19669532775879
486,19.190176010131836
487,19.239276885986328
488,19.175203323364258
489,19.11006736755371
490,19.0300235748291
491,18.960620880126953
492,18.91366195678711
493,18.90235710144043
494,18.794836044311523
495,18.713634490966797
496,18.673490524291992
497,18.68876838684082
498,18.862699508666992
499,18.933061599731445
500,18.134225845336914
501,17.993932723999023
502,18.264671325683594
503,18.03166961669922
504,17.718177795410156
505,17.6281795501709
506,17.564922332763672
507,17.523439407348633
508,17.22646141052246
509,17.293197631835938
510,17.839065551757812
511,17.604793548583984
512,17.8026123046875
513,17.753435134887695
514,17.724069595336914
515,17.781173706054688
516,17.78227424621582
517,17.786083221435547
518,17.824995040893555
519,18.131107330322266
520,17.7612361907959
521,17.924007415771484
522,18.230485916137695
523,17.961881637573242
524,17.88519859313965
525,18.173927307128906
526,18.34803581237793
527,18.426288604736328
528,18.407163619995117
529,18.461515426635742
530,18.071516036987305
531,17.886634826660156
532,18.42794418334961
533,18.452192306518555
534,18.392988204956055
535,18.276762008666992
536,18.126663208007812
537,18.393421173095703
538,17.969322204589844
539,18.53788948059082
540,18.501842498779297
541,18.214895248413086
542,18.208248138427734
543,18.22455596923828
544,18.238826751708984
545,18.500185012817383
546,18.10968589782715
547,18.170551300048828
548,18.19768524169922
549,18.155153274536133
550,18.119770050048828
551,18.038984298706055
552,19.03751564025879
553,19.22001075744629
554,18.90713119506836
555,18.882158279418945
556,18.831396102905273
557,19.03447723388672
558,19.215057373046875
559,18.983549118041992
560,19.12967872619629
561,18.996091842651367
562,18.972806930541992
563,18.879207611083984
564,18.91342544555664
565,19.072446823120117
566,19.120162963867188
567,19.100858688354492
568,19.110126495361328
569,19.096351623535156
570,19.090177536010742
571,19.11184310913086
572,19.255666732788086
573,19.248212814331055
574,19.20016098022461
575,19.241744995117188
576,19.204452514648438
577,19.232269287109375
578,19.299758911132812
579,19.345752716064453
580,19.252958297729492
581,19.32345962524414
582,19.364858627319336
583,19.178699493408203
584,19.241987228393555
585,19.341720581054688
586,19.314220428466797
587,19.24889373779297
588,19.2364559173584
589,19.59084129333496
590,19.45090675354004
591,19.28871726989746
592,19.34701919555664
593,19.30868148803711
594,19.42621421813965
595,19.46657371520996
596,19.387493133544922
597,19.408716201782227
598,19.510122299194336
599,19.46137809753418
600,19.417856216430664
601,19.485565185546875
602,19.395925521850586
603,19.477882385253906
604,19.5233211517334
605,19.5399169921875
606,19.722192764282227
607,19.731090545654297
608,19.658185958862305
609,19.69402313232422
610,19.636760711669922
611,19.664108276367188
612,19.66900062561035
613,19.641033172607422
614,19.620281219482422
615,19.634023666381836
616,19.16246795654297
617,18.73410987854004
618,19.15723419189453
619,18.58713722229004
620,18.689741134643555
621,18.685136795043945
622,18.445446014404297
623,18.47333526611328
624,18.695499420166016
625,18.563533782958984
626,18.389781951904297
627,18.4948673248291
628,18.436391830444336
629,18.654396057128906
630,18.739755630493164
631,18.407974243164062
632,18.127262115478516
633,18.544967651367188
634,18.124879837036133
635,18.083065032958984
636,17.821836471557617
637,17.91718864440918
638,17.744009017944336
639,17.919878005981445
640,17.84905242919922
641,17.921144485473633
642,18.00727653503418
643,17.634220123291016
644,18.029674530029297
645,18.489826202392578
646,18.707304000854492
647,18.60460662841797
648,18.552722930908203
649,18.198856353759766
650,17.77482032775879
651,17.670969009399414
652,17.926841735839844
653,17.736547470092773
654,17.68893051147461
655,17.66351890563965
656,17.970027923583984
657,18.043249130249023
658,18.14327621459961
659,18.138694763183594
660,18.765060424804688
661,18.839570999145508
662,18.850547790527344
663,18.893640518188477
664,18.95467185974121
665,18.712158203125
666,18.69928550720215
667,18.691186904907227
668,19.14061164855957
669,19.040504455566406
670,18.1793155670166
671,18.114336013793945
672,18.005102157592773
673,18.042591094970703
674,18.3966121673584
675,18.607507705688477
676,18.362388610839844
677,18.200092315673828
678,18.163240432739258
679,18.14751625061035
680,18.409862518310547
681,18.35963249206543
682,18.336376190185547
683,18.275489807128906
684,18.180057525634766
685,17.842540740966797
686,17.56528091430664
687,17.744718551635742
688,17.74230194091797
689,17.615375518798828
690,17.394519805908203
691,17.348569869995117
692,17.262374877929688
693,17.248821258544922
694,17.683589935302734
695,17.551687240600586
696,17.536895751953125
697,17.306596755981445
698,17.596158981323242
699,17.45184898376465
700,17.5306396484375
701,17.14760971069336
702,17.37485122680664
703,17.50810432434082
704,17.464319229125977
705,17.229454040527344
706,17.17670249938965
707,17.191503524780273
708,17.076692581176758
709,17.047119140625
710,17.186216354370117
711,17.221248626708984
712,17.50847625732422
713,17.113595962524414
714,17.470726013183594
715,17.44700050354004
716,17.412311553955078
717,17.392953872680664
718,17.324377059936523
719,17.32113265991211
720,17.33294105529785
721,17.385482788085938
722,17.365530014038086
723,17.338523864746094
724,17.025121688842773
725,17.208629608154297
726,17.47852325439453
727,17.551504135131836
728,17.564422607421875
729,17.25995445251465
730,17.628772735595703
731,17.575334548950195
732,17.376174926757812
733,17.21456527709961
734,17.159536361694336
735,17.132762908935547
736,16.98797607421875
737,17.110687255859375
738,17.401729583740234
739,17.545307159423828
740,17.55072021484375
741,17.62153434753418
742,17.698030471801758
743,17.749439239501953
744,17.89592170715332
745,18.2885799407959
746,18.1511287689209
747,17.98133087158203
748,17.986711502075195
749,17.954130172729492
750,17.604877471923828
751,16.967138290405273
752,16.76192855834961
753,16.775146484375
754,16.8651180267334
755,16.92494010925293
756,17.005361557006836
757,16.877050399780273
758,16.839527130126953
759,16.78272247314453
760,16.76190185546875
761,16.752849578857422
762,16.5799503326416
763,16.58263397216797
764,16.707420349121094
765,16.92667579650879
766,16.928647994995117
767,16.56671714782715
768,16.7799129486084
769,16.78490447998047
770,16.801311492919922
771,16.76727867126465
772,16.77324867248535
773,16.774913787841797
774,16.76896095275879
775,16.849897384643555
776,17.120697021484375
777,17.103439331054688
778,16.648059844970703
779,16.372371673583984
780,16.471363067626953
781,16.513181686401367
782,16.577136993408203
783,16.6912784576416
784,16.624473571777344
785,16.585548400878906
786,16.573314666748047
787,16.57347297668457
788,16.673503875732422
789,16.64034080505371
790,16.68335723876953
791,16.718774795532227
792,16.796144485473633
793,16.810792922973633
794,16.806360244750977
795,17.118764877319336
796,17.062084197998047
797,17.095590591430664
798,17.03399658203125
799,17.07255744934082
800,17.13002586364746
801,17.50301170349121
802,17.433164596557617
803,17.431961059570312
804,17.311878204345703
805,16.58797264099121
806,16.51154136657715
807,16.464378356933594
808,16.525381088256836
809,16.488567352294922
810,16.523578643798828
811,16.487117767333984
812,16.414682388305664
813,16.421186447143555
814,16.479080200195312
815,16.42737579345703
816,16.506357192993164
817,16.59685707092285
818,16.628477096557617
819,16.62726593017578
820,16.68104362487793
821,16.570528030395508
822,16.746679306030273
823,16.921646118164062
824,16.930315017700195
825,16.882301330566406
826,16.840770721435547
827,17.079593658447266
828,16.97545623779297
829,16.983978271484375
830,16.686704635620117
831,16.674379348754883
832,16.627445220947266
833,16.901493072509766
834,16.53533935546875
835,16.5250301361084
836,16.483627319335938
837,16.403722763061523
838,16.4079532623291
839,16.41680335998535
840,16.362810134887695
841,16.38224983215332
842,16.42626953125
843,16.41245460510254
844,16.427549362182617
845,16.421274185180664
846,16.396406173706055
847,16.40740203857422
848,16.47013282775879
849,16.6812801361084
850,16.79694938659668
851,16.753437042236328
852,16.66571807861328
853,16.82255744934082
854,16.776565551757812
855,16.706817626953125
856,16.89238929748535
857,16.922224044799805
858,16.844738006591797
859,16.654333114624023
860,16.95770263671875
861,16.916027069091797
862,17.049598693847656
863,17.11481475830078
864,17.282764434814453
865,17.294992446899414
866,17.251033782958984
867,17.242673873901367
868,17.072240829467773
869,17.281917572021484
870,17.072242736816406
871,17.063024520874023
872,17.08260726928711
873,16.95808219909668
874,16.77571678161621
875,16.632551193237305
876,16.923452377319336
877,16.88039207458496
878,16.863367080688477
879,16.85474395751953
880,16.78175163269043
881,16.75090217590332
882,16.7159366607666
883,16.611677169799805
884,16.62401008605957
885,16.583431243896484
886,16.643095016479492
887,16.395095825195312
888,16.3205509185791
889,16.384489059448242
890,16.407485961914062
891,16.38763427734375
892,16.416046142578125
893,16.33734703063965
894,16.343698501586914
895,16.30948829650879
896,16.23041534423828
897,16.247215270996094
898,16.280847549438477
899,16.318944931030273
900,16.28329086303711
901,16.304004669189453
902,16.271270751953125
903,16.356090545654297
904,16.358285903930664
905,16.333675384521484
906,16.456247329711914
907,16.575801849365234
908,16.600839614868164
909,16.660415649414062
910,16.628454208374023
911,16.7902889251709
912,16.763444900512695
913,16.71355438232422
914,16.72406578063965
915,16.740909576416016
916,16.706892013549805
917,16.742944717407227
918,16.77198028564453
919,16.728193283081055
920,16.68499755859375
921,16.6258487701416
922,16.552091598510742
923,16.424625396728516
924,16.383100509643555
925,16.36998176574707
926,16.348127365112305
927,16.403566360473633
928,16.360431671142578
929,16.37976837158203
930,16.55060386657715
931,16.508302688598633
932,16.495580673217773
933,16.54243278503418
934,16.427305221557617
935,16.342227935791016
936,16.398239135742188
937,16.273113250732422
938,16.28681182861328
939,16.303939819335938
940,16.259742736816406
941,16.311683654785156
942,16.356069564819336
943,16.439125061035156
944,16.228214263916016
945,16.28113555908203
946,16.118038177490234
947,16.10094451904297
948,16.12247657775879
949,16.125717163085938
950,16.205951690673828
951,16.271005630493164
952,16.408720016479492
953,16.44957733154297
954,16.442516326904297
955,16.457948684692383
956,16.442893981933594
957,16.50255012512207
958,16.425033569335938
959,16.429977416992188
960,16.320293426513672
961,16.298202514648438
962,16.278005599975586
963,16.23685073852539
964,16.225799560546875
965,16.24575424194336
966,16.24184799194336
967,16.106502532958984
968,16.233816146850586
969,16.17254638671875
970,16.186071395874023
971,16.17372703552246
972,16.15285301208496
973,16.172794342041016
974,16.163415908813477
975,16.086488723754883
976,16.091650009155273
977,16.083324432373047
978,16.110687255859375
979,16.117589950561523
980,16.12612533569336
981,16.13277244567871
982,16.126941680908203
983,16.12837028503418
984,16.2011661529541
985,16.189441680908203
986,16.21026039123535
987,16.172658920288086
988,16.170862197875977
989,16.154687881469727
990,16.13310432434082
991,16.15130615234375
992,16.137435913085938
993,16.135330200195312
994,16.15982437133789
995,16.311996459960938
996,16.299619674682617
997,16.35133171081543
998,16.353315353393555
999,16.345949172973633
1000,15.638677597045898
1001,15.646599769592285
1002,15.612099647521973
1003,15.648911476135254
1004,15.591255187988281
1005,15.548483848571777
1006,15.543864250183105
1007,15.658127784729004
1008,15.555815696716309
1009,15.532323837280273
1010,15.479056358337402
1011,15.578120231628418
1012,15.568373680114746
1013,15.688667297363281
1014,15.693629264831543
1015,15.645668029785156
1016,15.636466979980469
1017,15.7432222366333
1018,15.64214038848877
1019,15.660178184509277
1020,15.647629737854004
1021,15.243450164794922
1022,15.382346153259277
1023,15.37442398071289
1024,15.331186294555664
1025,15.28561019897461
1026,15.622331619262695
1027,15.632458686828613
1028,15.630963325500488
1029,15.611983299255371
1030,15.623278617858887
1031,15.708765029907227
1032,15.680990219116211
1033,15.621981620788574
1034,15.624030113220215
1035,15.62224006652832
1036,15.6273193359375
1037,15.52956771850586
1038,15.623513221740723
1039,15.556782722473145
1040,15.353114128112793
1041,15.35444164276123
1042,15.274005889892578
1043,15.342400550842285
1044,15.333383560180664
1045,15.267403602600098
1046,15.236132621765137
1047,15.227693557739258
1048,14.653749465942383
1049,14.618348121643066
1050,14.867216110229492
1051,14.907597541809082
1052,14.884769439697266
1053,14.93253231048584
1054,15.163291931152344
1055,15.17150592803955
1056,15.543221473693848
1057,15.572441101074219
1058,15.584346771240234
1059,15.569099426269531
1060,15.620847702026367
1061,15.653813362121582
1062,15.648032188415527
1063,15.669774055480957
1064,15.662822723388672
1065,15.722070693969727
1066,15.701807975769043
1067,15.684236526489258
1068,15.71293830871582
1069,15.754081726074219
1070,15.757136344909668
1071,15.75499153137207
1072,15.751056671142578
1073,15.79541301727295
1074,15.768312454223633
1075,15.499879837036133
1076,15.570116996765137
1077,15.44055461883545
1078,15.330225944519043
1079,15.460370063781738
1080,15.35914134979248
1081,15.467235565185547
1082,15.51742172241211
1083,15.318098068237305
1084,15.409172058105469
1085,15.314545631408691
1086,15.386316299438477
1087,15.386858940124512
1088,15.223895072937012
1089,15.259305953979492
1090,15.172883033752441
1091,15.227498054504395
1092,15.466208457946777
1093,15.395049095153809
1094,15.375412940979004
1095,15.463257789611816
1096,15.402360916137695
1097,15.256613731384277
1098,15.050697326660156
1099,15.337687492370605
1100,15.42308521270752
1101,15.412214279174805
1102,14.867340087890625
1103,14.865677833557129
1104,14.878110885620117
1105,14.834105491638184
1106,14.912415504455566
1107,14.883296012878418
1108,15.05420207977295
1109,14.906668663024902
1110,14.858161926269531
1111,14.809102058410645
1112,15.030964851379395
1113,14.864423751831055
1114,14.796072006225586
1115,14.818442344665527
1116,14.311366081237793
1117,14.320992469787598
1118,14.60329818725586
1119,14.908035278320312
1120,15.386041641235352
1121,15.438006401062012
1122,15.3688325881958
1123,15.271337509155273
1124,15.44637393951416
1125,15.516134262084961
1126,15.496944427490234
1127,15.539310455322266
1128,15.557888984680176
1129,15.36931037902832
1130,14.855855941772461
1131,15.436799049377441
1132,15.55710506439209
1133,15.546232223510742
1134,15.29925537109375
1135,15.273602485656738
1136,15.241471290588379
1137,15.245139122009277
1138,15.225613594055176
1139,15.113594055175781
1140,15.20838737487793
1141,14.9420747756958
1142,14.888195037841797
1143,14.782567977905273
1144,14.840160369873047
1145,14.794212341308594
1146,15.07128620147705
1147,15.130074501037598
1148,15.324169158935547
1149,15.210831642150879
1150,15.33622932434082
1151,15.337483406066895
1152,15.557369232177734
1153,15.5702486038208
1154,15.637276649475098
1155,15.650955200195312
1156,14.743908882141113
1157,14.625704765319824
1158,14.459415435791016
1159,14.532854080200195
1160,14.691520690917969
1161,14.739028930664062
1162,14.98048210144043
1163,15.484295845031738
1164,15.53748893737793
1165,15.65385913848877
1166,15.641995429992676
1167,15.597182273864746
1168,15.647560119628906
1169,15.689471244812012
1170,15.707254409790039
1171,15.718632698059082
1172,15.690511703491211
1173,15.743459701538086
1174,15.755887031555176
1175,15.712005615234375
1176,15.567587852478027
1177,15.622547149658203
1178,15.627992630004883
1179,15.57043743133545
1180,15.512655258178711
1181,15.441396713256836
1182,15.444095611572266
1183,15.639800071716309
1184,15.767868995666504
1185,15.590677261352539
1186,15.617731094360352
1187,15.586663246154785
1188,15.503761291503906
1189,15.675982475280762
1190,15.706398010253906
1191,15.709600448608398
1192,15.721956253051758
1193,15.716545104980469
1194,15.671157836914062
1195,15.557486534118652
1196,15.558667182922363
1197,15.554293632507324
1198,15.55001163482666
1199,15.384119987487793
1200,15.585649490356445
1201,15.609149932861328
1202,15.600702285766602
1203,15.600115776062012
1204,15.597782135009766
1205,15.515593528747559
1206,15.541403770446777
1207,15.618646621704102
1208,15.621420860290527
1209,15.643047332763672
1210,15.237733840942383
1211,15.037145614624023
1212,15.561711311340332
1213,15.617040634155273
1214,15.635457992553711
1215,15.46732234954834
1216,15.466665267944336
1217,15.560051918029785
1218,15.552300453186035
1219,15.641225814819336
1220,15.657196044921875
1221,15.673219680786133
1222,15.700663566589355
1223,15.659565925598145
1224,15.700664520263672
1225,15.699201583862305
1226,15.585297584533691
1227,15.677350997924805
1228,15.750383377075195
1229,15.755875587463379
1230,15.753711700439453
1231,15.765837669372559
1232,15.765999794006348
1233,15.721616744995117
1234,15.75866985321045
1235,15.701539039611816
1236,15.695192337036133
1237,15.404443740844727
1238,15.317608833312988
1239,15.378839492797852
1240,15.313135147094727
1241,15.109747886657715
1242,15.121601104736328
1243,15.116863250732422
1244,15.132988929748535
1245,15.12751293182373
1246,15.125004768371582
1247,15.128454208374023
1248,15.146761894226074
1249,15.184819221496582
1250,15.194552421569824
1251,15.330162048339844
1252,15.235081672668457
1253,15.275901794433594
1254,15.30841064453125
1255,15.333020210266113
1256,15.14109992980957
1257,15.35716438293457
1258,15.382386207580566
1259,15.37523078918457
1260,15.574913024902344
1261,15.40322494506836
1262,15.623579025268555
1263,15.624406814575195
1264,14.967085838317871
1265,14.97657299041748
1266,14.834714889526367
1267,14.765152931213379
1268,14.803058624267578
1269,14.872206687927246
1270,14.927759170532227
1271,14.928138732910156
1272,15.031233787536621
1273,15.123673439025879
1274,15.218311309814453
1275,15.220277786254883
1276,15.461283683776855
1277,15.488260269165039
1278,15.604860305786133
1279,15.324356079101562
1280,15.318649291992188
1281,15.446843147277832
1282,15.340712547302246
1283,15.281363487243652
1284,15.291739463806152
1285,15.206897735595703
1286,15.180929183959961
1287,15.30088996887207
1288,15.316043853759766
1289,15.366907119750977
1290,15.376886367797852
1291,14.955581665039062
1292,14.616990089416504
1293,14.892581939697266
1294,14.986673355102539
1295,15.051761627197266
1296,15.11229419708252
1297,14.962525367736816
1298,15.023420333862305
1299,15.044134140014648
1300,15.059677124023438
1301,15.187856674194336
1302,15.33682918548584
1303,15.379714012145996
1304,15.160139083862305
1305,15.450472831726074
1306,15.352339744567871
1307,15.611553192138672
1308,15.640864372253418
1309,15.692403793334961
1310,15.691526412963867
1311,15.690631866455078
1312,15.661694526672363
1313,15.665000915527344
1314,15.561066627502441
1315,15.465227127075195
1316,15.511841773986816
1317,15.508666038513184
1318,14.800030708312988
1319,14.771392822265625
1320,14.75672435760498
1321,14.8479585647583
1322,14.880377769470215
1323,14.789546966552734
1324,14.767342567443848
1325,14.744932174682617
1326,14.686956405639648
1327,14.734740257263184
1328,14.71611499786377
1329,14.687294960021973
1330,14.685745239257812
1331,14.749865531921387
1332,14.779911994934082
1333,14.94082260131836
1334,15.05665111541748
1335,15.133735656738281
1336,15.08509349822998
1337,14.981904983520508
1338,15.229063987731934
1339,15.225838661193848
1340,15.395516395568848
1341,15.564291000366211
1342,15.557459831237793
1343,15.579349517822266
1344,15.582565307617188
1345,14.249862670898438
1346,14.439058303833008
1347,14.407308578491211
1348,14.27384090423584
1349,14.310175895690918
1350,14.314751625061035
1351,14.195341110229492
1352,14.29401969909668
1353,14.330510139465332
1354,14.281577110290527
1355,14.21317195892334
1356,14.248162269592285
1357,14.283102035522461
1358,14.344709396362305
1359,14.292688369750977
1360,14.362961769104004
1361,14.478382110595703
1362,14.606715202331543
1363,14.506882667541504
1364,14.569995880126953
1365,14.901809692382812
1366,14.716215133666992
1367,14.695054054260254
1368,14.887007713317871
1369,14.66396713256836
1370,14.85419750213623
1371,14.885552406311035
1372,14.057994842529297
1373,14.058976173400879
1374,14.016852378845215
1375,13.933813095092773
1376,14.287103652954102
1377,14.094674110412598
1378,14.010374069213867
1379,13.99606990814209
1380,14.132684707641602
1381,14.068290710449219
1382,14.23144245147705
1383,14.247323036193848
1384,14.273513793945312
1385,14.215341567993164
1386,14.209295272827148
1387,14.216020584106445
1388,14.284226417541504
1389,14.286981582641602
1390,14.820828437805176
1391,15.297111511230469
1392,15.224503517150879
1393,14.967876434326172
1394,14.747112274169922
1395,14.680184364318848
1396,14.601412773132324
1397,14.614036560058594
1398,14.450169563293457
1399,14.171673774719238
1400,13.940732955932617
1401,13.974882125854492
1402,13.980515480041504
1403,14.790997505187988
1404,15.280679702758789
1405,15.212392807006836
1406,15.250571250915527
1407,15.244196891784668
1408,15.24063491821289
1409,15.249614715576172
1410,15.351944923400879
1411,15.370499610900879
1412,15.484331130981445
1413,15.242143630981445
1414,15.170230865478516
1415,14.978204727172852
1416,15.005451202392578
1417,14.769104957580566
1418,14.726269721984863
1419,14.907358169555664
1420,14.952741622924805
1421,14.539437294006348
1422,14.296210289001465
1423,14.242929458618164
1424,14.225493431091309
1425,14.250284194946289
1426,14.061878204345703
1427,14.054435729980469
1428,14.214261054992676
1429,14.097986221313477
1430,13.987845420837402
1431,13.923641204833984
1432,13.950197219848633
1433,13.95434284210205
1434,13.948196411132812
1435,13.98850154876709
1436,14.011280059814453
1437,13.997136116027832
1438,13.976531028747559
1439,14.046584129333496
1440,14.026840209960938
1441,14.053985595703125
1442,14.016698837280273
1443,14.02522087097168
1444,14.05408763885498
1445,14.049381256103516
1446,14.024696350097656
1447,14.026284217834473
1448,14.041379928588867
1449,14.031693458557129
1450,14.053318977355957
1451,14.081310272216797
1452,14.032455444335938
1453,13.879277229309082
1454,13.82903003692627
1455,13.802715301513672
1456,13.820304870605469
1457,14.02147102355957
1458,13.846761703491211
1459,14.192873001098633
1460,14.340676307678223
1461,14.355819702148438
1462,14.47734546661377
1463,14.609188079833984
1464,14.601678848266602
1465,14.50986385345459
1466,14.761993408203125
1467,14.680578231811523
1468,14.379206657409668
1469,14.82293701171875
1470,14.577818870544434
1471,14.182520866394043
1472,13.98385238647461
1473,13.924814224243164
1474,13.96461009979248
1475,14.055649757385254
1476,14.095894813537598
1477,14.138897895812988
1478,14.222626686096191
1479,14.2670316696167
1480,13.832879066467285
1481,13.888805389404297
1482,13.887547492980957
1483,13.85201644897461
1484,13.811631202697754
1485,13.827105522155762
1486,13.850898742675781
1487,13.843571662902832
1488,13.83214282989502
1489,13.855670928955078
1490,13.821094512939453
1491,13.859604835510254
1492,13.95810604095459
1493,13.922816276550293
1494,13.878302574157715
1495,13.92979907989502
1496,14.233606338500977
1497,14.499876976013184
1498,14.225260734558105
1499,14.117579460144043
1500,14.466588973999023
1501,13.723487854003906
1502,14.237979888916016
1503,14.464140892028809
1504,14.449930191040039
1505,14.325026512145996
1506,14.132530212402344
1507,13.724477767944336
1508,14.289741516113281
1509,14.321623802185059
1510,14.345693588256836
1511,14.436793327331543
1512,14.355307579040527
1513,14.343598365783691
1514,14.329789161682129
1515,14.515398025512695
1516,14.315800666809082
1517,14.38664722442627
1518,14.332053184509277
1519,14.4019193649292
1520,14.379030227661133
1521,14.358898162841797
1522,14.326974868774414
1523,14.492521286010742
1524,14.767598152160645
1525,14.76488971710205
1526,14.678491592407227
1527,14.740497589111328
1528,14.48466968536377
1529,14.34296989440918
1530,14.579366683959961
1531,14.360013008117676
1532,14.467667579650879
1533,14.459531784057617
1534,14.478598594665527
1535,14.321648597717285
1536,14.262863159179688
1537,14.46903133392334
1538,14.235221862792969
1539,14.273666381835938
1540,14.594443321228027
1541,14.398971557617188
1542,14.352049827575684
1543,14.053266525268555
1544,14.019953727722168
1545,14.002358436584473
1546,14.000809669494629
1547,14.086673736572266
1548,14.157171249389648
1549,14.1780366897583
1550,14.178014755249023
1551,14.485128402709961
1552,14.503741264343262
1553,14.53170394897461
1554,14.631104469299316
1555,14.652756690979004
1556,14.664613723754883
1557,14.319665908813477
1558,14.617677688598633
1559,14.295462608337402
1560,14.309657096862793
1561,13.942936897277832
1562,14.009208679199219
1563,14.049903869628906
1564,13.997113227844238
1565,14.320245742797852
1566,14.213325500488281
1567,14.302579879760742
1568,14.27835464477539
1569,14.099184036254883
1570,14.168906211853027
1571,14.24278450012207
1572,14.486893653869629
1573,14.586443901062012
1574,14.464411735534668
1575,14.665770530700684
1576,14.706938743591309
1577,14.792380332946777
1578,14.842698097229004
1579,14.843170166015625
1580,14.851966857910156
1581,14.87907600402832
1582,14.88420295715332
1583,14.875885009765625
1584,14.868098258972168
1585,14.87227725982666
1586,14.901249885559082
1587,14.91611099243164
1588,14.891365051269531
1589,14.879685401916504
1590,14.8700532913208
1591,14.942851066589355
1592,14.932024002075195
1593,14.939606666564941
1594,14.915886878967285
1595,14.84653377532959
1596,14.861706733703613
1597,14.9109468460083
1598,14.885135650634766
1599,14.863844871520996
1600,14.869758605957031
1601,14.851263999938965
1602,14.797149658203125
1603,14.89599895477295
1604,14.901119232177734
1605,14.930204391479492
1606,14.96015739440918
1607,14.959005355834961
1608,14.941914558410645
1609,14.88569164276123
1610,14.913893699645996
1611,14.962979316711426
1612,14.960558891296387
1613,14.923444747924805
1614,14.908666610717773
1615,14.743316650390625
1616,14.773534774780273
1617,14.723952293395996
1618,14.613914489746094
1619,14.566222190856934
1620,14.384967803955078
1621,14.351740837097168
1622,14.37873649597168
1623,14.503708839416504
1624,14.65444564819336
1625,14.737832069396973
1626,14.746269226074219
1627,14.760249137878418
1628,14.725746154785156
1629,14.607377052307129
1630,14.711936950683594
1631,14.68106746673584
1632,14.940265655517578
1633,14.666424751281738
1634,14.765284538269043
1635,14.969450950622559
1636,14.952360153198242
1637,14.855181694030762
1638,14.8304443359375
1639,14.844964027404785
1640,14.98558521270752
1641,14.985116958618164
1642,14.21346664428711
1643,14.39343547821045
1644,14.319168090820312
1645,14.127957344055176
1646,14.218110084533691
1647,14.2833251953125
1648,14.473166465759277
1649,14.504325866699219
1650,14.460622787475586
1651,14.517878532409668
1652,14.52186107635498
1653,14.772439002990723
1654,14.68114185333252
1655,14.796802520751953
1656,14.701725006103516
1657,14.526415824890137
1658,14.494921684265137
1659,14.698175430297852
1660,14.847445487976074
1661,14.87375259399414
1662,14.747695922851562
1663,14.73914909362793
1664,14.547255516052246
1665,14.672557830810547
1666,14.512276649475098
1667,14.511087417602539
1668,14.538360595703125
1669,13.968866348266602
1670,13.93725872039795
1671,13.899407386779785
1672,13.859817504882812
1673,13.93636703491211
1674,13.999504089355469
1675,14.058881759643555
1676,14.052839279174805
1677,14.047480583190918
1678,14.075261116027832
1679,14.087845802307129
1680,14.22524356842041
1681,14.332151412963867
1682,14.351292610168457
1683,14.21937084197998
1684,14.110146522521973
1685,14.197010040283203
1686,14.318990707397461
1687,14.072901725769043
1688,14.134343147277832
1689,14.118265151977539
1690,14.254164695739746
1691,14.30695915222168
1692,14.14137077331543
1693,14.16120433807373
1694,14.126653671264648
1695,14.162879943847656
1696,13.625874519348145
1697,13.726101875305176
1698,13.848066329956055
1699,13.88178825378418
1700,13.880276679992676
1701,13.910181999206543
1702,14.184306144714355
1703,13.562487602233887
1704,13.882822036743164
1705,13.753266334533691
1706,13.74116039276123
1707,14.24278450012207
1708,13.755132675170898
1709,13.834254264831543
1710,13.934584617614746
1711,14.165810585021973
1712,13.92436695098877
1713,14.120949745178223
1714,14.486211776733398
1715,14.580545425415039
1716,14.433735847473145
1717,14.250618934631348
1718,14.182796478271484
1719,14.137243270874023
1720,14.08022403717041
1721,14.121953964233398
1722,14.145673751831055
1723,13.657926559448242
1724,13.81058120727539
1725,13.728157043457031
1726,13.650411605834961
1727,13.633105278015137
1728,13.816679000854492
1729,13.865995407104492
1730,14.015687942504883
1731,14.097983360290527
1732,14.156843185424805
1733,14.191715240478516
1734,13.955015182495117
1735,14.112760543823242
1736,14.08884334564209
1737,14.163217544555664
1738,13.936330795288086
1739,13.651963233947754
1740,13.848390579223633
1741,13.95231819152832
1742,14.25456714630127
1743,13.881762504577637
1744,14.271744728088379
1745,14.546300888061523
1746,14.486321449279785
1747,14.453814506530762
1748,14.62504768371582
1749,14.503352165222168
1750,14.621899604797363
1751,14.57801628112793
1752,14.42871379852295
1753,14.475759506225586
1754,14.435700416564941
1755,14.634449005126953
1756,14.633400917053223
1757,14.635214805603027
1758,14.636918067932129
1759,14.609673500061035
1760,14.58708381652832
1761,14.551992416381836
1762,14.674405097961426
1763,14.673209190368652
1764,14.560364723205566
1765,14.571807861328125
1766,14.676641464233398
1767,14.795437812805176
1768,14.828500747680664
1769,14.791764259338379
1770,14.814610481262207
1771,14.447047233581543
1772,14.593854904174805
1773,14.77795696258545
1774,14.798378944396973
1775,14.798988342285156
1776,14.79136848449707
1777,14.73742389678955
1778,14.782255172729492
1779,14.76945686340332
1780,14.858457565307617
1781,14.886494636535645
1782,14.960014343261719
1783,14.996037483215332
1784,14.982760429382324
1785,14.9679536819458
1786,14.946024894714355
1787,15.012484550476074
1788,15.002196311950684
1789,15.031011581420898
1790,14.990716934204102
1791,14.796703338623047
1792,14.781875610351562
1793,14.649267196655273
1794,14.825089454650879
1795,14.807080268859863
1796,14.917217254638672
1797,14.832322120666504
1798,14.937467575073242
1799,14.911453247070312
1800,14.856305122375488
1801,14.548565864562988
1802,14.546929359436035
1803,14.504812240600586
1804,14.259033203125
1805,14.572035789489746
1806,14.755422592163086
1807,14.719274520874023
1808,14.31723403930664
1809,14.412866592407227
1810,14.637548446655273
1811,14.818731307983398
1812,14.715667724609375
1813,14.699235916137695
1814,14.831157684326172
1815,14.683305740356445
1816,14.647041320800781
1817,14.794949531555176
1818,14.813448905944824
1819,14.81535530090332
1820,14.696023941040039
1821,14.808093070983887
1822,14.782990455627441
1823,14.870955467224121
1824,14.946941375732422
1825,14.789283752441406
1826,14.821466445922852
1827,14.81264591217041
1828,14.823486328125
1829,14.900943756103516
1830,14.890778541564941
1831,14.440953254699707
1832,14.133023262023926
1833,14.088741302490234
1834,14.121991157531738
1835,14.092970848083496
1836,14.020055770874023
1837,14.024365425109863
1838,13.104625701904297
1839,12.894207000732422
1840,12.745656967163086
1841,12.624763488769531
1842,12.508485794067383
1843,12.500256538391113
1844,12.666231155395508
1845,12.67742919921875
1846,12.681916236877441
1847,12.706851959228516
1848,12.566020965576172
1849,12.353188514709473
1850,12.493034362792969
1851,12.399327278137207
1852,12.28121566772461
1853,12.43267822265625
1854,12.242140769958496
1855,12.34444522857666
1856,12.337197303771973
1857,12.294050216674805
1858,12.27575397491455
1859,12.27987289428711
1860,12.506698608398438
1861,12.607834815979004
1862,12.57641315460205
1863,12.489365577697754
1864,12.437447547912598
1865,12.363051414489746
1866,12.52130126953125
1867,12.908585548400879
1868,13.410661697387695
1869,13.01913833618164
1870,13.060856819152832
1871,12.990728378295898
1872,13.199135780334473
1873,13.213676452636719
1874,13.210590362548828
1875,13.412230491638184
1876,13.281871795654297
1877,12.971192359924316
1878,12.974747657775879
1879,12.979231834411621
1880,12.981989860534668
1881,12.949454307556152
1882,12.923042297363281
1883,12.95784854888916
1884,13.041749000549316
1885,12.964643478393555
1886,13.013225555419922
1887,13.137383460998535
1888,13.11451244354248
1889,12.9956693649292
1890,12.922002792358398
1891,12.91944408416748
1892,13.243155479431152
1893,13.87267780303955
1894,13.522521018981934
1895,13.423539161682129
1896,13.7598237991333
1897,13.641087532043457
1898,13.586579322814941
1899,13.377057075500488
1900,13.239129066467285
1901,12.884517669677734
1902,13.006959915161133
1903,13.08725357055664
1904,13.198521614074707
1905,13.1757230758667
1906,13.394108772277832
1907,13.866864204406738
1908,13.672919273376465
1909,13.49105167388916
1910,13.943126678466797
1911,13.593151092529297
1912,13.713509559631348
1913,13.578627586364746
1914,13.655380249023438
1915,14.112238883972168
1916,14.103975296020508
1917,14.095148086547852
1918,13.558151245117188
1919,13.913536071777344
1920,14.427756309509277
1921,13.859655380249023
1922,13.934659004211426
1923,14.335784912109375
1924,14.333741188049316
1925,14.477073669433594
1926,14.531166076660156
1927,14.191768646240234
1928,14.102998733520508
1929,14.784191131591797
1930,14.579606056213379
1931,14.555066108703613
1932,14.518194198608398
1933,14.536856651306152
1934,14.248015403747559
1935,14.14031982421875
1936,14.11894702911377
1937,14.016449928283691
1938,14.113028526306152
1939,14.02124309539795
1940,13.933073043823242
1941,13.748866081237793
1942,13.55550479888916
1943,13.505426406860352
1944,13.525242805480957
1945,13.590670585632324
1946,13.81131649017334
1947,13.786852836608887
1948,13.71247673034668
1949,13.521514892578125
1950,13.61130142211914
1951,13.642932891845703
1952,13.682024002075195
1953,13.650891304016113
1954,13.848869323730469
1955,13.80790901184082
1956,13.4584321975708
1957,13.586433410644531
1958,13.63693904876709
1959,13.55311393737793
1960,13.591026306152344
1961,13.737677574157715
1962,13.434794425964355
1963,13.545480728149414
1964,13.591238021850586
1965,13.6218843460083
1966,13.294644355773926
1967,13.30445671081543
1968,13.513704299926758
1969,13.476727485656738
1970,13.479401588439941
1971,13.475253105163574
1972,13.5239839553833
1973,13.740067481994629
1974,13.34244155883789
1975,13.182137489318848
1976,13.37468147277832
1977,13.139992713928223
1978,13.213987350463867
1979,13.57241153717041
1980,13.852334976196289
1981,14.006465911865234
1982,13.650300025939941
1983,13.702065467834473
1984,13.649884223937988
1985,13.245739936828613
1986,13.675252914428711
1987,13.759991645812988
1988,13.614533424377441
1989,13.549593925476074
1990,13.518232345581055
1991,13.574016571044922
1992,13.552471160888672
1993,13.309100151062012
1994,13.034004211425781
1995,13.035612106323242
1996,12.930503845214844
1997,12.913313865661621
1998,12.909438133239746
1999,13.125415802001953
2000,12.28072452545166
2001,12.33350944519043
2002,12.325179100036621
2003,12.298917770385742
2004,12.285947799682617
2005,12.459854125976562
2006,12.48975944519043
2007,12.543986320495605
2008,12.317055702209473
2009,12.435405731201172
2010,12.459546089172363
2011,12.50088119506836
2012,12.507407188415527
2013,12.460040092468262
2014,12.362737655639648
2015,12.315598487854004
2016,12.272102355957031
2017,12.21076774597168
2018,12.225138664245605
2019,12.216133117675781
2020,12.200521469116211
2021,12.235198974609375
2022,12.221900939941406
2023,12.210097312927246
2024,12.198593139648438
2025,12.210851669311523
2026,12.213332176208496
2027,12.244535446166992
2028,12.224814414978027
2029,12.2118558883667
2030,12.23251724243164
2031,12.243388175964355
2032,12.270392417907715
2033,12.356314659118652
2034,12.423768997192383
2035,12.136335372924805
2036,12.091772079467773
2037,12.130233764648438
2038,12.117280960083008
2039,12.085899353027344
2040,12.052729606628418
2041,12.099356651306152
2042,12.096135139465332
2043,12.069303512573242
2044,12.07979679107666
2045,11.98585033416748
2046,12.01399040222168
2047,11.99830436706543
2048,11.984888076782227
2049,12.020540237426758
2050,11.966135025024414
2051,12.014947891235352
2052,12.049942016601562
2053,12.017871856689453
2054,12.022846221923828
2055,12.028243064880371
2056,12.054725646972656
2057,12.016451835632324
2058,12.023943901062012
2059,12.059517860412598
2060,12.002716064453125
2061,11.952213287353516
2062,12.012431144714355
2063,12.046221733093262
2064,12.175359725952148
2065,12.05285358428955
2066,12.025006294250488
2067,11.975045204162598
2068,11.975343704223633
2069,11.976913452148438
2070,11.994022369384766
2071,11.954941749572754
2072,11.959035873413086
2073,11.958704948425293
2074,11.992304801940918
2075,11.970135688781738
2076,11.956390380859375
2077,12.005389213562012
2078,12.000868797302246
2079,12.022859573364258
2080,12.032105445861816
2081,11.969436645507812
2082,12.049245834350586
2083,12.046015739440918
2084,11.975750923156738
2085,12.00621223449707
2086,12.022860527038574
2087,11.973769187927246
2088,12.07630443572998
2089,12.051422119140625
2090,12.114363670349121
2091,12.11959457397461
2092,12.071317672729492
2093,12.052265167236328
2094,12.01656436920166
2095,11.99838638305664
2096,11.980265617370605
2097,11.943595886230469
2098,11.95772647857666
2099,11.959086418151855
2100,11.967668533325195
2101,11.981043815612793
2102,12.058256149291992
2103,12.021486282348633
2104,12.062886238098145
2105,12.10153579711914
2106,12.093036651611328
2107,12.057116508483887
2108,12.023964881896973
2109,12.029797554016113
2110,12.004389762878418
2111,12.01179313659668
2112,12.023378372192383
2113,12.0045747756958
2114,12.503267288208008
2115,12.663326263427734
2116,13.517293930053711
2117,13.665914535522461
2118,13.770791053771973
2119,13.047043800354004
2120,13.605963706970215
2121,13.656461715698242
2122,13.838040351867676
2123,13.873490333557129
2124,13.293505668640137
2125,13.190732955932617
2126,13.212718963623047
2127,13.199050903320312
2128,12.813873291015625
2129,12.733295440673828
2130,12.634627342224121
2131,12.654980659484863
2132,12.637941360473633
2133,12.582320213317871
2134,12.600337028503418
2135,12.732322692871094
2136,13.287331581115723
2137,12.894657135009766
2138,12.86636734008789
2139,13.277694702148438
2140,12.64882755279541
2141,12.767720222473145
2142,12.776588439941406
2143,12.579977035522461
2144,12.457784652709961
2145,12.415792465209961
2146,12.380393028259277
2147,12.339762687683105
2148,12.34614372253418
2149,12.355585098266602
2150,12.272001266479492
2151,12.279444694519043
2152,12.24583625793457
2153,12.200723648071289
2154,12.219558715820312
2155,12.260462760925293
2156,12.237241744995117
2157,12.35550594329834
2158,12.326262474060059
2159,12.301323890686035
2160,12.326607704162598
2161,12.471199989318848
2162,12.487842559814453
2163,12.44638442993164
2164,12.566885948181152
2165,12.627909660339355
2166,12.22829532623291
2167,12.258604049682617
2168,12.238173484802246
2169,12.206942558288574
2170,12.179837226867676
2171,12.157888412475586
2172,12.147797584533691
2173,12.139952659606934
2174,12.191251754760742
2175,12.160393714904785
2176,12.182550430297852
2177,12.160772323608398
2178,12.151244163513184
2179,12.127546310424805
2180,12.151254653930664
2181,12.142142295837402
2182,12.155159950256348
2183,12.241552352905273
2184,12.207695960998535
2185,12.20981502532959
2186,12.209098815917969
2187,12.210208892822266
2188,12.153644561767578
2189,12.161883354187012
2190,12.18582820892334
2191,12.155914306640625
2192,12.136189460754395
2193,12.016392707824707
2194,12.050505638122559
2195,12.237797737121582
2196,12.31721305847168
2197,12.351203918457031
2198,12.455856323242188
2199,12.487039566040039
2200,12.481313705444336
2201,12.467164993286133
2202,12.565557479858398
2203,12.587306022644043
2204,12.741434097290039
2205,12.681090354919434
2206,12.684938430786133
2207,12.715513229370117
2208,12.720096588134766
2209,12.883054733276367
2210,12.889216423034668
2211,12.64885139465332
2212,12.545453071594238
2213,12.631954193115234
2214,12.545358657836914
2215,12.476670265197754
2216,12.484373092651367
2217,12.602628707885742
2218,12.608531951904297
2219,12.486067771911621
2220,12.485856056213379
2221,12.513161659240723
2222,12.555706977844238
2223,12.69984245300293
2224,12.707900047302246
2225,12.69916820526123
2226,12.756875991821289
2227,12.989738464355469
2228,12.957923889160156
2229,12.95321273803711
2230,12.944452285766602
2231,12.946037292480469
2232,13.05372142791748
2233,13.053009986877441
2234,12.955415725708008
2235,12.683724403381348
2236,12.856121063232422
2237,12.900873184204102
2238,12.96335506439209
2239,12.845284461975098
2240,12.737892150878906
2241,12.690154075622559
2242,12.613151550292969
2243,12.648170471191406
2244,12.813973426818848
2245,12.955849647521973
2246,12.805791854858398
2247,13.353144645690918
2248,13.355340003967285
2249,12.878209114074707
2250,12.875547409057617
2251,12.903347969055176
2252,12.892125129699707
2253,12.902572631835938
2254,13.14177417755127
2255,13.423273086547852
2256,13.20117473602295
2257,13.271907806396484
2258,12.900060653686523
2259,12.922441482543945
2260,12.886332511901855
2261,12.873489379882812
2262,12.87462329864502
2263,13.13541316986084
2264,13.225936889648438
2265,13.154687881469727
2266,13.229846000671387
2267,13.0814847946167
2268,13.228828430175781
2269,13.18845272064209
2270,13.20608139038086
2271,13.32394027709961
2272,13.37322998046875
2273,12.92446231842041
2274,12.912626266479492
2275,12.905481338500977
2276,12.927180290222168
2277,12.862481117248535
2278,12.657491683959961
2279,12.6110200881958
2280,12.577162742614746
2281,12.489522933959961
2282,12.46706771850586
2283,12.446422576904297
2284,12.442158699035645
2285,12.4638671875
2286,12.504373550415039
2287,12.515461921691895
2288,12.46611499786377
2289,12.460098266601562
2290,12.579504013061523
2291,12.531827926635742
2292,12.610827445983887
2293,12.504283905029297
2294,12.448684692382812
2295,12.465620994567871
2296,12.438919067382812
2297,12.468268394470215
2298,12.592118263244629
2299,12.587409973144531
2300,12.209198951721191
2301,12.175043106079102
2302,12.220559120178223
2303,12.181471824645996
2304,12.157205581665039
2305,12.15576171875
2306,12.174405097961426
2307,12.171806335449219
2308,12.173887252807617
2309,12.170272827148438
2310,12.109465599060059
2311,12.107270240783691
2312,12.091376304626465
2313,12.116850852966309
2314,12.11681842803955
2315,12.153181076049805
2316,12.217264175415039
2317,12.451387405395508
2318,12.451371192932129
2319,12.48847770690918
2320,12.50097370147705
2321,12.4895658493042
2322,12.500897407531738
2323,12.497672080993652
2324,12.526657104492188
2325,12.71435546875
2326,14.583385467529297
2327,14.797094345092773
2328,14.709891319274902
2329,14.386175155639648
2330,14.699972152709961
2331,14.2467622756958
2332,14.485243797302246
2333,14.809181213378906
2334,14.85927677154541
2335,14.907386779785156
2336,14.17226791381836
2337,14.21738052368164
2338,14.257041931152344
2339,14.13567066192627
2340,14.347148895263672
2341,14.325576782226562
2342,14.322047233581543
2343,14.722009658813477
2344,14.730971336364746
2345,14.597326278686523
2346,14.420373916625977
2347,14.161349296569824
2348,13.967101097106934
2349,13.851354598999023
2350,13.732876777648926
2351,13.910433769226074
2352,13.904011726379395
2353,13.391321182250977
2354,13.576017379760742
2355,13.601821899414062
2356,13.640857696533203
2357,13.69059944152832
2358,13.583125114440918
2359,13.62947940826416
2360,13.710838317871094
2361,13.569608688354492
2362,13.407137870788574
2363,13.440118789672852
2364,13.322275161743164
2365,13.200536727905273
2366,13.141744613647461
2367,13.071980476379395
2368,13.080068588256836
2369,12.959200859069824
2370,13.06387996673584
2371,13.220841407775879
2372,13.131519317626953
2373,13.316267013549805
2374,13.365842819213867
2375,13.323509216308594
2376,13.537853240966797
2377,13.407005310058594
2378,13.603599548339844
2379,13.691719055175781
2380,13.050935745239258
2381,13.149344444274902
2382,13.306512832641602
2383,13.422135353088379
2384,13.517589569091797
2385,13.51410961151123
2386,13.44831657409668
2387,13.325836181640625
2388,13.326934814453125
2389,13.152521133422852
2390,13.114058494567871
2391,13.100916862487793
2392,12.983710289001465
2393,13.12729549407959
2394,13.158659934997559
2395,13.142696380615234
2396,13.074761390686035
2397,13.239169120788574
2398,13.156961441040039
2399,13.024603843688965
2400,12.99597454071045
2401,12.85972785949707
2402,12.792035102844238
2403,12.79414176940918
2404,12.928503036499023
2405,13.107233047485352
2406,13.096962928771973
2407,12.786152839660645
2408,13.116815567016602
2409,13.17825698852539
2410,13.1653413772583
2411,13.31057357788086
2412,13.216338157653809
2413,13.194051742553711
2414,13.163464546203613
2415,13.251083374023438
2416,13.404581069946289
2417,13.315357208251953
2418,13.257283210754395
2419,13.193474769592285
2420,13.106618881225586
2421,13.18371295928955
2422,13.088627815246582
2423,12.885432243347168
2424,12.99537181854248
2425,12.991583824157715
2426,12.973151206970215
2427,13.202432632446289
2428,13.24940013885498
2429,13.195623397827148
2430,13.257898330688477
2431,13.280082702636719
2432,13.631850242614746
2433,13.447110176086426
2434,13.373528480529785
2435,13.792790412902832
2436,13.887972831726074
2437,13.726824760437012
2438,13.800421714782715
2439,13.782931327819824
2440,13.906164169311523
2441,13.833582878112793
2442,13.86684799194336
2443,13.901968955993652
2444,14.000986099243164
2445,13.944398880004883
2446,13.928114891052246
2447,13.745294570922852
2448,13.7216796875
2449,13.645101547241211
2450,14.12402629852295
2451,14.0455322265625
2452,14.020414352416992
2453,14.033218383789062
2454,14.020161628723145
2455,14.060558319091797
2456,14.093696594238281
2457,13.964881896972656
2458,14.323427200317383
2459,14.665054321289062
2460,14.595368385314941
2461,14.628388404846191
2462,14.733580589294434
2463,14.632685661315918
2464,14.70184326171875
2465,14.780869483947754
2466,14.851080894470215
2467,14.697930335998535
2468,14.859030723571777
2469,14.718889236450195
2470,14.681612968444824
2471,14.73105239868164
2472,14.831914901733398
2473,14.87388801574707
2474,14.585904121398926
2475,14.525262832641602
2476,14.802791595458984
2477,15.049166679382324
2478,14.951810836791992
2479,15.00408935546875
2480,14.979887008666992
2481,14.739227294921875
2482,14.787304878234863
2483,14.951007843017578
2484,14.950665473937988
2485,14.668366432189941
2486,14.755537986755371
2487,14.669681549072266
2488,14.673178672790527
2489,14.691835403442383
2490,14.685636520385742
2491,14.75031852722168
2492,14.733810424804688
2493,14.710097312927246
2494,14.657930374145508
2495,14.62689208984375
2496,14.573025703430176
2497,14.614957809448242
2498,14.557671546936035
2499,14.583148002624512
2500,14.401748657226562
2501,14.520916938781738
2502,14.552661895751953
2503,14.708925247192383
2504,14.685572624206543
2505,14.728959083557129
2506,14.765874862670898
2507,14.766912460327148
2508,14.52647876739502
2509,14.662714004516602
2510,14.680280685424805
2511,14.711949348449707
2512,14.550819396972656
2513,14.85054874420166
2514,14.896988868713379
2515,14.805875778198242
2516,14.756647109985352
2517,14.69649887084961
2518,14.690422058105469
2519,14.479413986206055
2520,14.721656799316406
2521,14.71331787109375
2522,14.682315826416016
2523,14.603119850158691
2524,14.62608528137207
2525,14.65000057220459
2526,14.624216079711914
2527,14.652421951293945
2528,14.620085716247559
2529,14.624730110168457
2530,14.5261812210083
2531,14.560667991638184
2532,14.600517272949219
2533,14.581430435180664
2534,14.309854507446289
2535,14.211211204528809
2536,14.227119445800781
2537,14.22048282623291
2538,13.715755462646484
2539,13.570588111877441
2540,13.623579978942871
2541,13.607172012329102
2542,13.4205961227417
2543,13.700737953186035
2544,14.02447509765625
2545,14.148688316345215
2546,14.192191123962402
2547,14.222500801086426
2548,14.288278579711914
2549,14.307181358337402
2550,14.310652732849121
2551,14.327670097351074
2552,14.451409339904785
2553,14.35205364227295
2554,14.342703819274902
2555,14.353965759277344
2556,14.368663787841797
2557,14.116938591003418
2558,14.35517692565918
2559,14.180315017700195
2560,14.478253364562988
2561,14.770891189575195
2562,14.757447242736816
2563,14.630785942077637
2564,14.575483322143555
2565,14.39172649383545
2566,14.449690818786621
2567,14.532234191894531
2568,14.468748092651367
2569,14.720829010009766
2570,14.715842247009277
2571,14.788951873779297
2572,14.721294403076172
2573,14.733217239379883
2574,14.733805656433105
2575,14.563619613647461
2576,14.493614196777344
2577,14.319908142089844
2578,14.360715866088867
2579,14.3540678024292
2580,14.18198013305664
2581,14.01957893371582
2582,14.123717308044434
2583,14.138846397399902
2584,14.166499137878418
2585,14.06784725189209
2586,13.94653606414795
2587,13.877955436706543
2588,13.78148078918457
2589,13.707229614257812
2590,13.71856689453125
2591,13.732665061950684
2592,13.95890998840332
2593,13.906691551208496
2594,13.937870979309082
2595,14.05706787109375
2596,13.891695022583008
2597,14.24353313446045
2598,14.240164756774902
2599,14.548285484313965
2600,14.67491626739502
2601,14.721757888793945
2602,14.647911071777344
2603,14.758728981018066
2604,14.602851867675781
2605,14.63450813293457
2606,14.704418182373047
2607,14.536352157592773
2608,14.605358123779297
2609,14.585471153259277
2610,14.53620719909668
2611,14.162633895874023
2612,14.306893348693848
2613,14.481304168701172
2614,14.366202354431152
2615,13.971525192260742
2616,13.600659370422363
2617,12.86965560913086
2618,12.715957641601562
2619,12.781001091003418
2620,12.779374122619629
2621,12.73604965209961
2622,13.071571350097656
2623,12.821635246276855
2624,12.740873336791992
2625,13.202775001525879
2626,13.197586059570312
2627,13.244134902954102
2628,13.324860572814941
2629,13.417211532592773
2630,13.745609283447266
2631,13.823150634765625
2632,13.716402053833008
2633,13.777440071105957
2634,13.594989776611328
2635,13.696528434753418
2636,13.961215019226074
2637,13.996545791625977
2638,13.81957721710205
2639,13.721535682678223
2640,13.550966262817383
2641,13.994324684143066
2642,14.323979377746582
2643,14.045050621032715
2644,14.41915512084961
2645,14.518989562988281
2646,14.136924743652344
2647,14.44228458404541
2648,14.691179275512695
2649,14.80721664428711
2650,14.788595199584961
2651,14.749835014343262
2652,14.582669258117676
2653,14.529990196228027
2654,14.494864463806152
2655,14.335992813110352
2656,14.24516487121582
2657,14.232259750366211
2658,14.122329711914062
2659,13.748080253601074
2660,13.775537490844727
2661,14.073720932006836
2662,13.794612884521484
2663,13.64673137664795
2664,13.666163444519043
2665,13.606740951538086
2666,14.050697326660156
2667,14.331050872802734
2668,14.417240142822266
2669,14.48758602142334
2670,14.132579803466797
2671,13.194113731384277
2672,13.165604591369629
2673,13.703215599060059
2674,13.091334342956543
2675,13.090142250061035
2676,13.128844261169434
2677,13.168599128723145
2678,13.151033401489258
2679,13.154949188232422
2680,13.112377166748047
2681,13.207209587097168
2682,13.169211387634277
2683,13.099541664123535
2684,13.068735122680664
2685,13.366280555725098
2686,13.318750381469727
2687,13.517976760864258
2688,13.75689697265625
2689,14.301244735717773
2690,14.403600692749023
2691,14.480122566223145
2692,14.660481452941895
2693,14.683417320251465
2694,14.735191345214844
2695,14.735894203186035
2696,14.747111320495605
2697,14.796690940856934
2698,14.841012001037598
2699,14.821950912475586
2700,14.704983711242676
2701,14.628118515014648
2702,14.816547393798828
2703,14.662141799926758
2704,14.600409507751465
2705,14.564616203308105
2706,14.575213432312012
2707,14.658162117004395
2708,14.442011833190918
2709,14.325578689575195
2710,14.364867210388184
2711,14.369140625
2712,14.270535469055176
2713,14.593194961547852
2714,14.723176956176758
2715,14.748416900634766
2716,14.595620155334473
2717,14.359349250793457
2718,14.298876762390137
2719,13.883289337158203
2720,13.782916069030762
2721,13.78603744506836
2722,13.67799186706543
2723,13.713050842285156
2724,14.268487930297852
2725,14.087420463562012
2726,14.035888671875
2727,13.85128402709961
2728,13.564018249511719
2729,13.35986614227295
2730,13.309334754943848
2731,13.178828239440918
2732,13.279631614685059
2733,13.5928373336792
2734,13.208024024963379
2735,13.23820686340332
2736,13.140557289123535
2737,13.142511367797852
2738,13.103326797485352
2739,13.046846389770508
2740,12.990421295166016
2741,12.936578750610352
2742,13.02270793914795
2743,13.096357345581055
2744,13.333032608032227
2745,13.42980670928955
2746,13.770068168640137
2747,13.898696899414062
2748,13.732203483581543
2749,13.74731159210205
2750,13.882305145263672
2751,14.688323020935059
2752,14.33834457397461
2753,14.341146469116211
2754,14.026519775390625
2755,13.799859046936035
2756,13.811247825622559
2757,13.260226249694824
2758,13.287834167480469
2759,13.211445808410645
2760,13.175251007080078
2761,12.95955753326416
2762,12.954294204711914
2763,12.835652351379395
2764,12.903173446655273
2765,12.932721138000488
2766,12.847602844238281
2767,12.778571128845215
2768,12.94664192199707
2769,12.836931228637695
2770,13.024001121520996
2771,13.011910438537598
2772,13.05212688446045
2773,13.055960655212402
2774,13.214227676391602
2775,13.427762985229492
2776,13.852970123291016
2777,14.246198654174805
2778,12.663040161132812
2779,12.659695625305176
2780,12.780900001525879
2781,12.954679489135742
2782,12.828849792480469
2783,12.849072456359863
2784,13.06871223449707
2785,13.212455749511719
2786,13.18924331665039
2787,13.083352088928223
2788,13.243776321411133
2789,13.133235931396484
2790,13.106118202209473
2791,12.940611839294434
2792,12.925726890563965
2793,12.74165153503418
2794,12.731792449951172
2795,12.924407005310059
2796,12.8311767578125
2797,12.820250511169434
2798,12.801115989685059
2799,12.95991325378418
2800,13.122786521911621
2801,12.99710464477539
2802,13.095247268676758
2803,12.828974723815918
2804,12.725167274475098
2805,13.475813865661621
2806,12.764766693115234
2807,13.923444747924805
2808,14.27147388458252
2809,13.057089805603027
2810,12.813644409179688
2811,12.956671714782715
2812,13.035990715026855
2813,12.990906715393066
2814,12.86039924621582
2815,12.702884674072266
2816,12.745644569396973
2817,12.5653715133667
2818,12.465723991394043
2819,12.482410430908203
2820,12.473265647888184
2821,12.398698806762695
2822,12.463390350341797
2823,12.579642295837402
2824,12.544797897338867
2825,12.502537727355957
2826,12.458185195922852
2827,12.576761245727539
2828,12.540348052978516
2829,12.571901321411133
2830,12.509100914001465
2831,12.474814414978027
2832,12.326135635375977
2833,12.483226776123047
2834,13.381211280822754
2835,13.713422775268555
2836,14.474721908569336
2837,14.598447799682617
2838,14.790462493896484
2839,14.513010025024414
2840,14.40649127960205
2841,14.441062927246094
2842,14.760918617248535
2843,14.575321197509766
2844,14.674117088317871
2845,14.556635856628418
2846,14.135177612304688
2847,13.837557792663574
2848,13.654045104980469
2849,13.702388763427734
2850,13.414172172546387
2851,13.363709449768066
2852,13.374102592468262
2853,13.055858612060547
2854,12.744963645935059
2855,13.626714706420898
2856,14.293427467346191
2857,14.684927940368652
2858,14.766257286071777
2859,14.577327728271484
2860,14.619819641113281
2861,14.752376556396484
2862,14.754714012145996
2863,14.88430404663086
2864,14.902448654174805
2865,14.8297119140625
2866,14.762423515319824
2867,14.7428617477417
2868,14.679140090942383
2869,14.59553050994873
2870,14.451452255249023
2871,14.208754539489746
2872,14.197640419006348
2873,14.065552711486816
2874,14.16086196899414
2875,13.989202499389648
2876,14.342646598815918
2877,14.327482223510742
2878,14.454401969909668
2879,14.43698501586914
2880,14.667601585388184
2881,14.595186233520508
2882,14.569093704223633
2883,14.682658195495605
2884,14.651411056518555
2885,14.61379337310791
2886,14.628637313842773
2887,14.77863883972168
2888,14.820674896240234
2889,14.832184791564941
2890,14.718595504760742
2891,14.716246604919434
2892,14.825081825256348
2893,14.827238082885742
2894,14.835838317871094
2895,14.827985763549805
2896,14.787967681884766
2897,14.80522346496582
2898,14.504554748535156
2899,14.38581657409668
2900,14.611906051635742
2901,14.398999214172363
2902,13.743074417114258
2903,14.152552604675293
2904,14.33019733428955
2905,14.391648292541504
2906,14.335248947143555
2907,14.376893997192383
2908,14.271299362182617
2909,14.15536880493164
2910,14.485148429870605
2911,14.720459938049316
2912,14.760371208190918
2913,14.479499816894531
2914,14.569986343383789
2915,14.703500747680664
2916,14.716330528259277
2917,14.79148006439209
2918,14.550101280212402
2919,14.32923412322998
2920,14.259234428405762
2921,14.144152641296387
2922,14.297592163085938
2923,14.3197660446167
2924,14.331927299499512
2925,14.22554874420166
2926,14.164027214050293
2927,14.131600379943848
2928,14.169713973999023
2929,14.092905044555664
2930,14.663100242614746
2931,14.679574966430664
2932,14.691469192504883
2933,14.653827667236328
2934,14.740983009338379
2935,14.743866920471191
2936,14.82376480102539
2937,14.770727157592773
2938,14.692181587219238
2939,14.650308609008789
2940,14.747848510742188
2941,14.854772567749023
2942,14.86146354675293
2943,14.868230819702148
2944,14.857121467590332
2945,14.83655834197998
2946,14.746116638183594
2947,14.789627075195312
2948,14.825778007507324
2949,14.805305480957031
2950,14.747371673583984
2951,14.674789428710938
2952,14.669281959533691
2953,14.432663917541504
2954,14.625070571899414
2955,14.496910095214844
2956,14.446197509765625
2957,14.710430145263672
2958,14.679914474487305
2959,14.583484649658203
2960,14.593242645263672
2961,14.510296821594238
2962,14.230100631713867
2963,14.368669509887695
2964,14.428359985351562
2965,14.763718605041504
2966,14.779967308044434
2967,14.192469596862793
2968,14.413041114807129
2969,14.474108695983887
2970,14.733111381530762
2971,14.740103721618652
2972,14.742475509643555
2973,14.745707511901855
2974,14.543241500854492
2975,14.505993843078613
2976,14.4923095703125
2977,14.448949813842773
2978,14.414133071899414
2979,14.238962173461914
2980,14.14477252960205
2981,13.885889053344727
2982,14.107563018798828
2983,13.894020080566406
2984,14.401280403137207
2985,14.36236572265625
2986,14.116835594177246
2987,13.917147636413574
2988,14.123903274536133
2989,14.219893455505371
2990,13.908266067504883
2991,14.128456115722656
2992,14.146403312683105
2993,14.170829772949219
2994,14.655847549438477
2995,14.66176986694336
2996,14.70737075805664
2997,14.521599769592285
2998,14.347625732421875
2999,14.070479393005371
3000,14.788542747497559
3001,14.765143394470215
3002,14.816828727722168
3003,14.846999168395996
3004,14.792936325073242
3005,14.77286148071289
3006,14.797362327575684
3007,14.796452522277832
3008,14.816986083984375
3009,14.803643226623535
3010,14.811161041259766
3011,14.963027954101562
3012,14.890440940856934
3013,15.009393692016602
3014,15.02283000946045
3015,15.04568099975586
3016,15.02265739440918
3017,15.033818244934082
3018,15.051224708557129
3019,14.818446159362793
3020,14.708613395690918
3021,14.518819808959961
3022,14.686108589172363
3023,14.825648307800293
3024,15.004646301269531
3025,14.94672679901123
3026,15.014259338378906
3027,15.052529335021973
3028,15.081089973449707
3029,14.954848289489746
3030,14.966388702392578
3031,15.107436180114746
3032,15.143128395080566
3033,15.12209415435791
3034,15.097094535827637
3035,15.212739944458008
3036,15.168502807617188
3037,15.16132640838623
3038,15.429339408874512
3039,15.396320343017578
3040,15.382047653198242
3041,15.405290603637695
3042,15.457023620605469
3043,14.972532272338867
3044,15.097695350646973
3045,15.089269638061523
3046,15.216838836669922
3047,15.22301959991455
3048,15.276420593261719
3049,15.496152877807617
3050,15.512018203735352
3051,15.506745338439941
3052,15.439355850219727
3053,15.4860258102417
3054,15.44593334197998
3055,15.488121032714844
3056,15.468491554260254
3057,15.475701332092285
3058,15.464418411254883
3059,15.453652381896973
3060,15.523917198181152
3061,15.588789939880371
3062,15.54854965209961
3063,15.554699897766113
3064,15.531709671020508
3065,15.58571720123291
3066,15.489285469055176
3067,15.511985778808594
3068,15.577747344970703
3069,15.562657356262207
3070,15.488052368164062
3071,15.404528617858887
3072,15.36381721496582
3073,15.278691291809082
3074,15.231874465942383
3075,15.196070671081543
3076,15.141565322875977
3077,15.118417739868164
3078,15.15476131439209
3079,15.089888572692871
3080,14.974294662475586
3081,14.939178466796875
3082,14.924592971801758
3083,14.906048774719238
3084,14.84581184387207
3085,14.888846397399902
3086,14.93032169342041
3087,15.144161224365234
3088,15.143847465515137
3089,15.082785606384277
3090,15.007100105285645
3091,14.996870040893555
3092,15.130195617675781
3093,15.14860725402832
3094,15.128795623779297
3095,15.050333023071289
3096,15.166570663452148
3097,14.717875480651855
3098,14.923893928527832
3099,14.717995643615723
3100,14.757526397705078
3101,14.818424224853516
3102,15.103869438171387
3103,15.076416969299316
3104,15.140231132507324
3105,14.917606353759766
3106,15.008326530456543
3107,15.134916305541992
3108,15.144877433776855
3109,15.17151927947998
3110,15.293707847595215
3111,15.218314170837402
3112,15.237886428833008
3113,15.284270286560059
3114,15.37955093383789
3115,15.384505271911621
3116,15.370232582092285
3117,15.37984561920166
3118,15.342345237731934
3119,15.361154556274414
3120,15.3966064453125
3121,15.371261596679688
3122,15.484452247619629
3123,15.505096435546875
3124,15.257088661193848
3125,15.31255054473877
3126,15.360997200012207
3127,15.228289604187012
3128,15.241415977478027
3129,15.320123672485352
3130,15.358741760253906
3131,15.403454780578613
3132,15.418439865112305
3133,15.486482620239258
3134,15.456067085266113
3135,15.408721923828125
3136,15.462163925170898
3137,15.47810173034668
3138,15.476571083068848
3139,15.501684188842773
3140,15.462844848632812
3141,15.530759811401367
3142,15.494150161743164
3143,15.411970138549805
3144,15.371198654174805
3145,15.434954643249512
3146,15.369518280029297
3147,15.337494850158691
3148,15.29958438873291
3149,15.291861534118652
3150,15.280943870544434
3151,14.66248607635498
3152,14.459877967834473
3153,14.402904510498047
3154,14.32963752746582
3155,14.253867149353027
3156,14.229893684387207
3157,14.247154235839844
3158,14.2280855178833
3159,14.205028533935547
3160,14.173008918762207
3161,14.061617851257324
3162,14.037017822265625
3163,14.062234878540039
3164,14.119874000549316
3165,14.232217788696289
3166,14.311484336853027
3167,14.287110328674316
3168,14.275059700012207
3169,14.422746658325195
3170,14.465224266052246
3171,14.458168983459473
3172,14.467733383178711
3173,14.580591201782227
3174,14.322005271911621
3175,14.292335510253906
3176,14.237345695495605
3177,14.37398624420166
3178,14.528642654418945
3179,14.563457489013672
3180,14.546761512756348
3181,14.526884078979492
3182,14.547853469848633
3183,14.611886024475098
3184,14.574535369873047
3185,14.445286750793457
3186,14.387412071228027
3187,14.365229606628418
3188,14.298164367675781
3189,14.287817001342773
3190,14.281682968139648
3191,14.4711332321167
3192,14.52582836151123
3193,14.599590301513672
3194,14.603017807006836
3195,14.632566452026367
3196,14.635025978088379
3197,14.661234855651855
3198,14.617592811584473
3199,14.632265090942383
3200,14.627115249633789
3201,14.336019515991211
3202,14.614730834960938
3203,14.704442977905273
3204,14.874605178833008
3205,14.882468223571777
3206,14.841967582702637
3207,14.949912071228027
3208,14.966721534729004
3209,15.011367797851562
3210,15.048410415649414
3211,15.163483619689941
3212,15.20008373260498
3213,15.194039344787598
3214,15.153660774230957
3215,15.256096839904785
3216,15.272276878356934
3217,15.268694877624512
3218,15.303593635559082
3219,15.283042907714844
3220,15.211782455444336
3221,15.226339340209961
3222,15.233796119689941
3223,15.231109619140625
3224,15.187918663024902
3225,15.180788040161133
3226,15.229130744934082
3227,15.221181869506836
3228,14.737483978271484
3229,14.654016494750977
3230,14.733036041259766
3231,14.7615966796875
3232,14.83269214630127
3233,14.900457382202148
3234,14.805960655212402
3235,14.764982223510742
3236,14.622425079345703
3237,14.572725296020508
3238,14.635037422180176
3239,14.722676277160645
3240,14.682721138000488
3241,14.623287200927734
3242,14.684505462646484
3243,14.729961395263672
3244,14.710796356201172
3245,14.902874946594238
3246,14.70137882232666
3247,14.646251678466797
3248,14.603703498840332
3249,14.694096565246582
3250,14.687052726745605
3251,14.534945487976074
3252,14.497836112976074
3253,14.502814292907715
3254,14.48795223236084
3255,14.43613338470459
3256,14.5586519241333
3257,14.457036018371582
3258,14.373259544372559
3259,14.364025115966797
3260,14.24691390991211
3261,14.196171760559082
3262,14.258584022521973
3263,14.330782890319824
3264,14.474763870239258
3265,14.533337593078613
3266,14.503385543823242
3267,14.541593551635742
3268,14.574938774108887
3269,14.489801406860352
3270,14.378961563110352
3271,14.384498596191406
3272,14.640494346618652
3273,14.632906913757324
3274,14.735884666442871
3275,14.683091163635254
3276,14.807930946350098
3277,14.766847610473633
3278,14.685599327087402
3279,14.660971641540527
3280,14.950654983520508
3281,14.975231170654297
3282,14.704801559448242
3283,14.727511405944824
3284,14.758585929870605
3285,14.874152183532715
3286,14.765497207641602
3287,14.82636547088623
3288,14.94522762298584
3289,15.014440536499023
3290,15.035351753234863
3291,14.949254035949707
3292,14.981804847717285
3293,15.009544372558594
3294,15.008979797363281
3295,15.090916633605957
3296,14.980445861816406
3297,15.011381149291992
3298,15.008112907409668
3299,15.366761207580566
3300,15.315972328186035
3301,15.299128532409668
3302,15.336461067199707
3303,15.332113265991211
3304,15.327764511108398
3305,15.474793434143066
3306,15.413335800170898
3307,15.465557098388672
3308,15.459924697875977
3309,15.172060012817383
3310,15.198125839233398
3311,15.309942245483398
3312,15.205296516418457
3313,15.199173927307129
3314,15.198090553283691
3315,15.261781692504883
3316,15.200325012207031
3317,15.264968872070312
3318,15.398056030273438
3319,15.37777328491211
3320,15.414068222045898
3321,15.388911247253418
3322,15.3310546875
3323,15.467171669006348
3324,15.42302417755127
3325,15.42368221282959
3326,15.570123672485352
3327,15.555026054382324
3328,15.540996551513672
3329,15.572518348693848
3330,15.58578872680664
3331,15.514932632446289
3332,15.492110252380371
3333,15.487434387207031
3334,15.569917678833008
3335,15.18864917755127
3336,15.124686241149902
3337,15.047544479370117
3338,14.965798377990723
3339,15.015765190124512
3340,14.990894317626953
3341,14.937458038330078
3342,14.840112686157227
3343,15.027507781982422
3344,14.988669395446777
3345,14.911664009094238
3346,14.840002059936523
3347,14.792519569396973
3348,14.852763175964355
3349,14.901363372802734
3350,14.813799858093262
3351,14.928053855895996
3352,14.97127628326416
3353,14.941445350646973
3354,14.972305297851562
3355,14.885183334350586
3356,15.087366104125977
3357,15.046631813049316
3358,14.95999813079834
3359,15.021275520324707
3360,14.935395240783691
3361,14.827298164367676
3362,14.306560516357422
3363,14.23995304107666
3364,14.21341609954834
3365,14.182188034057617
3366,14.19422435760498
3367,14.16820240020752
3368,14.182148933410645
3369,14.178518295288086
3370,14.193746566772461
3371,14.170719146728516
3372,13.977871894836426
3373,14.004783630371094
3374,14.03007984161377
3375,14.026708602905273
3376,14.001676559448242
3377,13.989301681518555
3378,14.004202842712402
3379,14.028412818908691
3380,14.033302307128906
3381,14.056013107299805
3382,14.078722953796387
3383,14.20374584197998
3384,14.215193748474121
3385,14.195450782775879
3386,14.240869522094727
3387,14.189149856567383
3388,14.174213409423828
3389,14.092945098876953
3390,14.065178871154785
3391,13.986746788024902
3392,14.001623153686523
3393,13.998106002807617
3394,13.991560935974121
3395,14.00102424621582
3396,13.99621868133545
3397,14.017484664916992
3398,14.00844669342041
3399,13.993729591369629
3400,13.999658584594727
3401,13.99679946899414
3402,14.025385856628418
3403,13.968172073364258
3404,14.020650863647461
3405,13.999730110168457
3406,13.996968269348145
3407,13.99002742767334
3408,13.894397735595703
3409,13.832803726196289
3410,13.942789077758789
3411,13.94584846496582
3412,13.980513572692871
3413,14.012504577636719
3414,14.018367767333984
3415,13.979303359985352
3416,13.924857139587402
3417,13.908333778381348
3418,13.939399719238281
3419,13.934762001037598
3420,14.014480590820312
3421,14.005253791809082
3422,14.119444847106934
3423,14.093358039855957
3424,14.103385925292969
3425,14.1078462600708
3426,14.30632209777832
3427,14.251091957092285
3428,14.21796703338623
3429,14.413860321044922
3430,14.353314399719238
3431,14.477842330932617
3432,14.447001457214355
3433,14.542476654052734
3434,14.432300567626953
3435,14.4415922164917
3436,14.82519817352295
3437,14.895803451538086
3438,14.975793838500977
3439,15.005760192871094
3440,15.00941276550293
3441,15.023524284362793
3442,14.593358039855957
3443,14.65062141418457
3444,14.590240478515625
3445,14.60296630859375
3446,14.510791778564453
3447,14.541926383972168
3448,14.561965942382812
3449,14.554359436035156
3450,14.538858413696289
3451,14.56906795501709
3452,14.545283317565918
3453,14.504477500915527
3454,14.59379768371582
3455,14.544700622558594
3456,14.80684757232666
3457,14.839777946472168
3458,14.827644348144531
3459,14.864548683166504
3460,14.769723892211914
3461,14.781785011291504
3462,14.850616455078125
3463,14.94632339477539
3464,15.00386905670166
3465,15.030094146728516
3466,15.052658081054688
3467,14.919598579406738
3468,14.926621437072754
3469,14.826865196228027
3470,14.96190071105957
3471,14.767265319824219
3472,14.616787910461426
3473,14.618865966796875
3474,14.61551570892334
3475,14.659322738647461
3476,14.679948806762695
3477,14.665129661560059
3478,14.718045234680176
3479,14.611522674560547
3480,14.493114471435547
3481,14.468890190124512
3482,14.594545364379883
3483,14.58080005645752
3484,14.601962089538574
3485,14.458793640136719
3486,14.513843536376953
3487,14.578944206237793
3488,14.608606338500977
3489,14.648245811462402
3490,14.685997009277344
3491,14.656335830688477
3492,14.815314292907715
3493,14.751457214355469
3494,14.78240966796875
3495,14.732695579528809
3496,14.82701301574707
3497,14.78037166595459
3498,14.884367942810059
3499,14.901622772216797
3500,14.787717819213867
3501,14.684920310974121
3502,14.588473320007324
3503,14.588540077209473
3504,14.569549560546875
3505,14.514463424682617
3506,14.533754348754883
3507,14.50514030456543
3508,14.436938285827637
3509,14.462286949157715
3510,14.528887748718262
3511,14.443405151367188
3512,14.42522144317627
3513,14.428260803222656
3514,14.43785285949707
3515,14.479281425476074
3516,14.765514373779297
3517,14.780997276306152
3518,14.841011047363281
3519,14.83737564086914
3520,14.79878044128418
3521,14.463594436645508
3522,14.564985275268555
3523,14.383790969848633
3524,14.323429107666016
3525,14.3175048828125
3526,14.266520500183105
3527,14.205218315124512
3528,14.245083808898926
3529,14.230257987976074
3530,14.222528457641602
3531,14.234277725219727
3532,14.193678855895996
3533,14.15107536315918
3534,14.154373168945312
3535,14.21290111541748
3536,14.134096145629883
3537,14.121743202209473
3538,14.062445640563965
3539,14.03368091583252
3540,14.062300682067871
3541,14.045138359069824
3542,14.120890617370605
3543,14.152352333068848
3544,14.17398452758789
3545,14.149733543395996
3546,14.132777214050293
3547,14.194509506225586
3548,14.177746772766113
3549,14.106893539428711
3550,14.017059326171875
3551,13.987740516662598
3552,13.98698616027832
3553,14.007172584533691
3554,14.019968032836914
3555,14.070364952087402
3556,14.109889030456543
3557,14.052570343017578
3558,14.062271118164062
3559,14.030790328979492
3560,14.086090087890625
3561,14.149746894836426
3562,14.192024230957031
3563,14.173051834106445
3564,14.134968757629395
3565,14.252772331237793
3566,14.264179229736328
3567,14.196549415588379
3568,14.412424087524414
3569,14.355019569396973
3570,14.265212059020996
3571,14.45224666595459
3572,14.4546480178833
3573,14.382353782653809
3574,14.160829544067383
3575,14.147379875183105
3576,14.130285263061523
3577,14.253395080566406
3578,14.437386512756348
3579,14.388773918151855
3580,14.609625816345215
3581,14.494206428527832
3582,14.49419116973877
3583,14.629834175109863
3584,14.681427001953125
3585,15.036974906921387
3586,14.848631858825684
3587,14.840316772460938
3588,14.773332595825195
3589,14.79361343383789
3590,15.16600513458252
3591,14.992707252502441
3592,15.036678314208984
3593,15.0380277633667
3594,14.979331970214844
3595,14.91037654876709
3596,14.880058288574219
3597,14.924105644226074
3598,15.005043029785156
3599,15.01391887664795
3600,14.532090187072754
3601,14.86176872253418
3602,14.515298843383789
3603,14.875589370727539
3604,14.664460182189941
3605,14.713756561279297
3606,14.59940242767334
3607,14.547150611877441
3608,14.5541410446167
3609,14.476297378540039
3610,14.459774017333984
3611,14.397745132446289
3612,14.30540657043457
3613,14.28543472290039
3614,14.325089454650879
3615,14.329392433166504
3616,14.355581283569336
3617,14.644328117370605
3618,14.629521369934082
3619,14.578530311584473
3620,14.555414199829102
3621,14.458681106567383
3622,14.42357349395752
3623,14.39560604095459
3624,14.499361991882324
3625,14.46253490447998
3626,14.469252586364746
3627,14.179330825805664
3628,14.287813186645508
3629,14.196134567260742
3630,14.21480655670166
3631,14.34348201751709
3632,14.338794708251953
3633,14.349462509155273
3634,14.339624404907227
3635,14.326452255249023
3636,14.348759651184082
3637,14.355694770812988
3638,14.409380912780762
3639,14.342097282409668
3640,14.325657844543457
3641,14.411145210266113
3642,14.515023231506348
3643,14.333227157592773
3644,14.47661018371582
3645,14.480863571166992
3646,14.581744194030762
3647,14.56572437286377
3648,14.472343444824219
3649,14.610431671142578
3650,14.561058044433594
3651,14.702377319335938
3652,14.817683219909668
3653,14.787230491638184
3654,14.273959159851074
3655,14.420060157775879
3656,14.46699047088623
3657,14.551980972290039
3658,14.391709327697754
3659,14.484868049621582
3660,14.507420539855957
3661,14.559558868408203
3662,14.509023666381836
3663,14.443609237670898
3664,14.464366912841797
3665,14.370396614074707
3666,14.369274139404297
3667,14.40360164642334
3668,14.405712127685547
3669,14.410380363464355
3670,14.476275444030762
3671,14.733222961425781
3672,14.6527681350708
3673,14.667373657226562
3674,14.69359302520752
3675,14.67967414855957
3676,14.591530799865723
3677,14.628600120544434
3678,14.399918556213379
3679,14.410395622253418
3680,14.37580680847168
3681,14.129854202270508
3682,14.017980575561523
3683,14.057150840759277
3684,14.020233154296875
3685,14.02287769317627
3686,14.030158996582031
3687,14.004039764404297
3688,13.988503456115723
3689,13.964456558227539
3690,13.99183464050293
3691,13.96060848236084
3692,13.959856986999512
3693,13.92459487915039
3694,13.92602825164795
3695,13.92748737335205
3696,13.927978515625
3697,13.946377754211426
3698,14.02231216430664
3699,14.035536766052246
3700,14.038005828857422
3701,14.046648025512695
3702,14.079296112060547
3703,14.064664840698242
3704,14.057973861694336
3705,14.03266429901123
3706,14.08143424987793
3707,14.09782886505127
3708,13.914545059204102
3709,13.897340774536133
3710,13.910262107849121
3711,13.910650253295898
3712,13.909981727600098
3713,13.915716171264648
3714,13.931522369384766
3715,13.943058967590332
3716,13.947710037231445
3717,13.94610595703125
3718,13.942602157592773
3719,13.948365211486816
3720,13.972443580627441
3721,13.977025985717773
3722,13.979859352111816
3723,13.979413986206055
3724,14.001020431518555
3725,14.060861587524414
3726,14.06612777709961
3727,14.113504409790039
3728,14.103157997131348
3729,14.074422836303711
3730,14.089831352233887
3731,14.089362144470215
3732,14.074180603027344
3733,14.017359733581543
3734,14.00998306274414
3735,13.906753540039062
3736,13.911511421203613
3737,13.885380744934082
3738,13.901639938354492
3739,13.893776893615723
3740,13.901217460632324
3741,13.881711959838867
3742,13.924989700317383
3743,13.948590278625488
3744,14.007768630981445
3745,14.084561347961426
3746,14.119338035583496
3747,14.14313793182373
3748,14.169356346130371
3749,14.177417755126953
3750,14.24647331237793
3751,14.197035789489746
3752,14.282705307006836
3753,14.435871124267578
3754,14.503944396972656
3755,14.635263442993164
3756,14.456605911254883
3757,14.57616138458252
3758,14.83018684387207
3759,14.932486534118652
3760,14.876655578613281
3761,14.700325965881348
3762,15.00335693359375
3763,15.19846248626709
3764,15.21360969543457
3765,15.281298637390137
3766,15.012147903442383
3767,14.991090774536133
3768,14.885174751281738
3769,14.817601203918457
3770,14.715961456298828
3771,14.840869903564453
3772,14.928485870361328
3773,14.878218650817871
3774,14.769974708557129
3775,14.763437271118164
3776,14.808486938476562
3777,14.889189720153809
3778,14.829399108886719
3779,14.864945411682129
3780,14.916027069091797
3781,14.778435707092285
3782,14.637933731079102
3783,14.700297355651855
3784,14.681219100952148
3785,14.779912948608398
3786,14.82442569732666
3787,14.87801456451416
3788,14.89682388305664
3789,14.697612762451172
3790,14.61744499206543
3791,14.513073921203613
3792,14.368828773498535
3793,14.389421463012695
3794,14.521146774291992
3795,14.48575496673584
3796,14.42479133605957
3797,14.435235977172852
3798,14.404633522033691
3799,14.346834182739258
3800,14.290398597717285
3801,14.241132736206055
3802,14.314213752746582
3803,14.312751770019531
3804,14.31895637512207
3805,14.26869010925293
3806,14.353348731994629
3807,14.296152114868164
3808,14.24113941192627
3809,14.239004135131836
3810,14.214470863342285
3811,14.267255783081055
3812,14.260713577270508
3813,14.307049751281738
3814,14.335128784179688
3815,14.235322952270508
3816,14.005516052246094
3817,14.039183616638184
3818,14.030925750732422
3819,14.069679260253906
3820,14.070428848266602
3821,14.054073333740234
3822,14.038695335388184
3823,14.013216018676758
3824,13.984451293945312
3825,13.977060317993164
3826,13.968751907348633
3827,13.943595886230469
3828,13.956332206726074
3829,13.971744537353516
3830,14.224267959594727
3831,14.289938926696777
3832,14.368125915527344
3833,14.442107200622559
3834,14.598163604736328
3835,14.532200813293457
3836,14.592766761779785
3837,14.595833778381348
3838,14.889385223388672
3839,14.900275230407715
3840,14.721116065979004
3841,14.721545219421387
3842,14.71238899230957
3843,14.600269317626953
3844,14.529704093933105
3845,14.469562530517578
3846,14.51478099822998
3847,14.73301887512207
3848,14.723873138427734
3849,14.768967628479004
3850,14.754961013793945
3851,14.734454154968262
3852,14.647872924804688
3853,14.67007827758789
3854,14.618453979492188
3855,14.705816268920898
3856,14.565913200378418
3857,14.287116050720215
3858,14.436506271362305
3859,14.44886589050293
3860,14.663710594177246
3861,14.37955093383789
3862,14.607561111450195
3863,14.621968269348145
3864,14.53652572631836
3865,14.428390502929688
3866,14.39533805847168
3867,14.424798011779785
3868,14.470742225646973
3869,14.64399242401123
3870,14.76991081237793
3871,14.684001922607422
3872,14.589892387390137
3873,14.555753707885742
3874,14.752063751220703
3875,14.745100975036621
3876,14.713196754455566
3877,14.48569107055664
3878,14.823518753051758
3879,14.678007125854492
3880,14.861482620239258
3881,14.876811981201172
3882,14.822250366210938
3883,14.755285263061523
3884,14.99167251586914
3885,15.199583053588867
3886,14.965862274169922
3887,15.192279815673828
3888,15.330607414245605
3889,15.362249374389648
3890,15.298471450805664
3891,15.329924583435059
3892,15.346040725708008
3893,15.364676475524902
3894,15.271018028259277
3895,15.289570808410645
3896,15.299113273620605
3897,15.312430381774902
3898,15.297609329223633
3899,15.212066650390625
3900,15.13776683807373
3901,15.222427368164062
3902,15.224350929260254
3903,15.19961929321289
3904,15.209061622619629
3905,15.183058738708496
3906,15.112390518188477
3907,15.130096435546875
3908,15.115537643432617
3909,15.220559120178223
3910,15.244641304016113
3911,15.104759216308594
3912,15.233546257019043
3913,15.220669746398926
3914,15.145037651062012
3915,15.251203536987305
3916,15.199722290039062
3917,15.162604331970215
3918,15.137931823730469
3919,15.102120399475098
3920,15.144584655761719
3921,15.14640998840332
3922,15.133575439453125
3923,15.126965522766113
3924,15.089219093322754
3925,15.088072776794434
3926,15.102865219116211
3927,15.083758354187012
3928,15.350848197937012
3929,15.29671573638916
3930,15.273395538330078
3931,15.281421661376953
3932,15.280747413635254
3933,15.29139232635498
3934,15.343969345092773
3935,15.343692779541016
3936,15.352124214172363
3937,15.349766731262207
3938,15.252955436706543
3939,15.23560905456543
3940,15.409358978271484
3941,15.44527530670166
3942,15.363805770874023
3943,15.375250816345215
3944,15.27780532836914
3945,15.21428394317627
3946,15.221607208251953
3947,15.11578369140625
3948,15.155801773071289
3949,15.167461395263672
3950,15.184972763061523
3951,15.217386245727539
3952,15.212194442749023
3953,15.190645217895508
3954,15.231829643249512
3955,15.34150218963623
3956,15.3516263961792
3957,15.277613639831543
3958,15.277239799499512
3959,15.286900520324707
3960,15.27634334564209
3961,15.326401710510254
3962,15.318921089172363
3963,15.250004768371582
3964,15.238565444946289
3965,15.208698272705078
3966,15.2035551071167
3967,15.278436660766602
3968,15.243103981018066
3969,15.253225326538086
3970,15.311424255371094
3971,15.26850700378418
3972,15.31072998046875
3973,15.285618782043457
3974,15.266125679016113
3975,15.259140014648438
3976,15.235159873962402
3977,15.226421356201172
3978,15.223876953125
3979,15.184637069702148
3980,15.182891845703125
3981,15.20625114440918
3982,15.284029006958008
3983,15.275090217590332
3984,15.198891639709473
3985,15.289390563964844
3986,15.208950996398926
3987,15.250765800476074
3988,15.206197738647461
3989,15.181557655334473
3990,15.04604721069336
3991,15.05884075164795
3992,14.928302764892578
3993,14.873815536499023
3994,14.880398750305176
3995,14.905457496643066
3996,14.891694068908691
3997,14.804732322692871
3998,14.745759010314941
3999,14.720992088317871
