,0
0,12.626860618591309
1,12.658612251281738
2,12.714775085449219
3,12.782088279724121
4,12.975014686584473
5,12.792564392089844
6,12.858745574951172
7,12.768852233886719
8,12.78912353515625
9,12.808757781982422
10,12.811210632324219
11,12.80481243133545
12,12.825754165649414
13,12.889429092407227
14,12.893500328063965
15,12.89179515838623
16,12.86483383178711
17,12.900164604187012
18,12.953751564025879
19,12.881876945495605
20,12.969171524047852
21,12.964415550231934
22,12.927547454833984
23,12.924215316772461
24,12.916489601135254
25,12.901718139648438
26,12.879013061523438
27,12.87944221496582
28,12.938477516174316
29,13.005419731140137
30,13.038641929626465
31,13.10158920288086
32,13.059308052062988
33,13.100122451782227
34,13.24377155303955
35,13.190597534179688
36,13.203734397888184
37,13.13068675994873
38,13.12487506866455
39,13.129083633422852
40,13.115745544433594
41,13.1266508102417
42,13.136148452758789
43,13.142690658569336
44,13.11468505859375
45,13.10861873626709
46,13.09742259979248
47,13.051837921142578
48,12.991798400878906
49,12.98820686340332
50,12.92666244506836
51,12.953855514526367
52,12.994644165039062
53,13.044576644897461
54,12.995641708374023
55,12.995898246765137
56,12.993945121765137
57,13.031560897827148
58,13.007512092590332
59,13.16195011138916
60,13.12387466430664
61,13.116175651550293
62,13.086613655090332
63,13.113883018493652
64,13.112898826599121
65,13.132390022277832
66,13.149121284484863
67,13.138925552368164
68,13.127309799194336
69,13.13546371459961
70,13.103677749633789
71,13.112656593322754
72,13.171627044677734
73,13.136963844299316
74,13.132889747619629
75,13.167215347290039
76,13.137799263000488
77,13.114087104797363
78,13.07333755493164
79,13.06727409362793
80,13.068943977355957
81,13.077592849731445
82,13.034295082092285
83,12.989566802978516
84,12.943402290344238
85,12.902556419372559
86,12.69152545928955
87,12.64031982421875
88,12.638431549072266
89,12.658829689025879
90,12.608915328979492
91,12.628067970275879
92,12.623530387878418
93,12.648322105407715
94,12.64553451538086
95,12.622188568115234
96,12.597228050231934
97,12.61513900756836
98,12.59541130065918
99,12.529008865356445
100,12.549564361572266
101,12.569328308105469
102,12.518928527832031
103,12.524382591247559
104,12.545845031738281
105,12.48486042022705
106,12.500062942504883
107,12.527070999145508
108,12.549056053161621
109,12.554410934448242
110,12.54992389678955
111,12.57431697845459
112,12.490120887756348
113,12.502362251281738
114,12.276094436645508
115,12.346606254577637
116,12.368045806884766
117,12.346094131469727
118,12.326708793640137
119,12.2796630859375
120,12.141611099243164
121,12.101422309875488
122,12.110249519348145
123,12.063130378723145
124,12.1177978515625
125,12.102872848510742
126,12.059331893920898
127,11.94577407836914
128,11.924216270446777
129,11.96097469329834
130,11.978582382202148
131,11.947049140930176
132,11.92135238647461
133,12.049873352050781
134,12.000899314880371
135,11.897212982177734
136,11.97840404510498
137,11.79527473449707
138,11.719104766845703
139,11.821809768676758
140,11.898785591125488
141,12.010542869567871
142,12.046812057495117
143,11.941192626953125
144,11.902223587036133
145,11.88315486907959
146,11.859312057495117
147,11.940698623657227
148,11.906413078308105
149,11.925847053527832
150,11.997272491455078
151,12.023117065429688
152,11.940750122070312
153,11.982087135314941
154,12.078827857971191
155,12.181854248046875
156,12.266264915466309
157,12.223811149597168
158,12.203875541687012
159,12.16384506225586
160,12.211071014404297
161,12.266905784606934
162,12.063878059387207
163,12.052486419677734
164,12.0859375
165,12.075350761413574
166,12.087249755859375
167,12.165306091308594
168,12.01616096496582
169,11.984565734863281
170,12.00121021270752
171,11.958572387695312
172,12.037988662719727
173,11.97219467163086
174,12.040972709655762
175,11.883495330810547
176,12.038979530334473
177,11.9567289352417
178,12.02734375
179,11.922694206237793
180,11.86801528930664
181,11.70238971710205
182,11.577977180480957
183,11.569683074951172
184,11.59006118774414
185,11.729832649230957
186,11.653460502624512
187,11.476733207702637
188,11.402304649353027
189,11.436004638671875
190,11.502509117126465
191,11.432435989379883
192,11.575445175170898
193,11.959525108337402
194,11.97347640991211
195,11.886330604553223
196,12.00908088684082
197,11.988418579101562
198,11.946830749511719
199,11.98027515411377
200,12.032561302185059
201,11.995856285095215
202,12.003477096557617
203,12.09110164642334
204,12.078888893127441
205,12.22252082824707
206,12.30082893371582
207,12.244182586669922
208,12.166041374206543
209,12.200056076049805
210,12.155016899108887
211,12.14993667602539
212,12.157492637634277
213,12.071540832519531
214,12.009130477905273
215,12.066349983215332
216,12.002667427062988
217,12.00564956665039
218,11.951486587524414
219,11.932921409606934
220,11.904409408569336
221,11.99470329284668
222,11.959587097167969
223,11.83150863647461
224,11.736654281616211
225,11.824169158935547
226,11.75086498260498
227,11.704174995422363
228,11.678969383239746
229,11.694954872131348
230,11.649214744567871
231,11.627017974853516
232,11.619101524353027
233,11.666388511657715
234,11.736307144165039
235,11.710850715637207
236,11.714093208312988
237,11.688206672668457
238,11.734034538269043
239,11.737874031066895
240,11.756625175476074
241,11.73571491241455
242,11.739785194396973
243,11.739537239074707
244,11.857555389404297
245,11.6719331741333
246,11.762981414794922
247,11.700904846191406
248,12.547374725341797
249,12.488922119140625
250,12.475951194763184
251,12.487935066223145
252,12.518353462219238
253,12.553683280944824
254,12.589140892028809
255,12.624177932739258
256,12.671720504760742
257,12.725187301635742
258,12.798025131225586
259,12.811354637145996
260,12.77491569519043
261,12.806886672973633
262,12.76773452758789
263,12.765743255615234
264,12.782341003417969
265,12.73173999786377
266,12.685349464416504
267,12.734580993652344
268,12.748497009277344
269,12.834327697753906
270,12.832497596740723
271,12.832234382629395
272,12.877861976623535
273,12.931485176086426
274,12.949684143066406
275,12.987629890441895
276,13.047341346740723
277,13.154397964477539
278,13.021028518676758
279,13.010994911193848
280,13.010854721069336
281,12.975176811218262
282,12.97619342803955
283,13.020089149475098
284,13.03247356414795
285,13.031825065612793
286,13.019486427307129
287,12.976056098937988
288,12.950417518615723
289,12.946287155151367
290,12.958929061889648
291,12.917109489440918
292,12.874670028686523
293,12.87027645111084
294,12.799829483032227
295,12.778144836425781
296,12.757864952087402
297,12.807291030883789
298,12.858841896057129
299,12.785735130310059
300,12.823503494262695
301,12.876531600952148
302,12.79944133758545
303,13.036811828613281
304,13.074421882629395
305,13.030899047851562
306,13.0274019241333
307,13.05007553100586
308,13.105707168579102
309,13.049104690551758
310,13.085209846496582
311,13.140396118164062
312,13.115768432617188
313,13.177523612976074
314,13.150239944458008
315,13.151564598083496
316,13.197153091430664
317,13.183568954467773
318,13.138614654541016
319,13.180790901184082
320,13.236966133117676
321,13.205329895019531
322,13.192882537841797
323,13.210944175720215
324,13.192818641662598
325,13.285286903381348
326,13.275217056274414
327,13.274378776550293
328,13.311427116394043
329,13.265084266662598
330,13.012211799621582
331,13.024340629577637
332,12.995109558105469
333,12.963129043579102
334,12.967474937438965
335,12.973825454711914
336,12.961939811706543
337,12.936484336853027
338,12.946816444396973
339,12.932562828063965
340,12.934382438659668
341,12.941858291625977
342,13.011580467224121
343,12.969459533691406
344,12.967459678649902
345,12.990830421447754
346,13.02221965789795
347,13.055864334106445
348,13.049630165100098
349,13.083768844604492
350,13.110398292541504
351,13.123889923095703
352,13.210697174072266
353,13.134600639343262
354,13.130196571350098
355,13.105460166931152
356,13.068253517150879
357,12.992877006530762
358,13.07562255859375
359,13.212529182434082
360,13.088762283325195
361,13.105817794799805
362,13.039212226867676
363,12.873729705810547
364,12.756265640258789
365,12.728219985961914
366,12.694122314453125
367,12.676773071289062
368,12.701030731201172
369,12.695076942443848
370,12.69245719909668
371,12.717942237854004
372,12.702215194702148
373,12.76146125793457
374,12.814603805541992
375,12.819584846496582
376,12.811882019042969
377,12.774660110473633
378,12.77418327331543
379,12.752422332763672
380,12.686897277832031
381,12.670099258422852
382,12.746309280395508
383,12.69686508178711
384,12.561744689941406
385,12.431368827819824
386,12.384297370910645
387,12.358551025390625
388,12.316826820373535
389,12.281706809997559
390,12.22799015045166
391,12.342547416687012
392,12.344470977783203
393,12.375330924987793
394,12.235030174255371
395,12.195594787597656
396,12.173379898071289
397,12.147238731384277
398,12.171299934387207
399,12.133641242980957
400,12.167779922485352
401,12.121618270874023
402,12.054314613342285
403,12.016552925109863
404,12.078274726867676
405,12.027609825134277
406,12.071834564208984
407,12.071137428283691
408,12.072542190551758
409,12.010747909545898
410,12.040772438049316
411,12.040287971496582
412,11.844101905822754
413,11.829814910888672
414,11.894098281860352
415,12.130691528320312
416,12.18465518951416
417,12.098553657531738
418,12.008256912231445
419,12.016718864440918
420,12.01465129852295
421,11.867222785949707
422,11.920352935791016
423,11.928570747375488
424,11.975553512573242
425,11.97525691986084
426,11.937318801879883
427,11.962708473205566
428,12.005328178405762
429,11.96589469909668
430,11.981874465942383
431,11.962669372558594
432,11.993244171142578
433,11.878652572631836
434,11.90399169921875
435,11.867661476135254
436,11.913358688354492
437,12.058236122131348
438,11.800154685974121
439,11.924288749694824
440,12.131997108459473
441,12.052610397338867
442,11.877435684204102
443,11.930830955505371
444,12.060816764831543
445,12.046391487121582
446,12.011624336242676
447,12.018143653869629
448,12.069579124450684
449,12.264638900756836
450,12.338822364807129
451,12.363563537597656
452,12.40939712524414
453,12.420035362243652
454,12.391556739807129
455,12.34235954284668
456,12.339249610900879
457,12.349090576171875
458,12.255658149719238
459,12.259658813476562
460,12.291061401367188
461,12.21759033203125
462,12.146153450012207
463,12.241754531860352
464,12.179728507995605
465,12.134325981140137
466,12.22095012664795
467,12.185426712036133
468,12.405937194824219
469,12.460322380065918
470,12.435314178466797
471,12.497968673706055
472,12.550299644470215
473,12.52143669128418
474,12.540828704833984
475,12.554661750793457
476,12.613354682922363
477,12.573781967163086
478,12.606860160827637
479,12.60936164855957
480,12.564204216003418
481,12.60871410369873
482,12.638833999633789
483,12.70809555053711
484,12.75617504119873
485,12.84817123413086
486,12.869535446166992
487,12.823587417602539
488,12.83059024810791
489,12.817774772644043
490,12.812950134277344
491,12.75165843963623
492,12.668896675109863
493,12.698875427246094
494,12.419296264648438
495,12.265345573425293
496,12.34377670288086
497,12.287644386291504
498,12.311042785644531
499,12.310046195983887
500,13.364348411560059
501,13.390886306762695
502,13.434999465942383
503,13.45909309387207
504,13.495574951171875
505,13.4887113571167
506,13.515711784362793
507,13.524660110473633
508,13.570773124694824
509,13.580602645874023
510,13.647256851196289
511,13.538374900817871
512,13.48125171661377
513,13.452449798583984
514,13.49466323852539
515,13.467370986938477
516,13.438759803771973
517,13.428315162658691
518,13.483119010925293
519,13.638407707214355
520,13.783794403076172
521,13.777944564819336
522,13.761833190917969
523,13.673075675964355
524,13.723979949951172
525,13.84636402130127
526,13.96004867553711
527,13.978606224060059
528,13.957889556884766
529,13.890968322753906
530,13.85871410369873
531,13.852043151855469
532,13.839908599853516
533,13.8848876953125
534,13.807392120361328
535,13.744524002075195
536,13.785223960876465
537,13.754268646240234
538,13.707380294799805
539,13.69927978515625
540,13.574071884155273
541,13.547745704650879
542,13.614481925964355
543,13.691418647766113
544,13.730844497680664
545,13.723053932189941
546,13.753360748291016
547,13.938880920410156
548,13.783257484436035
549,13.668339729309082
550,13.677257537841797
551,13.739788055419922
552,13.75308609008789
553,13.79695987701416
554,13.771773338317871
555,13.886090278625488
556,13.882791519165039
557,13.858688354492188
558,13.825772285461426
559,13.791844367980957
560,13.811431884765625
561,13.792771339416504
562,13.731602668762207
563,13.735400199890137
564,13.717313766479492
565,13.765059471130371
566,13.859522819519043
567,13.833342552185059
568,13.782050132751465
569,13.738754272460938
570,13.795175552368164
571,13.750605583190918
572,13.694635391235352
573,13.819046974182129
574,14.084696769714355
575,14.131963729858398
576,14.05085563659668
577,13.991433143615723
578,14.002960205078125
579,14.052549362182617
580,14.036365509033203
581,13.993454933166504
582,13.979140281677246
583,13.956089973449707
584,13.899636268615723
585,13.893608093261719
586,13.874156951904297
587,13.775546073913574
588,13.715249061584473
589,13.664729118347168
590,13.65015697479248
591,13.636924743652344
592,13.62683391571045
593,13.650300025939941
594,13.65453815460205
595,13.590316772460938
596,13.605884552001953
597,13.64162826538086
598,13.651355743408203
599,13.655072212219238
600,14.295245170593262
601,14.304605484008789
602,14.365921020507812
603,14.3241605758667
604,14.310635566711426
605,14.278841018676758
606,14.252360343933105
607,14.153395652770996
608,14.087543487548828
609,14.063220977783203
610,14.013921737670898
611,14.00926685333252
612,13.930516242980957
613,14.002340316772461
614,13.995259284973145
615,13.988325119018555
616,14.035928726196289
617,14.040302276611328
618,13.941826820373535
619,13.923681259155273
620,14.147826194763184
621,14.09694766998291
622,14.00741958618164
623,14.010737419128418
624,13.9451322555542
625,13.886634826660156
626,13.87996768951416
627,14.504382133483887
628,14.56231689453125
629,14.43580150604248
630,14.42149829864502
631,14.4104585647583
632,14.44375228881836
633,14.488970756530762
634,14.480891227722168
635,14.405463218688965
636,14.40277099609375
637,14.386205673217773
638,14.333738327026367
639,14.3252534866333
640,14.214516639709473
641,14.222311019897461
642,14.15836238861084
643,14.232654571533203
644,14.294265747070312
645,14.317298889160156
646,14.382835388183594
647,14.344733238220215
648,14.31460189819336
649,14.337187767028809
650,14.401001930236816
651,14.498819351196289
652,14.642221450805664
653,15.36890697479248
654,15.411104202270508
655,15.367879867553711
656,15.482573509216309
657,15.487115859985352
658,15.572783470153809
659,15.707498550415039
660,15.701852798461914
661,15.925557136535645
662,15.813409805297852
663,15.873045921325684
664,15.997282981872559
665,16.23049545288086
666,16.406469345092773
667,15.987452507019043
668,15.9286527633667
669,15.727537155151367
670,15.613356590270996
671,15.566267013549805
672,15.46817398071289
673,15.395380973815918
674,15.394457817077637
675,15.268425941467285
676,15.330137252807617
677,15.224845886230469
678,15.476168632507324
679,15.118610382080078
680,15.246054649353027
681,15.230612754821777
682,15.067808151245117
683,15.177114486694336
684,15.269780158996582
685,15.401453971862793
686,15.605961799621582
687,15.692172050476074
688,15.756400108337402
689,15.845638275146484
690,15.854107856750488
691,15.694024085998535
692,15.950813293457031
693,16.0484619140625
694,15.998127937316895
695,16.117692947387695
696,16.179197311401367
697,16.159095764160156
698,16.26146125793457
699,16.05936050415039
700,16.06549835205078
701,16.062864303588867
702,15.97383975982666
703,15.86725902557373
704,15.8338041305542
705,15.68184757232666
706,15.478989601135254
707,15.525973320007324
708,16.073223114013672
709,16.519180297851562
710,16.478471755981445
711,16.453941345214844
712,16.50548553466797
713,16.4061279296875
714,16.38709831237793
715,16.32463836669922
716,16.395275115966797
717,16.389217376708984
718,16.59078025817871
719,16.5537109375
720,16.64544677734375
721,16.867034912109375
722,16.8149471282959
723,16.776912689208984
724,16.76800537109375
725,16.756526947021484
726,16.679664611816406
727,16.708280563354492
728,16.60788917541504
729,16.72939109802246
730,16.71792221069336
731,16.683984756469727
732,16.81919288635254
733,16.96133041381836
734,16.854368209838867
735,16.668655395507812
736,17.008127212524414
737,17.04513931274414
738,16.98703384399414
739,16.91082763671875
740,16.96506690979004
741,17.003063201904297
742,16.98969268798828
743,17.00530242919922
744,16.965251922607422
745,16.94087028503418
746,16.884931564331055
747,16.840700149536133
748,16.885757446289062
749,16.801589965820312
750,16.749738693237305
751,16.693103790283203
752,16.644033432006836
753,16.49476432800293
754,16.39813232421875
755,16.36140251159668
756,16.269546508789062
757,16.269357681274414
758,16.36073875427246
759,16.46933364868164
760,16.506742477416992
761,16.47776222229004
762,16.743019104003906
763,16.592987060546875
764,16.684661865234375
765,16.555055618286133
766,16.650983810424805
767,16.60550880432129
768,16.67049789428711
769,16.732206344604492
770,16.84810447692871
771,16.76717185974121
772,16.947343826293945
773,16.912065505981445
774,16.824066162109375
775,16.82490348815918
776,16.818693161010742
777,16.81417465209961
778,16.828018188476562
779,16.774099349975586
780,16.755159378051758
781,16.74873161315918
782,16.729768753051758
783,16.611738204956055
784,16.35338020324707
785,16.15789222717285
786,16.153404235839844
787,16.104665756225586
788,16.039405822753906
789,16.04229164123535
790,16.235740661621094
791,16.33270263671875
792,16.332876205444336
793,16.446701049804688
794,16.45921516418457
795,16.523128509521484
796,16.54903221130371
797,16.559423446655273
798,16.56595802307129
799,16.601694107055664
800,16.68170166015625
801,16.54740333557129
802,16.51936149597168
803,16.561019897460938
804,16.276166915893555
805,16.18275260925293
806,16.26884651184082
807,16.263925552368164
808,16.3251953125
809,16.428897857666016
810,16.473922729492188
811,16.530357360839844
812,16.50596809387207
813,16.521949768066406
814,16.491825103759766
815,16.53321075439453
816,16.550626754760742
817,16.60285758972168
818,16.684894561767578
819,16.73185157775879
820,16.436994552612305
821,16.30293846130371
822,16.0580997467041
823,15.606734275817871
824,15.655738830566406
825,15.551546096801758
826,15.564363479614258
827,15.598426818847656
828,15.620004653930664
829,15.634840965270996
830,15.592049598693848
831,15.58032512664795
832,15.47148609161377
833,15.564725875854492
834,15.622305870056152
835,15.724075317382812
836,15.5443754196167
837,15.546575546264648
838,15.662878036499023
839,15.672392845153809
840,15.633990287780762
841,15.783193588256836
842,15.611414909362793
843,15.075943946838379
844,15.429849624633789
845,15.397852897644043
846,15.283940315246582
847,15.332491874694824
848,15.583268165588379
849,15.647940635681152
850,15.719749450683594
851,15.827183723449707
852,16.02168846130371
853,16.007957458496094
854,16.056642532348633
855,15.973860740661621
856,15.925119400024414
857,15.998880386352539
858,16.058515548706055
859,16.017995834350586
860,15.898357391357422
861,16.0297794342041
862,16.148923873901367
863,15.77902603149414
864,15.737227439880371
865,15.803067207336426
866,15.831888198852539
867,15.788819313049316
868,15.730350494384766
869,15.722058296203613
870,16.499286651611328
871,16.599149703979492
872,16.488250732421875
873,16.352142333984375
874,16.341041564941406
875,16.46820068359375
876,16.52288246154785
877,16.460796356201172
878,16.416839599609375
879,16.351837158203125
880,16.81574249267578
881,16.70077133178711
882,16.762380599975586
883,16.979778289794922
884,16.9381160736084
885,16.839963912963867
886,16.848834991455078
887,16.86234474182129
888,16.85957145690918
889,16.773250579833984
890,16.809185028076172
891,16.866846084594727
892,16.77663230895996
893,16.78999900817871
894,16.846982955932617
895,16.770774841308594
896,16.77705192565918
897,16.95795440673828
898,16.90337371826172
899,16.881996154785156
900,16.70684814453125
901,16.65190887451172
902,16.612436294555664
903,16.72588539123535
904,16.74117088317871
905,16.68242835998535
906,16.72365379333496
907,16.71497917175293
908,16.71997833251953
909,16.70120620727539
910,16.70955467224121
911,16.631139755249023
912,16.636730194091797
913,16.62119483947754
914,16.69125747680664
915,16.859289169311523
916,16.824098587036133
917,16.76116371154785
918,16.801599502563477
919,16.796873092651367
920,16.96184539794922
921,16.86861228942871
922,16.826181411743164
923,16.835359573364258
924,16.81593132019043
925,16.623836517333984
926,16.542858123779297
927,16.44819450378418
928,16.427478790283203
929,16.37116241455078
930,16.30698013305664
931,16.286602020263672
932,16.340181350708008
933,16.44844627380371
934,16.502037048339844
935,16.5765438079834
936,16.608192443847656
937,16.52915382385254
938,16.486404418945312
939,16.507287979125977
940,16.52496910095215
941,16.474939346313477
942,16.48556137084961
943,16.40363883972168
944,16.428213119506836
945,16.358539581298828
946,16.342300415039062
947,16.221187591552734
948,16.20955467224121
949,16.2077693939209
950,16.26869010925293
951,16.551284790039062
952,16.590776443481445
953,16.61986541748047
954,16.70844078063965
955,16.707929611206055
956,16.696910858154297
957,16.68685531616211
958,16.79250717163086
959,16.776599884033203
960,16.762922286987305
961,16.81911849975586
962,16.781538009643555
963,16.791549682617188
964,16.826818466186523
965,16.884014129638672
966,16.84296989440918
967,16.823503494262695
968,16.769458770751953
969,16.747798919677734
970,16.740276336669922
971,16.77467155456543
972,16.744937896728516
973,16.715513229370117
974,16.726865768432617
975,16.59933853149414
976,16.64055061340332
977,16.59359359741211
978,16.298524856567383
979,16.523914337158203
980,16.637340545654297
981,16.625455856323242
982,16.618680953979492
983,16.663084030151367
984,16.608327865600586
985,16.529438018798828
986,16.528703689575195
987,16.567440032958984
988,16.678102493286133
989,16.67508888244629
990,16.585464477539062
991,16.50682258605957
992,16.569549560546875
993,16.596118927001953
994,16.56892204284668
995,16.591705322265625
996,16.633556365966797
997,16.556882858276367
998,16.49765396118164
999,16.55964469909668
1000,16.86937141418457
1001,16.88344955444336
1002,16.897977828979492
1003,16.764020919799805
1004,16.737401962280273
1005,17.179494857788086
1006,17.25554656982422
1007,17.199186325073242
1008,17.17888832092285
1009,17.352327346801758
1010,17.390018463134766
1011,17.368425369262695
1012,17.40260887145996
1013,17.333093643188477
1014,17.341901779174805
1015,17.330120086669922
1016,17.286142349243164
1017,17.18115234375
1018,17.190044403076172
1019,17.261640548706055
1020,17.213909149169922
1021,17.233537673950195
1022,17.112377166748047
1023,17.134218215942383
1024,17.215173721313477
1025,17.248218536376953
1026,17.0504093170166
1027,17.10727882385254
1028,17.076107025146484
1029,17.114055633544922
1030,17.139223098754883
1031,17.18540382385254
1032,17.664058685302734
1033,17.541410446166992
1034,17.561500549316406
1035,17.66240119934082
1036,17.633451461791992
1037,17.65746307373047
1038,17.628108978271484
1039,17.621740341186523
1040,17.629127502441406
1041,17.668285369873047
1042,17.669437408447266
1043,17.640466690063477
1044,17.68085289001465
1045,17.653928756713867
1046,17.621809005737305
1047,17.705720901489258
1048,17.752853393554688
1049,17.663524627685547
1050,17.580448150634766
1051,17.637239456176758
1052,17.66425895690918
1053,17.67554473876953
1054,17.669559478759766
1055,17.755603790283203
1056,17.77988624572754
1057,17.75624656677246
1058,17.771087646484375
1059,17.70808982849121
1060,17.662458419799805
1061,17.635025024414062
1062,17.591476440429688
1063,17.58615493774414
1064,17.649293899536133
1065,17.66607666015625
1066,17.834653854370117
1067,17.846717834472656
1068,17.895801544189453
1069,17.9296817779541
1070,18.042612075805664
1071,18.05634880065918
1072,17.97216796875
1073,17.931236267089844
1074,17.943279266357422
1075,17.93512725830078
1076,17.90833854675293
1077,17.944639205932617
1078,17.93720817565918
1079,17.92535972595215
1080,17.898122787475586
1081,17.815021514892578
1082,17.790197372436523
1083,17.631059646606445
1084,17.844114303588867
1085,17.737443923950195
1086,17.85016632080078
1087,17.92422103881836
1088,17.857601165771484
1089,17.894906997680664
1090,17.804859161376953
1091,17.7664794921875
1092,17.835399627685547
1093,17.846376419067383
1094,17.902145385742188
1095,17.895082473754883
1096,17.8907527923584
1097,17.904462814331055
1098,17.916793823242188
1099,17.9487247467041
1100,17.898212432861328
1101,17.927820205688477
1102,17.85449981689453
1103,17.901649475097656
1104,17.867847442626953
1105,17.877962112426758
1106,17.844173431396484
1107,17.96019172668457
1108,17.894287109375
1109,17.873319625854492
1110,17.849058151245117
1111,17.925922393798828
1112,17.932411193847656
1113,17.80240821838379
1114,17.819927215576172
1115,17.885190963745117
1116,17.86241340637207
1117,17.894489288330078
1118,17.8931827545166
1119,17.904062271118164
1120,17.88409423828125
1121,17.82732582092285
1122,17.826536178588867
1123,17.91037368774414
1124,17.88678741455078
1125,17.9378719329834
1126,17.935203552246094
1127,17.919660568237305
1128,17.90587043762207
1129,17.909761428833008
1130,17.919641494750977
1131,17.9128360748291
1132,17.938518524169922
1133,17.940256118774414
1134,17.91817855834961
1135,17.985998153686523
1136,17.900175094604492
1137,17.839094161987305
1138,17.89499855041504
1139,17.879467010498047
1140,17.92632293701172
1141,17.869754791259766
1142,17.85096549987793
1143,17.89344024658203
1144,17.88805389404297
1145,17.889911651611328
1146,17.882164001464844
1147,17.86699676513672
1148,17.82204818725586
1149,17.80788230895996
1150,17.81812286376953
1151,17.836942672729492
1152,17.92376136779785
1153,17.874774932861328
1154,17.83652687072754
1155,17.86798667907715
1156,17.89645767211914
1157,17.863821029663086
1158,17.81612205505371
1159,17.914682388305664
1160,17.8736629486084
1161,17.910423278808594
1162,17.87307357788086
1163,17.88797378540039
1164,17.90633201599121
1165,17.887611389160156
1166,17.901439666748047
1167,17.832216262817383
1168,17.895660400390625
1169,17.82406997680664
1170,17.92051124572754
1171,17.93634605407715
1172,17.924962997436523
1173,18.033050537109375
1174,18.023468017578125
1175,18.02031135559082
1176,17.976457595825195
1177,17.933551788330078
1178,17.941383361816406
1179,17.938892364501953
1180,17.942745208740234
1181,17.94306755065918
1182,17.957324981689453
1183,17.932418823242188
1184,17.890932083129883
1185,17.95387840270996
1186,17.853073120117188
1187,17.87086296081543
1188,17.89420509338379
1189,18.002458572387695
1190,17.950355529785156
1191,17.96364974975586
1192,17.92837905883789
1193,17.897796630859375
1194,17.91631507873535
1195,17.90143585205078
1196,17.90271759033203
1197,17.945655822753906
1198,17.924732208251953
1199,17.93696403503418
1200,17.90245246887207
1201,17.912134170532227
1202,17.905086517333984
1203,17.8704776763916
1204,17.919301986694336
1205,17.870105743408203
1206,17.865068435668945
1207,17.84889793395996
1208,17.859943389892578
1209,17.87723159790039
1210,17.854658126831055
1211,17.827518463134766
1212,17.858915328979492
1213,17.869508743286133
1214,17.88127899169922
1215,17.85141944885254
1216,17.864215850830078
1217,17.82380485534668
1218,17.891361236572266
1219,17.79631805419922
1220,17.879648208618164
1221,17.936800003051758
1222,17.86235809326172
1223,17.917173385620117
1224,17.94618797302246
1225,17.863067626953125
1226,17.695201873779297
1227,17.300756454467773
1228,17.104534149169922
1229,17.152807235717773
1230,17.090150833129883
1231,16.90045928955078
1232,16.96210289001465
1233,16.9163818359375
1234,16.803234100341797
1235,16.807575225830078
1236,16.787826538085938
1237,16.826549530029297
1238,16.748680114746094
1239,16.835664749145508
1240,16.721738815307617
1241,16.690547943115234
1242,16.726076126098633
1243,16.698535919189453
1244,16.71954917907715
1245,16.790258407592773
1246,16.61954116821289
1247,16.518369674682617
1248,16.48940086364746
1249,16.52100944519043
1250,16.490079879760742
1251,16.39777183532715
1252,16.431833267211914
1253,16.399654388427734
1254,16.46129608154297
1255,16.46287727355957
1256,16.4511661529541
1257,16.486242294311523
1258,16.582799911499023
1259,16.851781845092773
1260,16.78023338317871
1261,16.70337677001953
1262,16.696617126464844
1263,16.661142349243164
1264,16.634790420532227
1265,16.61795425415039
1266,16.604745864868164
1267,16.648595809936523
1268,16.655506134033203
1269,16.65401840209961
1270,16.61919593811035
1271,16.60234832763672
1272,16.53409767150879
1273,16.734458923339844
1274,16.817758560180664
1275,16.759374618530273
1276,16.744138717651367
1277,16.833736419677734
1278,16.84702491760254
1279,17.019638061523438
1280,16.99100685119629
1281,17.025779724121094
1282,17.051362991333008
1283,17.018939971923828
1284,16.974607467651367
1285,16.999849319458008
1286,16.88494873046875
1287,16.897174835205078
1288,16.891393661499023
1289,16.877378463745117
1290,16.829113006591797
1291,16.889190673828125
1292,16.78333282470703
1293,16.8657283782959
1294,16.854061126708984
1295,16.745622634887695
1296,16.836244583129883
1297,16.825883865356445
1298,16.734460830688477
1299,16.800294876098633
1300,17.458576202392578
1301,17.41765022277832
1302,17.42317008972168
1303,17.365577697753906
1304,17.370258331298828
1305,17.385637283325195
1306,17.401371002197266
1307,17.36212158203125
1308,17.252107620239258
1309,17.27269172668457
1310,17.254711151123047
1311,17.266780853271484
1312,17.250722885131836
1313,17.22012710571289
1314,17.180133819580078
1315,17.262115478515625
1316,17.25943374633789
1317,17.26629066467285
1318,17.230918884277344
1319,17.165098190307617
1320,17.205930709838867
1321,17.177160263061523
1322,17.246061325073242
1323,17.192399978637695
1324,17.15581512451172
1325,17.05601692199707
1326,17.129867553710938
1327,17.739303588867188
1328,17.51874542236328
1329,17.49017333984375
1330,17.502777099609375
1331,17.4808349609375
1332,17.46341896057129
1333,17.509456634521484
1334,17.42120933532715
1335,17.484066009521484
1336,17.42399024963379
1337,17.43109893798828
1338,17.631656646728516
1339,17.28218650817871
1340,17.20224380493164
1341,17.34380340576172
1342,17.278291702270508
1343,17.285690307617188
1344,17.202049255371094
1345,17.179779052734375
1346,17.274452209472656
1347,17.37541961669922
1348,17.27613639831543
1349,17.311336517333984
1350,17.31207275390625
1351,17.24834632873535
1352,17.296295166015625
1353,17.130369186401367
1354,16.9398193359375
1355,16.956085205078125
1356,17.34160041809082
1357,17.365581512451172
1358,17.40129280090332
1359,17.274696350097656
1360,17.23386001586914
1361,17.2208194732666
1362,17.280752182006836
1363,17.584888458251953
1364,17.46427345275879
1365,17.40260124206543
1366,17.3791561126709
1367,17.30716323852539
1368,17.35405158996582
1369,17.43033218383789
1370,17.336769104003906
1371,17.34478187561035
1372,17.324169158935547
1373,17.250225067138672
1374,17.27480697631836
1375,17.260629653930664
1376,17.18708038330078
1377,17.27388572692871
1378,17.33036231994629
1379,17.220590591430664
1380,17.25324821472168
1381,16.976341247558594
1382,16.74922752380371
1383,17.009262084960938
1384,16.99153709411621
1385,16.913902282714844
1386,16.991825103759766
1387,16.971887588500977
1388,17.076366424560547
1389,16.975475311279297
1390,17.08308982849121
1391,16.983970642089844
1392,17.018192291259766
1393,16.961145401000977
1394,16.894102096557617
1395,16.931598663330078
1396,16.96988868713379
1397,16.947507858276367
1398,17.057287216186523
1399,17.068984985351562
1400,17.051191329956055
1401,17.173526763916016
1402,17.089750289916992
1403,17.06568145751953
1404,16.99563217163086
1405,17.29722023010254
1406,17.459257125854492
1407,17.510461807250977
1408,17.507627487182617
1409,17.318912506103516
1410,17.264291763305664
1411,17.26446533203125
1412,17.31113052368164
1413,17.236825942993164
1414,17.30050277709961
1415,17.282381057739258
1416,17.242080688476562
1417,17.192798614501953
1418,17.358739852905273
1419,17.189266204833984
1420,17.220563888549805
1421,17.113554000854492
1422,17.11028289794922
1423,17.077560424804688
1424,17.094139099121094
1425,17.140390396118164
1426,17.09649085998535
1427,17.03801727294922
1428,17.04408836364746
1429,17.11532974243164
1430,17.09231948852539
1431,17.067102432250977
1432,17.07117462158203
1433,17.121334075927734
1434,17.064523696899414
1435,16.768619537353516
1436,16.901615142822266
1437,16.848339080810547
1438,16.714094161987305
1439,16.708829879760742
1440,16.710268020629883
1441,16.686471939086914
1442,16.7486515045166
1443,16.764692306518555
1444,16.73145294189453
1445,16.680078506469727
1446,16.641326904296875
1447,16.659955978393555
1448,16.64908218383789
1449,16.640077590942383
1450,16.64678382873535
1451,16.75935173034668
1452,16.79347801208496
1453,16.80549430847168
1454,16.80485725402832
1455,16.841819763183594
1456,16.963411331176758
1457,16.913896560668945
1458,17.00699806213379
1459,17.07269287109375
1460,17.228771209716797
1461,17.042774200439453
1462,17.203767776489258
1463,17.2475643157959
1464,17.217676162719727
1465,17.106029510498047
1466,17.155908584594727
1467,17.134103775024414
1468,17.161935806274414
1469,17.083240509033203
1470,16.952613830566406
1471,16.973976135253906
1472,16.91790771484375
1473,16.93077850341797
1474,16.913984298706055
1475,16.91620635986328
1476,16.910654067993164
1477,17.000391006469727
1478,17.072921752929688
1479,17.029203414916992
1480,16.994422912597656
1481,16.95453453063965
1482,16.979673385620117
1483,16.907506942749023
1484,16.93389129638672
1485,16.895183563232422
1486,17.00960350036621
1487,16.969745635986328
1488,16.969539642333984
1489,17.06142807006836
1490,16.94222640991211
1491,17.011533737182617
1492,17.21774673461914
1493,17.204172134399414
1494,17.314180374145508
1495,17.305622100830078
1496,17.459991455078125
1497,17.47705078125
1498,17.377544403076172
1499,17.450767517089844
1500,17.260955810546875
1501,17.207197189331055
1502,17.249713897705078
1503,17.267627716064453
1504,17.21489715576172
1505,17.306791305541992
1506,17.41317367553711
1507,17.25449562072754
1508,17.202016830444336
1509,17.11575698852539
1510,17.1373348236084
1511,17.110736846923828
1512,17.213672637939453
1513,17.246253967285156
1514,17.198131561279297
1515,17.26180648803711
1516,17.52469253540039
1517,17.32480812072754
1518,17.43004608154297
1519,17.551124572753906
1520,17.529308319091797
1521,17.593841552734375
1522,17.653167724609375
1523,17.597923278808594
1524,17.688003540039062
1525,17.68499755859375
1526,17.761375427246094
1527,17.695430755615234
1528,17.70290184020996
1529,17.652008056640625
1530,17.602031707763672
1531,17.558284759521484
1532,17.605209350585938
1533,17.652231216430664
1534,17.669389724731445
1535,17.663829803466797
1536,17.666955947875977
1537,17.795528411865234
1538,17.758892059326172
1539,17.71248435974121
1540,17.761667251586914
1541,17.718114852905273
1542,17.760679244995117
1543,17.791473388671875
1544,17.72504425048828
1545,17.67656135559082
1546,17.67799186706543
1547,17.7238826751709
1548,17.74747657775879
1549,17.768102645874023
1550,17.758525848388672
1551,17.709444046020508
1552,17.642240524291992
1553,17.571455001831055
1554,17.615489959716797
1555,17.64129638671875
1556,17.654293060302734
1557,17.655282974243164
1558,17.636680603027344
1559,17.580175399780273
1560,17.555028915405273
1561,17.504384994506836
1562,17.460634231567383
1563,17.438140869140625
1564,17.520402908325195
1565,17.564958572387695
1566,17.655376434326172
1567,17.6965389251709
1568,17.63155174255371
1569,17.742969512939453
1570,17.216510772705078
1571,17.066564559936523
1572,16.993183135986328
1573,17.111106872558594
1574,17.062307357788086
1575,17.013795852661133
1576,16.986141204833984
1577,17.013689041137695
1578,17.018798828125
1579,17.04001235961914
1580,17.20412826538086
1581,17.25939178466797
1582,17.2794189453125
1583,17.26970100402832
1584,17.199501037597656
1585,17.17473030090332
1586,17.219392776489258
1587,17.203577041625977
1588,17.10736656188965
1589,17.12061309814453
1590,17.113935470581055
1591,17.07234764099121
1592,17.097265243530273
1593,17.415616989135742
1594,17.324321746826172
1595,17.26160430908203
1596,17.195297241210938
1597,17.61116600036621
1598,17.593429565429688
1599,17.548629760742188
1600,17.57953643798828
1601,17.526817321777344
1602,17.513713836669922
1603,17.550161361694336
1604,17.616378784179688
1605,17.553955078125
1606,17.572250366210938
1607,17.605117797851562
1608,17.637432098388672
1609,17.61371421813965
1610,17.665884017944336
1611,17.70635223388672
1612,17.620649337768555
1613,17.591327667236328
1614,17.5980167388916
1615,17.528806686401367
1616,17.499948501586914
1617,17.537931442260742
1618,17.56772804260254
1619,17.389562606811523
1620,17.528627395629883
1621,17.53915023803711
1622,17.489526748657227
1623,17.511510848999023
1624,17.704875946044922
1625,17.761850357055664
1626,17.67685890197754
1627,17.704086303710938
1628,17.655717849731445
1629,17.628074645996094
1630,17.65354347229004
1631,17.610326766967773
1632,17.60871696472168
1633,17.609773635864258
1634,17.623245239257812
1635,17.58381462097168
1636,17.58635902404785
1637,17.639583587646484
1638,17.590883255004883
1639,17.642295837402344
1640,17.624101638793945
1641,17.595706939697266
1642,17.620344161987305
1643,17.604990005493164
1644,17.80759048461914
1645,17.73642921447754
1646,17.770687103271484
1647,17.78931427001953
1648,17.71600341796875
1649,17.39859962463379
1650,17.150310516357422
1651,17.46894645690918
1652,17.477420806884766
1653,17.038000106811523
1654,16.923276901245117
1655,16.75569725036621
1656,16.756120681762695
1657,16.873014450073242
1658,16.703563690185547
1659,16.733795166015625
1660,16.738142013549805
1661,16.708759307861328
1662,16.744760513305664
1663,16.785551071166992
1664,16.684839248657227
1665,16.684621810913086
1666,16.69534683227539
1667,16.53325653076172
1668,16.46991729736328
1669,16.47129249572754
1670,16.462553024291992
1671,16.514604568481445
1672,16.56446647644043
1673,16.7039737701416
1674,16.860445022583008
1675,16.822587966918945
1676,16.821521759033203
1677,16.811553955078125
1678,16.72627830505371
1679,16.62126922607422
1680,16.518386840820312
1681,16.62191390991211
1682,16.631961822509766
1683,16.56197738647461
1684,16.499359130859375
1685,16.480268478393555
1686,16.468368530273438
1687,16.47893524169922
1688,16.42966651916504
1689,16.355627059936523
1690,16.338903427124023
1691,16.331195831298828
1692,16.326629638671875
1693,16.329397201538086
1694,16.343963623046875
1695,16.435810089111328
1696,16.446985244750977
1697,16.5024356842041
1698,16.494413375854492
1699,16.523731231689453
1700,16.595245361328125
1701,16.5914363861084
1702,16.622631072998047
1703,16.54629898071289
1704,16.47413444519043
1705,16.58192253112793
1706,16.65481948852539
1707,16.682323455810547
1708,16.660154342651367
1709,16.570180892944336
1710,16.509002685546875
1711,16.569841384887695
1712,16.60453224182129
1713,16.588823318481445
1714,16.589162826538086
1715,16.61903953552246
1716,16.622434616088867
1717,16.622526168823242
1718,16.67465591430664
1719,16.59581756591797
1720,16.642311096191406
1721,16.67986488342285
1722,16.8455810546875
1723,16.74761390686035
1724,16.72413444519043
1725,16.781179428100586
1726,16.767324447631836
1727,16.785785675048828
1728,16.792438507080078
1729,16.948898315429688
1730,16.899324417114258
1731,17.018211364746094
1732,17.301984786987305
1733,17.339277267456055
1734,17.330839157104492
1735,17.41081428527832
1736,17.360944747924805
1737,17.438783645629883
1738,17.371370315551758
1739,17.315311431884766
1740,17.327510833740234
1741,17.22064208984375
1742,17.2070255279541
1743,17.211721420288086
1744,17.20648956298828
1745,17.282962799072266
1746,17.30535125732422
1747,17.2456111907959
1748,17.239538192749023
1749,17.185277938842773
1750,17.12700080871582
1751,17.179683685302734
1752,17.27161407470703
1753,17.139883041381836
1754,17.179887771606445
1755,17.273113250732422
1756,17.155359268188477
1757,17.083820343017578
1758,16.975582122802734
1759,17.260650634765625
1760,16.658143997192383
1761,16.5465145111084
1762,16.58346176147461
1763,16.60761260986328
1764,16.535734176635742
1765,16.506319046020508
1766,16.572561264038086
1767,16.61295509338379
1768,16.63149642944336
1769,16.63576889038086
1770,16.674701690673828
1771,16.739286422729492
1772,16.834665298461914
1773,17.127822875976562
1774,16.988374710083008
1775,17.0082950592041
1776,16.966909408569336
1777,16.947477340698242
1778,16.882652282714844
1779,16.840831756591797
1780,16.860593795776367
1781,16.624494552612305
1782,16.563152313232422
1783,16.617963790893555
1784,16.65739631652832
1785,16.8834171295166
1786,17.022645950317383
1787,17.04163360595703
1788,16.612171173095703
1789,16.544193267822266
1790,16.57881736755371
1791,16.617034912109375
1792,16.6201114654541
1793,16.74799919128418
1794,16.771638870239258
1795,16.85077476501465
1796,16.736997604370117
1797,16.704280853271484
1798,16.700477600097656
1799,16.691020965576172
1800,16.593875885009766
1801,16.431041717529297
1802,16.402666091918945
1803,16.410083770751953
1804,16.382781982421875
1805,16.371809005737305
1806,16.36412811279297
1807,16.29852294921875
1808,16.28756332397461
1809,16.2288818359375
1810,16.20505142211914
1811,16.208715438842773
1812,16.19986915588379
1813,16.153135299682617
1814,16.161890029907227
1815,16.13932228088379
1816,16.07126808166504
1817,16.106201171875
1818,16.117549896240234
1819,16.10630226135254
1820,16.11810874938965
1821,16.11454963684082
1822,16.11880111694336
1823,16.094623565673828
1824,16.11953353881836
1825,16.151046752929688
1826,16.209150314331055
1827,16.288137435913086
1828,16.334339141845703
1829,16.35859489440918
1830,16.35759735107422
1831,16.35289192199707
1832,16.32013511657715
1833,16.37519645690918
1834,16.38256072998047
1835,16.332271575927734
1836,16.255115509033203
1837,16.250057220458984
1838,16.313142776489258
1839,16.48540687561035
1840,16.58660316467285
1841,16.65428924560547
1842,16.637250900268555
1843,16.685514450073242
1844,16.604944229125977
1845,16.608753204345703
1846,16.581085205078125
1847,16.63408660888672
1848,16.623384475708008
1849,16.70079803466797
1850,16.71823501586914
1851,16.75509262084961
1852,16.84842300415039
1853,16.74451446533203
1854,16.8880615234375
1855,16.866315841674805
1856,16.764141082763672
1857,16.822114944458008
1858,16.7897891998291
1859,16.688560485839844
1860,16.81427574157715
1861,16.77860450744629
1862,16.754322052001953
1863,16.928911209106445
1864,16.824899673461914
1865,16.817455291748047
1866,17.210439682006836
1867,17.2611141204834
1868,17.241928100585938
1869,17.24601173400879
1870,17.25555992126465
1871,17.198110580444336
1872,17.200668334960938
1873,17.22152328491211
1874,17.214702606201172
1875,17.208459854125977
1876,17.331031799316406
1877,17.247758865356445
1878,17.207355499267578
1879,17.228471755981445
1880,17.09580421447754
1881,17.094825744628906
1882,16.935239791870117
1883,16.763227462768555
1884,16.609397888183594
1885,16.552099227905273
1886,16.58017921447754
1887,16.5967960357666
1888,16.727563858032227
1889,16.87637710571289
1890,16.82675552368164
1891,16.79555892944336
1892,16.851152420043945
1893,17.040616989135742
1894,16.924182891845703
1895,17.077938079833984
1896,17.13419532775879
1897,16.98409652709961
1898,17.200773239135742
1899,17.168426513671875
1900,17.186771392822266
1901,17.282228469848633
1902,17.21245765686035
1903,17.222862243652344
1904,17.2711181640625
1905,17.310279846191406
1906,17.1927490234375
1907,17.356401443481445
1908,17.306682586669922
1909,17.333696365356445
1910,17.25486183166504
1911,17.150863647460938
1912,17.112197875976562
1913,17.197721481323242
1914,17.22305679321289
1915,17.24650764465332
1916,17.19167137145996
1917,17.241884231567383
1918,17.24949836730957
1919,17.160030364990234
1920,17.518190383911133
1921,17.432323455810547
1922,17.416196823120117
1923,17.434383392333984
1924,17.496042251586914
1925,17.470258712768555
1926,17.439163208007812
1927,17.404434204101562
1928,17.41599464416504
1929,17.457706451416016
1930,17.451549530029297
1931,17.40505599975586
1932,17.44808578491211
1933,17.517627716064453
1934,17.470699310302734
1935,17.398372650146484
1936,17.40085792541504
1937,17.405359268188477
1938,17.410947799682617
1939,17.35228157043457
1940,17.376758575439453
1941,17.357601165771484
1942,17.277099609375
1943,17.234399795532227
1944,17.165712356567383
1945,17.291473388671875
1946,17.26212501525879
1947,17.255300521850586
1948,17.353517532348633
1949,17.37407875061035
1950,17.38527488708496
1951,17.410511016845703
1952,17.397340774536133
1953,17.32079315185547
1954,17.36796760559082
1955,17.347360610961914
1956,17.34613609313965
1957,17.382474899291992
1958,17.30380630493164
1959,17.265615463256836
1960,17.235679626464844
1961,17.332962036132812
1962,17.2851619720459
1963,17.28571319580078
1964,17.312274932861328
1965,17.40614128112793
1966,17.35414695739746
1967,17.287132263183594
1968,17.257139205932617
1969,17.314260482788086
1970,17.35218620300293
1971,17.376338958740234
1972,17.341739654541016
1973,17.454858779907227
1974,17.58058738708496
1975,17.62126350402832
1976,17.7037353515625
1977,17.646028518676758
1978,17.661699295043945
1979,17.60238265991211
1980,17.6430721282959
1981,17.603389739990234
1982,17.59255599975586
1983,17.612308502197266
1984,17.60634422302246
1985,17.644439697265625
1986,17.562049865722656
1987,17.639554977416992
1988,17.656476974487305
1989,17.668243408203125
1990,17.638938903808594
1991,17.606584548950195
1992,17.611637115478516
1993,17.69982147216797
1994,17.700990676879883
1995,17.70371437072754
1996,17.739105224609375
1997,17.731340408325195
1998,17.739885330200195
1999,17.699037551879883
2000,17.700178146362305
2001,18.031808853149414
2002,17.73888397216797
2003,17.495756149291992
2004,17.377286911010742
2005,17.427675247192383
2006,17.51695442199707
2007,17.488279342651367
2008,17.440658569335938
2009,17.5291805267334
2010,17.595182418823242
2011,17.685392379760742
2012,17.687776565551758
2013,17.703126907348633
2014,17.767568588256836
2015,17.66836929321289
2016,17.595693588256836
2017,17.70216941833496
2018,17.599220275878906
2019,17.556419372558594
2020,17.508943557739258
2021,17.57265853881836
2022,17.681734085083008
2023,17.6160888671875
2024,17.955852508544922
2025,17.927074432373047
2026,17.834457397460938
2027,17.749114990234375
2028,17.689552307128906
2029,17.87601661682129
2030,17.799991607666016
2031,17.891021728515625
2032,17.75714683532715
2033,17.905569076538086
2034,17.91427230834961
2035,17.93706703186035
2036,17.81606101989746
2037,17.766571044921875
2038,18.02425193786621
2039,18.041343688964844
2040,18.031166076660156
2041,18.02350425720215
2042,17.9693603515625
2043,18.141298294067383
2044,18.10516929626465
2045,18.13292121887207
2046,18.178075790405273
2047,18.120384216308594
2048,18.18012046813965
2049,18.066547393798828
2050,18.16657066345215
2051,18.18810272216797
2052,18.20655632019043
2053,18.163719177246094
2054,18.15934181213379
2055,17.563180923461914
2056,17.587862014770508
2057,17.663728713989258
2058,17.65644073486328
2059,17.546669006347656
2060,17.5289306640625
2061,17.474990844726562
2062,17.442163467407227
2063,17.34818458557129
2064,17.328903198242188
2065,17.442485809326172
2066,17.459957122802734
2067,17.41082000732422
2068,17.462535858154297
2069,17.590164184570312
2070,17.59937286376953
2071,17.721946716308594
2072,17.630037307739258
2073,17.520368576049805
2074,17.458332061767578
2075,17.732402801513672
2076,17.703996658325195
2077,18.276491165161133
2078,17.605798721313477
2079,17.682415008544922
2080,17.829561233520508
2081,17.968839645385742
2082,16.838502883911133
2083,16.848844528198242
2084,16.66295623779297
2085,16.564380645751953
2086,16.563556671142578
2087,16.555530548095703
2088,16.55046844482422
2089,16.62607765197754
2090,16.760406494140625
2091,16.675724029541016
2092,16.866090774536133
2093,16.902292251586914
2094,16.851417541503906
2095,16.71843910217285
2096,16.899442672729492
2097,16.99385643005371
2098,17.284513473510742
2099,17.29328155517578
2100,17.197998046875
2101,17.141660690307617
2102,17.117088317871094
2103,17.055932998657227
2104,17.143001556396484
2105,17.122861862182617
2106,17.197704315185547
2107,17.124225616455078
2108,17.006315231323242
2109,16.90833854675293
2110,16.871206283569336
2111,17.021718978881836
2112,17.09082794189453
2113,17.34208106994629
2114,17.486995697021484
2115,17.460609436035156
2116,17.37242317199707
2117,17.413986206054688
2118,17.385446548461914
2119,17.359603881835938
2120,17.422080993652344
2121,17.318979263305664
2122,17.275114059448242
2123,17.245010375976562
2124,17.187864303588867
2125,17.26186752319336
2126,17.304887771606445
2127,17.41805648803711
2128,17.542028427124023
2129,17.371414184570312
2130,17.184600830078125
2131,16.990018844604492
2132,16.974008560180664
2133,16.9239559173584
2134,16.964982986450195
2135,16.97602081298828
2136,17.139795303344727
2137,17.151243209838867
2138,17.152729034423828
2139,17.120960235595703
2140,17.20186996459961
2141,17.249778747558594
2142,17.487895965576172
2143,17.3958683013916
2144,17.512968063354492
2145,17.3474178314209
2146,17.457843780517578
2147,17.369821548461914
2148,17.29233741760254
2149,17.23293113708496
2150,17.224369049072266
2151,17.194828033447266
2152,17.108009338378906
2153,16.99239158630371
2154,16.98710060119629
2155,16.962583541870117
2156,16.93179702758789
2157,16.950298309326172
2158,16.915420532226562
2159,16.779918670654297
2160,16.78066062927246
2161,16.7949161529541
2162,16.734994888305664
2163,16.739967346191406
2164,16.889211654663086
2165,16.87849235534668
2166,16.827781677246094
2167,16.84345245361328
2168,16.88507080078125
2169,16.7305908203125
2170,16.730749130249023
2171,16.88831901550293
2172,16.727420806884766
2173,16.72646713256836
2174,16.47783088684082
2175,16.61775016784668
2176,16.603395462036133
2177,16.5669002532959
2178,16.595474243164062
2179,16.56219482421875
2180,16.494735717773438
2181,16.58472442626953
2182,16.564762115478516
2183,16.589075088500977
2184,16.587657928466797
2185,16.75218391418457
2186,16.443979263305664
2187,16.167373657226562
2188,16.084402084350586
2189,15.972774505615234
2190,16.30694007873535
2191,16.170530319213867
2192,16.068166732788086
2193,16.019163131713867
2194,16.015377044677734
2195,15.908111572265625
2196,15.878387451171875
2197,15.927512168884277
2198,16.056007385253906
2199,16.054685592651367
2200,16.065044403076172
2201,16.043546676635742
2202,15.78913402557373
2203,15.9049654006958
2204,15.729633331298828
2205,15.7398042678833
2206,15.748743057250977
2207,15.739142417907715
2208,16.002992630004883
2209,16.17340087890625
2210,16.222618103027344
2211,16.339950561523438
2212,16.156221389770508
2213,16.30105972290039
2214,16.311922073364258
2215,16.219816207885742
2216,16.270610809326172
2217,16.488569259643555
2218,16.559465408325195
2219,16.504236221313477
2220,16.55756187438965
2221,16.584779739379883
2222,16.28312873840332
2223,16.145206451416016
2224,16.136686325073242
2225,16.021743774414062
2226,16.088199615478516
2227,16.10771369934082
2228,16.009824752807617
2229,15.96896743774414
2230,15.983137130737305
2231,15.92437744140625
2232,16.02313804626465
2233,15.852045059204102
2234,15.814580917358398
2235,15.83098030090332
2236,15.829266548156738
2237,15.74622631072998
2238,15.914314270019531
2239,15.803926467895508
2240,15.808939933776855
2241,15.667394638061523
2242,15.798243522644043
2243,15.83215618133545
2244,15.754006385803223
2245,15.671039581298828
2246,15.686378479003906
2247,15.5806245803833
2248,15.548908233642578
2249,15.546570777893066
2250,15.319038391113281
2251,15.43021297454834
2252,15.430739402770996
2253,15.422868728637695
2254,15.183030128479004
2255,15.13232421875
2256,15.051860809326172
2257,15.048540115356445
2258,15.271931648254395
2259,15.40854263305664
2260,15.65477466583252
2261,15.559175491333008
2262,15.544930458068848
2263,15.536609649658203
2264,15.509561538696289
2265,15.471921920776367
2266,15.395727157592773
2267,15.4400634765625
2268,15.305182456970215
2269,15.294204711914062
2270,15.279062271118164
2271,15.416337013244629
2272,15.28882122039795
2273,15.188958168029785
2274,15.357281684875488
2275,15.404531478881836
2276,15.503676414489746
2277,15.48314380645752
2278,15.45801067352295
2279,15.438154220581055
2280,15.367203712463379
2281,15.393770217895508
2282,15.341184616088867
2283,15.300285339355469
2284,15.279242515563965
2285,15.220142364501953
2286,15.184272766113281
2287,15.124124526977539
2288,15.140007019042969
2289,15.183778762817383
2290,15.13139533996582
2291,15.110645294189453
2292,15.373873710632324
2293,15.756195068359375
2294,15.813055992126465
2295,15.697051048278809
2296,15.743783950805664
2297,15.750527381896973
2298,15.746288299560547
2299,15.575279235839844
2300,15.474568367004395
2301,15.393868446350098
2302,15.367621421813965
2303,15.231123924255371
2304,15.196697235107422
2305,15.18187141418457
2306,15.168508529663086
2307,15.179975509643555
2308,15.194111824035645
2309,15.157044410705566
2310,15.152164459228516
2311,15.186612129211426
2312,15.104166030883789
2313,15.15990924835205
2314,15.221366882324219
2315,15.25687026977539
2316,15.390875816345215
2317,15.210639953613281
2318,15.156320571899414
2319,15.215262413024902
2320,15.132768630981445
2321,15.111658096313477
2322,15.107452392578125
2323,15.174501419067383
2324,15.142448425292969
2325,15.346805572509766
2326,15.407305717468262
2327,15.52721118927002
2328,15.751895904541016
2329,15.648077011108398
2330,15.704151153564453
2331,15.731219291687012
2332,15.780839920043945
2333,15.817679405212402
2334,15.757091522216797
2335,15.746676445007324
2336,15.781694412231445
2337,15.832000732421875
2338,15.764163970947266
2339,15.81039047241211
2340,15.81128215789795
2341,16.085922241210938
2342,16.21550750732422
2343,16.12495994567871
2344,16.02591323852539
2345,16.05337142944336
2346,16.002084732055664
2347,16.00579833984375
2348,16.012096405029297
2349,15.904337882995605
2350,15.95456600189209
2351,15.986489295959473
2352,15.809767723083496
2353,15.532025337219238
2354,15.421515464782715
2355,15.32717514038086
2356,15.272150039672852
2357,15.263954162597656
2358,15.289947509765625
2359,15.243765830993652
2360,15.265408515930176
2361,15.172944068908691
2362,15.134654998779297
2363,15.122786521911621
2364,15.075888633728027
2365,15.088013648986816
2366,15.083364486694336
2367,15.163999557495117
2368,14.986141204833984
2369,14.983488082885742
2370,14.92781925201416
2371,14.961495399475098
2372,15.035367012023926
2373,14.95434284210205
2374,14.892783164978027
2375,14.886674880981445
2376,14.819818496704102
2377,14.886711120605469
2378,15.13119888305664
2379,14.997931480407715
2380,15.308098793029785
2381,15.532185554504395
2382,15.73154354095459
2383,15.711441993713379
2384,15.648714065551758
2385,15.666873931884766
2386,15.662788391113281
2387,15.674705505371094
2388,15.628922462463379
2389,15.452886581420898
2390,15.15167236328125
2391,15.089892387390137
2392,15.142157554626465
2393,14.830029487609863
2394,14.8297700881958
2395,14.828917503356934
2396,14.861029624938965
2397,14.762248992919922
2398,14.879759788513184
2399,15.07100772857666
2400,15.09625244140625
2401,15.179113388061523
2402,15.299077033996582
2403,15.405232429504395
2404,15.354330062866211
2405,15.310803413391113
2406,15.148004531860352
2407,15.17479133605957
2408,15.09852409362793
2409,15.022367477416992
2410,15.036114692687988
2411,14.983356475830078
2412,14.959209442138672
2413,14.869400024414062
2414,14.861479759216309
2415,14.885260581970215
2416,14.927281379699707
2417,14.906621932983398
2418,15.097091674804688
2419,15.080687522888184
2420,15.004034042358398
2421,15.044490814208984
2422,15.189698219299316
2423,15.343853950500488
2424,15.54389762878418
2425,15.360368728637695
2426,15.345693588256836
2427,15.321353912353516
2428,15.464865684509277
2429,15.521821022033691
2430,15.740238189697266
2431,15.64097785949707
2432,15.602995872497559
2433,16.040725708007812
2434,16.108043670654297
2435,16.120471954345703
2436,16.123414993286133
2437,16.07221221923828
2438,16.048980712890625
2439,15.99251937866211
2440,15.86010456085205
2441,15.78219985961914
2442,15.679252624511719
2443,15.513788223266602
2444,15.438102722167969
2445,15.357587814331055
2446,15.279638290405273
2447,15.197672843933105
2448,15.224884033203125
2449,15.172285079956055
2450,15.19196605682373
2451,15.32970905303955
2452,15.26817512512207
2453,15.433786392211914
2454,15.374527931213379
2455,15.27449893951416
2456,15.274552345275879
2457,15.103894233703613
2458,15.015888214111328
2459,14.967326164245605
2460,15.135042190551758
2461,15.136816024780273
2462,15.205488204956055
2463,15.1240873336792
2464,15.232431411743164
2465,15.23441219329834
2466,15.152544975280762
2467,15.200766563415527
2468,15.175128936767578
2469,15.120311737060547
2470,15.041473388671875
2471,15.016241073608398
2472,15.002168655395508
2473,15.06228256225586
2474,15.273974418640137
2475,15.222115516662598
2476,15.379416465759277
2477,15.459844589233398
2478,15.427660942077637
2479,15.450737953186035
2480,15.378655433654785
2481,15.441000938415527
2482,15.529601097106934
2483,15.580336570739746
2484,15.494938850402832
2485,15.68616771697998
2486,15.67856502532959
2487,15.7745361328125
2488,15.65604019165039
2489,15.523056983947754
2490,15.375154495239258
2491,15.246418952941895
2492,15.204312324523926
2493,15.17473316192627
2494,15.156697273254395
2495,15.262474060058594
2496,15.215072631835938
2497,15.262635231018066
2498,15.401695251464844
2499,15.434224128723145
2500,15.0717191696167
2501,15.073055267333984
2502,15.062142372131348
2503,15.072318077087402
2504,15.069561004638672
2505,15.051849365234375
2506,15.038454055786133
2507,15.042473793029785
2508,15.07080364227295
2509,15.061840057373047
2510,15.040477752685547
2511,15.017913818359375
2512,15.021993637084961
2513,15.020179748535156
2514,15.124288558959961
2515,15.108746528625488
2516,15.141379356384277
2517,15.16241455078125
2518,15.159899711608887
2519,15.163220405578613
2520,15.16213607788086
2521,15.179317474365234
2522,15.206092834472656
2523,15.219953536987305
2524,15.319391250610352
2525,15.307475090026855
2526,15.285624504089355
2527,15.274138450622559
2528,15.332550048828125
2529,15.31295394897461
2530,15.353792190551758
2531,15.419175148010254
2532,15.541722297668457
2533,15.468917846679688
2534,15.490853309631348
2535,15.468038558959961
2536,15.460575103759766
2537,15.448246955871582
2538,15.446111679077148
2539,15.495269775390625
2540,15.481913566589355
2541,15.892694473266602
2542,16.21415138244629
2543,16.255155563354492
2544,16.285808563232422
2545,16.283618927001953
2546,16.227710723876953
2547,16.16604232788086
2548,16.102964401245117
2549,16.07192611694336
2550,16.004587173461914
2551,15.941446304321289
2552,15.91189193725586
2553,15.863615989685059
2554,15.850461959838867
2555,15.95720386505127
2556,15.89278507232666
2557,15.928852081298828
2558,15.94871997833252
2559,15.931604385375977
2560,15.909762382507324
2561,16.047000885009766
2562,16.035743713378906
2563,16.039182662963867
2564,16.057252883911133
2565,16.052478790283203
2566,16.003782272338867
2567,15.939268112182617
2568,16.324832916259766
2569,16.349977493286133
2570,16.361488342285156
2571,16.379966735839844
2572,16.374187469482422
2573,16.35118865966797
2574,16.34016990661621
2575,16.332643508911133
2576,16.344045639038086
2577,16.336536407470703
2578,16.28670883178711
2579,16.310462951660156
2580,16.30620574951172
2581,16.255964279174805
2582,16.2624568939209
2583,16.27478790283203
2584,16.244003295898438
2585,16.24505043029785
2586,16.263671875
2587,16.22698974609375
2588,16.22014808654785
2589,16.26308822631836
2590,16.280899047851562
2591,16.310779571533203
2592,16.32248878479004
2593,16.293537139892578
2594,16.246620178222656
2595,16.218996047973633
2596,16.313337326049805
2597,16.272836685180664
2598,16.28067398071289
2599,16.278759002685547
2600,16.242115020751953
2601,16.14617156982422
2602,16.069059371948242
2603,16.039108276367188
2604,16.034183502197266
2605,16.083059310913086
2606,16.064613342285156
2607,16.084758758544922
2608,16.104543685913086
2609,16.044116973876953
2610,16.050025939941406
2611,16.072553634643555
2612,16.071382522583008
2613,16.059473037719727
2614,16.01462745666504
2615,15.954388618469238
2616,15.896005630493164
2617,15.888304710388184
2618,15.851228713989258
2619,15.830449104309082
2620,15.826346397399902
2621,15.827011108398438
2622,15.95712947845459
2623,15.984793663024902
2624,15.990073204040527
2625,15.966775894165039
2626,15.973106384277344
2627,15.948511123657227
2628,15.865432739257812
2629,15.816452980041504
2630,15.837759971618652
2631,15.824225425720215
2632,15.817669868469238
2633,15.926945686340332
2634,16.011333465576172
2635,15.990617752075195
2636,15.988021850585938
2637,15.97806167602539
2638,15.967312812805176
2639,15.98420238494873
2640,15.932605743408203
2641,15.876606941223145
2642,15.850154876708984
2643,15.733428001403809
2644,15.70188045501709
2645,15.656579971313477
2646,15.696484565734863
2647,15.775718688964844
2648,15.722882270812988
2649,16.165569305419922
2650,16.18471336364746
2651,16.189430236816406
2652,16.218313217163086
2653,16.22236442565918
2654,16.245080947875977
2655,16.220521926879883
2656,16.187517166137695
2657,16.179452896118164
2658,16.13076400756836
2659,16.071382522583008
2660,16.016460418701172
2661,16.069316864013672
2662,16.076030731201172
2663,16.060060501098633
2664,15.995569229125977
2665,16.02653694152832
2666,16.035873413085938
2667,16.0721435546875
2668,16.080425262451172
2669,16.071256637573242
2670,16.08449363708496
2671,16.036623001098633
2672,15.829371452331543
2673,15.701492309570312
2674,15.714311599731445
2675,15.66130542755127
2676,15.63728141784668
2677,15.557330131530762
2678,15.536552429199219
2679,15.52991771697998
2680,15.472373962402344
2681,15.430720329284668
2682,15.421578407287598
2683,15.411742210388184
2684,15.39152717590332
2685,15.379765510559082
2686,15.37032413482666
2687,15.441723823547363
2688,15.449782371520996
2689,15.459734916687012
2690,15.407477378845215
2691,15.405997276306152
2692,15.355451583862305
2693,15.400915145874023
2694,15.396535873413086
2695,15.396201133728027
2696,15.358893394470215
2697,15.370881080627441
2698,15.298836708068848
2699,15.35359001159668
2700,15.363485336303711
2701,15.381627082824707
2702,15.321127891540527
2703,16.249486923217773
2704,16.28862762451172
2705,16.28897476196289
2706,16.323190689086914
2707,16.328529357910156
2708,16.33767318725586
2709,16.314388275146484
2710,16.306774139404297
2711,16.29913902282715
2712,16.29299545288086
2713,16.270360946655273
2714,16.25503921508789
2715,16.268840789794922
2716,16.240978240966797
2717,16.172441482543945
2718,16.107547760009766
2719,16.108091354370117
2720,16.102521896362305
2721,16.145069122314453
2722,16.192699432373047
2723,16.21116828918457
2724,16.28706932067871
2725,16.286296844482422
2726,16.266742706298828
2727,16.260086059570312
2728,16.26863670349121
2729,16.23843002319336
2730,16.318496704101562
2731,16.32964515686035
2732,16.28188705444336
2733,16.203580856323242
2734,16.130001068115234
2735,16.047832489013672
2736,16.051807403564453
2737,16.088138580322266
2738,16.066173553466797
2739,16.06533432006836
2740,16.064462661743164
2741,16.067005157470703
2742,16.071544647216797
2743,16.05392837524414
2744,16.04062271118164
2745,15.994366645812988
2746,16.008047103881836
2747,16.006399154663086
2748,15.985148429870605
2749,15.975823402404785
2750,16.001201629638672
2751,16.02530288696289
2752,15.967500686645508
2753,15.990340232849121
2754,16.010669708251953
2755,16.020118713378906
2756,15.889665603637695
2757,16.038000106811523
2758,16.03290367126465
2759,15.932244300842285
2760,15.933311462402344
2761,15.94432258605957
2762,15.970257759094238
2763,15.99012565612793
2764,15.924873352050781
2765,16.022472381591797
2766,16.052213668823242
2767,16.039199829101562
2768,16.049379348754883
2769,16.08198356628418
2770,16.07814598083496
2771,16.081260681152344
2772,16.052772521972656
2773,16.0384464263916
2774,16.10946273803711
2775,16.057458877563477
2776,16.05093765258789
2777,16.039175033569336
2778,16.012617111206055
2779,15.97737979888916
2780,15.967677116394043
2781,16.006563186645508
2782,16.0067081451416
2783,15.93478012084961
2784,16.269990921020508
2785,16.277172088623047
2786,16.295339584350586
2787,16.325334548950195
2788,16.329572677612305
2789,16.328367233276367
2790,16.31381607055664
2791,16.295246124267578
2792,16.297182083129883
2793,16.27948760986328
2794,16.237873077392578
2795,16.220094680786133
2796,16.18178939819336
2797,16.14204978942871
2798,16.100048065185547
2799,16.111696243286133
2800,16.100942611694336
2801,16.093856811523438
2802,16.048765182495117
2803,16.03514289855957
2804,16.034955978393555
2805,16.0406436920166
2806,16.070404052734375
2807,16.103641510009766
2808,16.059825897216797
2809,16.065387725830078
2810,16.09510040283203
2811,16.050785064697266
2812,15.96308708190918
2813,15.939366340637207
2814,15.922659873962402
2815,15.905830383300781
2816,15.958820343017578
2817,16.013582229614258
2818,16.01518440246582
2819,15.998445510864258
2820,15.995369911193848
2821,16.115402221679688
2822,16.190519332885742
2823,16.154949188232422
2824,16.13202476501465
2825,16.15939712524414
2826,16.1434383392334
2827,16.12383270263672
2828,16.084461212158203
2829,16.038663864135742
2830,16.038955688476562
2831,16.025299072265625
2832,16.04828453063965
2833,16.040668487548828
2834,15.988563537597656
2835,15.94595718383789
2836,15.91759204864502
2837,15.8854398727417
2838,16.0634765625
2839,16.040231704711914
2840,16.055742263793945
2841,16.071317672729492
2842,16.00335121154785
2843,15.996536254882812
2844,15.943829536437988
2845,15.930397987365723
2846,15.910905838012695
2847,15.91654109954834
2848,15.89848518371582
2849,15.819700241088867
2850,15.825071334838867
2851,15.81115436553955
2852,15.793646812438965
2853,15.800233840942383
2854,15.785786628723145
2855,15.8143892288208
2856,15.797676086425781
2857,15.759016036987305
2858,15.808850288391113
2859,15.716185569763184
2860,15.723283767700195
2861,15.708443641662598
2862,15.736165046691895
2863,15.729278564453125
2864,15.652655601501465
2865,15.274259567260742
2866,15.36382007598877
2867,15.370770454406738
2868,15.401267051696777
2869,15.399012565612793
2870,15.390460014343262
2871,15.413033485412598
2872,15.41189956665039
2873,15.454045295715332
2874,15.431669235229492
2875,15.387042045593262
2876,15.359672546386719
2877,15.341958045959473
2878,15.293842315673828
2879,15.23876953125
2880,15.224981307983398
2881,15.224588394165039
2882,15.22828483581543
2883,15.205893516540527
2884,15.225381851196289
2885,15.2180757522583
2886,15.207324028015137
2887,15.212387084960938
2888,15.196852684020996
2889,15.188409805297852
2890,15.202954292297363
2891,15.548630714416504
2892,15.649349212646484
2893,15.57512092590332
2894,15.653313636779785
2895,15.67132568359375
2896,15.60264778137207
2897,15.572633743286133
2898,15.550296783447266
2899,15.535109519958496
2900,15.476105690002441
2901,15.447966575622559
2902,15.439866065979004
2903,15.463446617126465
2904,15.397056579589844
2905,15.368803024291992
2906,15.361600875854492
2907,15.399067878723145
2908,15.369428634643555
2909,15.367573738098145
2910,15.354718208312988
2911,15.318411827087402
2912,15.305817604064941
2913,15.273504257202148
2914,15.349470138549805
2915,15.411396980285645
2916,15.481464385986328
2917,15.630167007446289
2918,16.090648651123047
2919,16.024259567260742
2920,16.019105911254883
2921,16.034019470214844
2922,15.947603225708008
2923,15.979177474975586
2924,15.864086151123047
2925,15.879535675048828
2926,15.846475601196289
2927,15.78385066986084
2928,15.751118659973145
2929,15.73876953125
2930,15.656877517700195
2931,15.602706909179688
2932,15.621527671813965
2933,15.683525085449219
2934,15.705711364746094
2935,15.647165298461914
2936,15.640433311462402
2937,15.618369102478027
2938,15.744625091552734
2939,15.748589515686035
2940,15.736666679382324
2941,15.855134010314941
2942,15.689518928527832
2943,15.695223808288574
2944,15.649645805358887
2945,15.779672622680664
2946,15.673832893371582
2947,15.640190124511719
2948,15.639154434204102
2949,15.589808464050293
2950,15.534494400024414
2951,15.47565746307373
2952,15.397255897521973
2953,15.44213581085205
2954,15.39620590209961
2955,15.410425186157227
2956,15.404635429382324
2957,15.423005104064941
2958,15.390440940856934
2959,15.409056663513184
2960,15.380465507507324
2961,15.366815567016602
2962,15.383894920349121
2963,15.417810440063477
2964,15.297295570373535
2965,15.299159049987793
2966,15.344322204589844
2967,15.28105354309082
2968,15.283319473266602
2969,15.292658805847168
2970,15.308634757995605
2971,15.265751838684082
2972,16.378009796142578
2973,16.384130477905273
2974,16.36925506591797
2975,16.350324630737305
2976,16.26892852783203
2977,16.200138092041016
2978,16.219039916992188
2979,16.287763595581055
2980,16.298694610595703
2981,16.267269134521484
2982,16.126665115356445
2983,16.120723724365234
2984,16.159183502197266
2985,16.220022201538086
2986,16.249719619750977
2987,16.23670196533203
2988,16.300722122192383
2989,16.293258666992188
2990,16.218021392822266
2991,16.04571533203125
2992,15.95145034790039
2993,15.958033561706543
2994,15.878579139709473
2995,15.861055374145508
2996,15.712066650390625
2997,15.64753532409668
2998,15.544732093811035
2999,15.769771575927734
3000,15.879334449768066
3001,15.82662582397461
3002,15.988551139831543
3003,16.03645896911621
3004,16.047025680541992
3005,16.033754348754883
3006,16.034244537353516
3007,15.981488227844238
3008,15.874733924865723
3009,15.969503402709961
3010,15.96963119506836
3011,15.999298095703125
3012,16.07796859741211
3013,16.125667572021484
3014,16.137001037597656
3015,16.11066436767578
3016,16.102153778076172
3017,16.06873321533203
3018,16.108797073364258
3019,16.104589462280273
3020,16.110868453979492
3021,16.18364143371582
3022,16.204940795898438
3023,16.189022064208984
3024,16.177955627441406
3025,16.17998695373535
3026,16.095975875854492
3027,16.078866958618164
3028,16.080137252807617
3029,16.12303924560547
3030,16.125873565673828
3031,16.142803192138672
3032,16.100770950317383
3033,16.099987030029297
3034,16.10941505432129
3035,16.123266220092773
3036,16.098125457763672
3037,16.115694046020508
3038,16.132143020629883
3039,16.17317771911621
3040,16.176515579223633
3041,16.169403076171875
3042,16.209619522094727
3043,16.209197998046875
3044,16.171478271484375
3045,16.174114227294922
3046,16.044687271118164
3047,15.960232734680176
3048,16.048906326293945
3049,16.028045654296875
3050,15.949819564819336
3051,15.98731517791748
3052,15.930767059326172
3053,15.905407905578613
3054,15.866325378417969
3055,15.857660293579102
3056,15.795855522155762
3057,15.779873847961426
3058,15.744503021240234
3059,15.577713966369629
3060,15.625776290893555
3061,15.664541244506836
3062,15.622086524963379
3063,15.576475143432617
3064,15.543869018554688
3065,15.543900489807129
3066,15.517546653747559
3067,15.509880065917969
3068,15.47339916229248
3069,15.430987358093262
3070,15.463362693786621
3071,15.435280799865723
3072,15.460699081420898
3073,15.4580717086792
3074,15.463825225830078
3075,15.46047592163086
3076,15.45098876953125
3077,15.436044692993164
3078,15.468655586242676
3079,15.421317100524902
3080,15.43445110321045
3081,15.36819076538086
3082,15.471367835998535
3083,15.434188842773438
3084,15.461174011230469
3085,15.590766906738281
3086,15.563916206359863
3087,15.584935188293457
3088,15.561126708984375
3089,15.496541023254395
3090,15.502718925476074
3091,15.448843002319336
3092,15.464700698852539
3093,15.451563835144043
3094,15.454060554504395
3095,15.497929573059082
3096,15.527451515197754
3097,15.469781875610352
3098,15.451520919799805
3099,15.493575096130371
3100,15.467199325561523
3101,15.59948444366455
3102,15.533531188964844
3103,15.615219116210938
3104,15.597429275512695
3105,15.52698802947998
3106,15.42445182800293
3107,15.72516918182373
3108,15.597241401672363
3109,15.521037101745605
3110,15.444293975830078
3111,15.425430297851562
3112,15.404474258422852
3113,15.387843132019043
3114,15.420859336853027
3115,15.395659446716309
3116,15.458890914916992
3117,15.406774520874023
3118,15.359334945678711
3119,15.328067779541016
3120,15.30468463897705
3121,15.312243461608887
3122,15.333918571472168
3123,15.292633056640625
3124,15.3217134475708
3125,15.288556098937988
3126,15.31592845916748
3127,15.378971099853516
3128,15.349336624145508
3129,15.334759712219238
3130,15.389187812805176
3131,15.340349197387695
3132,15.332029342651367
3133,15.31846809387207
3134,15.552660942077637
3135,15.464111328125
3136,15.479092597961426
3137,15.487869262695312
3138,15.503414154052734
3139,15.410728454589844
3140,15.412799835205078
3141,15.4317045211792
3142,15.396843910217285
3143,15.412805557250977
3144,15.434516906738281
3145,15.429913520812988
3146,15.437519073486328
3147,15.471558570861816
3148,15.455838203430176
3149,15.561896324157715
3150,15.571626663208008
3151,15.653319358825684
3152,15.636696815490723
3153,15.659388542175293
3154,15.621136665344238
3155,15.625627517700195
3156,15.647740364074707
3157,15.73832893371582
3158,15.780045509338379
3159,15.76037883758545
3160,15.719709396362305
3161,15.82006549835205
3162,15.690710067749023
3163,15.710977554321289
3164,15.607239723205566
3165,15.635893821716309
3166,15.632080078125
3167,15.626128196716309
3168,15.646913528442383
3169,15.626226425170898
3170,15.630265235900879
3171,15.698932647705078
3172,15.701642990112305
3173,15.73188304901123
3174,15.817559242248535
3175,15.798479080200195
3176,15.709152221679688
3177,15.772475242614746
3178,15.722003936767578
3179,15.691316604614258
3180,15.72009563446045
3181,15.710846900939941
3182,15.66479778289795
3183,15.672371864318848
3184,15.674989700317383
3185,15.6356782913208
3186,15.70067310333252
3187,15.697834014892578
3188,15.525792121887207
3189,15.531549453735352
3190,15.507401466369629
3191,15.542208671569824
3192,15.477682113647461
3193,15.474699974060059
3194,15.466297149658203
3195,15.471541404724121
3196,15.470589637756348
3197,15.475618362426758
3198,15.449036598205566
3199,15.445658683776855
3200,15.414081573486328
3201,15.3477144241333
3202,15.34443187713623
3203,15.356411933898926
3204,15.354572296142578
3205,15.341888427734375
3206,15.377988815307617
3207,15.355661392211914
3208,15.322872161865234
3209,15.325358390808105
3210,15.289958000183105
3211,15.337717056274414
3212,15.307940483093262
3213,15.300484657287598
3214,15.305570602416992
3215,15.532855987548828
3216,15.473381996154785
3217,15.480158805847168
3218,15.461651802062988
3219,15.459176063537598
3220,15.475198745727539
3221,15.471744537353516
3222,15.491866111755371
3223,15.463997840881348
3224,15.454693794250488
3225,15.443020820617676
3226,15.458481788635254
3227,15.435111999511719
3228,15.50912094116211
3229,15.541484832763672
3230,15.48978042602539
3231,15.44133186340332
3232,15.484484672546387
3233,15.43026065826416
3234,15.38430404663086
3235,15.419179916381836
3236,15.4082670211792
3237,15.467219352722168
3238,15.41374683380127
3239,15.392617225646973
3240,15.3829927444458
3241,15.413775444030762
3242,15.478800773620605
3243,15.420666694641113
3244,15.359676361083984
3245,15.354738235473633
3246,15.305996894836426
3247,15.322975158691406
3248,15.370407104492188
3249,15.338667869567871
3250,15.355618476867676
3251,15.380796432495117
3252,15.345499038696289
3253,15.323929786682129
3254,15.328242301940918
3255,15.314213752746582
3256,15.314586639404297
3257,15.329194068908691
3258,15.320157051086426
3259,15.351836204528809
3260,15.315512657165527
3261,15.322843551635742
3262,15.340457916259766
3263,15.359749794006348
3264,15.305747985839844
3265,15.281919479370117
3266,15.227688789367676
3267,15.253117561340332
3268,15.2433500289917
3269,15.213014602661133
3270,15.22547721862793
3271,15.23020076751709
3272,15.231947898864746
3273,15.247360229492188
3274,15.237695693969727
3275,15.2471342086792
3276,15.253279685974121
3277,15.261822700500488
3278,15.247063636779785
3279,15.252224922180176
3280,15.268978118896484
3281,15.310992240905762
3282,15.372438430786133
3283,15.335765838623047
3284,15.32491397857666
3285,15.320815086364746
3286,15.371186256408691
3287,15.315077781677246
3288,15.296805381774902
3289,15.301543235778809
3290,15.316526412963867
3291,15.340203285217285
3292,15.371966361999512
3293,15.305980682373047
3294,15.299250602722168
3295,15.414046287536621
3296,15.539224624633789
3297,15.593693733215332
3298,15.545690536499023
3299,15.549447059631348
3300,15.505610466003418
3301,15.513842582702637
3302,15.498838424682617
3303,15.527689933776855
3304,15.487452507019043
3305,15.487062454223633
3306,15.466032028198242
3307,15.470831871032715
3308,15.426786422729492
3309,15.414152145385742
3310,15.399633407592773
3311,15.371233940124512
3312,15.392077445983887
3313,15.371356964111328
3314,15.379145622253418
3315,15.387787818908691
3316,15.405866622924805
3317,15.403346061706543
3318,15.371294021606445
3319,15.333961486816406
3320,15.342052459716797
3321,15.334928512573242
3322,15.338443756103516
3323,15.587876319885254
3324,15.57697582244873
3325,15.527618408203125
3326,15.461085319519043
3327,15.487715721130371
3328,15.466812133789062
3329,15.457005500793457
3330,15.461087226867676
3331,15.45572566986084
3332,15.470200538635254
3333,15.45823860168457
3334,15.476174354553223
3335,15.455897331237793
3336,15.47652530670166
3337,15.451168060302734
3338,15.428747177124023
3339,15.407663345336914
3340,15.458171844482422
3341,15.4619779586792
3342,15.460789680480957
3343,15.418746948242188
3344,15.421869277954102
3345,15.476119041442871
3346,15.486571311950684
3347,15.467187881469727
3348,15.481965065002441
3349,15.43124771118164
3350,15.700471878051758
3351,15.54500961303711
3352,15.470193862915039
3353,15.442336082458496
3354,15.408273696899414
3355,15.441618919372559
3356,15.422228813171387
3357,15.427227973937988
3358,15.389229774475098
3359,15.40698528289795
3360,15.4240083694458
3361,15.418912887573242
3362,15.397112846374512
3363,15.350013732910156
3364,15.362107276916504
3365,15.356494903564453
3366,15.356785774230957
3367,15.331412315368652
3368,15.334117889404297
3369,15.369134902954102
3370,15.362224578857422
3371,15.343679428100586
3372,15.352801322937012
3373,15.342472076416016
3374,15.359068870544434
3375,15.356176376342773
3376,15.295722961425781
3377,15.394964218139648
3378,15.433612823486328
3379,15.387275695800781
3380,15.375992774963379
3381,15.395564079284668
3382,15.360468864440918
3383,15.389355659484863
3384,15.367205619812012
3385,15.375300407409668
3386,15.378149032592773
3387,15.375608444213867
3388,15.367998123168945
3389,15.359406471252441
3390,15.397224426269531
3391,15.438608169555664
3392,15.612452507019043
3393,15.525412559509277
3394,15.50244140625
3395,15.480297088623047
3396,15.499444961547852
3397,15.440978050231934
3398,15.424108505249023
3399,15.430715560913086
3400,15.458372116088867
3401,15.451420783996582
3402,15.450798988342285
3403,15.4268159866333
3404,15.409709930419922
3405,15.408345222473145
3406,15.407763481140137
3407,15.390368461608887
3408,15.382063865661621
3409,15.376728057861328
3410,15.515515327453613
3411,15.359373092651367
3412,15.307501792907715
3413,15.344743728637695
3414,15.297992706298828
3415,15.316852569580078
3416,15.305290222167969
3417,15.321378707885742
3418,15.35303020477295
3419,15.49262809753418
3420,15.363985061645508
3421,15.348711967468262
3422,15.375761032104492
3423,15.417739868164062
3424,15.392273902893066
3425,15.37448787689209
3426,15.347880363464355
3427,15.3419771194458
3428,15.335354804992676
3429,15.327866554260254
3430,15.351977348327637
3431,15.340031623840332
3432,15.346650123596191
3433,15.35186767578125
3434,15.34981918334961
3435,15.351947784423828
3436,15.364519119262695
3437,15.3289794921875
3438,15.280917167663574
3439,15.293617248535156
3440,15.347001075744629
3441,15.30817985534668
3442,15.302263259887695
3443,15.348445892333984
3444,15.329584121704102
3445,15.298550605773926
3446,15.310089111328125
3447,15.307153701782227
3448,15.329727172851562
3449,15.292768478393555
3450,15.317270278930664
3451,15.303271293640137
3452,15.325355529785156
3453,15.322633743286133
3454,15.330412864685059
3455,15.287022590637207
3456,15.290574073791504
3457,15.270395278930664
3458,15.286165237426758
3459,15.2746000289917
3460,15.27661418914795
3461,15.273964881896973
3462,15.243597984313965
3463,15.265731811523438
3464,15.265883445739746
3465,15.282705307006836
3466,15.265085220336914
3467,15.321695327758789
3468,15.323541641235352
3469,15.338679313659668
3470,15.333918571472168
3471,15.361998558044434
3472,15.367177963256836
3473,15.364394187927246
3474,15.34282112121582
3475,15.324931144714355
3476,15.346484184265137
3477,15.330636978149414
3478,15.344789505004883
3479,15.311744689941406
3480,15.31948471069336
3481,15.327412605285645
3482,15.335165023803711
3483,15.373814582824707
3484,15.362759590148926
3485,15.36362075805664
3486,15.33685302734375
3487,15.338303565979004
3488,15.353140830993652
3489,15.325464248657227
3490,15.31702709197998
3491,15.33651065826416
3492,15.30235767364502
3493,15.306123733520508
3494,15.29198169708252
3495,15.288496971130371
3496,15.26326847076416
3497,15.296624183654785
3498,15.300844192504883
3499,15.341448783874512
