,0
0,19.750057220458984
1,19.793703079223633
2,19.839698791503906
3,19.82788848876953
4,19.803630828857422
5,19.856910705566406
6,19.81169319152832
7,19.681486129760742
8,19.782958984375
9,19.892406463623047
10,19.940378189086914
11,19.878646850585938
12,20.0278263092041
13,20.045907974243164
14,20.090166091918945
15,20.058597564697266
16,19.980409622192383
17,19.95062255859375
18,19.94962501525879
19,19.93760108947754
20,19.27463722229004
21,18.985877990722656
22,18.770353317260742
23,18.92838478088379
24,18.992298126220703
25,19.19464683532715
26,19.415597915649414
27,19.431936264038086
28,19.511783599853516
29,19.692516326904297
30,19.742755889892578
31,19.812578201293945
32,19.896530151367188
33,19.93053436279297
34,19.92593765258789
35,19.9027042388916
36,19.90364646911621
37,19.861696243286133
38,19.798662185668945
39,19.601667404174805
40,19.721452713012695
41,19.820220947265625
42,19.82827377319336
43,19.856035232543945
44,19.87857437133789
45,19.895891189575195
46,19.904064178466797
47,19.190969467163086
48,19.84271240234375
49,19.94121551513672
50,19.906408309936523
51,19.8817195892334
52,20.043237686157227
53,20.079557418823242
54,20.107221603393555
55,20.026182174682617
56,19.966320037841797
57,19.90681266784668
58,19.881832122802734
59,19.84345245361328
60,19.765533447265625
61,19.62209701538086
62,19.579730987548828
63,19.62073516845703
64,19.61884117126465
65,19.602998733520508
66,19.633407592773438
67,19.786571502685547
68,19.894325256347656
69,19.999738693237305
70,20.03290367126465
71,20.081010818481445
72,20.04149627685547
73,20.037322998046875
74,20.09786605834961
75,20.12485122680664
76,20.10495376586914
77,20.152523040771484
78,20.182523727416992
79,20.219066619873047
80,20.215869903564453
81,20.191062927246094
82,20.214609146118164
83,20.1856746673584
84,20.149621963500977
85,20.14332389831543
86,20.148733139038086
87,20.129365921020508
88,20.0950927734375
89,20.069990158081055
90,20.060102462768555
91,20.01366424560547
92,20.028440475463867
93,20.066593170166016
94,20.06288719177246
95,19.947010040283203
96,19.961931228637695
97,19.939346313476562
98,19.992530822753906
99,19.931549072265625
100,19.899036407470703
101,19.878509521484375
102,19.928844451904297
103,20.07477569580078
104,20.058338165283203
105,20.03956413269043
106,20.023380279541016
107,19.921579360961914
108,19.88011360168457
109,19.77585220336914
110,19.763587951660156
111,19.74435043334961
112,19.66547966003418
113,19.68874740600586
114,19.804691314697266
115,19.8768310546875
116,19.956762313842773
117,19.964101791381836
118,19.976512908935547
119,20.065174102783203
120,20.015411376953125
121,20.017778396606445
122,19.946699142456055
123,19.843017578125
124,19.781452178955078
125,19.75706672668457
126,19.847654342651367
127,19.857404708862305
128,18.8615665435791
129,18.870378494262695
130,18.90787124633789
131,18.820226669311523
132,18.693017959594727
133,18.732255935668945
134,18.766063690185547
135,18.85994529724121
136,18.870065689086914
137,18.926111221313477
138,19.061359405517578
139,18.93813133239746
140,18.85017967224121
141,18.855676651000977
142,18.861116409301758
143,18.766721725463867
144,18.67833137512207
145,18.740882873535156
146,18.870925903320312
147,19.043869018554688
148,19.022321701049805
149,19.015087127685547
150,19.122211456298828
151,19.312232971191406
152,19.37319564819336
153,19.636619567871094
154,19.696632385253906
155,19.267200469970703
156,18.8004150390625
157,18.506629943847656
158,18.445615768432617
159,18.440540313720703
160,18.44108772277832
161,18.405967712402344
162,18.40982437133789
163,18.409271240234375
164,18.434444427490234
165,18.405563354492188
166,18.4439697265625
167,18.481918334960938
168,18.611236572265625
169,18.735111236572266
170,18.90154266357422
171,19.33907699584961
172,19.532726287841797
173,19.5846004486084
174,19.69019317626953
175,19.683923721313477
176,19.736360549926758
177,19.676843643188477
178,19.793115615844727
179,19.795740127563477
180,19.771303176879883
181,19.714466094970703
182,18.349857330322266
183,18.558664321899414
184,18.733991622924805
185,19.215675354003906
186,19.34427261352539
187,19.409643173217773
188,18.909021377563477
189,19.048614501953125
190,19.383344650268555
191,19.499805450439453
192,19.595468521118164
193,19.537212371826172
194,19.77125358581543
195,19.631269454956055
196,19.952770233154297
197,19.944671630859375
198,19.987035751342773
199,20.009769439697266
200,20.021203994750977
201,20.04203224182129
202,20.067615509033203
203,20.057233810424805
204,20.054668426513672
205,19.965051651000977
206,19.888690948486328
207,19.83951759338379
208,19.886571884155273
209,19.91311264038086
210,19.880210876464844
211,19.866947174072266
212,19.91535186767578
213,19.889720916748047
214,19.789098739624023
215,19.787078857421875
216,19.879302978515625
217,19.9733943939209
218,19.94451141357422
219,20.063556671142578
220,19.992258071899414
221,19.9718074798584
222,19.95909309387207
223,20.044736862182617
224,19.902589797973633
225,19.809030532836914
226,19.73089599609375
227,19.750282287597656
228,19.660770416259766
229,19.677968978881836
230,19.673723220825195
231,19.913116455078125
232,19.95689582824707
233,19.899980545043945
234,19.903162002563477
235,19.923038482666016
236,19.937734603881836
237,19.949546813964844
238,20.055089950561523
239,20.061811447143555
240,20.07147216796875
241,20.045448303222656
242,20.083396911621094
243,20.107650756835938
244,20.122705459594727
245,20.144248962402344
246,20.13746452331543
247,20.12808609008789
248,20.111967086791992
249,19.8414306640625
250,19.903011322021484
251,19.91658592224121
252,19.962800979614258
253,19.92548370361328
254,19.913721084594727
255,19.82619857788086
256,19.61582374572754
257,19.539766311645508
258,19.55365753173828
259,19.577404022216797
260,19.583953857421875
261,19.651338577270508
262,19.64408302307129
263,19.64638900756836
264,19.871652603149414
265,19.77724266052246
266,19.820985794067383
267,19.787866592407227
268,19.77644157409668
269,20.052875518798828
270,20.13194465637207
271,20.135257720947266
272,20.113685607910156
273,20.111860275268555
274,20.10023307800293
275,20.0948486328125
276,19.883407592773438
277,19.979265213012695
278,19.997770309448242
279,19.980321884155273
280,19.93861198425293
281,19.906705856323242
282,19.850542068481445
283,19.873722076416016
284,19.886241912841797
285,19.834880828857422
286,19.671661376953125
287,19.759090423583984
288,19.9140625
289,19.95825958251953
290,19.912857055664062
291,19.878074645996094
292,19.903011322021484
293,19.908658981323242
294,19.810529708862305
295,19.76265525817871
296,19.843645095825195
297,19.886566162109375
298,19.896692276000977
299,19.949766159057617
300,19.971572875976562
301,20.117177963256836
302,20.13225555419922
303,19.931970596313477
304,20.124492645263672
305,20.125761032104492
306,20.132978439331055
307,20.066923141479492
308,20.03447151184082
309,20.016643524169922
310,20.1210880279541
311,20.112255096435547
312,20.139909744262695
313,20.178165435791016
314,20.16008758544922
315,20.163549423217773
316,20.167524337768555
317,18.946651458740234
318,18.926576614379883
319,18.135944366455078
320,18.048295974731445
321,17.998146057128906
322,17.96914291381836
323,17.971038818359375
324,17.984243392944336
325,18.010080337524414
326,18.01030731201172
327,18.135225296020508
328,18.202241897583008
329,18.197982788085938
330,18.26059913635254
331,18.3005313873291
332,18.2366886138916
333,18.285791397094727
334,18.334842681884766
335,18.396841049194336
336,18.456178665161133
337,18.344274520874023
338,18.23638343811035
339,18.202003479003906
340,18.276103973388672
341,18.364980697631836
342,18.369173049926758
343,18.304546356201172
344,18.32025718688965
345,18.334259033203125
346,17.869457244873047
347,17.860986709594727
348,17.862051010131836
349,17.948440551757812
350,17.97254180908203
351,17.924877166748047
352,17.90135383605957
353,17.908706665039062
354,17.919837951660156
355,17.946556091308594
356,17.983352661132812
357,18.00774383544922
358,18.099517822265625
359,18.131977081298828
360,18.18144989013672
361,18.285085678100586
362,18.318679809570312
363,18.366718292236328
364,18.39720344543457
365,18.570112228393555
366,18.630361557006836
367,18.909469604492188
368,18.899166107177734
369,19.066959381103516
370,19.081130981445312
371,19.17085075378418
372,19.17888641357422
373,18.860197067260742
374,18.72442054748535
375,18.82263946533203
376,18.86060905456543
377,18.98370361328125
378,19.098264694213867
379,19.089563369750977
380,18.984861373901367
381,18.893903732299805
382,18.948625564575195
383,18.816730499267578
384,18.81690788269043
385,18.729690551757812
386,18.725772857666016
387,18.97909164428711
388,18.982498168945312
389,19.154603958129883
390,19.369897842407227
391,19.450910568237305
392,19.346269607543945
393,19.25273895263672
394,19.271209716796875
395,19.408267974853516
396,19.52543830871582
397,19.483976364135742
398,19.292308807373047
399,19.20292091369629
400,18.244884490966797
401,18.10105323791504
402,18.037498474121094
403,18.059555053710938
404,18.051366806030273
405,18.044208526611328
406,18.0341796875
407,18.04844856262207
408,18.068038940429688
409,18.086158752441406
410,18.149782180786133
411,18.20684051513672
412,18.279932022094727
413,18.377532958984375
414,18.48744010925293
415,18.723379135131836
416,18.786325454711914
417,18.961685180664062
418,18.96657371520996
419,18.85944938659668
420,18.70357322692871
421,18.86819839477539
422,19.02149200439453
423,19.0042667388916
424,18.850923538208008
425,18.927125930786133
426,18.96396827697754
427,18.672039031982422
428,18.70199203491211
429,18.351343154907227
430,18.213218688964844
431,18.14917755126953
432,18.23064422607422
433,18.456682205200195
434,18.551456451416016
435,18.551921844482422
436,18.543745040893555
437,18.579452514648438
438,18.83544921875
439,18.92888832092285
440,18.870601654052734
441,18.872718811035156
442,19.01919937133789
443,19.07847023010254
444,19.06962013244629
445,18.98417854309082
446,19.10232925415039
447,19.280731201171875
448,19.247211456298828
449,19.36526107788086
450,19.38152503967285
451,19.426345825195312
452,19.425045013427734
453,19.353313446044922
454,18.225189208984375
455,18.594383239746094
456,18.446727752685547
457,18.299644470214844
458,18.407588958740234
459,18.757783889770508
460,18.856441497802734
461,18.905454635620117
462,18.910184860229492
463,19.02021026611328
464,18.999483108520508
465,18.872705459594727
466,19.041677474975586
467,19.11063575744629
468,18.922945022583008
469,18.844560623168945
470,18.84101104736328
471,18.97353172302246
472,19.05924415588379
473,18.887453079223633
474,19.10320281982422
475,19.183349609375
476,19.173791885375977
477,19.168434143066406
478,18.888662338256836
479,18.95238494873047
480,18.900598526000977
481,19.306913375854492
482,19.520828247070312
483,19.416080474853516
484,19.282804489135742
485,19.116052627563477
486,19.194618225097656
487,19.252487182617188
488,19.131145477294922
489,19.023508071899414
490,18.968425750732422
491,18.82125473022461
492,18.728296279907227
493,18.764989852905273
494,18.717073440551758
495,18.6792049407959
496,18.648910522460938
497,18.64346694946289
498,18.781248092651367
499,18.860980987548828
500,17.91913414001465
501,17.850833892822266
502,17.855819702148438
503,17.783241271972656
504,17.65791893005371
505,17.623735427856445
506,17.480236053466797
507,17.45911979675293
508,16.934539794921875
509,17.290754318237305
510,17.428741455078125
511,17.601116180419922
512,17.952735900878906
513,18.03827476501465
514,18.08881378173828
515,18.24911117553711
516,18.189167022705078
517,18.26304817199707
518,18.275081634521484
519,18.232267379760742
520,18.243427276611328
521,18.17586326599121
522,18.113332748413086
523,17.931856155395508
524,17.74259376525879
525,17.869489669799805
526,17.916894912719727
527,17.952342987060547
528,17.962064743041992
529,17.925212860107422
530,18.00634765625
531,18.028783798217773
532,18.07272720336914
533,17.971012115478516
534,17.88298225402832
535,18.03240966796875
536,17.948299407958984
537,18.02295684814453
538,18.28846549987793
539,18.5213565826416
540,18.68036460876465
541,18.603046417236328
542,18.575748443603516
543,18.631174087524414
544,18.69488525390625
545,18.64038848876953
546,18.637914657592773
547,18.67888832092285
548,18.729413986206055
549,18.682693481445312
550,18.694076538085938
551,18.655078887939453
552,18.876657485961914
553,18.994754791259766
554,18.991424560546875
555,18.969873428344727
556,18.92859649658203
557,18.90420913696289
558,19.022193908691406
559,18.990097045898438
560,18.841508865356445
561,18.758323669433594
562,18.899934768676758
563,18.928314208984375
564,18.96391487121582
565,19.020381927490234
566,19.084644317626953
567,19.150131225585938
568,19.188798904418945
569,19.249460220336914
570,19.27377700805664
571,19.391767501831055
572,19.462064743041992
573,19.471128463745117
574,19.469751358032227
575,19.47370719909668
576,19.46165657043457
577,19.413288116455078
578,19.349729537963867
579,19.268169403076172
580,19.191938400268555
581,19.209863662719727
582,19.18202781677246
583,19.058137893676758
584,19.079792022705078
585,19.18324089050293
586,19.164270401000977
587,19.125242233276367
588,19.116060256958008
589,19.499216079711914
590,19.405384063720703
591,19.313899993896484
592,19.33222770690918
593,19.3275203704834
594,19.39801597595215
595,19.484832763671875
596,19.515321731567383
597,19.531015396118164
598,19.5506649017334
599,19.499906539916992
600,19.527780532836914
601,19.525413513183594
602,19.52472686767578
603,19.562206268310547
604,19.570383071899414
605,19.562345504760742
606,19.60114097595215
607,19.569168090820312
608,19.515209197998047
609,19.529375076293945
610,19.46994972229004
611,19.467557907104492
612,19.500577926635742
613,19.436277389526367
614,19.39274787902832
615,19.37869644165039
616,19.185245513916016
617,19.04182243347168
618,19.14042091369629
619,18.994220733642578
620,18.89733123779297
621,18.887535095214844
622,18.820343017578125
623,18.824825286865234
624,18.875370025634766
625,18.86762046813965
626,18.846445083618164
627,18.83179473876953
628,18.78632164001465
629,18.87382698059082
630,18.893272399902344
631,18.778091430664062
632,18.608867645263672
633,18.51119613647461
634,18.337718963623047
635,18.233184814453125
636,18.0997257232666
637,17.995954513549805
638,17.97585678100586
639,17.955955505371094
640,17.909175872802734
641,17.949949264526367
642,17.96331024169922
643,17.771928787231445
644,17.958581924438477
645,18.25580596923828
646,18.45150375366211
647,18.384380340576172
648,18.35653305053711
649,18.19012451171875
650,18.03776741027832
651,17.943532943725586
652,17.98487091064453
653,18.03652572631836
654,17.97085189819336
655,17.891159057617188
656,18.039302825927734
657,18.144418716430664
658,18.201030731201172
659,18.240530014038086
660,18.391889572143555
661,18.60240364074707
662,18.567354202270508
663,18.488384246826172
664,18.533315658569336
665,18.60154151916504
666,18.575124740600586
667,18.587133407592773
668,18.490154266357422
669,18.48447036743164
670,18.002696990966797
671,18.060697555541992
672,17.97063636779785
673,17.9603214263916
674,18.091646194458008
675,18.262840270996094
676,18.361215591430664
677,18.26757049560547
678,18.23354721069336
679,18.229223251342773
680,18.29825210571289
681,18.351055145263672
682,18.329614639282227
683,18.30675506591797
684,18.225860595703125
685,18.09210777282715
686,17.98370933532715
687,17.856977462768555
688,17.733346939086914
689,17.632793426513672
690,17.51274871826172
691,17.44076156616211
692,17.359987258911133
693,17.3026065826416
694,17.351465225219727
695,17.43467140197754
696,17.422990798950195
697,17.303590774536133
698,17.42447853088379
699,17.510578155517578
700,17.40706443786621
701,17.404666900634766
702,17.257366180419922
703,17.410619735717773
704,17.353757858276367
705,17.310049057006836
706,17.257450103759766
707,17.24410057067871
708,17.256305694580078
709,17.239530563354492
710,17.266054153442383
711,17.321195602416992
712,17.43870735168457
713,17.409990310668945
714,17.352157592773438
715,17.357955932617188
716,17.326934814453125
717,17.276779174804688
718,17.2044734954834
719,17.17681884765625
720,17.186983108520508
721,17.21323585510254
722,17.228713989257812
723,17.25554656982422
724,17.09012222290039
725,16.97862434387207
726,17.148683547973633
727,17.266826629638672
728,17.25490379333496
729,17.36613655090332
730,17.47888946533203
731,17.41203498840332
732,17.26249885559082
733,17.31111717224121
734,17.294588088989258
735,17.233327865600586
736,17.169654846191406
737,17.174467086791992
738,17.225759506225586
739,17.336788177490234
740,17.489742279052734
741,17.514232635498047
742,17.705320358276367
743,17.90435028076172
744,17.99939727783203
745,17.93989372253418
746,17.828123092651367
747,17.752655029296875
748,17.62192153930664
749,17.56056022644043
750,17.455110549926758
751,16.93852424621582
752,16.71710777282715
753,16.586698532104492
754,16.60004425048828
755,16.591787338256836
756,16.71695327758789
757,16.73558235168457
758,16.67316436767578
759,16.629125595092773
760,16.639009475708008
761,16.695293426513672
762,16.700777053833008
763,16.64884376525879
764,16.703502655029297
765,16.755245208740234
766,16.793315887451172
767,16.757274627685547
768,16.7124080657959
769,16.715587615966797
770,16.723875045776367
771,16.68000602722168
772,16.75725555419922
773,16.732925415039062
774,16.690643310546875
775,16.634401321411133
776,16.80748748779297
777,16.844676971435547
778,16.427417755126953
779,16.0965576171875
780,16.226694107055664
781,16.261816024780273
782,16.321653366088867
783,16.50615119934082
784,16.472238540649414
785,16.458955764770508
786,16.438945770263672
787,16.456188201904297
788,16.57699966430664
789,16.58311653137207
790,16.596698760986328
791,16.75336456298828
792,16.830875396728516
793,16.87214469909668
794,16.8671817779541
795,17.048734664916992
796,17.105270385742188
797,17.142093658447266
798,17.13620376586914
799,17.20585823059082
800,17.223583221435547
801,17.19280242919922
802,17.087594985961914
803,17.04766082763672
804,16.9312801361084
805,16.5756893157959
806,16.383237838745117
807,16.269868850708008
808,16.28245735168457
809,16.313552856445312
810,16.349205017089844
811,16.327678680419922
812,16.284286499023438
813,16.31829071044922
814,16.33715057373047
815,16.41599464416504
816,16.42082977294922
817,16.528444290161133
818,16.626522064208984
819,16.600671768188477
820,16.52882194519043
821,16.529451370239258
822,16.462642669677734
823,16.643003463745117
824,16.69614601135254
825,16.614383697509766
826,16.77224349975586
827,16.859634399414062
828,16.753501892089844
829,16.745681762695312
830,16.666902542114258
831,16.626367568969727
832,16.478593826293945
833,16.706266403198242
834,16.585744857788086
835,16.31137466430664
836,16.356204986572266
837,16.259660720825195
838,16.271780014038086
839,16.286603927612305
840,16.286874771118164
841,16.271930694580078
842,16.280311584472656
843,16.29064178466797
844,16.28668785095215
845,16.384511947631836
846,16.370237350463867
847,16.381010055541992
848,16.363143920898438
849,16.447141647338867
850,16.56022834777832
851,16.506872177124023
852,16.500579833984375
853,16.61724281311035
854,16.58733367919922
855,16.595401763916016
856,16.624271392822266
857,16.61039161682129
858,16.5489559173584
859,16.66267967224121
860,16.74627113342285
861,16.72146987915039
862,16.8524227142334
863,16.945281982421875
864,17.096479415893555
865,17.1247615814209
866,17.308456420898438
867,17.199058532714844
868,17.174325942993164
869,17.231176376342773
870,17.15435791015625
871,17.168182373046875
872,17.12106704711914
873,16.945451736450195
874,16.882328033447266
875,16.86136817932129
876,16.807344436645508
877,16.736412048339844
878,16.70053482055664
879,16.699661254882812
880,16.727401733398438
881,16.65976905822754
882,16.629297256469727
883,16.544612884521484
884,16.605615615844727
885,16.571701049804688
886,16.37421417236328
887,16.066646575927734
888,16.018749237060547
889,16.094711303710938
890,16.147178649902344
891,16.16339683532715
892,16.162261962890625
893,16.064456939697266
894,16.107877731323242
895,16.09760093688965
896,16.03275489807129
897,16.054452896118164
898,16.08378028869629
899,16.141895294189453
900,16.12371826171875
901,16.16118812561035
902,16.19272804260254
903,16.175479888916016
904,16.11369514465332
905,16.151206970214844
906,16.197206497192383
907,16.439594268798828
908,16.527114868164062
909,16.545427322387695
910,16.565542221069336
911,16.684431076049805
912,16.67583465576172
913,16.4884033203125
914,16.569292068481445
915,16.569515228271484
916,16.58782958984375
917,16.57634162902832
918,16.639541625976562
919,16.605941772460938
920,16.58045768737793
921,16.5132999420166
922,16.45758819580078
923,16.3408203125
924,16.278154373168945
925,16.248945236206055
926,16.28484344482422
927,16.246435165405273
928,16.252586364746094
929,16.25798225402832
930,16.31346893310547
931,16.26386833190918
932,16.289113998413086
933,16.32660484313965
934,16.2515869140625
935,16.128910064697266
936,16.212200164794922
937,16.07851219177246
938,16.094831466674805
939,16.102602005004883
940,16.031675338745117
941,16.077526092529297
942,16.101886749267578
943,16.16551399230957
944,15.932514190673828
945,15.993305206298828
946,15.832204818725586
947,15.802938461303711
948,15.845636367797852
949,15.860136032104492
950,15.920278549194336
951,16.03021812438965
952,16.114864349365234
953,16.231904983520508
954,16.232431411743164
955,16.23902130126953
956,16.251129150390625
957,16.246469497680664
958,16.206233978271484
959,16.15712547302246
960,16.116771697998047
961,16.08355712890625
962,16.06035804748535
963,16.082204818725586
964,16.06100845336914
965,16.09473419189453
966,16.091524124145508
967,15.761168479919434
968,15.86540412902832
969,15.909171104431152
970,15.880495071411133
971,15.872173309326172
972,15.921034812927246
973,15.943921089172363
974,15.928032875061035
975,15.844866752624512
976,15.85102367401123
977,15.804160118103027
978,15.848727226257324
979,15.839975357055664
980,15.889686584472656
981,15.921510696411133
982,15.896588325500488
983,15.904752731323242
984,15.907711029052734
985,15.917298316955566
986,15.920565605163574
987,15.911653518676758
988,15.917203903198242
989,15.94027328491211
990,15.93653678894043
991,15.971202850341797
992,15.978184700012207
993,15.987366676330566
994,15.708693504333496
995,15.936126708984375
996,15.945903778076172
997,15.94558334350586
998,15.970436096191406
999,16.060497283935547
1000,15.726449012756348
1001,15.743996620178223
1002,15.787983894348145
1003,15.800280570983887
1004,15.821759223937988
1005,15.831611633300781
1006,15.824234962463379
1007,15.84431266784668
1008,15.860618591308594
1009,15.869467735290527
1010,15.85773754119873
1011,15.84455394744873
1012,15.844066619873047
1013,15.859430313110352
1014,15.884078025817871
1015,15.90073013305664
1016,15.877861022949219
1017,15.872411727905273
1018,15.891368865966797
1019,15.893876075744629
1020,15.884627342224121
1021,15.666895866394043
1022,15.696043968200684
1023,15.699568748474121
1024,15.710421562194824
1025,15.735712051391602
1026,15.78125286102295
1027,15.798385620117188
1028,15.804816246032715
1029,15.807703018188477
1030,15.82144832611084
1031,15.814630508422852
1032,15.829771041870117
1033,15.840898513793945
1034,15.84942626953125
1035,15.848808288574219
1036,15.849616050720215
1037,15.84893798828125
1038,15.851485252380371
1039,15.838543891906738
1040,15.84456729888916
1041,15.837507247924805
1042,15.812548637390137
1043,15.804749488830566
1044,15.783050537109375
1045,15.715109825134277
1046,15.668910026550293
1047,15.653213500976562
1048,15.353970527648926
1049,15.340968132019043
1050,15.420880317687988
1051,15.497031211853027
1052,15.513315200805664
1053,15.528746604919434
1054,15.58381175994873
1055,15.59483814239502
1056,15.668072700500488
1057,15.71204948425293
1058,15.718222618103027
1059,15.764852523803711
1060,15.758410453796387
1061,15.791173934936523
1062,15.819953918457031
1063,15.832075119018555
1064,15.848045349121094
1065,15.860576629638672
1066,15.889697074890137
1067,15.881924629211426
1068,15.8865327835083
1069,15.874743461608887
1070,15.903772354125977
1071,15.946812629699707
1072,15.93907356262207
1073,15.94031047821045
1074,15.946353912353516
1075,15.767698287963867
1076,15.777382850646973
1077,15.772397994995117
1078,15.715909957885742
1079,15.741506576538086
1080,15.76037311553955
1081,15.72448444366455
1082,15.732786178588867
1083,15.738394737243652
1084,15.764572143554688
1085,15.771248817443848
1086,15.758177757263184
1087,15.791694641113281
1088,15.789294242858887
1089,15.77575969696045
1090,15.780227661132812
1091,15.76564884185791
1092,15.768878936767578
1093,15.76174545288086
1094,15.713545799255371
1095,15.764472961425781
1096,15.77035903930664
1097,15.740564346313477
1098,15.660505294799805
1099,15.665539741516113
1100,15.706853866577148
1101,15.698477745056152
1102,15.43833065032959
1103,15.407044410705566
1104,15.436203002929688
1105,15.442423820495605
1106,15.497050285339355
1107,15.518701553344727
1108,15.497542381286621
1109,15.475647926330566
1110,15.449257850646973
1111,15.40361499786377
1112,15.460708618164062
1113,15.478737831115723
1114,15.430678367614746
1115,15.195841789245605
1116,14.947932243347168
1117,14.665553092956543
1118,14.662927627563477
1119,14.80398178100586
1120,15.106816291809082
1121,15.329193115234375
1122,15.370992660522461
1123,15.388181686401367
1124,15.420221328735352
1125,15.494425773620605
1126,15.49326229095459
1127,15.553716659545898
1128,15.560885429382324
1129,15.361592292785645
1130,15.448198318481445
1131,15.434806823730469
1132,15.547415733337402
1133,15.601167678833008
1134,15.636605262756348
1135,15.613454818725586
1136,15.602246284484863
1137,15.607955932617188
1138,15.607834815979004
1139,15.608261108398438
1140,15.635075569152832
1141,15.590849876403809
1142,15.585016250610352
1143,15.589066505432129
1144,15.597970962524414
1145,15.574716567993164
1146,15.5610933303833
1147,15.553730964660645
1148,15.526086807250977
1149,15.5430326461792
1150,15.546655654907227
1151,15.540836334228516
1152,15.562837600708008
1153,15.596183776855469
1154,15.650614738464355
1155,15.664396286010742
1156,15.474241256713867
1157,15.350488662719727
1158,15.215569496154785
1159,15.2426176071167
1160,15.273691177368164
1161,15.36761474609375
1162,15.41894245147705
1163,15.4952392578125
1164,15.578112602233887
1165,15.674004554748535
1166,15.717451095581055
1167,15.72533130645752
1168,15.73604679107666
1169,15.753901481628418
1170,15.781458854675293
1171,15.799598693847656
1172,15.807827949523926
1173,15.830426216125488
1174,15.83891773223877
1175,15.860596656799316
1176,15.854447364807129
1177,15.85452651977539
1178,15.864392280578613
1179,15.864407539367676
1180,15.851542472839355
1181,15.8349609375
1182,15.828531265258789
1183,15.624442100524902
1184,15.762885093688965
1185,15.753437995910645
1186,15.7418212890625
1187,15.766413688659668
1188,15.7723388671875
1189,15.786272048950195
1190,15.789371490478516
1191,15.810050010681152
1192,15.838162422180176
1193,15.853095054626465
1194,15.855483055114746
1195,15.853845596313477
1196,15.861337661743164
1197,15.879487037658691
1198,15.879867553710938
1199,15.881916046142578
1200,15.863975524902344
1201,15.87314224243164
1202,15.876395225524902
1203,15.875457763671875
1204,15.881845474243164
1205,15.882759094238281
1206,15.868499755859375
1207,15.856329917907715
1208,15.882820129394531
1209,15.872761726379395
1210,15.619938850402832
1211,15.588136672973633
1212,15.708488464355469
1213,15.765641212463379
1214,15.793770790100098
1215,15.803132057189941
1216,15.80544662475586
1217,15.812385559082031
1218,15.827642440795898
1219,15.834789276123047
1220,15.831332206726074
1221,15.8416748046875
1222,15.860648155212402
1223,15.874151229858398
1224,15.876215934753418
1225,15.885838508605957
1226,15.904396057128906
1227,15.90460205078125
1228,15.879998207092285
1229,15.891295433044434
1230,15.891369819641113
1231,15.902570724487305
1232,15.918853759765625
1233,15.928543090820312
1234,15.914022445678711
1235,15.930435180664062
1236,15.928792953491211
1237,15.768418312072754
1238,15.731968879699707
1239,15.720620155334473
1240,15.717576026916504
1241,15.722024917602539
1242,15.737674713134766
1243,15.739298820495605
1244,15.741820335388184
1245,15.74527645111084
1246,15.733622550964355
1247,15.754279136657715
1248,15.780587196350098
1249,15.775073051452637
1250,15.785127639770508
1251,15.792044639587402
1252,15.788902282714844
1253,15.776317596435547
1254,15.783475875854492
1255,15.755173683166504
1256,15.724459648132324
1257,15.691458702087402
1258,15.717134475708008
1259,15.71982192993164
1260,15.739386558532715
1261,15.770766258239746
1262,15.768606185913086
1263,15.781208038330078
1264,15.558999061584473
1265,15.51118278503418
1266,15.516477584838867
1267,15.451308250427246
1268,15.47376823425293
1269,15.51258373260498
1270,15.516745567321777
1271,15.538592338562012
1272,15.565345764160156
1273,15.614306449890137
1274,15.645492553710938
1275,15.651104927062988
1276,15.68055534362793
1277,15.719324111938477
1278,15.70355224609375
1279,15.700478553771973
1280,15.686187744140625
1281,15.696937561035156
1282,15.70718002319336
1283,15.66413688659668
1284,15.662503242492676
1285,15.685160636901855
1286,15.655797004699707
1287,15.644850730895996
1288,15.660710334777832
1289,15.669532775878906
1290,15.684639930725098
1291,15.559593200683594
1292,15.446486473083496
1293,15.459904670715332
1294,15.547497749328613
1295,15.593345642089844
1296,15.621455192565918
1297,15.603812217712402
1298,15.588822364807129
1299,15.606934547424316
1300,15.633426666259766
1301,15.635793685913086
1302,15.6635160446167
1303,15.686324119567871
1304,15.713655471801758
1305,15.619388580322266
1306,15.658971786499023
1307,15.64450740814209
1308,15.731557846069336
1309,15.757787704467773
1310,15.793054580688477
1311,15.770157814025879
1312,15.787988662719727
1313,15.801678657531738
1314,15.818161010742188
1315,15.804913520812988
1316,15.816008567810059
1317,15.79567813873291
1318,15.464722633361816
1319,15.481746673583984
1320,15.422409057617188
1321,15.412200927734375
1322,15.449045181274414
1323,15.473845481872559
1324,15.445633888244629
1325,15.420211791992188
1326,15.420966148376465
1327,15.446647644042969
1328,15.448576927185059
1329,15.414469718933105
1330,15.432493209838867
1331,15.384522438049316
1332,15.383484840393066
1333,15.33974552154541
1334,15.35755443572998
1335,15.38902759552002
1336,15.375165939331055
1337,15.397555351257324
1338,15.308868408203125
1339,15.29825210571289
1340,15.372122764587402
1341,15.378111839294434
1342,15.51016902923584
1343,15.528033256530762
1344,15.535306930541992
1345,15.047799110412598
1346,15.092829704284668
1347,15.048141479492188
1348,15.014376640319824
1349,15.054932594299316
1350,15.002259254455566
1351,14.87573528289795
1352,14.816251754760742
1353,14.854470252990723
1354,14.79310417175293
1355,14.840902328491211
1356,14.854905128479004
1357,14.852449417114258
1358,14.753093719482422
1359,14.722051620483398
1360,14.646191596984863
1361,14.643502235412598
1362,14.637978553771973
1363,14.632194519042969
1364,14.494546890258789
1365,14.508514404296875
1366,14.691259384155273
1367,14.67410945892334
1368,14.594145774841309
1369,14.732523918151855
1370,14.60689640045166
1371,14.691222190856934
1372,14.182425498962402
1373,14.333444595336914
1374,14.37613582611084
1375,14.440899848937988
1376,14.573265075683594
1377,14.578001022338867
1378,14.500937461853027
1379,14.499082565307617
1380,14.51987361907959
1381,14.48270034790039
1382,14.494168281555176
1383,14.51071548461914
1384,14.452001571655273
1385,14.382070541381836
1386,14.41532039642334
1387,14.481741905212402
1388,14.616460800170898
1389,14.5968656539917
1390,14.52328109741211
1391,14.641251564025879
1392,14.681340217590332
1393,14.670675277709961
1394,14.637581825256348
1395,14.661614418029785
1396,14.594839096069336
1397,14.605624198913574
1398,14.588894844055176
1399,14.865509986877441
1400,14.624945640563965
1401,14.5979642868042
1402,14.672602653503418
1403,14.778607368469238
1404,14.887354850769043
1405,14.944779396057129
1406,15.012245178222656
1407,15.039679527282715
1408,15.031678199768066
1409,15.04592514038086
1410,15.082085609436035
1411,15.114267349243164
1412,15.13800048828125
1413,15.106524467468262
1414,15.027810096740723
1415,15.019113540649414
1416,15.003236770629883
1417,15.112239837646484
1418,14.997673034667969
1419,14.900795936584473
1420,14.848807334899902
1421,14.815221786499023
1422,14.636453628540039
1423,14.567394256591797
1424,14.54211139678955
1425,14.532633781433105
1426,14.71216869354248
1427,14.750347137451172
1428,14.799727439880371
1429,14.760502815246582
1430,14.738184928894043
1431,14.678620338439941
1432,14.582891464233398
1433,14.487004280090332
1434,14.316734313964844
1435,14.236682891845703
1436,14.178013801574707
1437,14.149397850036621
1438,14.018193244934082
1439,13.970818519592285
1440,13.911507606506348
1441,13.900638580322266
1442,13.848430633544922
1443,13.864290237426758
1444,13.869916915893555
1445,13.888818740844727
1446,13.883194923400879
1447,13.929682731628418
1448,13.949896812438965
1449,13.937801361083984
1450,13.92948055267334
1451,13.993691444396973
1452,14.022494316101074
1453,13.902382850646973
1454,13.847972869873047
1455,13.949246406555176
1456,13.940942764282227
1457,14.070798873901367
1458,14.077435493469238
1459,14.067782402038574
1460,14.10091781616211
1461,14.137086868286133
1462,14.114396095275879
1463,14.163589477539062
1464,14.144869804382324
1465,14.138971328735352
1466,14.149795532226562
1467,14.119378089904785
1468,14.13017749786377
1469,14.246332168579102
1470,14.197394371032715
1471,14.127602577209473
1472,14.088372230529785
1473,14.025991439819336
1474,13.993550300598145
1475,13.993045806884766
1476,14.002862930297852
1477,14.029701232910156
1478,14.056249618530273
1479,14.05143928527832
1480,14.083674430847168
1481,13.96215534210205
1482,13.800487518310547
1483,13.78853702545166
1484,13.83591079711914
1485,13.822959899902344
1486,13.79837417602539
1487,13.81241226196289
1488,13.817357063293457
1489,13.812934875488281
1490,13.838804244995117
1491,13.885762214660645
1492,13.913885116577148
1493,13.876937866210938
1494,13.856639862060547
1495,13.864272117614746
1496,13.956267356872559
1497,13.989563941955566
1498,13.927485466003418
1499,13.918149948120117
1500,14.013955116271973
1501,14.046993255615234
1502,14.266271591186523
1503,14.21073055267334
1504,14.21420669555664
1505,14.248435020446777
1506,14.222097396850586
1507,14.260936737060547
1508,14.394306182861328
1509,14.423419952392578
1510,14.4103422164917
1511,14.460458755493164
1512,14.48837661743164
1513,14.536153793334961
1514,14.511302947998047
1515,14.553547859191895
1516,14.529496192932129
1517,14.510774612426758
1518,14.55185317993164
1519,14.517523765563965
1520,14.518791198730469
1521,14.638389587402344
1522,14.673609733581543
1523,14.583192825317383
1524,14.671234130859375
1525,14.62160873413086
1526,14.605964660644531
1527,14.449545860290527
1528,14.5108642578125
1529,14.482346534729004
1530,14.600441932678223
1531,14.540238380432129
1532,14.526138305664062
1533,14.539628982543945
1534,14.582893371582031
1535,14.551055908203125
1536,14.49455451965332
1537,14.498960494995117
1538,14.548507690429688
1539,14.614784240722656
1540,14.689820289611816
1541,14.704009056091309
1542,14.672037124633789
1543,14.691875457763672
1544,14.666662216186523
1545,14.665632247924805
1546,14.65419864654541
1547,14.643829345703125
1548,14.621000289916992
1549,14.60073471069336
1550,14.567845344543457
1551,14.580520629882812
1552,14.589391708374023
1553,14.576375961303711
1554,14.458415031433105
1555,14.492700576782227
1556,14.405911445617676
1557,14.519350051879883
1558,14.403846740722656
1559,14.505105972290039
1560,14.468777656555176
1561,14.242218017578125
1562,14.315522193908691
1563,14.369834899902344
1564,14.350362777709961
1565,14.575789451599121
1566,14.61426830291748
1567,14.539475440979004
1568,14.552408218383789
1569,14.56393051147461
1570,14.5249605178833
1571,14.581456184387207
1572,14.590097427368164
1573,14.632648468017578
1574,14.696532249450684
1575,14.667584419250488
1576,14.736771583557129
1577,14.864529609680176
1578,14.819314002990723
1579,14.817488670349121
1580,14.82584285736084
1581,14.871212005615234
1582,14.871726036071777
1583,14.884415626525879
1584,14.872776985168457
1585,14.872714042663574
1586,14.875579833984375
1587,14.868107795715332
1588,14.859920501708984
1589,14.939074516296387
1590,14.932502746582031
1591,14.95228099822998
1592,14.956048011779785
1593,14.972150802612305
1594,15.017991065979004
1595,14.980266571044922
1596,14.981356620788574
1597,14.994582176208496
1598,14.98823070526123
1599,14.992868423461914
1600,14.993956565856934
1601,14.978649139404297
1602,14.922080993652344
1603,14.939244270324707
1604,14.931171417236328
1605,14.914950370788574
1606,14.953797340393066
1607,14.95363998413086
1608,14.928903579711914
1609,14.923674583435059
1610,14.947331428527832
1611,14.945672988891602
1612,14.946654319763184
1613,14.9321928024292
1614,14.935724258422852
1615,14.972156524658203
1616,14.875957489013672
1617,14.908191680908203
1618,14.913121223449707
1619,14.914704322814941
1620,14.92031478881836
1621,14.90475845336914
1622,14.902687072753906
1623,14.914283752441406
1624,14.93022632598877
1625,14.9368314743042
1626,14.942045211791992
1627,14.935091972351074
1628,14.88835620880127
1629,14.840614318847656
1630,14.86599063873291
1631,14.84496021270752
1632,14.86500072479248
1633,14.817060470581055
1634,14.835404396057129
1635,14.87114429473877
1636,14.857563018798828
1637,14.87553596496582
1638,14.861949920654297
1639,14.842161178588867
1640,14.824030876159668
1641,14.829333305358887
1642,14.602638244628906
1643,14.789266586303711
1644,14.768893241882324
1645,14.735807418823242
1646,14.696154594421387
1647,14.772472381591797
1648,14.798401832580566
1649,14.814997673034668
1650,14.817279815673828
1651,14.817081451416016
1652,14.82093620300293
1653,14.814852714538574
1654,14.837746620178223
1655,14.803533554077148
1656,14.769438743591309
1657,14.748616218566895
1658,14.70766544342041
1659,14.664212226867676
1660,14.712631225585938
1661,14.792784690856934
1662,14.792473793029785
1663,14.760062217712402
1664,14.788505554199219
1665,14.710652351379395
1666,14.755451202392578
1667,14.702042579650879
1668,14.704705238342285
1669,14.434714317321777
1670,14.478991508483887
1671,14.4456148147583
1672,14.420729637145996
1673,14.360100746154785
1674,14.455080032348633
1675,14.516181945800781
1676,14.512803077697754
1677,14.53098201751709
1678,14.519244194030762
1679,14.518574714660645
1680,14.538806915283203
1681,14.528151512145996
1682,14.451131820678711
1683,14.335114479064941
1684,14.276432991027832
1685,14.184144020080566
1686,14.296380996704102
1687,14.444253921508789
1688,14.372594833374023
1689,14.271973609924316
1690,14.190638542175293
1691,14.256080627441406
1692,14.257003784179688
1693,14.272732734680176
1694,14.267499923706055
1695,14.273015022277832
1696,14.032241821289062
1697,13.929741859436035
1698,14.139323234558105
1699,14.176466941833496
1700,14.129449844360352
1701,14.099559783935547
1702,14.063215255737305
1703,14.168910026550293
1704,14.235278129577637
1705,14.202349662780762
1706,14.230124473571777
1707,14.161903381347656
1708,14.142474174499512
1709,14.206757545471191
1710,14.306167602539062
1711,14.444966316223145
1712,14.293338775634766
1713,14.357080459594727
1714,14.471414566040039
1715,14.422780990600586
1716,14.486991882324219
1717,14.505987167358398
1718,14.452681541442871
1719,14.351475715637207
1720,14.339122772216797
1721,14.269025802612305
1722,14.27740478515625
1723,14.027799606323242
1724,14.044988632202148
1725,14.217301368713379
1726,14.137648582458496
1727,14.137003898620605
1728,14.082762718200684
1729,14.260682106018066
1730,14.207489013671875
1731,14.17563533782959
1732,14.168630599975586
1733,14.210707664489746
1734,14.184576034545898
1735,14.105070114135742
1736,14.162774085998535
1737,14.053377151489258
1738,14.106656074523926
1739,14.003348350524902
1740,14.123093605041504
1741,14.200798988342285
1742,14.191693305969238
1743,14.144150733947754
1744,14.233023643493652
1745,14.19896125793457
1746,14.268231391906738
1747,14.16264820098877
1748,14.249822616577148
1749,14.230606079101562
1750,14.557783126831055
1751,14.57872200012207
1752,14.617472648620605
1753,14.65632438659668
1754,14.608659744262695
1755,14.660035133361816
1756,14.701248168945312
1757,14.707387924194336
1758,14.732847213745117
1759,14.720353126525879
1760,14.749013900756836
1761,14.691100120544434
1762,14.740102767944336
1763,14.763340950012207
1764,14.75036907196045
1765,14.746927261352539
1766,14.765357971191406
1767,14.707172393798828
1768,14.700655937194824
1769,14.673770904541016
1770,14.619544982910156
1771,14.578348159790039
1772,14.670252799987793
1773,14.715399742126465
1774,14.762091636657715
1775,14.765005111694336
1776,14.757201194763184
1777,14.664499282836914
1778,14.777097702026367
1779,14.794715881347656
1780,14.868502616882324
1781,14.88749885559082
1782,14.939379692077637
1783,14.988444328308105
1784,14.979154586791992
1785,15.023219108581543
1786,15.02057933807373
1787,15.04783821105957
1788,15.029610633850098
1789,15.063194274902344
1790,15.042954444885254
1791,15.02481460571289
1792,15.006513595581055
1793,14.972946166992188
1794,14.93903923034668
1795,14.933788299560547
1796,14.948174476623535
1797,14.924335479736328
1798,14.907636642456055
1799,14.927693367004395
1800,14.91298770904541
1801,14.877017974853516
1802,14.824938774108887
1803,14.799397468566895
1804,14.751800537109375
1805,14.767328262329102
1806,14.901649475097656
1807,14.922172546386719
1808,14.857282638549805
1809,14.847944259643555
1810,14.86078929901123
1811,14.902582168579102
1812,14.917903900146484
1813,14.920794486999512
1814,14.916525840759277
1815,14.927467346191406
1816,14.896408081054688
1817,14.905778884887695
1818,14.903133392333984
1819,14.87859058380127
1820,14.852027893066406
1821,14.900813102722168
1822,14.87509822845459
1823,14.918320655822754
1824,14.914981842041016
1825,14.873347282409668
1826,14.908768653869629
1827,14.875032424926758
1828,14.892072677612305
1829,14.885831832885742
1830,14.883475303649902
1831,14.718478202819824
1832,14.679691314697266
1833,14.647826194763184
1834,14.621777534484863
1835,14.676739692687988
1836,14.657188415527344
1837,14.59799861907959
1838,12.856468200683594
1839,12.756911277770996
1840,12.670429229736328
1841,12.575201988220215
1842,12.520398139953613
1843,12.49882698059082
1844,12.524280548095703
1845,12.537636756896973
1846,12.533931732177734
1847,12.500118255615234
1848,12.686546325683594
1849,12.642499923706055
1850,12.601881980895996
1851,12.537439346313477
1852,12.500645637512207
1853,12.480475425720215
1854,12.457436561584473
1855,12.427807807922363
1856,12.430143356323242
1857,12.418819427490234
1858,12.430337905883789
1859,12.470741271972656
1860,12.492063522338867
1861,12.543344497680664
1862,12.52651596069336
1863,12.530216217041016
1864,12.530783653259277
1865,12.733027458190918
1866,12.722074508666992
1867,13.004483222961426
1868,13.129372596740723
1869,13.156116485595703
1870,13.058868408203125
1871,13.023186683654785
1872,13.056130409240723
1873,13.134053230285645
1874,13.112895965576172
1875,13.325013160705566
1876,13.23110294342041
1877,13.092815399169922
1878,13.054055213928223
1879,13.114036560058594
1880,13.030184745788574
1881,13.04764461517334
1882,13.003186225891113
1883,12.980682373046875
1884,12.985448837280273
1885,12.997611999511719
1886,13.038091659545898
1887,12.97070026397705
1888,12.945817947387695
1889,12.99688720703125
1890,12.953887939453125
1891,12.998359680175781
1892,13.218714714050293
1893,13.358070373535156
1894,13.264501571655273
1895,13.174695014953613
1896,13.093138694763184
1897,12.971149444580078
1898,12.934270858764648
1899,12.848723411560059
1900,12.761238098144531
1901,12.683646202087402
1902,13.152498245239258
1903,13.14199447631836
1904,13.25112533569336
1905,13.33261489868164
1906,13.4364013671875
1907,13.564961433410645
1908,13.51616096496582
1909,13.483476638793945
1910,13.554512977600098
1911,13.541266441345215
1912,13.431740760803223
1913,13.415472984313965
1914,13.498945236206055
1915,13.585350036621094
1916,13.589923858642578
1917,13.574005126953125
1918,13.531806945800781
1919,13.514522552490234
1920,13.637721061706543
1921,13.700592041015625
1922,13.636292457580566
1923,13.646821022033691
1924,13.671403884887695
1925,13.842826843261719
1926,14.0098295211792
1927,14.003913879394531
1928,13.918128967285156
1929,14.683457374572754
1930,14.578335762023926
1931,14.495348930358887
1932,14.497065544128418
1933,14.457133293151855
1934,14.339112281799316
1935,14.251611709594727
1936,14.290792465209961
1937,14.168354034423828
1938,14.197444915771484
1939,14.099020004272461
1940,13.864696502685547
1941,13.727884292602539
1942,13.31875991821289
1943,13.309897422790527
1944,13.345005989074707
1945,13.292411804199219
1946,13.246498107910156
1947,13.155998229980469
1948,13.05667495727539
1949,13.023651123046875
1950,12.981287956237793
1951,13.048989295959473
1952,13.068100929260254
1953,12.9486722946167
1954,12.968561172485352
1955,12.9547700881958
1956,13.642141342163086
1957,13.75650691986084
1958,13.745245933532715
1959,13.704218864440918
1960,13.665234565734863
1961,13.61723804473877
1962,13.561113357543945
1963,13.53016185760498
1964,13.519429206848145
1965,13.484829902648926
1966,13.346617698669434
1967,13.361464500427246
1968,13.375045776367188
1969,13.376307487487793
1970,13.421998023986816
1971,13.339554786682129
1972,13.273791313171387
1973,13.247974395751953
1974,13.24934196472168
1975,13.31080150604248
1976,13.285148620605469
1977,13.37540340423584
1978,13.45722484588623
1979,13.487192153930664
1980,13.557404518127441
1981,13.615979194641113
1982,13.65392017364502
1983,13.732933044433594
1984,13.668911933898926
1985,13.644859313964844
1986,13.750723838806152
1987,13.657325744628906
1988,13.715824127197266
1989,13.614683151245117
1990,13.573134422302246
1991,13.609602928161621
1992,13.612354278564453
1993,13.641692161560059
1994,13.359694480895996
1995,13.21864128112793
1996,12.985569953918457
1997,12.936274528503418
1998,12.933979034423828
1999,12.873074531555176
2000,12.301606178283691
2001,12.349218368530273
2002,12.358098983764648
2003,12.392114639282227
2004,12.328009605407715
2005,12.321353912353516
2006,12.366239547729492
2007,12.392376899719238
2008,12.169960021972656
2009,12.294281005859375
2010,12.309812545776367
2011,12.375323295593262
2012,12.416646957397461
2013,12.380851745605469
2014,12.30819034576416
2015,12.28030014038086
2016,12.280248641967773
2017,12.245246887207031
2018,12.2708740234375
2019,12.275683403015137
2020,12.264962196350098
2021,12.320211410522461
2022,12.325313568115234
2023,12.349248886108398
2024,12.366840362548828
2025,12.312506675720215
2026,12.257452964782715
2027,12.289628028869629
2028,12.28235149383545
2029,12.295125007629395
2030,12.295754432678223
2031,12.315726280212402
2032,12.318962097167969
2033,12.33192253112793
2034,12.348960876464844
2035,12.411455154418945
2036,12.311141967773438
2037,12.401198387145996
2038,12.416306495666504
2039,12.391090393066406
2040,12.334386825561523
2041,12.382514953613281
2042,12.4065523147583
2043,12.36369800567627
2044,12.374496459960938
2045,12.278701782226562
2046,12.313681602478027
2047,12.309313774108887
2048,12.297493934631348
2049,12.377589225769043
2050,12.300027847290039
2051,12.370173454284668
2052,12.374491691589355
2053,12.334120750427246
2054,12.339167594909668
2055,12.356081008911133
2056,12.421012878417969
2057,12.399394035339355
2058,12.412498474121094
2059,12.463250160217285
2060,12.343944549560547
2061,12.019928932189941
2062,12.010058403015137
2063,12.008134841918945
2064,12.027923583984375
2065,12.02606201171875
2066,12.03106689453125
2067,12.085233688354492
2068,12.07751750946045
2069,12.044193267822266
2070,12.045424461364746
2071,12.06475830078125
2072,12.083924293518066
2073,12.116190910339355
2074,12.182975769042969
2075,12.163829803466797
2076,12.173510551452637
2077,12.230993270874023
2078,12.23216724395752
2079,12.277970314025879
2080,12.336790084838867
2081,12.235755920410156
2082,12.35772705078125
2083,12.38551139831543
2084,12.29824161529541
2085,12.351754188537598
2086,12.390070915222168
2087,11.970224380493164
2088,11.982444763183594
2089,11.989740371704102
2090,12.002731323242188
2091,12.008185386657715
2092,12.021553039550781
2093,12.022144317626953
2094,12.034139633178711
2095,12.107909202575684
2096,12.069355010986328
2097,12.059478759765625
2098,12.056840896606445
2099,12.068039894104004
2100,12.067558288574219
2101,12.077733993530273
2102,12.068915367126465
2103,12.088638305664062
2104,12.103226661682129
2105,12.098187446594238
2106,12.121112823486328
2107,12.139100074768066
2108,12.21567153930664
2109,12.175944328308105
2110,12.21428108215332
2111,12.250589370727539
2112,12.31673526763916
2113,12.307194709777832
2114,12.126931190490723
2115,12.357534408569336
2116,12.582832336425781
2117,12.668292999267578
2118,12.85346508026123
2119,12.907706260681152
2120,12.850780487060547
2121,12.89852523803711
2122,12.968579292297363
2123,13.039990425109863
2124,12.919634819030762
2125,12.852903366088867
2126,12.832205772399902
2127,12.81620979309082
2128,12.738587379455566
2129,12.692169189453125
2130,12.571942329406738
2131,12.515501976013184
2132,12.489742279052734
2133,12.431136131286621
2134,12.454632759094238
2135,12.482953071594238
2136,12.615693092346191
2137,12.663448333740234
2138,12.63304615020752
2139,12.687379837036133
2140,12.492570877075195
2141,12.584861755371094
2142,12.637870788574219
2143,12.45046329498291
2144,12.35721492767334
2145,12.329241752624512
2146,12.277909278869629
2147,12.263195037841797
2148,12.257960319519043
2149,12.298664093017578
2150,12.270835876464844
2151,12.29290771484375
2152,12.262960433959961
2153,12.234768867492676
2154,12.25521469116211
2155,12.271613121032715
2156,12.275803565979004
2157,12.25172233581543
2158,12.263391494750977
2159,12.291030883789062
2160,12.256555557250977
2161,12.289125442504883
2162,12.308137893676758
2163,12.329747200012207
2164,12.364457130432129
2165,12.41603946685791
2166,12.123907089233398
2167,12.190789222717285
2168,12.158122062683105
2169,12.171357154846191
2170,12.193665504455566
2171,12.21856689453125
2172,12.196514129638672
2173,12.134525299072266
2174,12.190528869628906
2175,12.165635108947754
2176,12.19485092163086
2177,12.19217586517334
2178,12.22608470916748
2179,12.224096298217773
2180,12.226820945739746
2181,12.191638946533203
2182,12.201262474060059
2183,12.2294340133667
2184,12.275609016418457
2185,12.301851272583008
2186,12.325486183166504
2187,12.401262283325195
2188,12.360692977905273
2189,12.330770492553711
2190,12.399582862854004
2191,12.40811824798584
2192,12.329863548278809
2193,12.150382041931152
2194,12.18038558959961
2195,12.047338485717773
2196,12.11848258972168
2197,12.227544784545898
2198,12.30521011352539
2199,12.36709976196289
2200,12.364119529724121
2201,12.353087425231934
2202,12.479875564575195
2203,12.506538391113281
2204,12.542943954467773
2205,12.450085639953613
2206,12.466636657714844
2207,12.510807991027832
2208,12.486494064331055
2209,12.476773262023926
2210,12.475010871887207
2211,12.41869068145752
2212,12.368207931518555
2213,12.392330169677734
2214,12.40433406829834
2215,12.414619445800781
2216,12.388617515563965
2217,12.419739723205566
2218,12.423659324645996
2219,12.39642333984375
2220,12.415167808532715
2221,12.416729927062988
2222,12.44662094116211
2223,12.494400024414062
2224,12.563547134399414
2225,12.541733741760254
2226,12.542285919189453
2227,12.596817970275879
2228,12.619413375854492
2229,12.595211029052734
2230,12.590897560119629
2231,12.585649490356445
2232,12.569448471069336
2233,12.573729515075684
2234,12.580588340759277
2235,12.560981750488281
2236,12.549026489257812
2237,12.518210411071777
2238,12.54688549041748
2239,12.561477661132812
2240,12.560211181640625
2241,12.612872123718262
2242,12.613983154296875
2243,12.580187797546387
2244,12.507792472839355
2245,12.564784049987793
2246,12.475807189941406
2247,12.833672523498535
2248,12.833836555480957
2249,12.88012981414795
2250,12.827042579650879
2251,12.850149154663086
2252,12.815552711486816
2253,12.813185691833496
2254,12.811264038085938
2255,12.878229141235352
2256,12.88420581817627
2257,12.906278610229492
2258,12.889665603637695
2259,12.811610221862793
2260,12.856283187866211
2261,12.905362129211426
2262,12.877943992614746
2263,12.867070198059082
2264,12.783530235290527
2265,12.805163383483887
2266,12.809626579284668
2267,12.7913179397583
2268,12.838499069213867
2269,12.844100952148438
2270,12.918724060058594
2271,12.935656547546387
2272,12.856551170349121
2273,12.967212677001953
2274,12.86826229095459
2275,12.96407413482666
2276,13.026280403137207
2277,12.897351264953613
2278,12.646570205688477
2279,12.59305191040039
2280,12.564786911010742
2281,12.519986152648926
2282,12.517504692077637
2283,12.495903968811035
2284,12.500656127929688
2285,12.516538619995117
2286,12.517681121826172
2287,12.540764808654785
2288,12.552789688110352
2289,12.542341232299805
2290,12.56659984588623
2291,12.554723739624023
2292,12.479621887207031
2293,12.544290542602539
2294,12.50709342956543
2295,12.540849685668945
2296,12.523809432983398
2297,12.488224029541016
2298,12.546276092529297
2299,12.533411026000977
2300,12.413887023925781
2301,12.218822479248047
2302,12.278865814208984
2303,12.280996322631836
2304,12.267620086669922
2305,12.280527114868164
2306,12.302017211914062
2307,12.298666954040527
2308,12.304116249084473
2309,12.310819625854492
2310,12.211271286010742
2311,12.247429847717285
2312,12.249938011169434
2313,12.238646507263184
2314,12.227684020996094
2315,12.254467010498047
2316,12.200366973876953
2317,12.243124961853027
2318,12.252099990844727
2319,12.291987419128418
2320,12.304083824157715
2321,12.318543434143066
2322,12.333508491516113
2323,12.33357048034668
2324,12.348930358886719
2325,12.440168380737305
2326,13.850604057312012
2327,14.12203311920166
2328,14.057774543762207
2329,14.04067325592041
2330,14.126700401306152
2331,14.204952239990234
2332,14.202736854553223
2333,14.297629356384277
2334,14.371806144714355
2335,14.454241752624512
2336,14.395478248596191
2337,14.408893585205078
2338,14.440973281860352
2339,14.562697410583496
2340,14.542537689208984
2341,14.523326873779297
2342,14.521387100219727
2343,14.485410690307617
2344,14.489323616027832
2345,14.448370933532715
2346,14.411291122436523
2347,14.280325889587402
2348,14.091998100280762
2349,13.874320030212402
2350,13.652632713317871
2351,13.647262573242188
2352,13.61677360534668
2353,13.296063423156738
2354,13.496893882751465
2355,13.581907272338867
2356,13.650982856750488
2357,13.8281888961792
2358,13.921797752380371
2359,13.97473430633545
2360,13.850415229797363
2361,13.669212341308594
2362,13.564931869506836
2363,13.565961837768555
2364,13.455025672912598
2365,13.313167572021484
2366,13.233911514282227
2367,13.190104484558105
2368,13.182954788208008
2369,13.066865921020508
2370,13.005191802978516
2371,13.039344787597656
2372,13.0839262008667
2373,13.053201675415039
2374,13.051115989685059
2375,13.047880172729492
2376,13.045022964477539
2377,13.140022277832031
2378,13.184654235839844
2379,13.209782600402832
2380,12.954582214355469
2381,13.11383056640625
2382,13.622563362121582
2383,13.583112716674805
2384,13.56488037109375
2385,13.664149284362793
2386,13.731353759765625
2387,13.449670791625977
2388,13.460477828979492
2389,13.300968170166016
2390,13.273296356201172
2391,13.231575012207031
2392,13.150969505310059
2393,13.219643592834473
2394,13.294687271118164
2395,13.267681121826172
2396,13.185308456420898
2397,13.178563117980957
2398,13.096487045288086
2399,13.015621185302734
2400,12.91999626159668
2401,12.858843803405762
2402,12.786035537719727
2403,12.797818183898926
2404,12.766530990600586
2405,12.840995788574219
2406,12.831033706665039
2407,12.758302688598633
2408,13.250133514404297
2409,13.395914077758789
2410,13.405006408691406
2411,13.392292976379395
2412,13.252586364746094
2413,13.289159774780273
2414,13.393021583557129
2415,13.49096393585205
2416,13.531393051147461
2417,13.35179328918457
2418,13.271260261535645
2419,13.198192596435547
2420,13.087301254272461
2421,13.274409294128418
2422,13.210596084594727
2423,13.049498558044434
2424,12.922168731689453
2425,12.889766693115234
2426,12.894108772277832
2427,12.91851806640625
2428,13.033778190612793
2429,12.996683120727539
2430,12.97646713256836
2431,13.014336585998535
2432,13.205645561218262
2433,13.72314739227295
2434,13.72532844543457
2435,13.9404878616333
2436,13.997312545776367
2437,14.12303352355957
2438,14.159077644348145
2439,14.153864860534668
2440,14.151284217834473
2441,14.094552040100098
2442,14.129922866821289
2443,14.126800537109375
2444,14.1784086227417
2445,14.084494590759277
2446,14.01600456237793
2447,13.847099304199219
2448,13.891057014465332
2449,13.8236722946167
2450,13.87894058227539
2451,13.812767028808594
2452,13.8311767578125
2453,13.829891204833984
2454,13.762055397033691
2455,13.739800453186035
2456,13.676362037658691
2457,13.815807342529297
2458,13.794466972351074
2459,14.552604675292969
2460,14.70260238647461
2461,14.747414588928223
2462,14.728426933288574
2463,14.75137710571289
2464,14.803149223327637
2465,14.845636367797852
2466,14.905200004577637
2467,14.953006744384766
2468,14.934391021728516
2469,14.893988609313965
2470,14.865779876708984
2471,14.893694877624512
2472,14.927340507507324
2473,14.937434196472168
2474,14.911538124084473
2475,14.857810020446777
2476,14.841805458068848
2477,14.843131065368652
2478,14.789607048034668
2479,14.773836135864258
2480,14.732197761535645
2481,14.72327995300293
2482,14.793517112731934
2483,14.711288452148438
2484,14.562883377075195
2485,14.427721977233887
2486,14.851339340209961
2487,14.860623359680176
2488,14.8639554977417
2489,14.873676300048828
2490,14.877723693847656
2491,14.815144538879395
2492,14.781473159790039
2493,14.779924392700195
2494,14.704989433288574
2495,14.653179168701172
2496,14.563084602355957
2497,14.649187088012695
2498,14.598416328430176
2499,14.64258861541748
2500,15.055672645568848
2501,15.01859188079834
2502,15.009527206420898
2503,14.9525728225708
2504,14.951648712158203
2505,14.93182373046875
2506,14.913032531738281
2507,14.918229103088379
2508,15.062848091125488
2509,14.971423149108887
2510,14.982341766357422
2511,14.964062690734863
2512,15.004096984863281
2513,14.796719551086426
2514,14.757450103759766
2515,14.848657608032227
2516,14.917852401733398
2517,14.965763092041016
2518,15.000611305236816
2519,15.098472595214844
2520,14.944043159484863
2521,14.980183601379395
2522,15.00982666015625
2523,15.044776916503906
2524,15.020282745361328
2525,15.007865905761719
2526,15.030638694763184
2527,15.015945434570312
2528,15.047039031982422
2529,15.066756248474121
2530,15.086030960083008
2531,15.054545402526855
2532,15.037628173828125
2533,15.032447814941406
2534,15.10949993133545
2535,15.090983390808105
2536,15.079391479492188
2537,15.08569049835205
2538,14.879284858703613
2539,14.8274564743042
2540,14.812456130981445
2541,14.762160301208496
2542,14.708691596984863
2543,14.778727531433105
2544,14.855656623840332
2545,14.903945922851562
2546,14.92901611328125
2547,14.967795372009277
2548,14.969225883483887
2549,14.951120376586914
2550,14.954127311706543
2551,14.947989463806152
2552,14.939798355102539
2553,14.940589904785156
2554,14.940858840942383
2555,14.952459335327148
2556,14.94803237915039
2557,14.961649894714355
2558,14.937158584594727
2559,14.969108581542969
2560,14.948624610900879
2561,14.88715648651123
2562,14.914252281188965
2563,14.98964786529541
2564,14.972814559936523
2565,14.94984245300293
2566,14.916630744934082
2567,14.918643951416016
2568,14.930953979492188
2569,14.865540504455566
2570,14.873127937316895
2571,14.822711944580078
2572,14.901274681091309
2573,14.894214630126953
2574,14.894104957580566
2575,14.966114044189453
2576,14.986719131469727
2577,15.01929759979248
2578,14.991753578186035
2579,14.999950408935547
2580,15.018508911132812
2581,14.999454498291016
2582,14.986618995666504
2583,14.994731903076172
2584,14.989941596984863
2585,14.984580993652344
2586,14.944047927856445
2587,14.905714988708496
2588,14.834925651550293
2589,14.848258972167969
2590,14.845877647399902
2591,14.760208129882812
2592,14.813122749328613
2593,14.846187591552734
2594,14.852054595947266
2595,14.854883193969727
2596,14.863204002380371
2597,14.870168685913086
2598,14.892654418945312
2599,14.86398696899414
2600,14.85112190246582
2601,14.828920364379883
2602,14.881122589111328
2603,14.813226699829102
2604,14.919293403625488
2605,14.90050983428955
2606,14.875428199768066
2607,14.912395477294922
2608,14.908266067504883
2609,14.899698257446289
2610,14.92992115020752
2611,14.980950355529785
2612,14.950820922851562
2613,14.925122261047363
2614,14.973594665527344
2615,14.910654067993164
2616,14.796039581298828
2617,13.254708290100098
2618,12.95663070678711
2619,12.899444580078125
2620,12.913101196289062
2621,12.850112915039062
2622,12.897377014160156
2623,12.896285057067871
2624,12.820621490478516
2625,12.846789360046387
2626,13.001654624938965
2627,13.011855125427246
2628,13.076505661010742
2629,13.247060775756836
2630,13.73570442199707
2631,13.893348693847656
2632,13.849011421203613
2633,13.908520698547363
2634,13.606569290161133
2635,13.540689468383789
2636,13.975872039794922
2637,14.075628280639648
2638,14.005455017089844
2639,13.926264762878418
2640,13.836140632629395
2641,14.238895416259766
2642,14.453824043273926
2643,14.444833755493164
2644,13.90527629852295
2645,14.271466255187988
2646,14.183314323425293
2647,14.269095420837402
2648,14.484475135803223
2649,14.600544929504395
2650,14.642926216125488
2651,14.659955024719238
2652,14.66831111907959
2653,14.65942096710205
2654,14.662423133850098
2655,14.650238037109375
2656,14.609901428222656
2657,14.60318660736084
2658,14.58632755279541
2659,14.498579978942871
2660,14.507490158081055
2661,14.620508193969727
2662,14.610995292663574
2663,14.47724437713623
2664,14.453119277954102
2665,14.442795753479004
2666,14.513558387756348
2667,14.631428718566895
2668,14.684638977050781
2669,14.684344291687012
2670,14.446609497070312
2671,13.945012092590332
2672,13.657898902893066
2673,13.992246627807617
2674,13.65811824798584
2675,13.482000350952148
2676,13.469982147216797
2677,13.508840560913086
2678,13.521438598632812
2679,13.604150772094727
2680,13.580235481262207
2681,13.694510459899902
2682,13.66481876373291
2683,13.640707969665527
2684,13.491070747375488
2685,13.749869346618652
2686,13.802732467651367
2687,13.881710052490234
2688,14.161721229553223
2689,14.335691452026367
2690,14.460277557373047
2691,14.522894859313965
2692,14.585559844970703
2693,14.607316970825195
2694,14.629368782043457
2695,14.65583324432373
2696,14.656225204467773
2697,14.610116004943848
2698,14.623838424682617
2699,14.652833938598633
2700,14.662239074707031
2701,14.6609468460083
2702,14.669295310974121
2703,14.716405868530273
2704,14.71728515625
2705,14.729269027709961
2706,14.724923133850098
2707,14.728120803833008
2708,14.756966590881348
2709,14.766984939575195
2710,14.775861740112305
2711,14.772808074951172
2712,14.771960258483887
2713,14.745269775390625
2714,14.754656791687012
2715,14.752923011779785
2716,14.791217803955078
2717,14.795605659484863
2718,14.782085418701172
2719,14.691062927246094
2720,14.57219409942627
2721,14.55593204498291
2722,14.520181655883789
2723,14.530060768127441
2724,14.385796546936035
2725,14.548879623413086
2726,14.495125770568848
2727,14.407362937927246
2728,14.289634704589844
2729,14.278979301452637
2730,14.087448120117188
2731,13.854022979736328
2732,13.83515453338623
2733,14.049806594848633
2734,13.859313011169434
2735,13.870085716247559
2736,13.859389305114746
2737,13.833148956298828
2738,13.754975318908691
2739,13.702829360961914
2740,13.552611351013184
2741,13.394608497619629
2742,13.370243072509766
2743,13.473918914794922
2744,13.672768592834473
2745,13.870038032531738
2746,14.190886497497559
2747,14.315102577209473
2748,14.2816801071167
2749,14.254047393798828
2750,14.30749225616455
2751,14.397393226623535
2752,14.35578727722168
2753,14.292496681213379
2754,14.201918601989746
2755,14.049593925476074
2756,14.09344482421875
2757,13.659289360046387
2758,13.52639389038086
2759,13.492903709411621
2760,13.510091781616211
2761,13.277978897094727
2762,13.244956016540527
2763,13.080256462097168
2764,13.174840927124023
2765,13.217728614807129
2766,13.16716480255127
2767,13.026997566223145
2768,13.053107261657715
2769,12.974721908569336
2770,13.06551742553711
2771,13.14445972442627
2772,13.223575592041016
2773,13.275090217590332
2774,13.416218757629395
2775,13.729788780212402
2776,14.119831085205078
2777,14.235895156860352
2778,12.418646812438965
2779,12.334141731262207
2780,12.348251342773438
2781,12.477103233337402
2782,12.428143501281738
2783,12.499344825744629
2784,12.606006622314453
2785,12.859724044799805
2786,12.952383041381836
2787,12.923254013061523
2788,13.010282516479492
2789,12.845769882202148
2790,12.781234741210938
2791,12.811423301696777
2792,12.769219398498535
2793,12.738882064819336
2794,12.769762992858887
2795,12.880672454833984
2796,12.852888107299805
2797,12.849982261657715
2798,12.861042976379395
2799,13.028770446777344
2800,13.231966972351074
2801,13.193284034729004
2802,13.202555656433105
2803,13.133279800415039
2804,13.097307205200195
2805,12.307909965515137
2806,12.305963516235352
2807,12.981779098510742
2808,13.55185604095459
2809,12.782751083374023
2810,12.399419784545898
2811,12.419260025024414
2812,12.630084037780762
2813,12.577731132507324
2814,12.526205062866211
2815,12.502279281616211
2816,12.50713062286377
2817,12.510499000549316
2818,12.548321723937988
2819,12.519006729125977
2820,12.521991729736328
2821,12.536356925964355
2822,12.571061134338379
2823,12.548482894897461
2824,12.594947814941406
2825,12.588221549987793
2826,12.61927318572998
2827,12.6151762008667
2828,12.637621879577637
2829,12.630705833435059
2830,12.703228950500488
2831,12.665773391723633
2832,12.198253631591797
2833,12.064749717712402
2834,12.385879516601562
2835,12.668268203735352
2836,13.736696243286133
2837,14.126648902893066
2838,14.269025802612305
2839,14.129434585571289
2840,14.050127029418945
2841,14.151068687438965
2842,14.31064510345459
2843,14.306665420532227
2844,14.352028846740723
2845,14.363927841186523
2846,14.17343807220459
2847,13.808951377868652
2848,13.32761001586914
2849,13.243317604064941
2850,12.959044456481934
2851,12.860381126403809
2852,12.908041954040527
2853,12.887334823608398
2854,12.873698234558105
2855,13.56120777130127
2856,14.215287208557129
2857,14.498504638671875
2858,14.554055213928223
2859,14.076412200927734
2860,14.17531681060791
2861,14.345131874084473
2862,14.43049144744873
2863,14.52276611328125
2864,14.586345672607422
2865,14.591934204101562
2866,14.570892333984375
2867,14.569543838500977
2868,14.576666831970215
2869,14.565351486206055
2870,14.49433422088623
2871,14.383492469787598
2872,14.403143882751465
2873,14.387600898742676
2874,14.474665641784668
2875,14.52232837677002
2876,14.584742546081543
2877,14.584041595458984
2878,14.601523399353027
2879,14.579161643981934
2880,14.60136890411377
2881,14.598814964294434
2882,14.597972869873047
2883,14.619793891906738
2884,14.63648796081543
2885,14.633206367492676
2886,14.50768756866455
2887,14.531708717346191
2888,14.586999893188477
2889,14.604619026184082
2890,14.61981201171875
2891,14.622610092163086
2892,14.62222671508789
2893,14.635482788085938
2894,14.641877174377441
2895,14.654961585998535
2896,14.669166564941406
2897,14.664285659790039
2898,14.71987533569336
2899,14.700223922729492
2900,14.680816650390625
2901,14.701644897460938
2902,14.574074745178223
2903,14.594416618347168
2904,14.660033226013184
2905,14.689932823181152
2906,14.690262794494629
2907,14.685121536254883
2908,14.708894729614258
2909,14.623347282409668
2910,14.697885513305664
2911,14.724469184875488
2912,14.72315502166748
2913,14.527994155883789
2914,14.562572479248047
2915,14.594433784484863
2916,14.639312744140625
2917,14.662365913391113
2918,14.738070487976074
2919,14.67119026184082
2920,14.613808631896973
2921,14.615769386291504
2922,14.642765998840332
2923,14.675106048583984
2924,14.659039497375488
2925,14.683798789978027
2926,14.675361633300781
2927,14.654922485351562
2928,14.68358325958252
2929,14.608742713928223
2930,14.700581550598145
2931,14.766897201538086
2932,14.769576072692871
2933,14.772747993469238
2934,14.75117301940918
2935,14.756930351257324
2936,14.72938060760498
2937,14.772916793823242
2938,14.84075927734375
2939,14.810722351074219
2940,14.703551292419434
2941,14.69770622253418
2942,14.710515975952148
2943,14.711318969726562
2944,14.730917930603027
2945,14.75089168548584
2946,14.791738510131836
2947,14.76737117767334
2948,14.745122909545898
2949,14.762635231018066
2950,14.79883098602295
2951,14.808206558227539
2952,14.808623313903809
2953,14.874356269836426
2954,14.835203170776367
2955,14.880412101745605
2956,14.891178131103516
2957,14.841869354248047
2958,14.852370262145996
2959,14.873537063598633
2960,14.856359481811523
2961,14.881051063537598
2962,14.877903938293457
2963,14.853985786437988
2964,14.841501235961914
2965,14.81723690032959
2966,14.814132690429688
2967,14.812663078308105
2968,14.824840545654297
2969,14.803718566894531
2970,14.778597831726074
2971,14.793449401855469
2972,14.801294326782227
2973,14.796359062194824
2974,14.869345664978027
2975,14.86371898651123
2976,14.868574142456055
2977,14.8785982131958
2978,14.87763500213623
2979,14.884870529174805
2980,14.863129615783691
2981,14.87700366973877
2982,14.855280876159668
2983,14.872008323669434
2984,14.85190200805664
2985,14.898041725158691
2986,14.88697624206543
2987,14.880207061767578
2988,14.857564926147461
2989,14.86264419555664
2990,14.871634483337402
2991,14.856844902038574
2992,14.835874557495117
2993,14.840606689453125
2994,14.78625774383545
2995,14.807211875915527
2996,14.768795013427734
2997,14.853951454162598
2998,14.883049964904785
2999,14.901032447814941
3000,14.541622161865234
3001,14.60009479522705
3002,14.625758171081543
3003,14.612051010131836
3004,14.546865463256836
3005,14.539351463317871
3006,14.562821388244629
3007,14.610844612121582
3008,14.62048625946045
3009,14.622092247009277
3010,14.637457847595215
3011,14.712864875793457
3012,14.782629013061523
3013,14.813714981079102
3014,14.840010643005371
3015,14.831192970275879
3016,14.795080184936523
3017,14.83177661895752
3018,14.88630485534668
3019,14.776008605957031
3020,14.631997108459473
3021,14.38391399383545
3022,14.756897926330566
3023,15.004798889160156
3024,15.079793930053711
3025,15.202839851379395
3026,15.187641143798828
3027,15.179740905761719
3028,15.189477920532227
3029,15.169412612915039
3030,15.224955558776855
3031,15.29016399383545
3032,15.286710739135742
3033,15.298129081726074
3034,15.354620933532715
3035,15.335022926330566
3036,15.396760940551758
3037,15.409207344055176
3038,15.498886108398438
3039,15.456625938415527
3040,15.513737678527832
3041,15.487651824951172
3042,15.501489639282227
3043,15.263142585754395
3044,15.336982727050781
3045,15.331376075744629
3046,15.42572021484375
3047,15.419255256652832
3048,15.439647674560547
3049,15.523778915405273
3050,15.54259967803955
3051,15.55777645111084
3052,15.529253005981445
3053,15.559934616088867
3054,15.556438446044922
3055,15.571504592895508
3056,15.585945129394531
3057,15.588202476501465
3058,15.593369483947754
3059,15.586143493652344
3060,15.572040557861328
3061,15.602608680725098
3062,15.559329986572266
3063,15.584884643554688
3064,15.558845520019531
3065,15.633021354675293
3066,15.580818176269531
3067,15.592514038085938
3068,15.590657234191895
3069,15.600907325744629
3070,15.461105346679688
3071,15.404608726501465
3072,15.352812767028809
3073,15.340176582336426
3074,15.243767738342285
3075,15.264111518859863
3076,15.188148498535156
3077,15.161023139953613
3078,15.190448760986328
3079,15.242609977722168
3080,15.102261543273926
3081,15.009775161743164
3082,15.018610954284668
3083,14.960942268371582
3084,14.937825202941895
3085,14.947870254516602
3086,15.012385368347168
3087,15.071264266967773
3088,15.07203197479248
3089,15.03984546661377
3090,14.927911758422852
3091,14.928750038146973
3092,15.058677673339844
3093,15.0722074508667
3094,15.045575141906738
3095,15.146383285522461
3096,15.124576568603516
3097,14.577342987060547
3098,14.660850524902344
3099,14.93533992767334
3100,15.132224082946777
3101,15.180460929870605
3102,15.266990661621094
3103,15.239995002746582
3104,15.236564636230469
3105,15.215099334716797
3106,15.297750473022461
3107,15.336362838745117
3108,15.321501731872559
3109,15.334867477416992
3110,15.421109199523926
3111,15.40915298461914
3112,15.387763977050781
3113,15.473515510559082
3114,15.472834587097168
3115,15.498770713806152
3116,15.489154815673828
3117,15.541211128234863
3118,15.505586624145508
3119,15.536720275878906
3120,15.588664054870605
3121,15.55350399017334
3122,15.549941062927246
3123,15.559426307678223
3124,15.321318626403809
3125,15.41197395324707
3126,15.408198356628418
3127,15.36520767211914
3128,15.387884140014648
3129,15.380414962768555
3130,15.45743465423584
3131,15.47462272644043
3132,15.480785369873047
3133,15.59698486328125
3134,15.545083999633789
3135,15.512885093688965
3136,15.554281234741211
3137,15.577427864074707
3138,15.577815055847168
3139,15.622419357299805
3140,15.60216236114502
3141,15.592267990112305
3142,15.636415481567383
3143,15.572357177734375
3144,15.541114807128906
3145,15.571006774902344
3146,15.5228271484375
3147,15.501028060913086
3148,15.484688758850098
3149,15.527569770812988
3150,15.515867233276367
3151,14.478131294250488
3152,14.297699928283691
3153,14.267266273498535
3154,14.23874282836914
3155,14.21297550201416
3156,14.202954292297363
3157,14.219945907592773
3158,14.21759033203125
3159,14.214583396911621
3160,14.209146499633789
3161,14.222210884094238
3162,14.242019653320312
3163,14.307613372802734
3164,14.362290382385254
3165,14.428229331970215
3166,14.402436256408691
3167,14.437079429626465
3168,14.520940780639648
3169,14.582414627075195
3170,14.529800415039062
3171,14.472892761230469
3172,14.520904541015625
3173,14.593984603881836
3174,14.370611190795898
3175,14.373042106628418
3176,14.547279357910156
3177,14.65413761138916
3178,14.620830535888672
3179,14.578963279724121
3180,14.484636306762695
3181,14.451333999633789
3182,14.477558135986328
3183,14.482935905456543
3184,14.416884422302246
3185,14.353873252868652
3186,14.322172164916992
3187,14.297455787658691
3188,14.256538391113281
3189,14.255651473999023
3190,14.268434524536133
3191,14.291097640991211
3192,14.353716850280762
3193,14.412131309509277
3194,14.397775650024414
3195,14.47654914855957
3196,14.515267372131348
3197,14.494965553283691
3198,14.444393157958984
3199,14.533174514770508
3200,14.60184097290039
3201,14.64188003540039
3202,14.791057586669922
3203,14.87215518951416
3204,14.959139823913574
3205,14.9732027053833
3206,15.00838851928711
3207,14.989200592041016
3208,15.039053916931152
3209,15.079644203186035
3210,15.120436668395996
3211,15.180183410644531
3212,15.189349174499512
3213,15.233156204223633
3214,15.223002433776855
3215,15.255359649658203
3216,15.293285369873047
3217,15.30212116241455
3218,15.283880233764648
3219,15.27858829498291
3220,15.164319038391113
3221,15.22033405303955
3222,15.300982475280762
3223,15.342306137084961
3224,15.259078979492188
3225,15.24970817565918
3226,15.35474967956543
3227,15.37920093536377
3228,14.484033584594727
3229,14.437297821044922
3230,14.48005199432373
3231,14.527588844299316
3232,14.624395370483398
3233,14.708124160766602
3234,14.624568939208984
3235,14.551353454589844
3236,14.459259986877441
3237,14.423203468322754
3238,14.514843940734863
3239,14.592487335205078
3240,14.540913581848145
3241,14.491814613342285
3242,14.571283340454102
3243,14.623414993286133
3244,14.584314346313477
3245,14.574604034423828
3246,14.49066162109375
3247,14.425806045532227
3248,14.393858909606934
3249,14.448320388793945
3250,14.500975608825684
3251,14.42495059967041
3252,14.373908042907715
3253,14.415905952453613
3254,14.41208267211914
3255,14.422601699829102
3256,14.419734001159668
3257,14.341726303100586
3258,14.29280948638916
3259,14.283395767211914
3260,14.218768119812012
3261,14.205099105834961
3262,14.222203254699707
3263,14.358086585998535
3264,14.424599647521973
3265,14.409452438354492
3266,14.446131706237793
3267,14.47943115234375
3268,14.456719398498535
3269,14.37089729309082
3270,14.339999198913574
3271,14.48783016204834
3272,14.558509826660156
3273,14.61400032043457
3274,14.618671417236328
3275,14.70307731628418
3276,14.691181182861328
3277,14.687365531921387
3278,14.75372314453125
3279,14.849753379821777
3280,14.89554500579834
3281,14.824564933776855
3282,14.949366569519043
3283,14.91556453704834
3284,14.897780418395996
3285,14.918842315673828
3286,14.938394546508789
3287,15.012757301330566
3288,15.076478004455566
3289,15.03762435913086
3290,15.034305572509766
3291,15.033584594726562
3292,15.125072479248047
3293,15.155133247375488
3294,15.162948608398438
3295,15.253149032592773
3296,15.188714981079102
3297,15.228976249694824
3298,15.237605094909668
3299,15.29290771484375
3300,15.373088836669922
3301,15.35761833190918
3302,15.372197151184082
3303,15.439346313476562
3304,15.40755558013916
3305,15.430863380432129
3306,15.492559432983398
3307,15.569649696350098
3308,15.560422897338867
3309,15.204803466796875
3310,15.342936515808105
3311,15.389535903930664
3312,15.335204124450684
3313,15.362154006958008
3314,15.354952812194824
3315,15.391473770141602
3316,15.360726356506348
3317,15.435356140136719
3318,15.498064041137695
3319,15.481602668762207
3320,15.519168853759766
3321,15.487616539001465
3322,15.482117652893066
3323,15.588939666748047
3324,15.551980972290039
3325,15.55953311920166
3326,15.62360954284668
3327,15.61706829071045
3328,15.631242752075195
3329,15.619723320007324
3330,15.640698432922363
3331,15.618906021118164
3332,15.607917785644531
3333,15.560669898986816
3334,15.625579833984375
3335,15.220223426818848
3336,14.948775291442871
3337,14.837617874145508
3338,14.760665893554688
3339,14.797863006591797
3340,14.807636260986328
3341,14.753217697143555
3342,14.68327522277832
3343,14.764225006103516
3344,14.855485916137695
3345,14.815084457397461
3346,14.72836685180664
3347,14.68258285522461
3348,14.693297386169434
3349,14.772844314575195
3350,14.762392044067383
3351,14.783178329467773
3352,14.949613571166992
3353,14.994155883789062
3354,14.92918586730957
3355,14.907610893249512
3356,14.945839881896973
3357,14.963833808898926
3358,14.817176818847656
3359,14.848121643066406
3360,14.884049415588379
3361,14.79050350189209
3362,14.23886489868164
3363,14.176789283752441
3364,14.169065475463867
3365,14.160462379455566
3366,14.164236068725586
3367,14.161331176757812
3368,14.163202285766602
3369,14.162313461303711
3370,14.172401428222656
3371,14.169951438903809
3372,14.166524887084961
3373,14.167844772338867
3374,14.171334266662598
3375,14.164440155029297
3376,14.162433624267578
3377,14.174102783203125
3378,14.200804710388184
3379,14.221805572509766
3380,14.268826484680176
3381,14.348587036132812
3382,14.344511032104492
3383,14.32323169708252
3384,14.311516761779785
3385,14.304429054260254
3386,14.314255714416504
3387,14.26050853729248
3388,14.245502471923828
3389,14.196127891540527
3390,14.173062324523926
3391,14.153306007385254
3392,14.154616355895996
3393,14.157353401184082
3394,14.156651496887207
3395,14.163851737976074
3396,14.15732479095459
3397,14.16815185546875
3398,14.16157054901123
3399,14.161969184875488
3400,14.164143562316895
3401,14.157575607299805
3402,14.167552947998047
3403,14.161609649658203
3404,14.176116943359375
3405,14.1766996383667
3406,14.17910099029541
3407,14.185856819152832
3408,14.166763305664062
3409,14.168460845947266
3410,14.197989463806152
3411,14.23155403137207
3412,14.258631706237793
3413,14.249603271484375
3414,14.307435035705566
3415,14.226703643798828
3416,14.215581893920898
3417,14.228355407714844
3418,14.238173484802246
3419,14.362486839294434
3420,14.379396438598633
3421,14.420215606689453
3422,14.478636741638184
3423,14.462225914001465
3424,14.42556381225586
3425,14.44687557220459
3426,14.525739669799805
3427,14.521892547607422
3428,14.562597274780273
3429,14.595025062561035
3430,14.62009334564209
3431,14.631854057312012
3432,14.65084171295166
3433,14.638079643249512
3434,14.630451202392578
3435,14.6171293258667
3436,14.629144668579102
3437,14.70886516571045
3438,14.779870986938477
3439,14.814621925354004
3440,14.827442169189453
3441,14.813826560974121
3442,14.565998077392578
3443,14.565821647644043
3444,14.487648963928223
3445,14.444599151611328
3446,14.413661003112793
3447,14.427655220031738
3448,14.419304847717285
3449,14.404035568237305
3450,14.467510223388672
3451,14.499041557312012
3452,14.535043716430664
3453,14.61082649230957
3454,14.633441925048828
3455,14.661818504333496
3456,14.748149871826172
3457,14.799139976501465
3458,14.780308723449707
3459,14.837535858154297
3460,14.851344108581543
3461,14.82568073272705
3462,14.833121299743652
3463,14.837918281555176
3464,14.84334659576416
3465,14.811514854431152
3466,14.84463882446289
3467,14.899617195129395
3468,14.910876274108887
3469,14.608712196350098
3470,14.768765449523926
3471,14.465991973876953
3472,14.408379554748535
3473,14.370403289794922
3474,14.408223152160645
3475,14.43191909790039
3476,14.479106903076172
3477,14.430571556091309
3478,14.475704193115234
3479,14.43831729888916
3480,14.359575271606445
3481,14.329363822937012
3482,14.403193473815918
3483,14.428522109985352
3484,14.424213409423828
3485,14.340731620788574
3486,14.408473014831543
3487,14.464208602905273
3488,14.47974681854248
3489,14.537101745605469
3490,14.589027404785156
3491,14.684505462646484
3492,14.72265911102295
3493,14.72661304473877
3494,14.779291152954102
3495,14.851408004760742
3496,14.934372901916504
3497,14.967557907104492
3498,14.957244873046875
3499,14.928546905517578
3500,14.539791107177734
3501,14.424832344055176
3502,14.391701698303223
3503,14.3970947265625
3504,14.411242485046387
3505,14.407892227172852
3506,14.413498878479004
3507,14.435296058654785
3508,14.45436954498291
3509,14.47526741027832
3510,14.552740097045898
3511,14.650047302246094
3512,14.81071662902832
3513,14.835013389587402
3514,14.87695598602295
3515,14.891510963439941
3516,14.927532196044922
3517,14.949501991271973
3518,15.005661964416504
3519,15.024574279785156
3520,15.023639678955078
3521,14.28740406036377
3522,14.273097038269043
3523,14.188553810119629
3524,14.18307876586914
3525,14.14432430267334
3526,14.159180641174316
3527,14.163342475891113
3528,14.18703556060791
3529,14.198436737060547
3530,14.240524291992188
3531,14.265439987182617
3532,14.238265991210938
3533,14.231582641601562
3534,14.280257225036621
3535,14.29389476776123
3536,14.25661563873291
3537,14.229572296142578
3538,14.205965995788574
3539,14.176072120666504
3540,14.163483619689941
3541,14.170660972595215
3542,14.226948738098145
3543,14.251352310180664
3544,14.253437042236328
3545,14.212065696716309
3546,14.257943153381348
3547,14.197834014892578
3548,14.154500007629395
3549,14.091005325317383
3550,14.022632598876953
3551,14.021890640258789
3552,14.059649467468262
3553,14.086263656616211
3554,14.095392227172852
3555,14.141036987304688
3556,14.176570892333984
3557,14.129487037658691
3558,14.172708511352539
3559,14.156617164611816
3560,14.237234115600586
3561,14.421441078186035
3562,14.521227836608887
3563,14.50184154510498
3564,14.479473114013672
3565,14.429208755493164
3566,14.45700740814209
3567,14.528541564941406
3568,14.469199180603027
3569,14.526459693908691
3570,14.652302742004395
3571,14.603404998779297
3572,14.612015724182129
3573,14.214081764221191
3574,14.046218872070312
3575,14.093822479248047
3576,14.091351509094238
3577,14.229368209838867
3578,14.362493515014648
3579,14.63459587097168
3580,14.64742660522461
3581,14.667387008666992
3582,14.77790355682373
3583,14.918067932128906
3584,14.982627868652344
3585,15.045661926269531
3586,15.110177993774414
3587,15.09996223449707
3588,15.0746431350708
3589,15.058018684387207
3590,15.096824645996094
3591,15.031326293945312
3592,14.959978103637695
3593,14.971468925476074
3594,14.93608570098877
3595,14.854215621948242
3596,14.875508308410645
3597,14.937599182128906
3598,15.015408515930176
3599,15.030373573303223
3600,14.542263984680176
3601,14.556787490844727
3602,14.675374031066895
3603,14.595650672912598
3604,14.444103240966797
3605,14.495929718017578
3606,14.451204299926758
3607,14.434125900268555
3608,14.437921524047852
3609,14.423835754394531
3610,14.433719635009766
3611,14.380669593811035
3612,14.40304183959961
3613,14.450620651245117
3614,14.45373821258545
3615,14.461448669433594
3616,14.533487319946289
3617,14.556550979614258
3618,14.601972579956055
3619,14.568379402160645
3620,14.490327835083008
3621,14.468464851379395
3622,14.4745512008667
3623,14.531941413879395
3624,14.582289695739746
3625,14.595563888549805
3626,14.597041130065918
3627,14.179888725280762
3628,14.278227806091309
3629,14.15577507019043
3630,14.228385925292969
3631,14.333640098571777
3632,14.305583000183105
3633,14.379179954528809
3634,14.370680809020996
3635,14.367172241210938
3636,14.485636711120605
3637,14.575967788696289
3638,14.638402938842773
3639,14.714966773986816
3640,14.693506240844727
3641,14.70884895324707
3642,14.689885139465332
3643,14.72097110748291
3644,14.78303337097168
3645,14.795096397399902
3646,14.793387413024902
3647,14.798630714416504
3648,14.866778373718262
3649,14.89741325378418
3650,14.894896507263184
3651,14.90234375
3652,14.861488342285156
3653,14.836620330810547
3654,14.206521987915039
3655,14.410014152526855
3656,14.431981086730957
3657,14.40919017791748
3658,14.40365219116211
3659,14.496718406677246
3660,14.50301456451416
3661,14.51368522644043
3662,14.535170555114746
3663,14.502849578857422
3664,14.487109184265137
3665,14.555903434753418
3666,14.633964538574219
3667,14.685410499572754
3668,14.711685180664062
3669,14.709270477294922
3670,14.703218460083008
3671,14.689629554748535
3672,14.607311248779297
3673,14.671701431274414
3674,14.718903541564941
3675,14.714761734008789
3676,14.665684700012207
3677,14.54123306274414
3678,14.480157852172852
3679,14.481861114501953
3680,14.47726058959961
3681,14.009875297546387
3682,14.025114059448242
3683,14.018075942993164
3684,14.030746459960938
3685,14.049745559692383
3686,14.05345630645752
3687,14.037936210632324
3688,14.029970169067383
3689,14.076417922973633
3690,14.094117164611816
3691,14.040443420410156
3692,14.02394962310791
3693,14.002179145812988
3694,14.06427001953125
3695,14.08796215057373
3696,14.131139755249023
3697,14.157309532165527
3698,14.20120620727539
3699,14.192671775817871
3700,14.202065467834473
3701,14.235061645507812
3702,14.301605224609375
3703,14.286087036132812
3704,14.280120849609375
3705,14.271721839904785
3706,14.340879440307617
3707,14.345848083496094
3708,13.923786163330078
3709,13.952964782714844
3710,13.994478225708008
3711,13.955496788024902
3712,13.951663970947266
3713,14.032225608825684
3714,14.069147109985352
3715,14.098121643066406
3716,14.09212589263916
3717,14.09222412109375
3718,14.09150505065918
3719,14.11191177368164
3720,14.152941703796387
3721,14.181038856506348
3722,14.216691970825195
3723,14.245173454284668
3724,14.278777122497559
3725,14.279928207397461
3726,14.331765174865723
3727,14.296862602233887
3728,14.30344009399414
3729,14.28077507019043
3730,14.313143730163574
3731,14.320401191711426
3732,14.286515235900879
3733,14.241772651672363
3734,14.228602409362793
3735,13.928069114685059
3736,13.892440795898438
3737,13.943825721740723
3738,13.926215171813965
3739,13.922361373901367
3740,13.94052505493164
3741,14.009597778320312
3742,14.120361328125
3743,14.155158996582031
3744,14.27740478515625
3745,14.41966438293457
3746,14.467012405395508
3747,14.488327026367188
3748,14.555045127868652
3749,14.571515083312988
3750,14.615700721740723
3751,14.590580940246582
3752,14.53430461883545
3753,14.670828819274902
3754,14.714001655578613
3755,14.76132869720459
3756,14.793148040771484
3757,14.772668838500977
3758,14.916767120361328
3759,14.972055435180664
3760,14.974381446838379
3761,14.954010963439941
3762,14.838173866271973
3763,14.939170837402344
3764,14.9431791305542
3765,14.992051124572754
3766,14.984874725341797
3767,14.879528999328613
3768,14.82967472076416
3769,14.831256866455078
3770,14.776763916015625
3771,14.825349807739258
3772,14.781373977661133
3773,14.72659969329834
3774,14.702832221984863
3775,14.724438667297363
3776,14.79715347290039
3777,14.844818115234375
3778,14.79349422454834
3779,14.750665664672852
3780,14.837220191955566
3781,14.865120887756348
3782,14.911730766296387
3783,14.975761413574219
3784,14.98798942565918
3785,15.059220314025879
3786,15.085887908935547
3787,15.130582809448242
3788,15.124460220336914
3789,14.403374671936035
3790,14.343567848205566
3791,14.270201683044434
3792,14.251507759094238
3793,14.32438850402832
3794,14.442560195922852
3795,14.412642478942871
3796,14.399881362915039
3797,14.417574882507324
3798,14.433575630187988
3799,14.407441139221191
3800,14.383520126342773
3801,14.344130516052246
3802,14.424644470214844
3803,14.447022438049316
3804,14.446860313415527
3805,14.374390602111816
3806,14.338125228881836
3807,14.309361457824707
3808,14.306536674499512
3809,14.308274269104004
3810,14.342464447021484
3811,14.396883964538574
3812,14.405698776245117
3813,14.489091873168945
3814,14.45337963104248
3815,14.40325927734375
3816,14.036160469055176
3817,14.063035011291504
3818,14.104264259338379
3819,14.133113861083984
3820,14.161368370056152
3821,14.120018005371094
3822,14.116113662719727
3823,14.064775466918945
3824,14.057246208190918
3825,14.043961524963379
3826,14.040557861328125
3827,14.060996055603027
3828,14.081005096435547
3829,14.07913875579834
3830,14.359379768371582
3831,14.539254188537598
3832,14.611137390136719
3833,14.70244026184082
3834,14.765198707580566
3835,14.83277702331543
3836,14.830574035644531
3837,14.877205848693848
3838,14.938004493713379
3839,14.989995002746582
3840,14.853837013244629
3841,14.807065963745117
3842,14.70113754272461
3843,14.598312377929688
3844,14.472458839416504
3845,14.578152656555176
3846,14.638569831848145
3847,14.581315040588379
3848,14.6322603225708
3849,14.699315071105957
3850,14.705911636352539
3851,14.69316577911377
3852,14.66650390625
3853,14.621606826782227
3854,14.654277801513672
3855,14.8486967086792
3856,14.916752815246582
3857,14.428772926330566
3858,14.506585121154785
3859,14.549281120300293
3860,14.542182922363281
3861,14.566961288452148
3862,14.589456558227539
3863,14.51612377166748
3864,14.555229187011719
3865,14.629362106323242
3866,14.691661834716797
3867,14.75816822052002
3868,14.797417640686035
3869,14.76380443572998
3870,14.758075714111328
3871,14.678335189819336
3872,14.695281982421875
3873,14.725825309753418
3874,14.703773498535156
3875,14.698381423950195
3876,14.763556480407715
3877,14.839753150939941
3878,14.884262084960938
3879,14.937261581420898
3880,14.92895793914795
3881,14.837799072265625
3882,14.8085355758667
3883,14.787187576293945
3884,14.832978248596191
3885,14.962176322937012
3886,14.99301528930664
3887,15.02123737335205
3888,15.102494239807129
3889,15.155747413635254
3890,15.16889476776123
3891,15.18298053741455
3892,15.186055183410645
3893,15.215211868286133
3894,15.157496452331543
3895,15.15961742401123
3896,15.209611892700195
3897,15.247048377990723
3898,15.266261100769043
3899,15.265641212463379
3900,15.204401969909668
3901,15.179269790649414
3902,15.219037055969238
3903,15.202993392944336
3904,15.166358947753906
3905,15.16523265838623
3906,15.178886413574219
3907,15.198680877685547
3908,15.245240211486816
3909,15.365269660949707
3910,15.440179824829102
3911,14.82269287109375
3912,15.038656234741211
3913,15.079809188842773
3914,15.057987213134766
3915,15.026723861694336
3916,14.982206344604492
3917,15.03677749633789
3918,14.97736930847168
3919,15.010953903198242
3920,15.110770225524902
3921,15.105488777160645
3922,15.104880332946777
3923,15.104544639587402
3924,15.06439208984375
3925,15.144932746887207
3926,15.280149459838867
3927,15.287914276123047
3928,15.376506805419922
3929,15.412843704223633
3930,15.396063804626465
3931,15.39643669128418
3932,15.466007232666016
3933,15.459232330322266
3934,15.4768705368042
3935,15.53147029876709
3936,15.53679370880127
3937,15.540785789489746
3938,15.067020416259766
3939,15.144185066223145
3940,15.232285499572754
3941,15.247902870178223
3942,15.310752868652344
3943,15.27046012878418
3944,15.09593391418457
3945,15.053375244140625
3946,15.044342041015625
3947,15.02867317199707
3948,15.102726936340332
3949,15.135884284973145
3950,15.168248176574707
3951,15.225650787353516
3952,15.254603385925293
3953,15.297307014465332
3954,15.33154582977295
3955,15.393757820129395
3956,15.39660930633545
3957,15.39466381072998
3958,15.39053726196289
3959,15.445331573486328
3960,15.445832252502441
3961,15.476737022399902
3962,15.440839767456055
3963,15.353399276733398
3964,15.362833023071289
3965,14.966665267944336
3966,14.994769096374512
3967,15.109579086303711
3968,15.150415420532227
3969,15.183588027954102
3970,15.217925071716309
3971,15.204236030578613
3972,15.224946975708008
3973,15.199064254760742
3974,15.233433723449707
3975,15.247932434082031
3976,15.229384422302246
3977,15.229870796203613
3978,15.248302459716797
3979,15.240772247314453
3980,15.210222244262695
3981,15.157501220703125
3982,15.110814094543457
3983,15.04599666595459
3984,15.096027374267578
3985,15.057321548461914
3986,15.117744445800781
3987,15.05117130279541
3988,14.94639778137207
3989,14.923624992370605
3990,15.037023544311523
3991,15.086807250976562
3992,14.50239372253418
3993,14.582876205444336
3994,14.612309455871582
3995,14.593671798706055
3996,14.542850494384766
3997,14.535005569458008
3998,14.524993896484375
3999,14.519641876220703
