,0
0,12.657986640930176
1,12.555488586425781
2,12.767325401306152
3,12.811077117919922
4,13.026403427124023
5,12.726174354553223
6,12.782513618469238
7,12.61863899230957
8,12.557969093322754
9,12.690598487854004
10,12.686345100402832
11,12.839277267456055
12,12.83331298828125
13,12.77414608001709
14,12.913029670715332
15,12.906275749206543
16,12.946871757507324
17,12.964762687683105
18,12.877108573913574
19,12.935035705566406
20,12.904871940612793
21,12.877389907836914
22,12.8264741897583
23,12.806931495666504
24,12.750675201416016
25,12.754232406616211
26,12.7158203125
27,12.752141952514648
28,12.936859130859375
29,13.010871887207031
30,13.069014549255371
31,13.15081787109375
32,13.170873641967773
33,13.198286056518555
34,13.14059829711914
35,13.04652214050293
36,13.015348434448242
37,12.987818717956543
38,12.992717742919922
39,13.007883071899414
40,13.002603530883789
41,12.973435401916504
42,13.017735481262207
43,12.984306335449219
44,12.909289360046387
45,12.961002349853516
46,12.993335723876953
47,12.965829849243164
48,12.93372917175293
49,12.824274063110352
50,12.900312423706055
51,12.919360160827637
52,12.963483810424805
53,12.952146530151367
54,12.935790061950684
55,12.887007713317871
56,12.890872955322266
57,12.898256301879883
58,12.919897079467773
59,12.981232643127441
60,13.017545700073242
61,12.985486030578613
62,13.025918960571289
63,13.029722213745117
64,13.106203079223633
65,13.065032958984375
66,13.05782699584961
67,13.032102584838867
68,13.002893447875977
69,12.999587059020996
70,13.015047073364258
71,13.063215255737305
72,12.978804588317871
73,13.006636619567871
74,13.004572868347168
75,13.03020191192627
76,12.989307403564453
77,12.974677085876465
78,12.953550338745117
79,12.93911361694336
80,12.965622901916504
81,12.887239456176758
82,12.858299255371094
83,12.842326164245605
84,12.819705963134766
85,12.78602123260498
86,12.089558601379395
87,12.60275936126709
88,12.669809341430664
89,12.643050193786621
90,12.65512466430664
91,12.630071640014648
92,12.714534759521484
93,12.715106010437012
94,12.693453788757324
95,12.646029472351074
96,12.712841033935547
97,12.70363998413086
98,12.67985725402832
99,12.692362785339355
100,12.625640869140625
101,12.49686336517334
102,12.439482688903809
103,12.443782806396484
104,12.470213890075684
105,12.577216148376465
106,12.578828811645508
107,12.637925148010254
108,12.614900588989258
109,12.58723258972168
110,12.579046249389648
111,12.580230712890625
112,12.62565803527832
113,12.636099815368652
114,12.196386337280273
115,11.872236251831055
116,11.93679141998291
117,11.86800765991211
118,11.822249412536621
119,11.863070487976074
120,11.77242374420166
121,11.80848217010498
122,12.02030086517334
123,11.858636856079102
124,11.879749298095703
125,11.78166389465332
126,11.8272066116333
127,11.94501781463623
128,12.088157653808594
129,12.097135543823242
130,11.966622352600098
131,12.207460403442383
132,12.170976638793945
133,12.088241577148438
134,11.946699142456055
135,12.054425239562988
136,11.872530937194824
137,11.929601669311523
138,12.114144325256348
139,12.115915298461914
140,12.20749282836914
141,12.263054847717285
142,12.132848739624023
143,12.174247741699219
144,12.072964668273926
145,12.059769630432129
146,11.996509552001953
147,12.011834144592285
148,12.050371170043945
149,11.912449836730957
150,11.934266090393066
151,12.162498474121094
152,12.117597579956055
153,12.031033515930176
154,12.262384414672852
155,12.277162551879883
156,12.172005653381348
157,12.162619590759277
158,12.153356552124023
159,12.17857837677002
160,12.243989944458008
161,12.3161039352417
162,12.25564956665039
163,11.994967460632324
164,12.358635902404785
165,12.322650909423828
166,12.436795234680176
167,11.74705696105957
168,11.681135177612305
169,12.037602424621582
170,12.048501014709473
171,12.03150463104248
172,11.745400428771973
173,11.795567512512207
174,11.756329536437988
175,11.660140991210938
176,11.727224349975586
177,11.771932601928711
178,11.811088562011719
179,11.76424503326416
180,11.741704940795898
181,11.742142677307129
182,11.865839958190918
183,11.890128135681152
184,11.876988410949707
185,11.731600761413574
186,11.72189998626709
187,11.792767524719238
188,11.913548469543457
189,11.988509178161621
190,12.09248161315918
191,12.040267944335938
192,12.158854484558105
193,12.443284034729004
194,12.161389350891113
195,12.13885498046875
196,12.374495506286621
197,12.268651962280273
198,12.294605255126953
199,12.331016540527344
200,12.36352252960205
201,12.316311836242676
202,12.336974143981934
203,12.398633003234863
204,12.467448234558105
205,12.604351997375488
206,12.575912475585938
207,12.52928352355957
208,12.47998332977295
209,12.266926765441895
210,12.182357788085938
211,12.075117111206055
212,11.999722480773926
213,12.230376243591309
214,12.109803199768066
215,12.13583755493164
216,11.975541114807129
217,11.925972938537598
218,11.928452491760254
219,12.067646026611328
220,12.276766777038574
221,11.62507152557373
222,11.677346229553223
223,11.888750076293945
224,11.90292739868164
225,11.758624076843262
226,11.861105918884277
227,11.888680458068848
228,11.710419654846191
229,11.70409107208252
230,11.678727149963379
231,11.705462455749512
232,11.83039379119873
233,11.864384651184082
234,11.8212251663208
235,11.912461280822754
236,11.884191513061523
237,12.058682441711426
238,12.075481414794922
239,12.089872360229492
240,11.898075103759766
241,11.752649307250977
242,11.72902774810791
243,11.675519943237305
244,11.633070945739746
245,11.643464088439941
246,11.68724250793457
247,11.72557258605957
248,12.650406837463379
249,12.612801551818848
250,12.661056518554688
251,12.651227951049805
252,12.696637153625488
253,12.823493003845215
254,12.861296653747559
255,12.930184364318848
256,12.979484558105469
257,13.007344245910645
258,13.046070098876953
259,13.036290168762207
260,13.007381439208984
261,12.862955093383789
262,12.861481666564941
263,12.785581588745117
264,12.65005111694336
265,12.566367149353027
266,12.53725528717041
267,12.643356323242188
268,12.625882148742676
269,12.570274353027344
270,12.758801460266113
271,12.720142364501953
272,12.984819412231445
273,13.07004165649414
274,13.092764854431152
275,13.105427742004395
276,13.065524101257324
277,12.89711856842041
278,12.80533504486084
279,12.779654502868652
280,12.824466705322266
281,12.768495559692383
282,12.757085800170898
283,12.829280853271484
284,12.856279373168945
285,12.859382629394531
286,12.909045219421387
287,12.925875663757324
288,12.956733703613281
289,12.780985832214355
290,12.828907012939453
291,12.91303539276123
292,12.84754753112793
293,12.89105224609375
294,12.719531059265137
295,12.71371078491211
296,12.8466157913208
297,12.793534278869629
298,12.789704322814941
299,12.829496383666992
300,12.647614479064941
301,12.841026306152344
302,12.834352493286133
303,13.032854080200195
304,12.921156883239746
305,12.944099426269531
306,13.025269508361816
307,13.064550399780273
308,13.01949691772461
309,13.072684288024902
310,13.116902351379395
311,13.107670783996582
312,13.10550594329834
313,13.116534233093262
314,13.168147087097168
315,13.175904273986816
316,13.141134262084961
317,13.128853797912598
318,13.168879508972168
319,13.20093822479248
320,13.155613899230957
321,13.140443801879883
322,13.177345275878906
323,13.157979011535645
324,13.212042808532715
325,13.171452522277832
326,13.158919334411621
327,13.139890670776367
328,13.050373077392578
329,13.041776657104492
330,12.839760780334473
331,12.828397750854492
332,12.79798412322998
333,12.841068267822266
334,12.843907356262207
335,12.848206520080566
336,12.649815559387207
337,12.670913696289062
338,12.656246185302734
339,12.67384147644043
340,12.753905296325684
341,12.872420310974121
342,12.914521217346191
343,12.888639450073242
344,12.857677459716797
345,12.890307426452637
346,12.838823318481445
347,12.94814682006836
348,12.983527183532715
349,13.062300682067871
350,13.089876174926758
351,13.041116714477539
352,13.049980163574219
353,13.022446632385254
354,12.91907787322998
355,12.951004981994629
356,12.961219787597656
357,12.981639862060547
358,13.124526023864746
359,13.079554557800293
360,13.038582801818848
361,13.040446281433105
362,12.980613708496094
363,12.903213500976562
364,12.862842559814453
365,12.83851432800293
366,12.81108283996582
367,12.799936294555664
368,12.778392791748047
369,12.789610862731934
370,12.754389762878418
371,12.698759078979492
372,12.767068862915039
373,12.649654388427734
374,12.753432273864746
375,12.657042503356934
376,12.717974662780762
377,12.698901176452637
378,12.715485572814941
379,12.721684455871582
380,12.736310005187988
381,12.738598823547363
382,12.781475067138672
383,12.716683387756348
384,12.155622482299805
385,12.03293514251709
386,12.270363807678223
387,12.177997589111328
388,12.127110481262207
389,12.330204963684082
390,12.470362663269043
391,12.477380752563477
392,12.184683799743652
393,11.97351360321045
394,12.073014259338379
395,12.080775260925293
396,12.050872802734375
397,12.008743286132812
398,11.947999000549316
399,11.940041542053223
400,11.884557723999023
401,11.849817276000977
402,12.104778289794922
403,12.13579273223877
404,12.178685188293457
405,12.338299751281738
406,12.314241409301758
407,12.249853134155273
408,12.344554901123047
409,12.329809188842773
410,12.337888717651367
411,11.82264232635498
412,11.866867065429688
413,12.04149055480957
414,12.355167388916016
415,12.443581581115723
416,12.392487525939941
417,12.434598922729492
418,12.064602851867676
419,12.10239028930664
420,12.014721870422363
421,12.015950202941895
422,11.855365753173828
423,11.878167152404785
424,11.960834503173828
425,12.020920753479004
426,11.932709693908691
427,12.042474746704102
428,11.853899002075195
429,12.046822547912598
430,11.998863220214844
431,11.98512077331543
432,11.943516731262207
433,11.972617149353027
434,11.951746940612793
435,11.989433288574219
436,12.103946685791016
437,12.201616287231445
438,11.779736518859863
439,12.017743110656738
440,12.0093994140625
441,11.927435874938965
442,11.88021183013916
443,11.939255714416504
444,11.92342472076416
445,11.895371437072754
446,11.914422035217285
447,11.865766525268555
448,12.117044448852539
449,12.417662620544434
450,12.44595718383789
451,12.522282600402832
452,12.541855812072754
453,12.392362594604492
454,12.23479175567627
455,12.24596118927002
456,12.199697494506836
457,12.31116771697998
458,12.237308502197266
459,12.238588333129883
460,12.33996868133545
461,12.526464462280273
462,12.380875587463379
463,12.309074401855469
464,12.214218139648438
465,12.272132873535156
466,12.42665958404541
467,12.362643241882324
468,12.123428344726562
469,12.140870094299316
470,12.276398658752441
471,12.575668334960938
472,12.429227828979492
473,12.585927963256836
474,12.431397438049316
475,12.642691612243652
476,12.671487808227539
477,12.650838851928711
478,12.629179954528809
479,12.388784408569336
480,12.386594772338867
481,12.490530967712402
482,12.606157302856445
483,12.679559707641602
484,12.793434143066406
485,12.884373664855957
486,12.74740219116211
487,12.727993965148926
488,12.632493019104004
489,12.671777725219727
490,12.75190258026123
491,12.775724411010742
492,12.722566604614258
493,12.500747680664062
494,12.342700958251953
495,12.56930160522461
496,12.621006965637207
497,12.534316062927246
498,12.552412033081055
499,12.557943344116211
500,13.33380126953125
501,13.410999298095703
502,13.468035697937012
503,13.514999389648438
504,13.547330856323242
505,13.528768539428711
506,13.53967571258545
507,13.593198776245117
508,13.659213066101074
509,13.631209373474121
510,13.784042358398438
511,13.518702507019043
512,13.481622695922852
513,13.449138641357422
514,13.501914978027344
515,13.341581344604492
516,13.304259300231934
517,13.283687591552734
518,13.204612731933594
519,13.470185279846191
520,13.491961479187012
521,13.418879508972168
522,13.39706802368164
523,13.62414264678955
524,13.671830177307129
525,13.77463150024414
526,13.861106872558594
527,13.799548149108887
528,13.837067604064941
529,13.712108612060547
530,13.690526962280273
531,13.660881996154785
532,13.739069938659668
533,13.803257942199707
534,13.713334083557129
535,13.645048141479492
536,13.653289794921875
537,13.64997386932373
538,13.598353385925293
539,13.611064910888672
540,13.688343048095703
541,13.668130874633789
542,13.691439628601074
543,13.549676895141602
544,13.59382438659668
545,13.557174682617188
546,13.848207473754883
547,13.674607276916504
548,13.7975492477417
549,13.807246208190918
550,13.917610168457031
551,13.763035774230957
552,13.805011749267578
553,13.853414535522461
554,13.78695297241211
555,13.690887451171875
556,13.698553085327148
557,13.775408744812012
558,13.808268547058105
559,13.715176582336426
560,13.671769142150879
561,13.707111358642578
562,13.688276290893555
563,13.774664878845215
564,13.720850944519043
565,13.671083450317383
566,13.456867218017578
567,13.517451286315918
568,13.66244888305664
569,13.663965225219727
570,13.512694358825684
571,13.59520149230957
572,13.564908027648926
573,13.846288681030273
574,13.859231948852539
575,13.786561965942383
576,13.747037887573242
577,13.844697952270508
578,13.880422592163086
579,14.058175086975098
580,13.838351249694824
581,13.91525936126709
582,13.796269416809082
583,13.940190315246582
584,13.83245849609375
585,13.779680252075195
586,13.730668067932129
587,13.890484809875488
588,13.703980445861816
589,13.745444297790527
590,13.78955078125
591,13.786581993103027
592,13.740753173828125
593,13.76894474029541
594,13.67086410522461
595,13.754791259765625
596,13.695980072021484
597,13.699419975280762
598,13.58574390411377
599,13.734293937683105
600,13.828034400939941
601,14.167951583862305
602,13.952123641967773
603,14.07979965209961
604,14.031200408935547
605,13.96977424621582
606,14.023988723754883
607,14.410204887390137
608,14.18864631652832
609,13.78462028503418
610,13.807539939880371
611,14.218912124633789
612,13.870899200439453
613,13.754561424255371
614,13.772255897521973
615,13.702632904052734
616,13.950263023376465
617,14.09450626373291
618,14.192803382873535
619,14.140915870666504
620,13.827302932739258
621,13.97894287109375
622,13.896881103515625
623,13.98592758178711
624,13.999958038330078
625,13.98529052734375
626,14.132251739501953
627,14.167594909667969
628,14.035486221313477
629,14.01806354522705
630,14.238931655883789
631,14.229519844055176
632,14.313486099243164
633,14.25367259979248
634,14.118797302246094
635,14.174820899963379
636,14.04256534576416
637,14.30345344543457
638,14.134868621826172
639,14.126309394836426
640,14.136113166809082
641,14.164106369018555
642,14.15113353729248
643,14.097412109375
644,14.117504119873047
645,13.882058143615723
646,13.821651458740234
647,13.956465721130371
648,14.054073333740234
649,14.068690299987793
650,14.15339183807373
651,14.123695373535156
652,14.32168197631836
653,15.096016883850098
654,14.824492454528809
655,15.16418170928955
656,15.285734176635742
657,15.328472137451172
658,15.445304870605469
659,15.578435897827148
660,15.545270919799805
661,15.988666534423828
662,15.935924530029297
663,16.0001277923584
664,16.08946418762207
665,15.790167808532715
666,16.809303283691406
667,16.51400375366211
668,16.56661033630371
669,15.869105339050293
670,16.0343074798584
671,15.88764762878418
672,15.803226470947266
673,15.66518783569336
674,15.928354263305664
675,15.573648452758789
676,16.032047271728516
677,15.868457794189453
678,15.809163093566895
679,15.835809707641602
680,15.81895923614502
681,15.275875091552734
682,15.414337158203125
683,15.36856460571289
684,15.668708801269531
685,15.226335525512695
686,15.270089149475098
687,15.435197830200195
688,15.561797142028809
689,15.75745964050293
690,15.701354026794434
691,15.760645866394043
692,15.9855375289917
693,16.10723304748535
694,16.105987548828125
695,16.194381713867188
696,16.271446228027344
697,16.219409942626953
698,16.477684020996094
699,16.04924964904785
700,16.03907585144043
701,15.830010414123535
702,16.39947509765625
703,16.369468688964844
704,16.09798240661621
705,15.963220596313477
706,15.877096176147461
707,15.871485710144043
708,15.974906921386719
709,16.54905128479004
710,16.53622817993164
711,16.533790588378906
712,16.56326675415039
713,16.459901809692383
714,16.444385528564453
715,16.373804092407227
716,16.492599487304688
717,16.44098472595215
718,16.722448348999023
719,16.672470092773438
720,16.75408935546875
721,16.959482192993164
722,16.838138580322266
723,16.805959701538086
724,16.78417205810547
725,16.729984283447266
726,16.696184158325195
727,16.661758422851562
728,16.628019332885742
729,16.71168327331543
730,16.68313980102539
731,16.6989688873291
732,16.878063201904297
733,16.898849487304688
734,16.901580810546875
735,16.71881675720215
736,17.082536697387695
737,17.08434295654297
738,17.058202743530273
739,17.074491500854492
740,17.113698959350586
741,17.14461898803711
742,17.042749404907227
743,17.092906951904297
744,17.07209587097168
745,17.052139282226562
746,17.060043334960938
747,16.994028091430664
748,17.058656692504883
749,16.998519897460938
750,16.948101043701172
751,16.791839599609375
752,16.646350860595703
753,16.55826759338379
754,16.488840103149414
755,16.40601348876953
756,16.338354110717773
757,16.466230392456055
758,16.698436737060547
759,16.73968505859375
760,16.724992752075195
761,16.661584854125977
762,16.795719146728516
763,16.757835388183594
764,16.853939056396484
765,16.705482482910156
766,16.81918716430664
767,16.76308822631836
768,16.8261661529541
769,16.894580841064453
770,16.989505767822266
771,16.88886833190918
772,17.11886215209961
773,17.06268882751465
774,16.97944450378418
775,16.98756217956543
776,16.94668197631836
777,16.95401954650879
778,16.894775390625
779,16.7632999420166
780,16.83264923095703
781,16.68352508544922
782,16.60221290588379
783,16.503820419311523
784,16.373477935791016
785,16.462387084960938
786,16.372529983520508
787,16.316823959350586
788,16.238513946533203
789,16.307828903198242
790,16.55227279663086
791,16.61030387878418
792,16.678808212280273
793,16.627538681030273
794,16.510658264160156
795,16.63841438293457
796,16.639528274536133
797,16.62643051147461
798,16.622940063476562
799,16.64948081970215
800,16.849140167236328
801,16.659690856933594
802,16.652067184448242
803,16.4525146484375
804,16.29624366760254
805,16.449996948242188
806,16.445619583129883
807,16.455846786499023
808,16.532283782958984
809,16.63823890686035
810,16.59135627746582
811,16.6462345123291
812,16.54905891418457
813,16.305152893066406
814,16.161502838134766
815,16.209054946899414
816,16.65154457092285
817,16.74808692932129
818,16.798477172851562
819,16.710384368896484
820,16.4421329498291
821,16.28697395324707
822,16.135435104370117
823,15.97856616973877
824,15.935617446899414
825,15.827339172363281
826,15.838981628417969
827,15.841667175292969
828,15.880144119262695
829,15.728350639343262
830,15.634003639221191
831,15.61545467376709
832,15.471208572387695
833,15.729528427124023
834,15.720346450805664
835,15.792834281921387
836,15.791582107543945
837,15.944624900817871
838,16.049108505249023
839,15.81952953338623
840,15.65575885772705
841,15.764033317565918
842,15.267942428588867
843,15.22206974029541
844,15.75223445892334
845,15.670164108276367
846,15.640888214111328
847,15.658510208129883
848,15.761364936828613
849,15.848859786987305
850,15.809772491455078
851,15.894195556640625
852,15.988035202026367
853,15.916972160339355
854,16.020498275756836
855,15.88839340209961
856,15.867362976074219
857,15.933656692504883
858,15.576763153076172
859,15.899761199951172
860,15.938618659973145
861,15.993083953857422
862,16.001068115234375
863,15.708913803100586
864,15.689200401306152
865,15.862725257873535
866,15.860429763793945
867,15.811380386352539
868,15.842830657958984
869,15.870238304138184
870,16.345094680786133
871,16.53168487548828
872,16.57127571105957
873,16.414932250976562
874,16.42441177368164
875,16.53628921508789
876,16.590185165405273
877,16.513622283935547
878,16.497224807739258
879,16.412986755371094
880,16.974206924438477
881,16.821449279785156
882,16.874404907226562
883,17.119937896728516
884,16.994314193725586
885,16.861297607421875
886,16.7544002532959
887,16.675270080566406
888,16.72222137451172
889,16.77720832824707
890,16.575786590576172
891,16.598468780517578
892,16.4966983795166
893,16.788908004760742
894,16.630231857299805
895,16.74785804748535
896,16.764602661132812
897,16.72319984436035
898,16.728944778442383
899,16.821285247802734
900,16.699146270751953
901,16.572750091552734
902,16.860288619995117
903,16.928197860717773
904,16.784879684448242
905,16.76658058166504
906,16.773466110229492
907,16.668703079223633
908,16.62721061706543
909,16.526639938354492
910,16.387325286865234
911,16.36287498474121
912,16.391326904296875
913,16.35464096069336
914,16.494770050048828
915,16.72862434387207
916,16.768831253051758
917,16.6402530670166
918,16.683042526245117
919,16.655981063842773
920,16.855915069580078
921,16.7734317779541
922,16.704227447509766
923,16.658050537109375
924,16.869626998901367
925,16.76877212524414
926,16.664947509765625
927,16.55648422241211
928,16.519323348999023
929,16.433534622192383
930,16.304777145385742
931,16.41182518005371
932,16.439958572387695
933,16.570947647094727
934,16.6574649810791
935,16.715988159179688
936,16.715423583984375
937,16.609569549560547
938,16.68250274658203
939,16.529996871948242
940,16.5983943939209
941,16.554790496826172
942,16.45415687561035
943,16.32977867126465
944,16.35446548461914
945,16.348350524902344
946,16.156471252441406
947,16.150897979736328
948,15.942144393920898
949,16.12448501586914
950,16.297170639038086
951,16.371721267700195
952,16.434595108032227
953,16.54715347290039
954,16.553752899169922
955,16.538326263427734
956,16.641193389892578
957,16.638938903808594
958,16.508262634277344
959,16.465938568115234
960,16.43363380432129
961,16.510587692260742
962,16.715757369995117
963,16.698545455932617
964,16.506351470947266
965,16.57962417602539
966,16.634572982788086
967,16.679012298583984
968,16.590906143188477
969,16.55577850341797
970,16.487890243530273
971,16.556446075439453
972,16.491968154907227
973,16.519624710083008
974,16.382007598876953
975,16.396663665771484
976,16.34713363647461
977,16.45306396484375
978,16.1715030670166
979,16.57642364501953
980,16.596879959106445
981,16.655441284179688
982,16.48099136352539
983,16.65973472595215
984,16.514450073242188
985,16.55624008178711
986,16.479000091552734
987,16.438085556030273
988,16.34056282043457
989,16.37306022644043
990,16.46812629699707
991,16.429197311401367
992,16.392330169677734
993,16.247581481933594
994,16.362157821655273
995,16.365949630737305
996,16.39527130126953
997,16.085887908935547
998,16.296001434326172
999,16.360441207885742
1000,16.7435245513916
1001,16.717300415039062
1002,16.738571166992188
1003,16.7784366607666
1004,16.911151885986328
1005,17.27436065673828
1006,17.12374496459961
1007,17.325456619262695
1008,17.084362030029297
1009,17.464061737060547
1010,17.29234504699707
1011,17.474140167236328
1012,17.320430755615234
1013,17.26959991455078
1014,17.266128540039062
1015,17.28257942199707
1016,17.16234016418457
1017,17.13652229309082
1018,17.132226943969727
1019,17.159896850585938
1020,17.071413040161133
1021,17.086257934570312
1022,17.071109771728516
1023,17.17013168334961
1024,16.938838958740234
1025,16.958627700805664
1026,17.091938018798828
1027,17.187992095947266
1028,17.176103591918945
1029,17.152067184448242
1030,17.160367965698242
1031,17.27094268798828
1032,17.47977638244629
1033,17.592517852783203
1034,17.63421630859375
1035,17.56749725341797
1036,17.56443977355957
1037,17.554140090942383
1038,17.52687644958496
1039,17.52910041809082
1040,17.549182891845703
1041,17.600114822387695
1042,17.546894073486328
1043,17.543298721313477
1044,17.576658248901367
1045,17.448713302612305
1046,17.443376541137695
1047,17.44375991821289
1048,17.539409637451172
1049,17.4964656829834
1050,17.50529670715332
1051,17.558998107910156
1052,17.487558364868164
1053,17.53057861328125
1054,17.57489585876465
1055,17.668825149536133
1056,17.5841121673584
1057,17.724609375
1058,17.683382034301758
1059,17.6743221282959
1060,17.749427795410156
1061,17.733346939086914
1062,17.717262268066406
1063,17.711767196655273
1064,17.733383178710938
1065,17.74690055847168
1066,17.864208221435547
1067,17.85000228881836
1068,17.854835510253906
1069,17.870203018188477
1070,17.761201858520508
1071,17.84054183959961
1072,17.804866790771484
1073,17.855043411254883
1074,17.83855438232422
1075,17.841434478759766
1076,17.767822265625
1077,17.831100463867188
1078,17.72225570678711
1079,17.715591430664062
1080,17.671506881713867
1081,17.59122085571289
1082,17.58819580078125
1083,17.50815773010254
1084,17.79486656188965
1085,17.76902198791504
1086,17.862791061401367
1087,17.885974884033203
1088,17.826400756835938
1089,17.794157028198242
1090,17.799135208129883
1091,17.76660919189453
1092,17.843475341796875
1093,17.8117733001709
1094,17.814369201660156
1095,17.872547149658203
1096,17.84271812438965
1097,17.791912078857422
1098,17.79107093811035
1099,17.633806228637695
1100,17.75909423828125
1101,17.616050720214844
1102,17.728315353393555
1103,17.821340560913086
1104,17.692588806152344
1105,17.761083602905273
1106,17.808942794799805
1107,17.765769958496094
1108,17.74065589904785
1109,17.67882537841797
1110,17.738122940063477
1111,17.448715209960938
1112,17.474958419799805
1113,17.77759552001953
1114,17.83797264099121
1115,17.831682205200195
1116,17.813480377197266
1117,17.825889587402344
1118,17.81304359436035
1119,17.827302932739258
1120,17.82801628112793
1121,17.78665542602539
1122,17.789016723632812
1123,17.84600067138672
1124,17.825714111328125
1125,17.853382110595703
1126,17.722515106201172
1127,17.626964569091797
1128,17.600587844848633
1129,17.757808685302734
1130,17.769515991210938
1131,17.824462890625
1132,17.849729537963867
1133,17.803945541381836
1134,17.785648345947266
1135,17.638439178466797
1136,17.621858596801758
1137,17.6895694732666
1138,17.23141098022461
1139,17.412443161010742
1140,17.428272247314453
1141,17.589229583740234
1142,17.515811920166016
1143,17.674135208129883
1144,17.585134506225586
1145,17.64590835571289
1146,17.65000343322754
1147,17.695634841918945
1148,17.6728572845459
1149,17.80988883972168
1150,17.803895950317383
1151,17.79327392578125
1152,17.84772300720215
1153,17.806501388549805
1154,17.78804588317871
1155,17.806262969970703
1156,17.81365966796875
1157,17.78507423400879
1158,17.768281936645508
1159,17.839475631713867
1160,17.80897331237793
1161,17.83261489868164
1162,17.800922393798828
1163,17.822080612182617
1164,17.84942054748535
1165,17.84372329711914
1166,17.84450340270996
1167,17.818866729736328
1168,17.851215362548828
1169,17.813188552856445
1170,17.867639541625977
1171,17.85640525817871
1172,17.846240997314453
1173,17.858863830566406
1174,17.698619842529297
1175,17.727977752685547
1176,17.697511672973633
1177,17.702863693237305
1178,17.75094223022461
1179,17.81502914428711
1180,17.813125610351562
1181,17.793832778930664
1182,17.809938430786133
1183,17.825719833374023
1184,17.829246520996094
1185,17.869239807128906
1186,17.800537109375
1187,17.856382369995117
1188,17.837890625
1189,17.896974563598633
1190,17.848237991333008
1191,17.879053115844727
1192,17.5174503326416
1193,17.44980812072754
1194,17.564067840576172
1195,17.55962562561035
1196,17.642269134521484
1197,17.799278259277344
1198,17.77788734436035
1199,17.660789489746094
1200,17.590137481689453
1201,17.61469841003418
1202,17.551321029663086
1203,17.573652267456055
1204,17.63039207458496
1205,17.496179580688477
1206,17.576398849487305
1207,17.560949325561523
1208,17.581382751464844
1209,17.608495712280273
1210,17.3327579498291
1211,17.529136657714844
1212,17.53795623779297
1213,17.65045738220215
1214,17.584821701049805
1215,17.562326431274414
1216,17.351625442504883
1217,17.2753849029541
1218,17.3678035736084
1219,17.725236892700195
1220,17.77248191833496
1221,17.739681243896484
1222,17.697132110595703
1223,17.730546951293945
1224,17.42497444152832
1225,17.290199279785156
1226,17.565366744995117
1227,17.36376953125
1228,17.410476684570312
1229,17.493820190429688
1230,17.345046997070312
1231,17.13946533203125
1232,17.178863525390625
1233,17.13909912109375
1234,17.030275344848633
1235,16.960792541503906
1236,16.992130279541016
1237,17.000513076782227
1238,16.87325096130371
1239,16.936979293823242
1240,16.798463821411133
1241,16.96811866760254
1242,16.79607391357422
1243,16.77014923095703
1244,16.69963836669922
1245,16.77020263671875
1246,16.621484756469727
1247,16.607091903686523
1248,16.625383377075195
1249,16.643016815185547
1250,16.580549240112305
1251,16.58730697631836
1252,16.645771026611328
1253,16.690853118896484
1254,16.753902435302734
1255,16.724946975708008
1256,16.69668960571289
1257,16.70206069946289
1258,16.86855697631836
1259,17.09060287475586
1260,17.00339126586914
1261,16.922388076782227
1262,16.932287216186523
1263,16.69542121887207
1264,16.66695785522461
1265,16.665298461914062
1266,16.63963508605957
1267,16.690473556518555
1268,16.60491371154785
1269,16.554580688476562
1270,16.502750396728516
1271,16.49964141845703
1272,16.443492889404297
1273,16.892675399780273
1274,16.953773498535156
1275,16.95369529724121
1276,16.9387149810791
1277,17.0224666595459
1278,17.006574630737305
1279,17.21230697631836
1280,17.19194984436035
1281,17.24667739868164
1282,17.245145797729492
1283,17.24077796936035
1284,16.988338470458984
1285,17.001543045043945
1286,16.862398147583008
1287,16.94132423400879
1288,16.90203857421875
1289,16.83467674255371
1290,16.816879272460938
1291,16.78168487548828
1292,16.78459358215332
1293,16.80596160888672
1294,16.80299186706543
1295,16.932666778564453
1296,16.842178344726562
1297,16.98028564453125
1298,16.882678985595703
1299,17.164918899536133
1300,17.3540096282959
1301,17.320066452026367
1302,17.368526458740234
1303,17.300640106201172
1304,17.306089401245117
1305,17.325485229492188
1306,17.322248458862305
1307,17.121021270751953
1308,17.16297149658203
1309,17.229917526245117
1310,17.2441463470459
1311,17.235294342041016
1312,17.193233489990234
1313,17.03464126586914
1314,17.020084381103516
1315,17.279922485351562
1316,17.123193740844727
1317,17.287141799926758
1318,17.306331634521484
1319,16.95604133605957
1320,17.186643600463867
1321,17.134878158569336
1322,17.123027801513672
1323,17.091590881347656
1324,17.291440963745117
1325,17.13774871826172
1326,17.158864974975586
1327,17.46901512145996
1328,17.209348678588867
1329,17.235681533813477
1330,17.16486358642578
1331,17.241397857666016
1332,17.257810592651367
1333,17.209325790405273
1334,17.139986038208008
1335,17.168685913085938
1336,17.14777374267578
1337,17.241703033447266
1338,17.276199340820312
1339,17.29718780517578
1340,17.196321487426758
1341,17.075498580932617
1342,17.26757049560547
1343,17.190385818481445
1344,17.088878631591797
1345,17.069583892822266
1346,17.205503463745117
1347,17.28997230529785
1348,17.192646026611328
1349,17.09461784362793
1350,17.106294631958008
1351,17.061885833740234
1352,17.113208770751953
1353,17.07330322265625
1354,17.379592895507812
1355,17.284011840820312
1356,16.904077529907227
1357,16.9791202545166
1358,16.912275314331055
1359,16.850427627563477
1360,16.89621353149414
1361,16.814727783203125
1362,17.202754974365234
1363,17.098339080810547
1364,16.928823471069336
1365,17.00731658935547
1366,16.89824676513672
1367,16.950910568237305
1368,16.971532821655273
1369,17.00850486755371
1370,16.973819732666016
1371,16.914058685302734
1372,16.936433792114258
1373,16.861907958984375
1374,16.94683265686035
1375,16.718257904052734
1376,16.91464614868164
1377,16.790122985839844
1378,16.82840347290039
1379,16.961408615112305
1380,16.950523376464844
1381,17.255578994750977
1382,17.304182052612305
1383,16.775102615356445
1384,16.82107925415039
1385,16.781383514404297
1386,16.753921508789062
1387,16.7405948638916
1388,16.773160934448242
1389,16.769405364990234
1390,16.83396339416504
1391,16.782184600830078
1392,16.74932289123535
1393,16.797590255737305
1394,16.65388298034668
1395,16.649477005004883
1396,16.669986724853516
1397,16.69043731689453
1398,16.791446685791016
1399,16.809085845947266
1400,16.863117218017578
1401,16.96476173400879
1402,16.94687271118164
1403,16.887908935546875
1404,16.882823944091797
1405,17.363109588623047
1406,17.458192825317383
1407,17.507244110107422
1408,17.205869674682617
1409,17.15923309326172
1410,17.16758918762207
1411,17.1912841796875
1412,17.18634033203125
1413,17.02857780456543
1414,17.22890853881836
1415,17.163145065307617
1416,17.17452621459961
1417,17.151498794555664
1418,17.086044311523438
1419,17.049402236938477
1420,16.907629013061523
1421,17.154680252075195
1422,16.977203369140625
1423,16.929988861083984
1424,17.070592880249023
1425,16.984188079833984
1426,17.149871826171875
1427,16.955135345458984
1428,16.90972328186035
1429,17.116634368896484
1430,16.96898078918457
1431,16.98978614807129
1432,17.1145076751709
1433,17.14175033569336
1434,16.87354278564453
1435,16.770544052124023
1436,16.65779685974121
1437,16.737865447998047
1438,16.799549102783203
1439,16.687910079956055
1440,16.713069915771484
1441,16.76987075805664
1442,16.72991943359375
1443,16.748088836669922
1444,16.713062286376953
1445,16.724849700927734
1446,16.709299087524414
1447,16.667797088623047
1448,16.66243553161621
1449,16.638572692871094
1450,16.60355567932129
1451,16.761436462402344
1452,16.780677795410156
1453,17.050342559814453
1454,17.04025650024414
1455,17.06878662109375
1456,16.957847595214844
1457,17.188814163208008
1458,17.029541015625
1459,17.30880355834961
1460,17.18092918395996
1461,17.117441177368164
1462,17.114843368530273
1463,17.127948760986328
1464,17.053224563598633
1465,16.8678035736084
1466,17.01590347290039
1467,16.98878288269043
1468,16.936508178710938
1469,17.03030014038086
1470,16.856721878051758
1471,16.891408920288086
1472,16.858427047729492
1473,16.83296775817871
1474,16.803255081176758
1475,16.79720115661621
1476,16.82801628112793
1477,16.981096267700195
1478,17.02391815185547
1479,16.99919319152832
1480,16.97412872314453
1481,16.943679809570312
1482,16.868053436279297
1483,16.863615036010742
1484,16.831144332885742
1485,16.946250915527344
1486,16.85918617248535
1487,16.847448348999023
1488,16.854656219482422
1489,16.786128997802734
1490,16.686311721801758
1491,16.84687042236328
1492,16.986995697021484
1493,17.286794662475586
1494,17.071121215820312
1495,17.352209091186523
1496,17.455860137939453
1497,17.283151626586914
1498,17.406198501586914
1499,17.471799850463867
1500,17.330617904663086
1501,17.424304962158203
1502,17.45107078552246
1503,17.44109535217285
1504,17.400426864624023
1505,17.25326919555664
1506,17.417236328125
1507,17.148283004760742
1508,16.95657730102539
1509,17.30422592163086
1510,17.287385940551758
1511,17.390287399291992
1512,17.452045440673828
1513,17.285900115966797
1514,17.06096076965332
1515,17.116378784179688
1516,17.554643630981445
1517,17.452669143676758
1518,17.54250717163086
1519,17.533348083496094
1520,17.59757423400879
1521,17.601171493530273
1522,17.608135223388672
1523,17.59889793395996
1524,17.654708862304688
1525,17.673463821411133
1526,17.819293975830078
1527,17.789182662963867
1528,17.79654884338379
1529,17.764617919921875
1530,17.796396255493164
1531,17.721317291259766
1532,17.707324981689453
1533,17.623960494995117
1534,17.71646499633789
1535,17.726787567138672
1536,17.708314895629883
1537,17.77570152282715
1538,17.75444793701172
1539,17.698596954345703
1540,17.76556968688965
1541,17.704744338989258
1542,17.710725784301758
1543,17.889320373535156
1544,17.827268600463867
1545,17.82210922241211
1546,17.77329444885254
1547,17.732091903686523
1548,17.71251678466797
1549,17.756685256958008
1550,17.679000854492188
1551,17.745006561279297
1552,17.673891067504883
1553,17.59149932861328
1554,17.65525245666504
1555,17.670162200927734
1556,17.6811466217041
1557,17.651037216186523
1558,17.62655258178711
1559,17.540376663208008
1560,17.473773956298828
1561,17.284467697143555
1562,17.216405868530273
1563,17.205034255981445
1564,17.47911262512207
1565,17.516220092773438
1566,17.56147575378418
1567,17.559738159179688
1568,17.527172088623047
1569,17.575998306274414
1570,17.132423400878906
1571,16.80431365966797
1572,16.859722137451172
1573,17.222219467163086
1574,16.96953773498535
1575,16.838472366333008
1576,16.800338745117188
1577,16.796567916870117
1578,16.799171447753906
1579,16.8391056060791
1580,17.20897674560547
1581,17.24525260925293
1582,17.261030197143555
1583,17.155263900756836
1584,17.16568946838379
1585,16.892024993896484
1586,17.067041397094727
1587,17.158061981201172
1588,17.139677047729492
1589,17.15083885192871
1590,16.95986557006836
1591,16.832582473754883
1592,16.945880889892578
1593,17.009599685668945
1594,16.79227638244629
1595,17.214494705200195
1596,17.245580673217773
1597,17.560380935668945
1598,17.562881469726562
1599,17.535144805908203
1600,17.569608688354492
1601,17.546998977661133
1602,17.54777717590332
1603,17.578824996948242
1604,17.600177764892578
1605,17.568675994873047
1606,17.569351196289062
1607,17.54149055480957
1608,17.544185638427734
1609,17.48702049255371
1610,17.41419219970703
1611,17.5247745513916
1612,17.373126983642578
1613,17.395963668823242
1614,17.33346176147461
1615,17.5811824798584
1616,17.564056396484375
1617,17.323331832885742
1618,17.482421875
1619,17.345624923706055
1620,17.520841598510742
1621,17.45600128173828
1622,17.5423641204834
1623,17.572853088378906
1624,17.614423751831055
1625,17.528165817260742
1626,17.541397094726562
1627,17.54399871826172
1628,17.506309509277344
1629,17.50905418395996
1630,17.486913681030273
1631,17.510562896728516
1632,17.603290557861328
1633,17.59029197692871
1634,17.582813262939453
1635,17.575010299682617
1636,17.581260681152344
1637,17.540807723999023
1638,17.550121307373047
1639,17.543588638305664
1640,17.51718521118164
1641,17.523704528808594
1642,17.504169464111328
1643,17.61861228942871
1644,17.699665069580078
1645,17.679668426513672
1646,17.711997985839844
1647,17.630521774291992
1648,17.64838981628418
1649,17.32693099975586
1650,17.089052200317383
1651,17.432960510253906
1652,17.418725967407227
1653,16.886337280273438
1654,16.842880249023438
1655,16.657276153564453
1656,16.833656311035156
1657,16.790563583374023
1658,16.771976470947266
1659,16.681867599487305
1660,16.667104721069336
1661,16.644855499267578
1662,16.660778045654297
1663,16.762714385986328
1664,16.57488441467285
1665,16.684886932373047
1666,16.68791961669922
1667,16.466264724731445
1668,16.416481018066406
1669,16.404455184936523
1670,16.49726676940918
1671,16.67154312133789
1672,16.73515510559082
1673,16.737430572509766
1674,16.674467086791992
1675,16.846391677856445
1676,16.82514190673828
1677,16.716144561767578
1678,16.917274475097656
1679,16.80833625793457
1680,16.83348846435547
1681,16.698774337768555
1682,16.83434295654297
1683,16.89463996887207
1684,16.736379623413086
1685,16.65938949584961
1686,16.5334529876709
1687,16.530275344848633
1688,16.462547302246094
1689,16.327852249145508
1690,16.337968826293945
1691,16.287643432617188
1692,16.338672637939453
1693,16.3604679107666
1694,16.442428588867188
1695,16.590595245361328
1696,16.51498794555664
1697,16.597274780273438
1698,16.54990005493164
1699,16.451759338378906
1700,16.447092056274414
1701,16.460046768188477
1702,16.458494186401367
1703,16.711912155151367
1704,16.568315505981445
1705,16.506025314331055
1706,16.46367073059082
1707,16.493337631225586
1708,16.716278076171875
1709,16.884382247924805
1710,16.593101501464844
1711,16.521875381469727
1712,16.440645217895508
1713,16.460041046142578
1714,16.486848831176758
1715,16.503604888916016
1716,16.51571273803711
1717,16.536354064941406
1718,16.510589599609375
1719,16.51548957824707
1720,16.833574295043945
1721,17.193172454833984
1722,16.891216278076172
1723,16.9205265045166
1724,17.219472885131836
1725,17.156774520874023
1726,16.944503784179688
1727,16.93572425842285
1728,17.306169509887695
1729,17.25130271911621
1730,17.39534568786621
1731,17.48381805419922
1732,17.447158813476562
1733,17.46460723876953
1734,17.477964401245117
1735,17.496288299560547
1736,17.46330451965332
1737,17.444616317749023
1738,17.34935760498047
1739,17.194360733032227
1740,17.53546905517578
1741,17.517147064208984
1742,17.43555450439453
1743,17.424331665039062
1744,17.42222785949707
1745,16.987836837768555
1746,17.13907814025879
1747,17.152973175048828
1748,17.155271530151367
1749,17.167400360107422
1750,17.317028045654297
1751,17.115304946899414
1752,17.099834442138672
1753,17.05529022216797
1754,17.023170471191406
1755,17.295610427856445
1756,17.32365608215332
1757,17.096492767333984
1758,16.998403549194336
1759,17.37698745727539
1760,16.52756690979004
1761,16.637182235717773
1762,16.690828323364258
1763,16.59868812561035
1764,16.492263793945312
1765,16.46772575378418
1766,16.742210388183594
1767,16.70713233947754
1768,16.732757568359375
1769,16.70471954345703
1770,16.786067962646484
1771,16.84598159790039
1772,16.498140335083008
1773,16.840709686279297
1774,16.82353973388672
1775,16.77938461303711
1776,16.730405807495117
1777,17.09870147705078
1778,16.982019424438477
1779,17.05365562438965
1780,16.9760684967041
1781,16.641273498535156
1782,16.661468505859375
1783,16.830764770507812
1784,16.84111976623535
1785,16.971874237060547
1786,16.788362503051758
1787,17.275529861450195
1788,17.009838104248047
1789,16.927730560302734
1790,17.047462463378906
1791,16.54320526123047
1792,16.94391632080078
1793,16.65658187866211
1794,16.56743812561035
1795,16.788986206054688
1796,16.849994659423828
1797,16.614957809448242
1798,16.76831817626953
1799,16.72447395324707
1800,16.748123168945312
1801,16.489845275878906
1802,16.450332641601562
1803,16.422096252441406
1804,16.582229614257812
1805,16.441301345825195
1806,16.355270385742188
1807,16.270587921142578
1808,16.275728225708008
1809,16.20073127746582
1810,16.18665313720703
1811,16.159931182861328
1812,16.15176010131836
1813,16.116147994995117
1814,16.110326766967773
1815,16.096694946289062
1816,16.10844612121582
1817,16.267181396484375
1818,16.214324951171875
1819,16.198484420776367
1820,16.266462326049805
1821,16.29657554626465
1822,16.33141326904297
1823,16.240509033203125
1824,16.312633514404297
1825,16.382265090942383
1826,16.471736907958984
1827,16.706796646118164
1828,16.80685806274414
1829,16.739789962768555
1830,16.768531799316406
1831,16.625774383544922
1832,16.556882858276367
1833,16.56210708618164
1834,16.44200897216797
1835,16.353607177734375
1836,16.41581153869629
1837,16.36605453491211
1838,16.314035415649414
1839,17.022794723510742
1840,17.200448989868164
1841,17.330123901367188
1842,17.314300537109375
1843,17.26839828491211
1844,17.248472213745117
1845,17.25108528137207
1846,17.07680892944336
1847,16.991132736206055
1848,16.943443298339844
1849,16.76283073425293
1850,16.840173721313477
1851,17.09088897705078
1852,17.02821922302246
1853,17.2672119140625
1854,16.929399490356445
1855,16.7191162109375
1856,16.84231948852539
1857,16.842872619628906
1858,16.751956939697266
1859,17.098285675048828
1860,16.944650650024414
1861,17.05595588684082
1862,17.136762619018555
1863,16.94562339782715
1864,17.158615112304688
1865,17.19683265686035
1866,17.457046508789062
1867,17.45138168334961
1868,17.44092559814453
1869,17.430435180664062
1870,17.426944732666016
1871,17.391477584838867
1872,17.416118621826172
1873,17.389196395874023
1874,17.3565731048584
1875,17.36442756652832
1876,17.242998123168945
1877,17.16706085205078
1878,17.176921844482422
1879,17.226558685302734
1880,17.40876007080078
1881,17.336132049560547
1882,16.945812225341797
1883,16.825273513793945
1884,16.712444305419922
1885,16.635160446166992
1886,16.816328048706055
1887,16.785768508911133
1888,16.781557083129883
1889,16.826976776123047
1890,17.005521774291992
1891,16.69870376586914
1892,16.62952995300293
1893,17.070690155029297
1894,17.37010383605957
1895,17.44232749938965
1896,17.43256950378418
1897,17.434646606445312
1898,17.387123107910156
1899,17.49863624572754
1900,17.517520904541016
1901,17.411346435546875
1902,17.325448989868164
1903,17.322345733642578
1904,17.4074649810791
1905,17.284343719482422
1906,17.392141342163086
1907,17.152889251708984
1908,17.142885208129883
1909,17.230751037597656
1910,17.370960235595703
1911,17.199739456176758
1912,17.345396041870117
1913,17.42135238647461
1914,17.034698486328125
1915,17.106401443481445
1916,17.22934341430664
1917,17.175762176513672
1918,17.197633743286133
1919,17.379568099975586
1920,17.47846794128418
1921,17.415311813354492
1922,17.451738357543945
1923,17.481502532958984
1924,17.46834945678711
1925,17.4432315826416
1926,17.402589797973633
1927,17.43928337097168
1928,17.4420108795166
1929,17.433034896850586
1930,17.390586853027344
1931,17.452207565307617
1932,17.38771629333496
1933,17.341896057128906
1934,17.554428100585938
1935,17.519729614257812
1936,17.536348342895508
1937,17.497135162353516
1938,17.513505935668945
1939,17.447614669799805
1940,17.442502975463867
1941,17.39877700805664
1942,17.185649871826172
1943,17.071224212646484
1944,17.24403953552246
1945,17.3502254486084
1946,17.32801055908203
1947,17.334321975708008
1948,17.20989227294922
1949,17.12977409362793
1950,17.148874282836914
1951,17.248926162719727
1952,17.247901916503906
1953,17.06148910522461
1954,17.11066246032715
1955,17.13359260559082
1956,17.086393356323242
1957,17.2504940032959
1958,17.35849952697754
1959,17.348970413208008
1960,17.03900146484375
1961,17.140338897705078
1962,17.15167236328125
1963,17.24333381652832
1964,17.27623748779297
1965,17.110671997070312
1966,17.365732192993164
1967,17.12111473083496
1968,17.312339782714844
1969,17.379392623901367
1970,17.247629165649414
1971,17.20680809020996
1972,17.37006378173828
1973,17.304960250854492
1974,17.523954391479492
1975,17.524742126464844
1976,17.47661018371582
1977,17.556074142456055
1978,17.35698127746582
1979,17.337270736694336
1980,17.443384170532227
1981,17.47591781616211
1982,17.485868453979492
1983,17.520662307739258
1984,17.608821868896484
1985,17.593332290649414
1986,17.61610984802246
1987,17.637630462646484
1988,17.638391494750977
1989,17.617311477661133
1990,17.563674926757812
1991,17.605737686157227
1992,17.645000457763672
1993,17.631263732910156
1994,17.63335609436035
1995,17.69696807861328
1996,17.750043869018555
1997,17.74977684020996
1998,17.754199981689453
1999,17.714630126953125
2000,17.888132095336914
2001,18.041305541992188
2002,17.680753707885742
2003,17.425525665283203
2004,17.5457820892334
2005,17.42974853515625
2006,17.63286590576172
2007,17.577499389648438
2008,17.511138916015625
2009,17.623994827270508
2010,17.5955753326416
2011,17.685646057128906
2012,17.46095848083496
2013,17.40193748474121
2014,17.4062442779541
2015,17.421287536621094
2016,17.38100242614746
2017,17.44676971435547
2018,17.420089721679688
2019,17.398122787475586
2020,17.533329010009766
2021,17.399248123168945
2022,17.45435333251953
2023,17.59862518310547
2024,17.72165870666504
2025,17.816322326660156
2026,17.595623016357422
2027,17.63628578186035
2028,17.66243553161621
2029,17.79745864868164
2030,17.776710510253906
2031,17.859468460083008
2032,17.769939422607422
2033,17.924827575683594
2034,17.918357849121094
2035,17.966337203979492
2036,17.8538875579834
2037,17.8629150390625
2038,18.20301628112793
2039,18.194137573242188
2040,18.143394470214844
2041,18.114938735961914
2042,18.054189682006836
2043,18.128082275390625
2044,18.09119415283203
2045,18.13376235961914
2046,18.21851348876953
2047,18.135074615478516
2048,18.256790161132812
2049,18.139760971069336
2050,18.207868576049805
2051,18.184913635253906
2052,18.221214294433594
2053,18.13188362121582
2054,18.159442901611328
2055,17.782398223876953
2056,17.841625213623047
2057,17.924808502197266
2058,17.860151290893555
2059,17.641094207763672
2060,17.734411239624023
2061,17.487329483032227
2062,17.58848762512207
2063,17.460912704467773
2064,17.501056671142578
2065,17.283193588256836
2066,17.480030059814453
2067,17.440696716308594
2068,17.552570343017578
2069,17.60898208618164
2070,17.480615615844727
2071,17.64990234375
2072,17.664934158325195
2073,17.46236228942871
2074,17.483583450317383
2075,17.789505004882812
2076,17.572555541992188
2077,18.165233612060547
2078,17.827396392822266
2079,17.88851547241211
2080,18.032489776611328
2081,18.268260955810547
2082,17.449722290039062
2083,17.212024688720703
2084,16.91045379638672
2085,16.810571670532227
2086,16.726850509643555
2087,16.72869110107422
2088,16.621252059936523
2089,16.879976272583008
2090,17.006893157958984
2091,16.864931106567383
2092,16.92754554748535
2093,17.019926071166992
2094,16.96332550048828
2095,16.772953033447266
2096,16.734506607055664
2097,17.048730850219727
2098,17.36441993713379
2099,17.31954002380371
2100,17.37883186340332
2101,17.062105178833008
2102,17.134763717651367
2103,17.120861053466797
2104,17.022506713867188
2105,17.09402084350586
2106,17.235923767089844
2107,17.2286319732666
2108,16.879526138305664
2109,16.56903839111328
2110,16.709121704101562
2111,16.787050247192383
2112,16.969573974609375
2113,17.00539779663086
2114,17.058298110961914
2115,17.03778839111328
2116,16.997365951538086
2117,17.022193908691406
2118,17.086755752563477
2119,17.18358612060547
2120,17.38762855529785
2121,16.943716049194336
2122,16.897178649902344
2123,17.015172958374023
2124,17.118637084960938
2125,17.078821182250977
2126,17.235910415649414
2127,17.088027954101562
2128,17.347976684570312
2129,17.1572322845459
2130,17.157262802124023
2131,16.784500122070312
2132,16.810977935791016
2133,17.058055877685547
2134,16.822057723999023
2135,17.07684326171875
2136,17.015226364135742
2137,17.01173973083496
2138,16.97080421447754
2139,16.861717224121094
2140,16.89788818359375
2141,17.331472396850586
2142,17.151416778564453
2143,17.041852951049805
2144,17.155065536499023
2145,17.037031173706055
2146,17.083133697509766
2147,17.004383087158203
2148,17.011768341064453
2149,17.201505661010742
2150,16.97092628479004
2151,17.25172233581543
2152,17.004507064819336
2153,16.856367111206055
2154,17.172922134399414
2155,16.984952926635742
2156,16.92005729675293
2157,16.907180786132812
2158,16.883642196655273
2159,16.761276245117188
2160,16.76848602294922
2161,16.681976318359375
2162,16.638832092285156
2163,16.71221351623535
2164,16.70922088623047
2165,16.72310447692871
2166,16.78325843811035
2167,16.39963150024414
2168,16.801494598388672
2169,16.7581787109375
2170,16.329143524169922
2171,16.51837921142578
2172,16.65168571472168
2173,16.654804229736328
2174,16.576236724853516
2175,16.50374984741211
2176,16.784875869750977
2177,16.697553634643555
2178,16.473608016967773
2179,16.487564086914062
2180,16.601715087890625
2181,16.493301391601562
2182,16.450761795043945
2183,16.446578979492188
2184,16.464370727539062
2185,16.737457275390625
2186,16.308494567871094
2187,16.150577545166016
2188,16.13962745666504
2189,15.925494194030762
2190,15.9697265625
2191,15.818387031555176
2192,15.842761993408203
2193,15.772093772888184
2194,15.751665115356445
2195,15.883187294006348
2196,16.005733489990234
2197,15.976297378540039
2198,15.981485366821289
2199,15.946794509887695
2200,15.851035118103027
2201,15.867246627807617
2202,16.032808303833008
2203,16.10956573486328
2204,15.870798110961914
2205,15.8648042678833
2206,15.871926307678223
2207,15.838515281677246
2208,16.178974151611328
2209,16.325973510742188
2210,16.064302444458008
2211,16.101335525512695
2212,15.925058364868164
2213,16.49076271057129
2214,16.08482551574707
2215,16.436729431152344
2216,16.145240783691406
2217,16.491233825683594
2218,16.49835777282715
2219,16.738536834716797
2220,16.294050216674805
2221,16.30912208557129
2222,16.494983673095703
2223,16.416275024414062
2224,16.213422775268555
2225,16.36319923400879
2226,16.2996826171875
2227,16.150341033935547
2228,16.07602882385254
2229,16.072237014770508
2230,16.040077209472656
2231,16.131303787231445
2232,16.106801986694336
2233,16.04592514038086
2234,16.08942985534668
2235,16.02015495300293
2236,15.996599197387695
2237,16.056705474853516
2238,16.056686401367188
2239,16.12739372253418
2240,15.996947288513184
2241,15.954785346984863
2242,15.668819427490234
2243,15.532621383666992
2244,15.561264991760254
2245,15.553388595581055
2246,15.584319114685059
2247,15.61983871459961
2248,15.66675853729248
2249,15.533364295959473
2250,15.68786907196045
2251,15.544486045837402
2252,15.476968765258789
2253,15.385820388793945
2254,15.323807716369629
2255,15.350573539733887
2256,15.430952072143555
2257,15.476101875305176
2258,15.784098625183105
2259,15.852139472961426
2260,16.207538604736328
2261,15.897573471069336
2262,15.949841499328613
2263,15.683538436889648
2264,15.810587882995605
2265,15.790891647338867
2266,15.925995826721191
2267,15.715353965759277
2268,15.901568412780762
2269,15.856212615966797
2270,15.97844409942627
2271,15.696465492248535
2272,15.812585830688477
2273,15.692187309265137
2274,15.66962718963623
2275,15.780424118041992
2276,15.78555965423584
2277,15.795893669128418
2278,15.789779663085938
2279,15.7523832321167
2280,15.959721565246582
2281,15.822419166564941
2282,15.742720603942871
2283,15.708900451660156
2284,15.806242942810059
2285,15.789613723754883
2286,15.664875984191895
2287,15.424759864807129
2288,15.4170560836792
2289,15.513976097106934
2290,15.548815727233887
2291,15.576087951660156
2292,15.781573295593262
2293,16.117368698120117
2294,16.01981544494629
2295,15.894208908081055
2296,15.655251502990723
2297,15.87591552734375
2298,16.36310386657715
2299,16.16899299621582
2300,15.776487350463867
2301,15.847042083740234
2302,15.9779052734375
2303,15.716384887695312
2304,15.516668319702148
2305,15.781773567199707
2306,15.638708114624023
2307,15.436784744262695
2308,15.513493537902832
2309,15.574811935424805
2310,15.603992462158203
2311,15.483628273010254
2312,15.550250053405762
2313,15.491321563720703
2314,15.588968276977539
2315,15.683667182922363
2316,15.680218696594238
2317,15.546631813049316
2318,15.61359691619873
2319,15.615863800048828
2320,15.497666358947754
2321,15.411620140075684
2322,15.522583961486816
2323,15.475570678710938
2324,15.502609252929688
2325,15.683693885803223
2326,15.762293815612793
2327,15.615242004394531
2328,15.458224296569824
2329,15.925840377807617
2330,15.534811973571777
2331,15.566244125366211
2332,15.645485877990723
2333,15.607583999633789
2334,15.529263496398926
2335,15.756254196166992
2336,15.770943641662598
2337,15.588709831237793
2338,15.57180118560791
2339,15.700061798095703
2340,15.466595649719238
2341,15.817259788513184
2342,15.801433563232422
2343,15.787031173706055
2344,15.832672119140625
2345,15.712421417236328
2346,15.67579460144043
2347,15.692756652832031
2348,15.646281242370605
2349,15.769815444946289
2350,15.649559020996094
2351,15.669706344604492
2352,16.2728271484375
2353,15.774415969848633
2354,15.704976081848145
2355,15.616235733032227
2356,15.567068099975586
2357,15.590900421142578
2358,15.488362312316895
2359,15.424765586853027
2360,15.342386245727539
2361,15.30227279663086
2362,15.284984588623047
2363,15.226849555969238
2364,15.32190990447998
2365,15.26995849609375
2366,15.312575340270996
2367,15.214597702026367
2368,15.273153305053711
2369,15.268108367919922
2370,15.422950744628906
2371,15.38980770111084
2372,15.331554412841797
2373,15.29195499420166
2374,15.314226150512695
2375,15.244009971618652
2376,15.303065299987793
2377,15.363418579101562
2378,15.640264511108398
2379,15.542381286621094
2380,15.812657356262207
2381,15.61395263671875
2382,15.792593002319336
2383,15.756723403930664
2384,15.633711814880371
2385,15.70309829711914
2386,15.636115074157715
2387,15.661558151245117
2388,15.761449813842773
2389,16.034414291381836
2390,15.787545204162598
2391,15.527767181396484
2392,15.280549049377441
2393,15.365145683288574
2394,15.423646926879883
2395,15.356858253479004
2396,15.233779907226562
2397,15.288130760192871
2398,15.294280052185059
2399,15.347758293151855
2400,15.542728424072266
2401,15.599533081054688
2402,15.64657211303711
2403,15.611235618591309
2404,15.642364501953125
2405,15.540791511535645
2406,15.688106536865234
2407,15.582600593566895
2408,15.324345588684082
2409,15.45119857788086
2410,15.471997261047363
2411,15.410741806030273
2412,15.524651527404785
2413,15.443634986877441
2414,15.448698043823242
2415,15.437292098999023
2416,15.535297393798828
2417,15.474493980407715
2418,15.410229682922363
2419,15.39596939086914
2420,15.477347373962402
2421,15.559109687805176
2422,15.607356071472168
2423,15.675827026367188
2424,15.606529235839844
2425,15.813590049743652
2426,15.751638412475586
2427,15.662141799926758
2428,15.771697044372559
2429,15.789412498474121
2430,15.570674896240234
2431,15.508853912353516
2432,15.495658874511719
2433,15.809138298034668
2434,15.902876853942871
2435,15.956133842468262
2436,15.922127723693848
2437,15.861347198486328
2438,15.818708419799805
2439,15.86192798614502
2440,15.658838272094727
2441,16.000131607055664
2442,15.860218048095703
2443,15.896505355834961
2444,15.828118324279785
2445,15.88760757446289
2446,15.77910041809082
2447,15.727225303649902
2448,15.78288459777832
2449,15.67628002166748
2450,15.731063842773438
2451,15.609940528869629
2452,15.751931190490723
2453,15.618478775024414
2454,15.63634204864502
2455,15.773523330688477
2456,15.757034301757812
2457,15.603496551513672
2458,15.382853507995605
2459,15.308411598205566
2460,15.773130416870117
2461,15.734663963317871
2462,15.530088424682617
2463,15.5803804397583
2464,15.651091575622559
2465,15.612924575805664
2466,15.6578369140625
2467,15.548884391784668
2468,15.589037895202637
2469,15.582378387451172
2470,15.527068138122559
2471,15.520062446594238
2472,15.496970176696777
2473,15.53773021697998
2474,15.645281791687012
2475,15.595046043395996
2476,15.639156341552734
2477,15.645965576171875
2478,15.632614135742188
2479,15.621795654296875
2480,15.581016540527344
2481,15.576295852661133
2482,15.452845573425293
2483,15.492091178894043
2484,15.343667030334473
2485,15.519684791564941
2486,15.484829902648926
2487,15.536401748657227
2488,16.04509162902832
2489,15.794416427612305
2490,15.846330642700195
2491,15.715652465820312
2492,15.758782386779785
2493,15.699756622314453
2494,15.691606521606445
2495,15.625539779663086
2496,15.572404861450195
2497,15.628613471984863
2498,15.731574058532715
2499,15.642634391784668
2500,15.106978416442871
2501,15.102179527282715
2502,15.118775367736816
2503,15.125117301940918
2504,15.11629581451416
2505,15.131721496582031
2506,15.131592750549316
2507,15.147295951843262
2508,15.158452033996582
2509,15.162881851196289
2510,15.133991241455078
2511,15.146245002746582
2512,15.146720886230469
2513,15.13073444366455
2514,15.125186920166016
2515,15.160250663757324
2516,15.354681015014648
2517,15.200423240661621
2518,15.32542610168457
2519,15.349919319152832
2520,15.361745834350586
2521,15.395890235900879
2522,15.44472885131836
2523,15.48221492767334
2524,15.665057182312012
2525,15.665116310119629
2526,15.670186042785645
2527,15.716839790344238
2528,15.7725191116333
2529,15.555559158325195
2530,15.872541427612305
2531,15.968092918395996
2532,15.878287315368652
2533,15.712783813476562
2534,15.690377235412598
2535,15.768789291381836
2536,15.788370132446289
2537,15.739326477050781
2538,15.731285095214844
2539,15.825373649597168
2540,15.791351318359375
2541,16.06467056274414
2542,16.17481231689453
2543,16.288633346557617
2544,16.301620483398438
2545,16.245946884155273
2546,16.145700454711914
2547,16.05227279663086
2548,16.04698371887207
2549,15.876944541931152
2550,15.848454475402832
2551,15.783156394958496
2552,15.869016647338867
2553,15.792724609375
2554,15.696454048156738
2555,15.811698913574219
2556,15.838052749633789
2557,15.755599021911621
2558,15.771956443786621
2559,15.856634140014648
2560,15.929560661315918
2561,16.05777931213379
2562,16.181875228881836
2563,16.093769073486328
2564,16.083740234375
2565,16.01923370361328
2566,15.998332023620605
2567,15.971290588378906
2568,16.2825870513916
2569,16.316547393798828
2570,16.332239151000977
2571,16.33371925354004
2572,16.307212829589844
2573,16.276203155517578
2574,16.25568962097168
2575,16.23296546936035
2576,16.27496337890625
2577,16.229293823242188
2578,16.142276763916016
2579,16.207683563232422
2580,16.17329216003418
2581,16.038127899169922
2582,16.039464950561523
2583,16.054935455322266
2584,15.990228652954102
2585,16.019134521484375
2586,16.103195190429688
2587,15.981324195861816
2588,15.973780632019043
2589,16.10879135131836
2590,16.153440475463867
2591,16.260334014892578
2592,16.23821449279785
2593,16.087261199951172
2594,16.034446716308594
2595,15.928764343261719
2596,16.153396606445312
2597,15.995521545410156
2598,16.07695960998535
2599,16.075103759765625
2600,15.958761215209961
2601,15.855545997619629
2602,15.837265968322754
2603,15.8670654296875
2604,15.856441497802734
2605,15.877845764160156
2606,15.887272834777832
2607,15.894560813903809
2608,15.897054672241211
2609,15.852507591247559
2610,15.879115104675293
2611,15.838321685791016
2612,15.877978324890137
2613,15.864990234375
2614,15.842947006225586
2615,15.813725471496582
2616,15.788631439208984
2617,15.797224044799805
2618,15.775124549865723
2619,15.799166679382324
2620,15.801626205444336
2621,15.822404861450195
2622,15.763362884521484
2623,15.771660804748535
2624,15.77829647064209
2625,15.807113647460938
2626,15.818777084350586
2627,15.783498764038086
2628,15.733200073242188
2629,15.75252628326416
2630,15.783984184265137
2631,15.748573303222656
2632,15.710270881652832
2633,15.678047180175781
2634,15.776646614074707
2635,15.832019805908203
2636,15.797341346740723
2637,15.823203086853027
2638,15.857383728027344
2639,15.711965560913086
2640,15.767611503601074
2641,15.763093948364258
2642,15.752761840820312
2643,15.683165550231934
2644,15.723701477050781
2645,15.713621139526367
2646,15.63028335571289
2647,15.637345314025879
2648,15.689738273620605
2649,16.07718849182129
2650,15.919471740722656
2651,15.984597206115723
2652,16.052927017211914
2653,16.075157165527344
2654,16.114456176757812
2655,16.038124084472656
2656,16.006431579589844
2657,15.967772483825684
2658,15.791436195373535
2659,15.795201301574707
2660,15.77656364440918
2661,15.803288459777832
2662,15.783955574035645
2663,15.789341926574707
2664,15.779080390930176
2665,15.781530380249023
2666,15.83155632019043
2667,15.89492130279541
2668,15.929182052612305
2669,16.065006256103516
2670,15.948134422302246
2671,15.821755409240723
2672,15.618880271911621
2673,15.589373588562012
2674,15.711106300354004
2675,15.767751693725586
2676,15.23392391204834
2677,15.232989311218262
2678,15.23697566986084
2679,15.278436660766602
2680,15.247089385986328
2681,15.218170166015625
2682,15.222261428833008
2683,15.233158111572266
2684,15.2198486328125
2685,15.226706504821777
2686,15.432503700256348
2687,15.444050788879395
2688,15.447279930114746
2689,15.412339210510254
2690,15.417525291442871
2691,15.394368171691895
2692,15.424880981445312
2693,15.444994926452637
2694,15.490984916687012
2695,15.491338729858398
2696,15.469103813171387
2697,15.21467113494873
2698,15.344986915588379
2699,15.391765594482422
2700,15.617952346801758
2701,15.515946388244629
2702,15.518265724182129
2703,16.192312240600586
2704,16.154170989990234
2705,16.202966690063477
2706,16.287389755249023
2707,16.304372787475586
2708,16.27444839477539
2709,16.259632110595703
2710,16.244400024414062
2711,16.22808265686035
2712,16.235929489135742
2713,16.194459915161133
2714,16.1712703704834
2715,16.22623634338379
2716,16.095417022705078
2717,15.918668746948242
2718,15.903014183044434
2719,15.890485763549805
2720,15.923026084899902
2721,15.972321510314941
2722,16.033870697021484
2723,16.102609634399414
2724,16.24461555480957
2725,16.254438400268555
2726,16.17459487915039
2727,16.176660537719727
2728,16.201976776123047
2729,16.173778533935547
2730,16.255157470703125
2731,16.176862716674805
2732,16.0313777923584
2733,15.93872356414795
2734,15.861186981201172
2735,15.871034622192383
2736,15.872310638427734
2737,15.88381576538086
2738,15.866552352905273
2739,15.86010456085205
2740,15.837461471557617
2741,15.838321685791016
2742,15.83967113494873
2743,15.876081466674805
2744,15.872499465942383
2745,15.850288391113281
2746,15.837268829345703
2747,15.776424407958984
2748,15.808526992797852
2749,15.820548057556152
2750,15.790770530700684
2751,15.812186241149902
2752,15.819337844848633
2753,15.824116706848145
2754,15.810491561889648
2755,15.830471992492676
2756,15.777761459350586
2757,15.764643669128418
2758,15.79564380645752
2759,15.765975952148438
2760,15.757674217224121
2761,15.784280776977539
2762,15.825958251953125
2763,15.772751808166504
2764,15.802508354187012
2765,15.73416519165039
2766,15.774923324584961
2767,15.788424491882324
2768,15.797554969787598
2769,15.880193710327148
2770,15.775782585144043
2771,15.87406063079834
2772,16.02240753173828
2773,16.01482582092285
2774,15.932247161865234
2775,15.891798973083496
2776,15.876927375793457
2777,15.848285675048828
2778,15.833370208740234
2779,15.82992172241211
2780,15.840081214904785
2781,15.850543975830078
2782,15.840313911437988
2783,15.829283714294434
2784,16.091001510620117
2785,16.131078720092773
2786,16.18096351623535
2787,16.26369857788086
2788,16.266237258911133
2789,16.222551345825195
2790,16.207365036010742
2791,16.15801239013672
2792,16.1689395904541
2793,16.117231369018555
2794,15.985127449035645
2795,15.965518951416016
2796,15.941450119018555
2797,15.907801628112793
2798,15.851466178894043
2799,15.8610200881958
2800,15.862488746643066
2801,15.840496063232422
2802,15.80764102935791
2803,15.810664176940918
2804,15.876481056213379
2805,15.838103294372559
2806,15.888201713562012
2807,15.899969100952148
2808,15.881918907165527
2809,15.8889799118042
2810,15.940411567687988
2811,15.769391059875488
2812,15.827009201049805
2813,15.774576187133789
2814,15.764002799987793
2815,15.822433471679688
2816,15.750821113586426
2817,15.77477741241455
2818,15.773914337158203
2819,15.776387214660645
2820,15.760175704956055
2821,15.908202171325684
2822,15.959000587463379
2823,15.90816879272461
2824,15.93262004852295
2825,16.00162124633789
2826,15.930530548095703
2827,15.909265518188477
2828,15.81513786315918
2829,15.810359954833984
2830,15.831331253051758
2831,15.810234069824219
2832,15.83292293548584
2833,15.842643737792969
2834,15.81338882446289
2835,15.819618225097656
2836,15.787924766540527
2837,15.824341773986816
2838,15.853879928588867
2839,15.834712982177734
2840,15.775275230407715
2841,15.805185317993164
2842,15.798147201538086
2843,15.777779579162598
2844,15.801586151123047
2845,15.775877952575684
2846,15.773885726928711
2847,15.772802352905273
2848,15.751605987548828
2849,15.769540786743164
2850,15.750467300415039
2851,15.748905181884766
2852,15.744085311889648
2853,15.74394416809082
2854,15.739568710327148
2855,15.784290313720703
2856,15.742825508117676
2857,15.754368782043457
2858,15.74944019317627
2859,15.769636154174805
2860,15.773591041564941
2861,15.726603507995605
2862,15.737554550170898
2863,15.744141578674316
2864,15.720492362976074
2865,15.267667770385742
2866,15.29553508758545
2867,15.445085525512695
2868,15.51644229888916
2869,15.480755805969238
2870,15.544161796569824
2871,15.476785659790039
2872,15.453655242919922
2873,15.445879936218262
2874,15.443970680236816
2875,15.404611587524414
2876,15.45565414428711
2877,15.38051986694336
2878,15.407715797424316
2879,15.367559432983398
2880,15.381251335144043
2881,15.365152359008789
2882,15.295462608337402
2883,15.33559513092041
2884,15.352237701416016
2885,15.338500022888184
2886,15.33678150177002
2887,15.323179244995117
2888,15.308233261108398
2889,15.320805549621582
2890,15.360871315002441
2891,15.639206886291504
2892,15.48304271697998
2893,15.55637264251709
2894,15.528839111328125
2895,15.523096084594727
2896,15.468297004699707
2897,15.497817993164062
2898,15.506083488464355
2899,15.517926216125488
2900,15.477132797241211
2901,15.489781379699707
2902,15.389787673950195
2903,15.460199356079102
2904,15.220129013061523
2905,15.223721504211426
2906,15.467146873474121
2907,15.44089412689209
2908,15.383275032043457
2909,15.390460968017578
2910,15.385152816772461
2911,15.38209056854248
2912,15.371051788330078
2913,15.523721694946289
2914,15.547417640686035
2915,15.863739013671875
2916,15.938481330871582
2917,15.931747436523438
2918,15.989160537719727
2919,15.951483726501465
2920,15.97451400756836
2921,15.792549133300781
2922,15.852325439453125
2923,15.57954216003418
2924,15.70816707611084
2925,15.634069442749023
2926,15.578695297241211
2927,15.710492134094238
2928,15.7009859085083
2929,15.550882339477539
2930,15.442325592041016
2931,15.4290189743042
2932,15.601353645324707
2933,15.535012245178223
2934,15.5465669631958
2935,15.515724182128906
2936,15.552156448364258
2937,15.891054153442383
2938,15.984941482543945
2939,15.84489917755127
2940,15.892611503601074
2941,15.881577491760254
2942,15.622151374816895
2943,15.79037857055664
2944,15.778386116027832
2945,15.201348304748535
2946,15.145427703857422
2947,15.662734031677246
2948,15.415624618530273
2949,15.24972152709961
2950,15.230966567993164
2951,15.21640396118164
2952,15.198687553405762
2953,15.206725120544434
2954,15.37301254272461
2955,15.519950866699219
2956,15.2020902633667
2957,15.267254829406738
2958,15.454198837280273
2959,15.433690071105957
2960,15.429267883300781
2961,15.473588943481445
2962,15.471817970275879
2963,15.4669189453125
2964,15.433402061462402
2965,15.389837265014648
2966,15.472514152526855
2967,15.415752410888672
2968,15.401956558227539
2969,15.424983024597168
2970,15.406352996826172
2971,15.410353660583496
2972,16.357980728149414
2973,16.348018646240234
2974,16.344139099121094
2975,16.324655532836914
2976,16.176755905151367
2977,16.200519561767578
2978,16.226015090942383
2979,16.301240921020508
2980,16.290761947631836
2981,16.2332820892334
2982,16.034156799316406
2983,16.024124145507812
2984,16.06595802307129
2985,16.110671997070312
2986,16.143741607666016
2987,16.134519577026367
2988,16.278106689453125
2989,16.262279510498047
2990,16.0965576171875
2991,15.920304298400879
2992,15.932317733764648
2993,15.862441062927246
2994,15.891218185424805
2995,15.842778205871582
2996,15.764020919799805
2997,15.757525444030762
2998,15.71545124053955
2999,15.791603088378906
3000,15.869269371032715
3001,15.999772071838379
3002,16.129535675048828
3003,16.052139282226562
3004,16.105640411376953
3005,16.08201789855957
3006,16.120389938354492
3007,16.12842559814453
3008,16.00011444091797
3009,16.128170013427734
3010,16.12484359741211
3011,16.087230682373047
3012,16.114612579345703
3013,16.154605865478516
3014,16.161128997802734
3015,16.139028549194336
3016,16.128908157348633
3017,16.02509117126465
3018,16.0920467376709
3019,16.062021255493164
3020,16.058151245117188
3021,16.098100662231445
3022,16.20042610168457
3023,16.224679946899414
3024,16.236087799072266
3025,16.20997428894043
3026,16.208797454833984
3027,16.23688507080078
3028,16.254322052001953
3029,16.29491424560547
3030,16.278478622436523
3031,16.322723388671875
3032,16.279579162597656
3033,16.270252227783203
3034,16.263059616088867
3035,16.19403839111328
3036,16.156715393066406
3037,16.17327880859375
3038,16.141002655029297
3039,16.155399322509766
3040,16.151695251464844
3041,16.11977767944336
3042,16.153484344482422
3043,16.175437927246094
3044,16.202627182006836
3045,16.193584442138672
3046,16.04900360107422
3047,16.123899459838867
3048,16.153226852416992
3049,16.017192840576172
3050,16.081096649169922
3051,15.834010124206543
3052,15.900887489318848
3053,15.757686614990234
3054,15.816183090209961
3055,15.781092643737793
3056,15.76828384399414
3057,15.718347549438477
3058,15.630752563476562
3059,15.6099271774292
3060,15.635177612304688
3061,15.65505599975586
3062,15.55295181274414
3063,15.535479545593262
3064,15.503216743469238
3065,15.529105186462402
3066,15.551319122314453
3067,15.492547035217285
3068,15.471691131591797
3069,15.48786735534668
3070,15.495540618896484
3071,15.486604690551758
3072,15.441183090209961
3073,15.501531600952148
3074,15.512331008911133
3075,15.513496398925781
3076,15.56903076171875
3077,15.555907249450684
3078,15.60483455657959
3079,15.549867630004883
3080,15.431527137756348
3081,15.46527099609375
3082,15.489638328552246
3083,15.472414016723633
3084,15.601415634155273
3085,15.58022403717041
3086,15.588869094848633
3087,15.584589004516602
3088,15.583044052124023
3089,15.550067901611328
3090,15.551481246948242
3091,15.493683815002441
3092,15.453631401062012
3093,15.452481269836426
3094,15.477526664733887
3095,15.510780334472656
3096,15.463746070861816
3097,15.467023849487305
3098,15.429585456848145
3099,15.504408836364746
3100,15.470969200134277
3101,15.584733009338379
3102,15.544412612915039
3103,15.560151100158691
3104,15.507527351379395
3105,15.493892669677734
3106,15.485835075378418
3107,15.555469512939453
3108,15.529086112976074
3109,15.455391883850098
3110,15.448665618896484
3111,15.420549392700195
3112,15.401907920837402
3113,15.422813415527344
3114,15.40477466583252
3115,15.396626472473145
3116,15.479264259338379
3117,15.43364143371582
3118,15.42894172668457
3119,15.38591194152832
3120,15.347614288330078
3121,15.36772346496582
3122,15.37181282043457
3123,15.30963134765625
3124,15.366707801818848
3125,15.298739433288574
3126,15.312946319580078
3127,15.34926986694336
3128,15.348614692687988
3129,15.353240966796875
3130,15.362314224243164
3131,15.335566520690918
3132,15.353407859802246
3133,15.340126991271973
3134,15.49463939666748
3135,15.566049575805664
3136,15.651494979858398
3137,15.541779518127441
3138,15.524129867553711
3139,15.475919723510742
3140,15.468406677246094
3141,15.409280776977539
3142,15.416015625
3143,15.450960159301758
3144,15.471541404724121
3145,15.471782684326172
3146,15.583673477172852
3147,15.477956771850586
3148,15.61872673034668
3149,15.613588333129883
3150,15.724458694458008
3151,15.681280136108398
3152,15.771834373474121
3153,15.681790351867676
3154,15.657021522521973
3155,15.650238990783691
3156,15.836883544921875
3157,15.863628387451172
3158,15.803818702697754
3159,15.802336692810059
3160,15.730764389038086
3161,15.709704399108887
3162,15.658803939819336
3163,15.617465019226074
3164,15.674811363220215
3165,15.681477546691895
3166,15.62945556640625
3167,15.605940818786621
3168,15.627020835876465
3169,15.610407829284668
3170,15.632254600524902
3171,15.6693754196167
3172,15.627396583557129
3173,15.830174446105957
3174,15.732739448547363
3175,15.720298767089844
3176,15.71269416809082
3177,15.699617385864258
3178,15.646021842956543
3179,15.659912109375
3180,15.653654098510742
3181,15.669220924377441
3182,15.694220542907715
3183,15.682639122009277
3184,15.711907386779785
3185,15.650765419006348
3186,15.677108764648438
3187,15.675301551818848
3188,15.431818962097168
3189,15.457067489624023
3190,15.517888069152832
3191,15.477373123168945
3192,15.453125
3193,15.453411102294922
3194,15.458269119262695
3195,15.465518951416016
3196,15.456838607788086
3197,15.478894233703613
3198,15.42949390411377
3199,15.440540313720703
3200,15.452750205993652
3201,15.383920669555664
3202,15.387511253356934
3203,15.37895679473877
3204,15.377881050109863
3205,15.377403259277344
3206,15.379897117614746
3207,15.374223709106445
3208,15.364021301269531
3209,15.34801959991455
3210,15.329843521118164
3211,15.357658386230469
3212,15.340085983276367
3213,15.351272583007812
3214,15.366069793701172
3215,15.451883316040039
3216,15.453166007995605
3217,15.48511791229248
3218,15.517945289611816
3219,15.5337495803833
3220,15.62197208404541
3221,15.61487865447998
3222,15.542274475097656
3223,15.548829078674316
3224,15.551389694213867
3225,15.498490333557129
3226,15.504712104797363
3227,15.487543106079102
3228,15.51006031036377
3229,15.476808547973633
3230,15.486130714416504
3231,15.458049774169922
3232,15.468572616577148
3233,15.447345733642578
3234,15.440187454223633
3235,15.445409774780273
3236,15.414942741394043
3237,15.459067344665527
3238,15.42825698852539
3239,15.464600563049316
3240,15.43082046508789
3241,15.494905471801758
3242,15.395888328552246
3243,15.408740043640137
3244,15.382925033569336
3245,15.40826416015625
3246,15.355481147766113
3247,15.386896133422852
3248,15.382243156433105
3249,15.35380744934082
3250,15.372529983520508
3251,15.393653869628906
3252,15.389358520507812
3253,15.319189071655273
3254,15.368837356567383
3255,15.358413696289062
3256,15.362038612365723
3257,15.37259578704834
3258,15.365036964416504
3259,15.388792037963867
3260,15.348800659179688
3261,15.361311912536621
3262,15.386858940124512
3263,15.445706367492676
3264,15.424856185913086
3265,15.405755996704102
3266,15.347803115844727
3267,15.378898620605469
3268,15.382613182067871
3269,15.25228500366211
3270,15.243241310119629
3271,15.255692481994629
3272,15.260581970214844
3273,15.258893013000488
3274,15.265905380249023
3275,15.271888732910156
3276,15.254286766052246
3277,15.272549629211426
3278,15.273877143859863
3279,15.26657772064209
3280,15.272900581359863
3281,15.397839546203613
3282,15.351908683776855
3283,15.326805114746094
3284,15.354591369628906
3285,15.354013442993164
3286,15.36457347869873
3287,15.365673065185547
3288,15.348795890808105
3289,15.357885360717773
3290,15.361138343811035
3291,15.37591552734375
3292,15.417789459228516
3293,15.326834678649902
3294,15.331117630004883
3295,15.484816551208496
3296,15.66801929473877
3297,15.605208396911621
3298,15.614702224731445
3299,15.57648754119873
3300,15.582520484924316
3301,15.5510892868042
3302,15.56595516204834
3303,15.58656120300293
3304,15.554391860961914
3305,15.542563438415527
3306,15.484599113464355
3307,15.525672912597656
3308,15.485581398010254
3309,15.475884437561035
3310,15.47384262084961
3311,15.44374942779541
3312,15.462830543518066
3313,15.45047378540039
3314,15.443861961364746
3315,15.444723129272461
3316,15.416312217712402
3317,15.453815460205078
3318,15.434223175048828
3319,15.410979270935059
3320,15.433834075927734
3321,15.430283546447754
3322,15.458427429199219
3323,15.53576946258545
3324,15.539803504943848
3325,15.513855934143066
3326,15.478171348571777
3327,15.514388084411621
3328,15.498083114624023
3329,15.458701133728027
3330,15.496320724487305
3331,15.508288383483887
3332,15.523138046264648
3333,15.450608253479004
3334,15.477701187133789
3335,15.465673446655273
3336,15.463507652282715
3337,15.450113296508789
3338,15.461902618408203
3339,15.498910903930664
3340,15.478912353515625
3341,15.491405487060547
3342,15.478642463684082
3343,15.489652633666992
3344,15.453105926513672
3345,15.489429473876953
3346,15.484926223754883
3347,15.441460609436035
3348,15.4483642578125
3349,15.41312026977539
3350,15.55334758758545
3351,15.427292823791504
3352,15.43890380859375
3353,15.39145565032959
3354,15.369874954223633
3355,15.400613784790039
3356,15.381503105163574
3357,15.405750274658203
3358,15.366408348083496
3359,15.373909950256348
3360,15.412710189819336
3361,15.433882713317871
3362,15.426146507263184
3363,15.353665351867676
3364,15.367403030395508
3365,15.372530937194824
3366,15.38349437713623
3367,15.352578163146973
3368,15.366193771362305
3369,15.405046463012695
3370,15.411927223205566
3371,15.388555526733398
3372,15.377373695373535
3373,15.385937690734863
3374,15.386932373046875
3375,15.396886825561523
3376,15.375326156616211
3377,15.386746406555176
3378,15.36943531036377
3379,15.382441520690918
3380,15.391704559326172
3381,15.386686325073242
3382,15.379556655883789
3383,15.393598556518555
3384,15.386275291442871
3385,15.388177871704102
3386,15.391942024230957
3387,15.384523391723633
3388,15.394852638244629
3389,15.36635971069336
3390,15.38873291015625
3391,15.383359909057617
3392,15.414298057556152
3393,15.442391395568848
3394,15.415651321411133
3395,15.409255027770996
3396,15.449200630187988
3397,15.434894561767578
3398,15.40235710144043
3399,15.438629150390625
3400,15.459912300109863
3401,15.44543743133545
3402,15.463839530944824
3403,15.452798843383789
3404,15.41616439819336
3405,15.387605667114258
3406,15.38944149017334
3407,15.359247207641602
3408,15.37226390838623
3409,15.368253707885742
3410,15.501190185546875
3411,15.397472381591797
3412,15.346488952636719
3413,15.384417533874512
3414,15.368006706237793
3415,15.379703521728516
3416,15.390478134155273
3417,15.469465255737305
3418,15.492198944091797
3419,15.384618759155273
3420,15.354168891906738
3421,15.377925872802734
3422,15.40894603729248
3423,15.40019416809082
3424,15.392382621765137
3425,15.353804588317871
3426,15.334172248840332
3427,15.34146499633789
3428,15.347554206848145
3429,15.338836669921875
3430,15.335128784179688
3431,15.341161727905273
3432,15.354843139648438
3433,15.363540649414062
3434,15.33218765258789
3435,15.334979057312012
3436,15.338761329650879
3437,15.32967758178711
3438,15.32242488861084
3439,15.343316078186035
3440,15.347411155700684
3441,15.349966049194336
3442,15.346417427062988
3443,15.366491317749023
3444,15.348072052001953
3445,15.369065284729004
3446,15.32487964630127
3447,15.323918342590332
3448,15.339654922485352
3449,15.334176063537598
3450,15.330387115478516
3451,15.321011543273926
3452,15.338899612426758
3453,15.338738441467285
3454,15.35372543334961
3455,15.32627010345459
3456,15.320350646972656
3457,15.299354553222656
3458,15.317124366760254
3459,15.30893325805664
3460,15.308489799499512
3461,15.317533493041992
3462,15.289340019226074
3463,15.295875549316406
3464,15.298340797424316
3465,15.298432350158691
3466,15.295751571655273
3467,15.377117156982422
3468,15.306049346923828
3469,15.313549995422363
3470,15.319281578063965
3471,15.421125411987305
3472,15.400325775146484
3473,15.377449035644531
3474,15.370779037475586
3475,15.366321563720703
3476,15.390199661254883
3477,15.380386352539062
3478,15.359416007995605
3479,15.333901405334473
3480,15.332555770874023
3481,15.454724311828613
3482,15.451728820800781
3483,15.501853942871094
3484,15.48036003112793
3485,15.40701961517334
3486,15.473187446594238
3487,15.483092308044434
3488,15.499528884887695
3489,15.486720085144043
3490,15.391473770141602
3491,15.376622200012207
3492,15.36075496673584
3493,15.361821174621582
3494,15.380976676940918
3495,15.382549285888672
3496,15.387527465820312
3497,15.360219955444336
3498,15.38144302368164
3499,15.422341346740723
